BLE,1703390400095490383,D3:F4:55:AB:96:20,-73
BLE,1703390400483373184,D3:F4:55:AB:96:20,-57
BLE,1703390401067811063,D3:F4:55:AB:96:20,-73
BLE,1703390401360290770,DF:A6:DC:DC:2E:81,-77
BLE,1703390401360348103,DF:DF:EE:00:00:01,-77
BLE,1703390401655526028,DF:DF:EE:00:00:04,-51
BLE,1703390402031099640,D3:F4:55:AB:96:20,-57
BLE,1703390402197360072,DF:DF:EE:00:00:04,-52
BLE,1703390402796469071,D3:F4:55:AB:96:20,-72
BLE,1703390403368971006,D3:F4:55:AB:96:20,-53
BLE,1703390403561977418,D3:F4:55:AB:96:20,-72
BLE,1703390404374622255,DF:A6:DC:DC:2E:81,-61
BLE,1703390404374677713,DF:DF:EE:00:00:01,-61
BLE,1703390404526030861,D3:F4:55:AB:96:20,-57
BLE,1703390404658593604,DF:DF:EE:00:00:04,-52
BLE,1703390404915362770,D3:F4:55:AB:96:20,-57
BLE,1703390405198193048,DF:DF:EE:00:00:04,-54
BLE,1703390405301093846,D3:F4:55:AB:96:20,-66
BLE,1703390405380139964,DF:A6:DC:DC:2E:81,-71
BLE,1703390405380154005,DF:DF:EE:00:00:01,-71
BLE,1703390405495873195,D3:F4:55:AB:96:20,-57
BLE,1703390405881581063,D3:F4:55:AB:96:20,-68
BLE,1703390406070878559,D3:F4:55:AB:96:20,-69
BLE,1703390406201896195,DF:DF:EE:00:00:04,-60
BLE,1703390406384897723,DF:A6:DC:DC:2E:81,-58
BLE,1703390406384915973,DF:DF:EE:00:00:01,-58
BLE,1703390406460745503,D3:F4:55:AB:96:20,-56
BLE,1703390406654471531,D3:F4:55:AB:96:20,-67
BLE,1703390407043726774,D3:F4:55:AB:96:20,-57
BLE,1703390407193530066,DF:DF:EE:00:00:04,-66
BLE,1703390407432326234,D3:F4:55:AB:96:20,-57
BLE,1703390407620473785,D3:F4:55:AB:96:20,-67
BLE,1703390407813059826,D3:F4:55:AB:96:20,-56
BLE,1703390408003208563,D3:F4:55:AB:96:20,-67
BLE,1703390408394504574,DF:A6:DC:DC:2E:81,-57
BLE,1703390408394552823,DF:DF:EE:00:00:01,-57
BLE,1703390408572270413,D3:F4:55:AB:96:20,-57
BLE,1703390408655535232,DF:DF:EE:00:00:04,-35
BLE,1703390409144940846,D3:F4:55:AB:96:20,-57
BLE,1703390409198055476,DF:DF:EE:00:00:04,-52
BLE,1703390409396997484,DF:A6:DC:DC:2E:81,-58
BLE,1703390409397038984,DF:DF:EE:00:00:01,-58
BLE,1703390409663720992,DF:DF:EE:00:00:04,-55
BLE,1703390409729507265,D3:F4:55:AB:96:20,-73
BLE,1703390409924532153,D3:F4:55:AB:96:20,-71
BLE,1703390410200245140,DF:DF:EE:00:00:04,-40
BLE,1703390410314400722,D3:F4:55:AB:96:20,-57
BLE,1703390410402739607,DF:A6:DC:DC:2E:81,-61
BLE,1703390410402752940,DF:DF:EE:00:00:01,-61
BLE,1703390410509097239,D3:F4:55:AB:96:20,-71
BLE,1703390410705222114,D3:F4:55:AB:96:20,-67
BLE,1703390410896144675,D3:F4:55:AB:96:20,-56
BLE,1703390411084613181,D3:F4:55:AB:96:20,-52
BLE,1703390411275621449,D3:F4:55:AB:96:20,-71
BLE,1703390411661331858,D3:F4:55:AB:96:20,-57
BLE,1703390412200649015,DF:DF:EE:00:00:04,-56
BLE,1703390412242771314,D3:F4:55:AB:96:20,-56
BLE,1703390412433540002,D3:F4:55:AB:96:20,-66
BLE,1703390412628952176,D3:F4:55:AB:96:20,-72
BLE,1703390412823121782,D3:F4:55:AB:96:20,-57
BLE,1703390413017936673,D3:F4:55:AB:96:20,-68
BLE,1703390413201596527,DF:DF:EE:00:00:04,-35
BLE,1703390413397240240,D3:F4:55:AB:96:20,-73
BLE,1703390413583117193,D3:F4:55:AB:96:20,-52
BLE,1703390414195422788,DF:DF:EE:00:00:04,-49
BLE,1703390414545056036,D3:F4:55:AB:96:20,-70
BLE,1703390414740607543,D3:F4:55:AB:96:20,-56
BLE,1703390415127825518,D3:F4:55:AB:96:20,-72
BLE,1703390415323508648,D3:F4:55:AB:96:20,-56
BLE,1703390415653447584,DF:DF:EE:00:00:04,-66
BLE,1703390416861279471,D3:F4:55:AB:96:20,-68
BLE,1703390417195936685,DF:DF:EE:00:00:04,-62
BLE,1703390417431121479,DF:A6:DC:DC:2E:81,-74
BLE,1703390417431161853,DF:DF:EE:00:00:01,-74
BLE,1703390417442964840,D3:F4:55:AB:96:20,-73
BLE,1703390417634848390,D3:F4:55:AB:96:20,-53
BLE,1703390417828023341,D3:F4:55:AB:96:20,-72
BLE,1703390418015823313,D3:F4:55:AB:96:20,-53
BLE,1703390418211308362,D3:F4:55:AB:96:20,-57
BLE,1703390418396337200,D3:F4:55:AB:96:20,-52
BLE,1703390418437379720,DF:A6:DC:DC:2E:81,-76
BLE,1703390418437414428,DF:DF:EE:00:00:01,-76
BLE,1703390418594245304,D3:F4:55:AB:96:20,-73
BLE,1703390418663461495,DF:DF:EE:00:00:04,-55
BLE,1703390418970290618,D3:F4:55:AB:96:20,-72
BLE,1703390419193108223,DF:DF:EE:00:00:04,-53
BLE,1703390419742242639,D3:F4:55:AB:96:20,-73
BLE,1703390420122206533,D3:F4:55:AB:96:20,-72
BLE,1703390420198705389,DF:DF:EE:00:00:04,-51
BLE,1703390420653685405,DF:DF:EE:00:00:04,-53
BLE,1703390420696127368,D3:F4:55:AB:96:20,-52
BLE,1703390422459365181,DF:A6:DC:DC:2E:81,-72
BLE,1703390422459428055,DF:DF:EE:00:00:01,-72
BLE,1703390422460836288,DF:A6:DC:DC:2E:81,-77
BLE,1703390422460864121,DF:DF:EE:00:00:01,-77
BLE,1703390422616405846,D3:F4:55:AB:96:20,-71
BLE,1703390423000989685,D3:F4:55:AB:96:20,-73
BLE,1703390423656181279,DF:DF:EE:00:00:04,-41
BLE,1703390424466378103,DF:A6:DC:DC:2E:81,-60
BLE,1703390424466429061,DF:DF:EE:00:00:01,-60
BLE,1703390424725646865,D3:F4:55:AB:96:20,-71
BLE,1703390425465039142,DF:A6:DC:DC:2E:81,-73
BLE,1703390425465088266,DF:DF:EE:00:00:01,-73
BLE,1703390425498733457,D3:F4:55:AB:96:20,-57
BLE,1703390425689971222,D3:F4:55:AB:96:20,-66
BLE,1703390426080588032,D3:F4:55:AB:96:20,-56
BLE,1703390426271877131,D3:F4:55:AB:96:20,-66
BLE,1703390426654831697,D3:F4:55:AB:96:20,-66
BLE,1703390426658531571,DF:DF:EE:00:00:04,-35
BLE,1703390426854169951,D3:F4:55:AB:96:20,-72
BLE,1703390427428871111,D3:F4:55:AB:96:20,-73
BLE,1703390427620532621,D3:F4:55:AB:96:20,-53
BLE,1703390427817164240,D3:F4:55:AB:96:20,-57
BLE,1703390428006138449,D3:F4:55:AB:96:20,-53
BLE,1703390428198569658,DF:DF:EE:00:00:04,-40
BLE,1703390428391153408,D3:F4:55:AB:96:20,-52
BLE,1703390428661177669,DF:DF:EE:00:00:04,-52
BLE,1703390429170091556,D3:F4:55:AB:96:20,-73
BLE,1703390429198691055,DF:DF:EE:00:00:04,-45
BLE,1703390429477970833,DF:A6:DC:DC:2E:81,-57
BLE,1703390429478008833,DF:DF:EE:00:00:01,-57
BLE,1703390429751365639,D3:F4:55:AB:96:20,-72
BLE,1703390429939495690,D3:F4:55:AB:96:20,-66
BLE,1703390430129011351,D3:F4:55:AB:96:20,-71
BLE,1703390430197928295,DF:DF:EE:00:00:04,-53
BLE,1703390430320899942,D3:F4:55:AB:96:20,-52
BLE,1703390430511488715,D3:F4:55:AB:96:20,-56
BLE,1703390430661122466,DF:DF:EE:00:00:04,-36
BLE,1703390430706118024,D3:F4:55:AB:96:20,-67
BLE,1703390430895894514,D3:F4:55:AB:96:20,-56
BLE,1703390431090534407,D3:F4:55:AB:96:20,-52
BLE,1703390431199892254,DF:DF:EE:00:00:04,-35
BLE,1703390431476566854,D3:F4:55:AB:96:20,-56
BLE,1703390431661143531,DF:DF:EE:00:00:04,-52
BLE,1703390431666136056,D3:F4:55:AB:96:20,-57
BLE,1703390431856466457,D3:F4:55:AB:96:20,-52
BLE,1703390432194222302,DF:DF:EE:00:00:04,-36
BLE,1703390432251533590,D3:F4:55:AB:96:20,-73
BLE,1703390432438790944,D3:F4:55:AB:96:20,-52
BLE,1703390432482641015,DF:A6:DC:DC:2E:81,-73
BLE,1703390432482671306,DF:DF:EE:00:00:01,-73
BLE,1703390432631321694,D3:F4:55:AB:96:20,-73
BLE,1703390432819895074,D3:F4:55:AB:96:20,-52
BLE,1703390433489086837,DF:A6:DC:DC:2E:81,-74
BLE,1703390433489147670,DF:DF:EE:00:00:01,-74
BLE,1703390433591306018,D3:F4:55:AB:96:20,-56
BLE,1703390433780770762,D3:F4:55:AB:96:20,-73
BLE,1703390433970671918,D3:F4:55:AB:96:20,-52
BLE,1703390434200078613,DF:DF:EE:00:00:04,-53
BLE,1703390434491144503,DF:A6:DC:DC:2E:81,-57
BLE,1703390434491212502,DF:DF:EE:00:00:01,-57
BLE,1703390434546519523,D3:F4:55:AB:96:20,-68
BLE,1703390434732676597,D3:F4:55:AB:96:20,-67
BLE,1703390434930929239,D3:F4:55:AB:96:20,-71
BLE,1703390435117227021,D3:F4:55:AB:96:20,-52
BLE,1703390435692962168,D3:F4:55:AB:96:20,-68
BLE,1703390435883406859,D3:F4:55:AB:96:20,-67
BLE,1703390437197013093,DF:DF:EE:00:00:04,-48
BLE,1703390437996804789,D3:F4:55:AB:96:20,-67
BLE,1703390438512053893,DF:A6:DC:DC:2E:81,-74
BLE,1703390438512111767,DF:DF:EE:00:00:01,-74
BLE,1703390439654158339,DF:DF:EE:00:00:04,-56
BLE,1703390439742198018,D3:F4:55:AB:96:20,-73
BLE,1703390440125920034,D3:F4:55:AB:96:20,-57
BLE,1703390440193470453,DF:DF:EE:00:00:04,-55
BLE,1703390441656339526,DF:DF:EE:00:00:04,-40
BLE,1703390442045673518,D3:F4:55:AB:96:20,-82
BLE,1703390442194042451,DF:DF:EE:00:00:04,-51
BLE,1703390442241206942,D3:F4:55:AB:96:20,-89
BLE,1703390442622694151,D3:F4:55:AB:96:20,-73
BLE,1703390443375918141,D3:F4:55:AB:96:20,-66
BLE,1703390443658447673,DF:DF:EE:00:00:04,-39
BLE,1703390443766170831,D3:F4:55:AB:96:20,-62
BLE,1703390444201796907,DF:DF:EE:00:00:04,-73
BLE,1703390444357956582,D3:F4:55:AB:96:20,-57
BLE,1703390444550296835,D3:F4:55:AB:96:20,-72
BLE,1703390444551755484,DF:A6:DC:DC:2E:81,-73
BLE,1703390444551770567,DF:DF:EE:00:00:01,-73
BLE,1703390444932997321,D3:F4:55:AB:96:20,-56
BLE,1703390445122501857,D3:F4:55:AB:96:20,-72
BLE,1703390445195074967,DF:DF:EE:00:00:04,-51
BLE,1703390445317295914,D3:F4:55:AB:96:20,-56
BLE,1703390445508883467,D3:F4:55:AB:96:20,-52
BLE,1703390445662036177,DF:DF:EE:00:00:04,-39
BLE,1703390445896166024,D3:F4:55:AB:96:20,-53
BLE,1703390446090324339,D3:F4:55:AB:96:20,-72
BLE,1703390446282235763,D3:F4:55:AB:96:20,-62
BLE,1703390446659355398,DF:DF:EE:00:00:04,-60
BLE,1703390447050459870,D3:F4:55:AB:96:20,-56
BLE,1703390447192952621,DF:DF:EE:00:00:04,-39
BLE,1703390447240973727,D3:F4:55:AB:96:20,-63
BLE,1703390447575813856,DF:A6:DC:DC:2E:81,-76
BLE,1703390447575851022,DF:DF:EE:00:00:01,-76
BLE,1703390447625131821,D3:F4:55:AB:96:20,-52
BLE,1703390447813903407,D3:F4:55:AB:96:20,-72
BLE,1703390448006756653,D3:F4:55:AB:96:20,-67
BLE,1703390448201612710,DF:DF:EE:00:00:04,-40
BLE,1703390448205319833,D3:F4:55:AB:96:20,-90
BLE,1703390448392866558,D3:F4:55:AB:96:20,-52
BLE,1703390448585183269,DF:A6:DC:DC:2E:81,-60
BLE,1703390448585204727,DF:DF:EE:00:00:01,-60
BLE,1703390448655519197,DF:DF:EE:00:00:04,-39
BLE,1703390449549251087,D3:F4:55:AB:96:20,-57
BLE,1703390449587017063,DF:A6:DC:DC:2E:81,-72
BLE,1703390449587037771,DF:DF:EE:00:00:01,-72
BLE,1703390450320706823,D3:F4:55:AB:96:20,-72
BLE,1703390450656291193,DF:DF:EE:00:00:04,-40
BLE,1703390450710154439,D3:F4:55:AB:96:20,-52
BLE,1703390450905018745,D3:F4:55:AB:96:20,-57
BLE,1703390451093434001,D3:F4:55:AB:96:20,-69
BLE,1703390451862569806,D3:F4:55:AB:96:20,-62
BLE,1703390452242349534,D3:F4:55:AB:96:20,-63
BLE,1703390452627741031,D3:F4:55:AB:96:20,-72
BLE,1703390452656592569,DF:DF:EE:00:00:04,-39
BLE,1703390453003855136,D3:F4:55:AB:96:20,-68
BLE,1703390453193775542,D3:F4:55:AB:96:20,-56
BLE,1703390453580169652,D3:F4:55:AB:96:20,-73
BLE,1703390453608497737,DF:A6:DC:DC:2E:81,-58
BLE,1703390453608520487,DF:DF:EE:00:00:01,-58
BLE,1703390453770211348,D3:F4:55:AB:96:20,-53
BLE,1703390454154482232,D3:F4:55:AB:96:20,-72
BLE,1703390454198728382,DF:DF:EE:00:00:04,-50
BLE,1703390454735823481,D3:F4:55:AB:96:20,-53
BLE,1703390455200407761,DF:DF:EE:00:00:04,-39
BLE,1703390455320295276,D3:F4:55:AB:96:20,-69
BLE,1703390455509173278,D3:F4:55:AB:96:20,-56
BLE,1703390455614337215,DF:A6:DC:DC:2E:81,-72
BLE,1703390455614366257,DF:DF:EE:00:00:01,-72
BLE,1703390456274097589,D3:F4:55:AB:96:20,-56
BLE,1703390456656681535,DF:DF:EE:00:00:04,-53
BLE,1703390457046460522,D3:F4:55:AB:96:20,-72
BLE,1703390457196770349,DF:DF:EE:00:00:04,-53
BLE,1703390457233093508,D3:F4:55:AB:96:20,-52
BLE,1703390457625090678,DF:A6:DC:DC:2E:81,-72
BLE,1703390457625111761,DF:DF:EE:00:00:01,-72
BLE,1703390458191948637,DF:DF:EE:00:00:04,-40
BLE,1703390458193959197,D3:F4:55:AB:96:20,-68
BLE,1703390458379750151,D3:F4:55:AB:96:20,-53
BLE,1703390458575936525,D3:F4:55:AB:96:20,-57
BLE,1703390458634312718,DF:A6:DC:DC:2E:81,-72
BLE,1703390458634326801,DF:DF:EE:00:00:01,-72
BLE,1703390458654098278,DF:DF:EE:00:00:04,-35
BLE,1703390458766018012,D3:F4:55:AB:96:20,-66
BLE,1703390458956669576,D3:F4:55:AB:96:20,-74
BLE,1703390459200236855,DF:DF:EE:00:00:04,-54
BLE,1703390459340671922,D3:F4:55:AB:96:20,-57
BLE,1703390459526566208,D3:F4:55:AB:96:20,-66
BLE,1703390459718150053,D3:F4:55:AB:96:20,-71
BLE,1703390459914282178,D3:F4:55:AB:96:20,-67
BLE,1703390460104973574,D3:F4:55:AB:96:20,-57
BLE,1703390460300681246,D3:F4:55:AB:96:20,-56
BLE,1703390460651348982,DF:DF:EE:00:00:04,-35
BLE,1703390460692222004,D3:F4:55:AB:96:20,-57
BLE,1703390461079257106,D3:F4:55:AB:96:20,-67
BLE,1703390461193619312,DF:DF:EE:00:00:04,-34
BLE,1703390461456406241,D3:F4:55:AB:96:20,-71
BLE,1703390461659349786,DF:DF:EE:00:00:04,-66
BLE,1703390461840787791,D3:F4:55:AB:96:20,-73
BLE,1703390462228819090,D3:F4:55:AB:96:20,-63
BLE,1703390462426324241,D3:F4:55:AB:96:20,-72
BLE,1703390462618230998,D3:F4:55:AB:96:20,-57
BLE,1703390462639875870,DF:A6:DC:DC:2E:81,-72
BLE,1703390462639888745,DF:DF:EE:00:00:01,-72
BLE,1703390462658533569,DF:DF:EE:00:00:04,-51
BLE,1703390463194163518,DF:DF:EE:00:00:04,-50
BLE,1703390463204091611,D3:F4:55:AB:96:20,-56
BLE,1703390464195914104,DF:DF:EE:00:00:04,-54
BLE,1703390465131536338,D3:F4:55:AB:96:20,-67
BLE,1703390465648820002,DF:A6:DC:DC:2E:81,-58
BLE,1703390465648861835,DF:DF:EE:00:00:01,-58
BLE,1703390465898619958,D3:F4:55:AB:96:20,-67
BLE,1703390466858430992,D3:F4:55:AB:96:20,-57
BLE,1703390467044573234,D3:F4:55:AB:96:20,-66
BLE,1703390467197397281,DF:DF:EE:00:00:04,-56
BLE,1703390467241660847,D3:F4:55:AB:96:20,-68
BLE,1703390467434925089,D3:F4:55:AB:96:20,-56
BLE,1703390467653686949,DF:DF:EE:00:00:04,-51
BLE,1703390467664857569,DF:A6:DC:DC:2E:81,-60
BLE,1703390467664870194,DF:DF:EE:00:00:01,-60
BLE,1703390468587160125,D3:F4:55:AB:96:20,-67
BLE,1703390468666223493,DF:A6:DC:DC:2E:81,-72
BLE,1703390468666288492,DF:DF:EE:00:00:01,-72
BLE,1703390469539247541,D3:F4:55:AB:96:20,-66
BLE,1703390470125015613,D3:F4:55:AB:96:20,-52
BLE,1703390470519173257,D3:F4:55:AB:96:20,-72
BLE,1703390470659261995,DF:DF:EE:00:00:04,-55
BLE,1703390470710088151,D3:F4:55:AB:96:20,-52
BLE,1703390470906411107,D3:F4:55:AB:96:20,-57
BLE,1703390471098998107,D3:F4:55:AB:96:20,-70
BLE,1703390471487137363,D3:F4:55:AB:96:20,-56
BLE,1703390471654941860,DF:DF:EE:00:00:04,-35
BLE,1703390471862153897,D3:F4:55:AB:96:20,-66
BLE,1703390472254930308,D3:F4:55:AB:96:20,-57
BLE,1703390472441713167,D3:F4:55:AB:96:20,-67
BLE,1703390472630429003,D3:F4:55:AB:96:20,-56
BLE,1703390472655203339,DF:DF:EE:00:00:04,-52
BLE,1703390473197409461,DF:DF:EE:00:00:04,-53
BLE,1703390473395830518,D3:F4:55:AB:96:20,-57
BLE,1703390473585482552,D3:F4:55:AB:96:20,-73
BLE,1703390473659365397,DF:DF:EE:00:00:04,-51
BLE,1703390473689018550,DF:A6:DC:DC:2E:81,-57
BLE,1703390473689034342,DF:DF:EE:00:00:01,-57
BLE,1703390473771733917,D3:F4:55:AB:96:20,-52
BLE,1703390474192103671,DF:DF:EE:00:00:04,-72
BLE,1703390474342644829,D3:F4:55:AB:96:20,-56
BLE,1703390474695834077,DF:A6:DC:DC:2E:81,-59
BLE,1703390474695876118,DF:DF:EE:00:00:01,-59
BLE,1703390474726773090,D3:F4:55:AB:96:20,-71
BLE,1703390475113032785,D3:F4:55:AB:96:20,-73
BLE,1703390475195073743,DF:DF:EE:00:00:04,-52
BLE,1703390475302711027,D3:F4:55:AB:96:20,-52
BLE,1703390475499262314,D3:F4:55:AB:96:20,-72
BLE,1703390476073044567,D3:F4:55:AB:96:20,-56
BLE,1703390476660544119,DF:DF:EE:00:00:04,-52
BLE,1703390476705895589,DF:A6:DC:DC:2E:81,-74
BLE,1703390476705925630,DF:DF:EE:00:00:01,-74
BLE,1703390476842092581,D3:F4:55:AB:96:20,-70
BLE,1703390477031489076,D3:F4:55:AB:96:20,-66
BLE,1703390477198266544,DF:DF:EE:00:00:04,-52
BLE,1703390477227949822,D3:F4:55:AB:96:20,-57
BLE,1703390477416870489,D3:F4:55:AB:96:20,-66
BLE,1703390477707675466,DF:A6:DC:DC:2E:81,-73
BLE,1703390477707706966,DF:DF:EE:00:00:01,-73
BLE,1703390477807017430,D3:F4:55:AB:96:20,-71
BLE,1703390478196987748,D3:F4:55:AB:96:20,-72
BLE,1703390478660780329,DF:DF:EE:00:00:04,-53
BLE,1703390478714660491,DF:A6:DC:DC:2E:81,-75
BLE,1703390478714687074,DF:DF:EE:00:00:01,-75
BLE,1703390478779913187,D3:F4:55:AB:96:20,-72
BLE,1703390479170524831,D3:F4:55:AB:96:20,-66
BLE,1703390479193870558,DF:DF:EE:00:00:04,-50
BLE,1703390479716454951,DF:A6:DC:DC:2E:81,-72
BLE,1703390479716489576,DF:DF:EE:00:00:01,-72
BLE,1703390479741889696,D3:F4:55:AB:96:20,-72
BLE,1703390480125217467,D3:F4:55:AB:96:20,-70
BLE,1703390480318211795,D3:F4:55:AB:96:20,-68
BLE,1703390480654494615,DF:DF:EE:00:00:04,-51
BLE,1703390480703069339,D3:F4:55:AB:96:20,-68
BLE,1703390480894444686,D3:F4:55:AB:96:20,-72
BLE,1703390481086590733,D3:F4:55:AB:96:20,-68
BLE,1703390481198096555,DF:DF:EE:00:00:04,-50
BLE,1703390481723166836,DF:A6:DC:DC:2E:81,-73
BLE,1703390481723210335,DF:DF:EE:00:00:01,-73
BLE,1703390482245353734,D3:F4:55:AB:96:20,-72
BLE,1703390482434371775,D3:F4:55:AB:96:20,-66
BLE,1703390482654353746,DF:DF:EE:00:00:04,-56
BLE,1703390482724475219,DF:A6:DC:DC:2E:81,-73
BLE,1703390482724501635,DF:DF:EE:00:00:01,-73
BLE,1703390482824193595,D3:F4:55:AB:96:20,-70
BLE,1703390483197365526,DF:DF:EE:00:00:04,-50
BLE,1703390483400816232,D3:F4:55:AB:96:20,-68
BLE,1703390483662030221,DF:DF:EE:00:00:04,-56
BLE,1703390483727412791,DF:A6:DC:DC:2E:81,-73
BLE,1703390483727457415,DF:DF:EE:00:00:01,-73
BLE,1703390483784493165,D3:F4:55:AB:96:20,-52
BLE,1703390484169142254,D3:F4:55:AB:96:20,-53
BLE,1703390484558285290,D3:F4:55:AB:96:20,-71
BLE,1703390484653165556,DF:DF:EE:00:00:04,-74
BLE,1703390484730633360,DF:A6:DC:DC:2E:81,-72
BLE,1703390484730659901,DF:DF:EE:00:00:01,-72
BLE,1703390484749023853,D3:F4:55:AB:96:20,-53
BLE,1703390485136153288,D3:F4:55:AB:96:20,-68
BLE,1703390485517189835,D3:F4:55:AB:96:20,-52
BLE,1703390485659704295,DF:DF:EE:00:00:04,-52
BLE,1703390485901369471,D3:F4:55:AB:96:20,-68
BLE,1703390486287767456,D3:F4:55:AB:96:20,-71
BLE,1703390486670308986,D3:F4:55:AB:96:20,-73
BLE,1703390486864778088,D3:F4:55:AB:96:20,-68
BLE,1703390487055648025,D3:F4:55:AB:96:20,-56
BLE,1703390487195592764,DF:DF:EE:00:00:04,-56
BLE,1703390487250333916,D3:F4:55:AB:96:20,-66
BLE,1703390487656613002,DF:DF:EE:00:00:04,-50
BLE,1703390487738379797,DF:A6:DC:DC:2E:81,-75
BLE,1703390487738410838,DF:DF:EE:00:00:01,-75
BLE,1703390488027010674,D3:F4:55:AB:96:20,-72
BLE,1703390488191303421,DF:DF:EE:00:00:04,-50
BLE,1703390488404182100,D3:F4:55:AB:96:20,-72
BLE,1703390488598344539,D3:F4:55:AB:96:20,-66
BLE,1703390488661660008,DF:DF:EE:00:00:04,-55
BLE,1703390489182456756,D3:F4:55:AB:96:20,-68
BLE,1703390489200876915,DF:DF:EE:00:00:04,-55
BLE,1703390489747238406,DF:A6:DC:DC:2E:81,-74
BLE,1703390489747275572,DF:DF:EE:00:00:01,-74
BLE,1703390489755465143,D3:F4:55:AB:96:20,-72
BLE,1703390490651689837,DF:DF:EE:00:00:04,-52
BLE,1703390490899743647,D3:F4:55:AB:96:20,-71
BLE,1703390491094536246,D3:F4:55:AB:96:20,-69
BLE,1703390491478826005,D3:F4:55:AB:96:20,-68
BLE,1703390491653577755,DF:DF:EE:00:00:04,-55
BLE,1703390491669925689,D3:F4:55:AB:96:20,-72
BLE,1703390491749653341,DF:A6:DC:DC:2E:81,-71
BLE,1703390491749680132,DF:DF:EE:00:00:01,-71
BLE,1703390491860266756,D3:F4:55:AB:96:20,-52
BLE,1703390492627265836,D3:F4:55:AB:96:20,-68
BLE,1703390492655406798,DF:DF:EE:00:00:04,-53
BLE,1703390493188747941,DF:DF:EE:00:00:04,-51
BLE,1703390493202503989,D3:F4:55:AB:96:20,-72
BLE,1703390493389655969,D3:F4:55:AB:96:20,-68
BLE,1703390493656536517,DF:DF:EE:00:00:04,-55
BLE,1703390493753026222,DF:A6:DC:DC:2E:81,-73
BLE,1703390493753074097,DF:DF:EE:00:00:01,-73
BLE,1703390493771976376,D3:F4:55:AB:96:20,-66
BLE,1703390494196686997,DF:DF:EE:00:00:04,-56
BLE,1703390494541957129,D3:F4:55:AB:96:20,-52
BLE,1703390494650820773,DF:DF:EE:00:00:04,-36
BLE,1703390494936916013,D3:F4:55:AB:96:20,-72
BLE,1703390495132252773,D3:F4:55:AB:96:20,-62
BLE,1703390495194182091,DF:DF:EE:00:00:04,-36
BLE,1703390495898532943,D3:F4:55:AB:96:20,-72
BLE,1703390496091019777,D3:F4:55:AB:96:20,-68
BLE,1703390496195884969,DF:DF:EE:00:00:04,-55
BLE,1703390496675474948,D3:F4:55:AB:96:20,-62
BLE,1703390496768603068,DF:A6:DC:DC:2E:81,-72
BLE,1703390496768632276,DF:DF:EE:00:00:01,-72
BLE,1703390497068930350,D3:F4:55:AB:96:20,-70
BLE,1703390497195462372,DF:DF:EE:00:00:04,-66
BLE,1703390497262173384,D3:F4:55:AB:96:20,-68
BLE,1703390497642988226,D3:F4:55:AB:96:20,-68
BLE,1703390497774120818,DF:A6:DC:DC:2E:81,-75
BLE,1703390497774152235,DF:DF:EE:00:00:01,-75
BLE,1703390498199687471,DF:DF:EE:00:00:04,-55
BLE,1703390498229712786,D3:F4:55:AB:96:20,-68
BLE,1703390498775820655,DF:A6:DC:DC:2E:81,-71
BLE,1703390498775863279,DF:DF:EE:00:00:01,-71
BLE,1703390498806213383,D3:F4:55:AB:96:20,-72
BLE,1703390498995873459,D3:F4:55:AB:96:20,-68
BLE,1703390499187964506,D3:F4:55:AB:96:20,-72
BLE,1703390499569289508,D3:F4:55:AB:96:20,-72
BLE,1703390499651814252,DF:DF:EE:00:00:04,-53
BLE,1703390499764941513,D3:F4:55:AB:96:20,-70
BLE,1703390499782416601,DF:A6:DC:DC:2E:81,-73
BLE,1703390499782442642,DF:DF:EE:00:00:01,-73
BLE,1703390499953672183,D3:F4:55:AB:96:20,-72
BLE,1703390500139721092,D3:F4:55:AB:96:20,-69
BLE,1703390500718349498,D3:F4:55:AB:96:20,-72
BLE,1703390500789223961,DF:A6:DC:DC:2E:81,-76
BLE,1703390500789254086,DF:DF:EE:00:00:01,-76
BLE,1703390500913026806,D3:F4:55:AB:96:20,-70
BLE,1703390501198061934,DF:DF:EE:00:00:04,-52
BLE,1703390501487189180,D3:F4:55:AB:96:20,-72
BLE,1703390501659709998,DF:DF:EE:00:00:04,-52
BLE,1703390501678853816,D3:F4:55:AB:96:20,-72
BLE,1703390501787733543,DF:A6:DC:DC:2E:81,-73
BLE,1703390501787759960,DF:DF:EE:00:00:01,-73
BLE,1703390501872752467,D3:F4:55:AB:96:20,-67
BLE,1703390502062972494,D3:F4:55:AB:96:20,-72
BLE,1703390502188560776,DF:DF:EE:00:00:04,-50
BLE,1703390502790002165,DF:A6:DC:DC:2E:81,-76
BLE,1703390502790036290,DF:DF:EE:00:00:01,-76
BLE,1703390502829322247,D3:F4:55:AB:96:20,-72
BLE,1703390503208266861,D3:F4:55:AB:96:20,-72
BLE,1703390503402733797,D3:F4:55:AB:96:20,-68
BLE,1703390503600565568,D3:F4:55:AB:96:20,-72
BLE,1703390504170889946,D3:F4:55:AB:96:20,-68
BLE,1703390504190500800,DF:DF:EE:00:00:04,-50
BLE,1703390504751728408,D3:F4:55:AB:96:20,-68
BLE,1703390504941465441,D3:F4:55:AB:96:20,-56
BLE,1703390505197140620,DF:DF:EE:00:00:04,-56
BLE,1703390505330175816,D3:F4:55:AB:96:20,-89
BLE,1703390505524546503,D3:F4:55:AB:96:20,-56
BLE,1703390505652151803,DF:DF:EE:00:00:04,-50
BLE,1703390505806422751,DF:A6:DC:DC:2E:81,-60
BLE,1703390505806458209,DF:DF:EE:00:00:01,-60
BLE,1703390505907481736,D3:F4:55:AB:96:20,-71
BLE,1703390506102755830,D3:F4:55:AB:96:20,-52
BLE,1703390506195726285,DF:DF:EE:00:00:04,-35
BLE,1703390506302033584,D3:F4:55:AB:96:20,-72
BLE,1703390506488330824,D3:F4:55:AB:96:20,-68
BLE,1703390506659837945,DF:DF:EE:00:00:04,-56
BLE,1703390506682979050,D3:F4:55:AB:96:20,-72
BLE,1703390506812986197,DF:A6:DC:DC:2E:81,-73
BLE,1703390506813013197,DF:DF:EE:00:00:01,-73
BLE,1703390506876161834,D3:F4:55:AB:96:20,-72
BLE,1703390507199928676,DF:DF:EE:00:00:04,-56
BLE,1703390507264349589,D3:F4:55:AB:96:20,-72
BLE,1703390507454963279,D3:F4:55:AB:96:20,-68
BLE,1703390507651835437,DF:DF:EE:00:00:04,-55
BLE,1703390507819858182,DF:A6:DC:DC:2E:81,-72
BLE,1703390507819888640,DF:DF:EE:00:00:01,-72
BLE,1703390507837539600,D3:F4:55:AB:96:20,-66
BLE,1703390508192343996,DF:DF:EE:00:00:04,-56
BLE,1703390508230068013,D3:F4:55:AB:96:20,-71
BLE,1703390508650559641,DF:DF:EE:00:00:04,-50
BLE,1703390508812810454,D3:F4:55:AB:96:20,-71
BLE,1703390508822226010,DF:A6:DC:DC:2E:81,-76
BLE,1703390508822252135,DF:DF:EE:00:00:01,-76
BLE,1703390509005759324,D3:F4:55:AB:96:20,-68
BLE,1703390509196918715,D3:F4:55:AB:96:20,-72
BLE,1703390509827615679,DF:A6:DC:DC:2E:81,-72
BLE,1703390509827648512,DF:DF:EE:00:00:01,-72
BLE,1703390510154379777,D3:F4:55:AB:96:20,-68
BLE,1703390510194833346,DF:DF:EE:00:00:04,-73
BLE,1703390510345159839,D3:F4:55:AB:96:20,-56
BLE,1703390510537575216,D3:F4:55:AB:96:20,-69
BLE,1703390510649418034,DF:DF:EE:00:00:04,-50
BLE,1703390510731049580,D3:F4:55:AB:96:20,-72
BLE,1703390510831822819,DF:A6:DC:DC:2E:81,-72
BLE,1703390510831852194,DF:DF:EE:00:00:01,-72
BLE,1703390511114667889,D3:F4:55:AB:96:20,-56
BLE,1703390511304093509,D3:F4:55:AB:96:20,-68
BLE,1703390511652774726,DF:DF:EE:00:00:04,-56
BLE,1703390511693616624,D3:F4:55:AB:96:20,-71
BLE,1703390511836213291,DF:A6:DC:DC:2E:81,-76
BLE,1703390511836240874,DF:DF:EE:00:00:01,-76
BLE,1703390511886105333,D3:F4:55:AB:96:20,-66
BLE,1703390512082631787,D3:F4:55:AB:96:20,-72
BLE,1703390512834895080,DF:A6:DC:DC:2E:81,-72
BLE,1703390512834928746,DF:DF:EE:00:00:01,-72
BLE,1703390512851907048,D3:F4:55:AB:96:20,-68
BLE,1703390513042581111,D3:F4:55:AB:96:20,-71
BLE,1703390513430116541,D3:F4:55:AB:96:20,-72
BLE,1703390513621451430,D3:F4:55:AB:96:20,-68
BLE,1703390513654718042,DF:DF:EE:00:00:04,-55
BLE,1703390514005413194,D3:F4:55:AB:96:20,-68
BLE,1703390514191208522,DF:DF:EE:00:00:04,-52
BLE,1703390514196305713,D3:F4:55:AB:96:20,-72
BLE,1703390514383961520,D3:F4:55:AB:96:20,-68
BLE,1703390514581116675,D3:F4:55:AB:96:20,-72
BLE,1703390514773760132,D3:F4:55:AB:96:20,-71
BLE,1703390514969525428,D3:F4:55:AB:96:20,-68
BLE,1703390515165052101,D3:F4:55:AB:96:20,-72
BLE,1703390515192543530,DF:DF:EE:00:00:04,-50
BLE,1703390515357523602,D3:F4:55:AB:96:20,-71
BLE,1703390515548716910,D3:F4:55:AB:96:20,-72
BLE,1703390515657600679,DF:DF:EE:00:00:04,-55
BLE,1703390515853554848,DF:A6:DC:DC:2E:81,-71
BLE,1703390515853590222,DF:DF:EE:00:00:01,-71
BLE,1703390515935468015,D3:F4:55:AB:96:20,-68
BLE,1703390516132036593,D3:F4:55:AB:96:20,-72
BLE,1703390516193610999,DF:DF:EE:00:00:04,-53
BLE,1703390516325142504,D3:F4:55:AB:96:20,-71
BLE,1703390516652585386,DF:DF:EE:00:00:04,-56
BLE,1703390516702851840,D3:F4:55:AB:96:20,-68
BLE,1703390516857537449,DF:A6:DC:DC:2E:81,-72
BLE,1703390516857563199,DF:DF:EE:00:00:01,-72
BLE,1703390517093767314,D3:F4:55:AB:96:20,-70
BLE,1703390517285247368,D3:F4:55:AB:96:20,-68
BLE,1703390517481117996,D3:F4:55:AB:96:20,-72
BLE,1703390517650143729,DF:DF:EE:00:00:04,-50
BLE,1703390517671458605,D3:F4:55:AB:96:20,-68
BLE,1703390518197737955,DF:DF:EE:00:00:04,-53
BLE,1703390518199432519,DF:DF:EE:00:00:04,-57
BLE,1703390518248274906,D3:F4:55:AB:96:20,-72
BLE,1703390518872958232,DF:A6:DC:DC:2E:81,-71
BLE,1703390518872992690,DF:DF:EE:00:00:01,-71
BLE,1703390519209480799,D3:F4:55:AB:96:20,-72
BLE,1703390519587082637,D3:F4:55:AB:96:20,-70
BLE,1703390519657754520,DF:DF:EE:00:00:04,-51
BLE,1703390519782801100,D3:F4:55:AB:96:20,-68
BLE,1703390519877186955,DF:A6:DC:DC:2E:81,-72
BLE,1703390519877217455,DF:DF:EE:00:00:01,-72
BLE,1703390519981343030,D3:F4:55:AB:96:20,-72
BLE,1703390520192336565,DF:DF:EE:00:00:04,-52
BLE,1703390520559917353,D3:F4:55:AB:96:20,-72
BLE,1703390520655856440,DF:DF:EE:00:00:04,-55
BLE,1703390520753914252,D3:F4:55:AB:96:20,-68
BLE,1703390520880820644,DF:A6:DC:DC:2E:81,-76
BLE,1703390520880851852,DF:DF:EE:00:00:01,-76
BLE,1703390520942819295,D3:F4:55:AB:96:20,-72
BLE,1703390521193995235,DF:DF:EE:00:00:04,-56
BLE,1703390521331305172,D3:F4:55:AB:96:20,-74
BLE,1703390521650161571,DF:DF:EE:00:00:04,-50
BLE,1703390521719872673,D3:F4:55:AB:96:20,-68
BLE,1703390521914742729,D3:F4:55:AB:96:20,-72
BLE,1703390522102254747,D3:F4:55:AB:96:20,-66
BLE,1703390522492010234,D3:F4:55:AB:96:20,-71
BLE,1703390522658629329,DF:DF:EE:00:00:04,-54
BLE,1703390522682582882,D3:F4:55:AB:96:20,-72
BLE,1703390522875477128,D3:F4:55:AB:96:20,-71
BLE,1703390522888986970,DF:A6:DC:DC:2E:81,-74
BLE,1703390522889013137,DF:DF:EE:00:00:01,-74
BLE,1703390523454644194,D3:F4:55:AB:96:20,-53
BLE,1703390523843501191,D3:F4:55:AB:96:20,-71
BLE,1703390523893759188,DF:A6:DC:DC:2E:81,-60
BLE,1703390523893789354,DF:DF:EE:00:00:01,-60
BLE,1703390524219943376,D3:F4:55:AB:96:20,-52
BLE,1703390524800841796,D3:F4:55:AB:96:20,-68
BLE,1703390524990830035,D3:F4:55:AB:96:20,-72
BLE,1703390525186880827,D3:F4:55:AB:96:20,-69
BLE,1703390525193765122,DF:DF:EE:00:00:04,-53
BLE,1703390525381422512,D3:F4:55:AB:96:20,-72
BLE,1703390525568543367,D3:F4:55:AB:96:20,-68
BLE,1703390525650617117,DF:DF:EE:00:00:04,-55
BLE,1703390525763074594,D3:F4:55:AB:96:20,-72
BLE,1703390525951471476,D3:F4:55:AB:96:20,-67
BLE,1703390526196279657,DF:DF:EE:00:00:04,-51
BLE,1703390526342150077,D3:F4:55:AB:96:20,-72
BLE,1703390526532384605,D3:F4:55:AB:96:20,-68
BLE,1703390526648931868,DF:DF:EE:00:00:04,-50
BLE,1703390526729995337,D3:F4:55:AB:96:20,-72
BLE,1703390527113786102,D3:F4:55:AB:96:20,-72
BLE,1703390527190417790,DF:DF:EE:00:00:04,-51
BLE,1703390527654162955,DF:DF:EE:00:00:04,-55
BLE,1703390527882989489,D3:F4:55:AB:96:20,-68
BLE,1703390527906528589,DF:A6:DC:DC:2E:81,-74
BLE,1703390527906558005,DF:DF:EE:00:00:01,-74
BLE,1703390528072837937,D3:F4:55:AB:96:20,-72
BLE,1703390528261557274,D3:F4:55:AB:96:20,-72
BLE,1703390528453493239,D3:F4:55:AB:96:20,-70
BLE,1703390528647655804,D3:F4:55:AB:96:20,-68
BLE,1703390528838120287,D3:F4:55:AB:96:20,-71
BLE,1703390528910840228,DF:A6:DC:DC:2E:81,-78
BLE,1703390528910869020,DF:DF:EE:00:00:01,-78
BLE,1703390529187503787,DF:DF:EE:00:00:04,-50
BLE,1703390529226169460,D3:F4:55:AB:96:20,-72
BLE,1703390529414965088,D3:F4:55:AB:96:20,-66
BLE,1703390529610193806,D3:F4:55:AB:96:20,-72
BLE,1703390529799685800,D3:F4:55:AB:96:20,-68
BLE,1703390529911529910,DF:A6:DC:DC:2E:81,-72
BLE,1703390529911558785,DF:DF:EE:00:00:01,-72
BLE,1703390530190288194,D3:F4:55:AB:96:20,-58
BLE,1703390530381547918,D3:F4:55:AB:96:20,-68
BLE,1703390530576469098,D3:F4:55:AB:96:20,-72
BLE,1703390530652620375,DF:DF:EE:00:00:04,-51
BLE,1703390530764729690,D3:F4:55:AB:96:20,-69
BLE,1703390530961516182,D3:F4:55:AB:96:20,-72
BLE,1703390531185244693,DF:A6:DC:DC:2E:81,-75
BLE,1703390531185284526,DF:DF:EE:00:00:01,-75
BLE,1703390531190220260,DF:DF:EE:00:00:04,-51
BLE,1703390531539720593,D3:F4:55:AB:96:20,-71
BLE,1703390531656750808,DF:DF:EE:00:00:04,-56
BLE,1703390531730063160,D3:F4:55:AB:96:20,-67
BLE,1703390531921653171,D3:F4:55:AB:96:20,-71
BLE,1703390532110681088,D3:F4:55:AB:96:20,-72
BLE,1703390532191354770,DF:A6:DC:DC:2E:81,-72
BLE,1703390532191387936,DF:DF:EE:00:00:01,-72
BLE,1703390532197247326,DF:DF:EE:00:00:04,-55
BLE,1703390532682728820,D3:F4:55:AB:96:20,-70
BLE,1703390533068935432,D3:F4:55:AB:96:20,-71
BLE,1703390533636487300,D3:F4:55:AB:96:20,-72
BLE,1703390533827946521,D3:F4:55:AB:96:20,-68
BLE,1703390534018629418,D3:F4:55:AB:96:20,-72
BLE,1703390534197790074,DF:DF:EE:00:00:04,-55
BLE,1703390534205986853,D3:F4:55:AB:96:20,-67
BLE,1703390534589925242,D3:F4:55:AB:96:20,-68
BLE,1703390534651030320,DF:DF:EE:00:00:04,-55
BLE,1703390534788501838,D3:F4:55:AB:96:20,-72
BLE,1703390535187778631,DF:A6:DC:DC:2E:81,-76
BLE,1703390535187816714,DF:DF:EE:00:00:01,-76
BLE,1703390535193249525,DF:DF:EE:00:00:04,-56
BLE,1703390535360231532,D3:F4:55:AB:96:20,-70
BLE,1703390535549435988,D3:F4:55:AB:96:20,-72
BLE,1703390535735379190,D3:F4:55:AB:96:20,-68
BLE,1703390535932201015,D3:F4:55:AB:96:20,-72
BLE,1703390536121491804,D3:F4:55:AB:96:20,-67
BLE,1703390536185377557,DF:A6:DC:DC:2E:81,-72
BLE,1703390536185405348,DF:DF:EE:00:00:01,-72
BLE,1703390536316747689,D3:F4:55:AB:96:20,-73
BLE,1703390536652873136,DF:DF:EE:00:00:04,-55
BLE,1703390536887842932,D3:F4:55:AB:96:20,-68
BLE,1703390537077555715,D3:F4:55:AB:96:20,-72
BLE,1703390537191675382,DF:DF:EE:00:00:04,-55
BLE,1703390537269050769,D3:F4:55:AB:96:20,-68
BLE,1703390537654929302,DF:DF:EE:00:00:04,-53
BLE,1703390538034693489,D3:F4:55:AB:96:20,-68
BLE,1703390538187717493,DF:A6:DC:DC:2E:81,-72
BLE,1703390538187744659,DF:DF:EE:00:00:01,-72
BLE,1703390538197310714,DF:DF:EE:00:00:04,-52
BLE,1703390538228594807,D3:F4:55:AB:96:20,-72
BLE,1703390538415397332,D3:F4:55:AB:96:20,-66
BLE,1703390538610256972,D3:F4:55:AB:96:20,-72
BLE,1703390538656483557,DF:DF:EE:00:00:04,-56
BLE,1703390538803621754,D3:F4:55:AB:96:20,-70
BLE,1703390539181031927,DF:A6:DC:DC:2E:81,-72
BLE,1703390539181068135,DF:DF:EE:00:00:01,-72
BLE,1703390539194020859,DF:DF:EE:00:00:04,-55
BLE,1703390539380990757,D3:F4:55:AB:96:20,-52
BLE,1703390539572379937,D3:F4:55:AB:96:20,-72
BLE,1703390539766124715,D3:F4:55:AB:96:20,-68
BLE,1703390539955746541,D3:F4:55:AB:96:20,-71
BLE,1703390540536950500,D3:F4:55:AB:96:20,-70
BLE,1703390540648666027,DF:DF:EE:00:00:04,-53
BLE,1703390540917263722,D3:F4:55:AB:96:20,-56
BLE,1703390541296224211,D3:F4:55:AB:96:20,-66
BLE,1703390541684950418,D3:F4:55:AB:96:20,-70
BLE,1703390542441737742,D3:F4:55:AB:96:20,-67
BLE,1703390542638082197,D3:F4:55:AB:96:20,-72
BLE,1703390542826273707,D3:F4:55:AB:96:20,-68
BLE,1703390543183695447,DF:A6:DC:DC:2E:81,-72
BLE,1703390543183731530,DF:DF:EE:00:00:01,-72
BLE,1703390543195450601,DF:DF:EE:00:00:04,-52
BLE,1703390543205407735,D3:F4:55:AB:96:20,-67
BLE,1703390543401935355,D3:F4:55:AB:96:20,-72
BLE,1703390543791712050,D3:F4:55:AB:96:20,-68
BLE,1703390544173682295,D3:F4:55:AB:96:20,-68
BLE,1703390544371831271,D3:F4:55:AB:96:20,-72
BLE,1703390544566788868,D3:F4:55:AB:96:20,-70
BLE,1703390544654883422,DF:DF:EE:00:00:04,-53
BLE,1703390544758586169,D3:F4:55:AB:96:20,-68
BLE,1703390544950883797,D3:F4:55:AB:96:20,-72
BLE,1703390545145370524,D3:F4:55:AB:96:20,-68
BLE,1703390545193272631,DF:DF:EE:00:00:04,-52
BLE,1703390545537518692,D3:F4:55:AB:96:20,-72
BLE,1703390545650297666,DF:DF:EE:00:00:04,-55
BLE,1703390545732453747,D3:F4:55:AB:96:20,-70
BLE,1703390545927574009,D3:F4:55:AB:96:20,-68
BLE,1703390546116694507,D3:F4:55:AB:96:20,-70
BLE,1703390546311759686,D3:F4:55:AB:96:20,-67
BLE,1703390546507578606,D3:F4:55:AB:96:20,-72
BLE,1703390546649133286,DF:DF:EE:00:00:04,-50
BLE,1703390546694138343,D3:F4:55:AB:96:20,-66
BLE,1703390547188056488,DF:DF:EE:00:00:04,-50
BLE,1703390547653044221,DF:DF:EE:00:00:04,-55
BLE,1703390547656239434,D3:F4:55:AB:96:20,-72
BLE,1703390548193083411,DF:DF:EE:00:00:04,-56
BLE,1703390548432973858,D3:F4:55:AB:96:20,-72
BLE,1703390548650113820,DF:DF:EE:00:00:04,-51
BLE,1703390549588784435,D3:F4:55:AB:96:20,-72
BLE,1703390549776948153,D3:F4:55:AB:96:20,-66
BLE,1703390550174062929,D3:F4:55:AB:96:20,-72
BLE,1703390550185332714,DF:A6:DC:DC:2E:81,-72
BLE,1703390550185358422,DF:DF:EE:00:00:01,-72
BLE,1703390550754308941,D3:F4:55:AB:96:20,-70
BLE,1703390550947467225,D3:F4:55:AB:96:20,-63
BLE,1703390551185035533,DF:A6:DC:DC:2E:81,-75
BLE,1703390551185066116,DF:DF:EE:00:00:01,-75
BLE,1703390551711388257,D3:F4:55:AB:96:20,-68
BLE,1703390551910491222,D3:F4:55:AB:96:20,-72
BLE,1703390552105017991,D3:F4:55:AB:96:20,-71
BLE,1703390552188430891,DF:A6:DC:DC:2E:81,-58
BLE,1703390552188460516,DF:DF:EE:00:00:01,-58
BLE,1703390552194177365,DF:DF:EE:00:00:04,-53
BLE,1703390552655333018,DF:DF:EE:00:00:04,-50
BLE,1703390552683845602,D3:F4:55:AB:96:20,-68
BLE,1703390552876821055,D3:F4:55:AB:96:20,-72
BLE,1703390553065594849,D3:F4:55:AB:96:20,-68
BLE,1703390553185584906,DF:A6:DC:DC:2E:81,-72
BLE,1703390553185614780,DF:DF:EE:00:00:01,-72
BLE,1703390553191337797,DF:DF:EE:00:00:04,-56
BLE,1703390553445310329,D3:F4:55:AB:96:20,-68
BLE,1703390553634052248,D3:F4:55:AB:96:20,-70
BLE,1703390553648029335,DF:DF:EE:00:00:04,-50
BLE,1703390554014212306,D3:F4:55:AB:96:20,-70
BLE,1703390554185686427,DF:A6:DC:DC:2E:81,-72
BLE,1703390554185714510,DF:DF:EE:00:00:01,-72
BLE,1703390554204162170,D3:F4:55:AB:96:20,-72
BLE,1703390554650374247,DF:DF:EE:00:00:04,-55
BLE,1703390554787281148,D3:F4:55:AB:96:20,-72
BLE,1703390554977615965,D3:F4:55:AB:96:20,-67
BLE,1703390555175200823,D3:F4:55:AB:96:20,-68
BLE,1703390555194482514,DF:DF:EE:00:00:04,-54
BLE,1703390555653737440,DF:DF:EE:00:00:04,-50
BLE,1703390556128851804,D3:F4:55:AB:96:20,-72
BLE,1703390556189211266,DF:A6:DC:DC:2E:81,-72
BLE,1703390556189239807,DF:DF:EE:00:00:01,-72
BLE,1703390556655461568,DF:DF:EE:00:00:04,-55
BLE,1703390557186971732,DF:A6:DC:DC:2E:81,-71
BLE,1703390557187009356,DF:DF:EE:00:00:01,-71
BLE,1703390557189119123,DF:DF:EE:00:00:04,-53
BLE,1703390557464246492,D3:F4:55:AB:96:20,-72
BLE,1703390557651949715,D3:F4:55:AB:96:20,-67
BLE,1703390557842621237,D3:F4:55:AB:96:20,-72
BLE,1703390558037288671,D3:F4:55:AB:96:20,-67
BLE,1703390558190846168,DF:DF:EE:00:00:04,-52
BLE,1703390558232548014,D3:F4:55:AB:96:20,-74
BLE,1703390558659243861,DF:DF:EE:00:00:04,-56
BLE,1703390558811440124,D3:F4:55:AB:96:20,-70
BLE,1703390559184020229,DF:A6:DC:DC:2E:81,-72
BLE,1703390559184052895,DF:DF:EE:00:00:01,-72
BLE,1703390559196114504,DF:DF:EE:00:00:04,-55
BLE,1703390559383351900,D3:F4:55:AB:96:20,-66
BLE,1703390559575690236,D3:F4:55:AB:96:20,-72
BLE,1703390559765679099,D3:F4:55:AB:96:20,-68
BLE,1703390560159415790,D3:F4:55:AB:96:20,-71
BLE,1703390560183141221,DF:A6:DC:DC:2E:81,-72
BLE,1703390560183170096,DF:DF:EE:00:00:01,-72
BLE,1703390560190919380,DF:DF:EE:00:00:04,-55
BLE,1703390560542379981,D3:F4:55:AB:96:20,-72
BLE,1703390560738627688,D3:F4:55:AB:96:20,-68
BLE,1703390561126086536,D3:F4:55:AB:96:20,-70
BLE,1703390561183537823,DF:A6:DC:DC:2E:81,-72
BLE,1703390561183565239,DF:DF:EE:00:00:01,-72
BLE,1703390561318015001,D3:F4:55:AB:96:20,-68
BLE,1703390561653257709,DF:DF:EE:00:00:04,-54
BLE,1703390561704487944,D3:F4:55:AB:96:20,-52
BLE,1703390562185857444,DF:A6:DC:DC:2E:81,-72
BLE,1703390562185893735,DF:DF:EE:00:00:01,-72
BLE,1703390562191948956,DF:DF:EE:00:00:04,-55
BLE,1703390562283271764,D3:F4:55:AB:96:20,-72
BLE,1703390562478973602,D3:F4:55:AB:96:20,-72
BLE,1703390562668191099,D3:F4:55:AB:96:20,-68
BLE,1703390563194842070,DF:DF:EE:00:00:04,-51
BLE,1703390563246887420,D3:F4:55:AB:96:20,-72
BLE,1703390563434390604,D3:F4:55:AB:96:20,-68
BLE,1703390563653703000,DF:DF:EE:00:00:04,-56
BLE,1703390564187119433,DF:DF:EE:00:00:04,-53
BLE,1703390564214859943,D3:F4:55:AB:96:20,-72
BLE,1703390564402107963,D3:F4:55:AB:96:20,-68
BLE,1703390564593976554,D3:F4:55:AB:96:20,-72
BLE,1703390564648107713,DF:DF:EE:00:00:04,-51
BLE,1703390564981431318,D3:F4:55:AB:96:20,-88
BLE,1703390565168238594,D3:F4:55:AB:96:20,-68
BLE,1703390565195737022,DF:DF:EE:00:00:04,-53
BLE,1703390565205785197,DF:A6:DC:DC:2E:81,-75
BLE,1703390565205857321,DF:DF:EE:00:00:01,-75
BLE,1703390565366487111,D3:F4:55:AB:96:20,-72
BLE,1703390565552010151,D3:F4:55:AB:96:20,-66
BLE,1703390565948499101,D3:F4:55:AB:96:20,-72
BLE,1703390566195386341,DF:DF:EE:00:00:04,-55
BLE,1703390566206560502,DF:A6:DC:DC:2E:81,-72
BLE,1703390566206585794,DF:DF:EE:00:00:01,-72
BLE,1703390566520624083,D3:F4:55:AB:96:20,-69
BLE,1703390566654803765,DF:DF:EE:00:00:04,-51
BLE,1703390566903323111,D3:F4:55:AB:96:20,-68
BLE,1703390567093352640,D3:F4:55:AB:96:20,-72
BLE,1703390567194289961,DF:DF:EE:00:00:04,-51
BLE,1703390567215965582,DF:A6:DC:DC:2E:81,-73
BLE,1703390567215992832,DF:DF:EE:00:00:01,-73
BLE,1703390567280293456,D3:F4:55:AB:96:20,-68
BLE,1703390567473313658,D3:F4:55:AB:96:20,-71
BLE,1703390567646538176,DF:DF:EE:00:00:04,-51
BLE,1703390567667702262,D3:F4:55:AB:96:20,-68
BLE,1703390568049322219,D3:F4:55:AB:96:20,-66
BLE,1703390568189402916,DF:DF:EE:00:00:04,-52
BLE,1703390568244541855,D3:F4:55:AB:96:20,-72
BLE,1703390568431862749,D3:F4:55:AB:96:20,-68
BLE,1703390568823514589,D3:F4:55:AB:96:20,-71
BLE,1703390569020327373,D3:F4:55:AB:96:20,-70
BLE,1703390569194783334,DF:DF:EE:00:00:04,-51
BLE,1703390569213690697,D3:F4:55:AB:96:20,-72
BLE,1703390569225359477,DF:A6:DC:DC:2E:81,-71
BLE,1703390569225390518,DF:DF:EE:00:00:01,-71
BLE,1703390569406002491,D3:F4:55:AB:96:20,-72
BLE,1703390569982892833,D3:F4:55:AB:96:20,-69
BLE,1703390570179194123,D3:F4:55:AB:96:20,-71
BLE,1703390570185435258,DF:DF:EE:00:00:04,-50
BLE,1703390570231848299,DF:A6:DC:DC:2E:81,-72
BLE,1703390570231875591,DF:DF:EE:00:00:01,-72
BLE,1703390570370700718,D3:F4:55:AB:96:20,-71
BLE,1703390570563563840,D3:F4:55:AB:96:20,-72
BLE,1703390570652143430,DF:DF:EE:00:00:04,-55
BLE,1703390570758128191,D3:F4:55:AB:96:20,-72
BLE,1703390571139524985,D3:F4:55:AB:96:20,-71
BLE,1703390571333763257,D3:F4:55:AB:96:20,-68
BLE,1703390571530252794,D3:F4:55:AB:96:20,-72
BLE,1703390571647484091,DF:DF:EE:00:00:04,-51
BLE,1703390571725977173,D3:F4:55:AB:96:20,-72
BLE,1703390572107362925,D3:F4:55:AB:96:20,-71
BLE,1703390572186656665,DF:DF:EE:00:00:04,-51
BLE,1703390572248743815,DF:A6:DC:DC:2E:81,-76
BLE,1703390572248771648,DF:DF:EE:00:00:01,-76
BLE,1703390572303566549,D3:F4:55:AB:96:20,-67
BLE,1703390572500716162,D3:F4:55:AB:96:20,-66
BLE,1703390572651067780,DF:DF:EE:00:00:04,-56
BLE,1703390572700467245,D3:F4:55:AB:96:20,-72
BLE,1703390573192044709,DF:DF:EE:00:00:04,-56
BLE,1703390573248712713,DF:A6:DC:DC:2E:81,-73
BLE,1703390573248740338,DF:DF:EE:00:00:01,-73
BLE,1703390573272932472,D3:F4:55:AB:96:20,-71
BLE,1703390573468146607,D3:F4:55:AB:96:20,-68
BLE,1703390573653538941,DF:DF:EE:00:00:04,-51
BLE,1703390573664638686,D3:F4:55:AB:96:20,-72
BLE,1703390573854522551,D3:F4:55:AB:96:20,-67
BLE,1703390574191983774,DF:DF:EE:00:00:04,-51
BLE,1703390574245302109,D3:F4:55:AB:96:20,-70
BLE,1703390574435678177,D3:F4:55:AB:96:20,-68
BLE,1703390575017152799,D3:F4:55:AB:96:20,-72
BLE,1703390575208345398,D3:F4:55:AB:96:20,-70
BLE,1703390575782897976,D3:F4:55:AB:96:20,-70
BLE,1703390576164504225,D3:F4:55:AB:96:20,-72
BLE,1703390576355463910,D3:F4:55:AB:96:20,-70
BLE,1703390576657104177,DF:DF:EE:00:00:04,-55
BLE,1703390576741619523,D3:F4:55:AB:96:20,-71
BLE,1703390576936645202,D3:F4:55:AB:96:20,-66
BLE,1703390577128502752,D3:F4:55:AB:96:20,-72
BLE,1703390577280926763,DF:A6:DC:DC:2E:81,-72
BLE,1703390577280957012,DF:DF:EE:00:00:01,-72
BLE,1703390577318283993,D3:F4:55:AB:96:20,-68
BLE,1703390577710766656,D3:F4:55:AB:96:20,-70
BLE,1703390577903848484,D3:F4:55:AB:96:20,-68
BLE,1703390578189789184,DF:DF:EE:00:00:04,-55
BLE,1703390578284236955,D3:F4:55:AB:96:20,-68
BLE,1703390578481716523,D3:F4:55:AB:96:20,-73
BLE,1703390578668703338,D3:F4:55:AB:96:20,-68
BLE,1703390579186608828,DF:DF:EE:00:00:04,-50
BLE,1703390579244190571,D3:F4:55:AB:96:20,-72
BLE,1703390579633237609,D3:F4:55:AB:96:20,-69
BLE,1703390579650897694,DF:DF:EE:00:00:04,-55
BLE,1703390580011439898,D3:F4:55:AB:96:20,-72
BLE,1703390580206432161,D3:F4:55:AB:96:20,-71
BLE,1703390580289508440,DF:A6:DC:DC:2E:81,-73
BLE,1703390580289536856,DF:DF:EE:00:00:01,-73
BLE,1703390580587699372,D3:F4:55:AB:96:20,-70
BLE,1703390580650572137,DF:DF:EE:00:00:04,-51
BLE,1703390580777508696,D3:F4:55:AB:96:20,-72
BLE,1703390580963864935,D3:F4:55:AB:96:20,-68
BLE,1703390581188930430,DF:DF:EE:00:00:04,-50
BLE,1703390581355319861,D3:F4:55:AB:96:20,-71
BLE,1703390581551101990,D3:F4:55:AB:96:20,-68
BLE,1703390581653311962,DF:DF:EE:00:00:04,-56
BLE,1703390582131882036,D3:F4:55:AB:96:20,-68
BLE,1703390582195623291,DF:DF:EE:00:00:04,-40
BLE,1703390582323510505,D3:F4:55:AB:96:20,-72
BLE,1703390582518649017,D3:F4:55:AB:96:20,-68
BLE,1703390583196022518,DF:DF:EE:00:00:04,-53
BLE,1703390583304480751,DF:A6:DC:DC:2E:81,-72
BLE,1703390583304518500,DF:DF:EE:00:00:01,-72
BLE,1703390583481948635,D3:F4:55:AB:96:20,-68
BLE,1703390583867348674,D3:F4:55:AB:96:20,-68
BLE,1703390584062532976,D3:F4:55:AB:96:20,-72
BLE,1703390584446821402,D3:F4:55:AB:96:20,-72
BLE,1703390584632490024,D3:F4:55:AB:96:20,-66
BLE,1703390584827502329,D3:F4:55:AB:96:20,-72
BLE,1703390585019028258,D3:F4:55:AB:96:20,-71
BLE,1703390585188649484,DF:DF:EE:00:00:04,-55
BLE,1703390585406211233,D3:F4:55:AB:96:20,-72
BLE,1703390585651231037,DF:DF:EE:00:00:04,-53
BLE,1703390585786886452,D3:F4:55:AB:96:20,-70
BLE,1703390585983013993,D3:F4:55:AB:96:20,-66
BLE,1703390586369434769,D3:F4:55:AB:96:20,-71
BLE,1703390586560491579,D3:F4:55:AB:96:20,-72
BLE,1703390586653725281,DF:DF:EE:00:00:04,-50
BLE,1703390586949896153,D3:F4:55:AB:96:20,-68
BLE,1703390587145261787,D3:F4:55:AB:96:20,-72
BLE,1703390587334066456,D3:F4:55:AB:96:20,-68
BLE,1703390587335560022,D3:F4:55:AB:96:20,-70
BLE,1703390587719885197,D3:F4:55:AB:96:20,-71
BLE,1703390587908639325,D3:F4:55:AB:96:20,-72
BLE,1703390588103510590,D3:F4:55:AB:96:20,-72
BLE,1703390588191206982,DF:DF:EE:00:00:04,-52
BLE,1703390588341537933,DF:A6:DC:DC:2E:81,-72
BLE,1703390588341565433,DF:DF:EE:00:00:01,-72
BLE,1703390588672605940,D3:F4:55:AB:96:20,-72
BLE,1703390589250650435,D3:F4:55:AB:96:20,-70
BLE,1703390589343711389,DF:A6:DC:DC:2E:81,-71
BLE,1703390589343738389,DF:DF:EE:00:00:01,-71
BLE,1703390589631213405,D3:F4:55:AB:96:20,-72
BLE,1703390589646052315,DF:DF:EE:00:00:04,-50
BLE,1703390590188800931,DF:DF:EE:00:00:04,-51
BLE,1703390590211024630,D3:F4:55:AB:96:20,-69
BLE,1703390590343199293,DF:A6:DC:DC:2E:81,-72
BLE,1703390590343228501,DF:DF:EE:00:00:01,-72
BLE,1703390590593417911,D3:F4:55:AB:96:20,-68
BLE,1703390590652649469,DF:DF:EE:00:00:04,-55
BLE,1703390590790069863,D3:F4:55:AB:96:20,-72
BLE,1703390591175712982,D3:F4:55:AB:96:20,-68
BLE,1703390591192140623,DF:DF:EE:00:00:04,-50
BLE,1703390591555070674,D3:F4:55:AB:96:20,-72
BLE,1703390591741981990,D3:F4:55:AB:96:20,-68
BLE,1703390592136190217,D3:F4:55:AB:96:20,-72
BLE,1703390592323672734,D3:F4:55:AB:96:20,-68
BLE,1703390592356427768,DF:A6:DC:DC:2E:81,-71
BLE,1703390592356455226,DF:DF:EE:00:00:01,-71
BLE,1703390592649098682,DF:DF:EE:00:00:04,-53
BLE,1703390592902261432,D3:F4:55:AB:96:20,-72
BLE,1703390593089997030,D3:F4:55:AB:96:20,-68
BLE,1703390593281666332,D3:F4:55:AB:96:20,-70
BLE,1703390593360908656,DF:A6:DC:DC:2E:81,-72
BLE,1703390593360935739,DF:DF:EE:00:00:01,-72
BLE,1703390593647457016,DF:DF:EE:00:00:04,-63
BLE,1703390593666634000,D3:F4:55:AB:96:20,-72
BLE,1703390594189074645,DF:DF:EE:00:00:04,-66
BLE,1703390594366593321,DF:A6:DC:DC:2E:81,-76
BLE,1703390594366623112,DF:DF:EE:00:00:01,-76
BLE,1703390594636342585,D3:F4:55:AB:96:20,-72
BLE,1703390594656181478,DF:DF:EE:00:00:04,-56
BLE,1703390594822321204,D3:F4:55:AB:96:20,-68
BLE,1703390595012564564,D3:F4:55:AB:96:20,-70
BLE,1703390595192489920,DF:DF:EE:00:00:04,-53
BLE,1703390595400254242,D3:F4:55:AB:96:20,-72
BLE,1703390595589488573,D3:F4:55:AB:96:20,-66
BLE,1703390595648513175,DF:DF:EE:00:00:04,-55
BLE,1703390595983731716,D3:F4:55:AB:96:20,-72
BLE,1703390596170828446,D3:F4:55:AB:96:20,-68
BLE,1703390596191695952,DF:DF:EE:00:00:04,-55
BLE,1703390596557489720,D3:F4:55:AB:96:20,-67
BLE,1703390596653908093,DF:DF:EE:00:00:04,-52
BLE,1703390596753495221,D3:F4:55:AB:96:20,-72
BLE,1703390597133265742,D3:F4:55:AB:96:20,-83
BLE,1703390597191639476,DF:DF:EE:00:00:04,-53
BLE,1703390597383229154,DF:A6:DC:DC:2E:81,-75
BLE,1703390597383259820,DF:DF:EE:00:00:01,-75
BLE,1703390597522052365,D3:F4:55:AB:96:20,-68
BLE,1703390597716271554,D3:F4:55:AB:96:20,-72
BLE,1703390597907892815,D3:F4:55:AB:96:20,-68
BLE,1703390598186467851,DF:DF:EE:00:00:04,-52
BLE,1703390598387924914,DF:A6:DC:DC:2E:81,-72
BLE,1703390598387954330,DF:DF:EE:00:00:01,-72
BLE,1703390598491728951,D3:F4:55:AB:96:20,-66
BLE,1703390598653206272,DF:DF:EE:00:00:04,-52
BLE,1703390598680724076,D3:F4:55:AB:96:20,-72
BLE,1703390598875848046,D3:F4:55:AB:96:20,-67
BLE,1703390599065760160,D3:F4:55:AB:96:20,-72
BLE,1703390599185797216,DF:DF:EE:00:00:04,-51
BLE,1703390599261028503,D3:F4:55:AB:96:20,-71
BLE,1703390599389146131,DF:A6:DC:DC:2E:81,-72
BLE,1703390599389175756,DF:DF:EE:00:00:01,-72
BLE,1703390599644787352,D3:F4:55:AB:96:20,-70
BLE,1703390599652659552,DF:DF:EE:00:00:04,-55
BLE,1703390599838614129,D3:F4:55:AB:96:20,-68
BLE,1703390600223266051,D3:F4:55:AB:96:20,-68
BLE,1703390600607432895,D3:F4:55:AB:96:20,-67
BLE,1703390600650793347,DF:DF:EE:00:00:04,-51
BLE,1703390600990188548,D3:F4:55:AB:96:20,-68
BLE,1703390601374256768,D3:F4:55:AB:96:20,-68
BLE,1703390601565077371,D3:F4:55:AB:96:20,-71
BLE,1703390601751222905,D3:F4:55:AB:96:20,-66
BLE,1703390601945974754,D3:F4:55:AB:96:20,-71
BLE,1703390602141786591,D3:F4:55:AB:96:20,-71
BLE,1703390602337970507,D3:F4:55:AB:96:20,-68
BLE,1703390602536392146,D3:F4:55:AB:96:20,-72
BLE,1703390602731299661,D3:F4:55:AB:96:20,-70
BLE,1703390603419797365,DF:A6:DC:DC:2E:81,-72
BLE,1703390603419833282,DF:DF:EE:00:00:01,-72
BLE,1703390603501528285,D3:F4:55:AB:96:20,-72
BLE,1703390603690811073,D3:F4:55:AB:96:20,-69
BLE,1703390603885748796,D3:F4:55:AB:96:20,-72
BLE,1703390604078380128,D3:F4:55:AB:96:20,-72
BLE,1703390604184842676,DF:DF:EE:00:00:04,-51
BLE,1703390604422683646,DF:A6:DC:DC:2E:81,-76
BLE,1703390604422710771,DF:DF:EE:00:00:01,-76
BLE,1703390604463775708,D3:F4:55:AB:96:20,-71
BLE,1703390604661331858,D3:F4:55:AB:96:20,-71
BLE,1703390604857641230,D3:F4:55:AB:96:20,-67
BLE,1703390605051447591,D3:F4:55:AB:96:20,-72
BLE,1703390605187981954,DF:DF:EE:00:00:04,-56
BLE,1703390605437173958,D3:F4:55:AB:96:20,-72
BLE,1703390605630542491,D3:F4:55:AB:96:20,-72
BLE,1703390605826186704,D3:F4:55:AB:96:20,-68
BLE,1703390606020584099,D3:F4:55:AB:96:20,-72
BLE,1703390606186043124,DF:DF:EE:00:00:04,-50
BLE,1703390606408527566,D3:F4:55:AB:96:20,-68
BLE,1703390606650282491,DF:DF:EE:00:00:04,-55
BLE,1703390607178550527,D3:F4:55:AB:96:20,-69
BLE,1703390607190214849,DF:DF:EE:00:00:04,-55
BLE,1703390607567765395,D3:F4:55:AB:96:20,-72
BLE,1703390607947787538,D3:F4:55:AB:96:20,-71
BLE,1703390608333498697,D3:F4:55:AB:96:20,-72
BLE,1703390608648826429,DF:DF:EE:00:00:04,-52
BLE,1703390609288953033,D3:F4:55:AB:96:20,-68
BLE,1703390609479200810,D3:F4:55:AB:96:20,-71
BLE,1703390609673885785,D3:F4:55:AB:96:20,-66
BLE,1703390609870920024,D3:F4:55:AB:96:20,-72
BLE,1703390610064005934,D3:F4:55:AB:96:20,-71
BLE,1703390610192735514,DF:DF:EE:00:00:04,-61
BLE,1703390610446613880,DF:A6:DC:DC:2E:81,-72
BLE,1703390610446641297,DF:DF:EE:00:00:01,-72
BLE,1703390610634788223,D3:F4:55:AB:96:20,-72
BLE,1703390610820671343,D3:F4:55:AB:96:20,-68
BLE,1703390611011091659,D3:F4:55:AB:96:20,-70
BLE,1703390611188901331,DF:DF:EE:00:00:04,-53
BLE,1703390611584790330,D3:F4:55:AB:96:20,-68
BLE,1703390611974073865,D3:F4:55:AB:96:20,-70
BLE,1703390612188423444,DF:DF:EE:00:00:04,-54
BLE,1703390612350683464,D3:F4:55:AB:96:20,-68
BLE,1703390613123886304,D3:F4:55:AB:96:20,-72
BLE,1703390613185024881,DF:DF:EE:00:00:04,-62
BLE,1703390613317938370,D3:F4:55:AB:96:20,-68
BLE,1703390613512852926,D3:F4:55:AB:96:20,-72
BLE,1703390613648894419,DF:DF:EE:00:00:04,-55
BLE,1703390613702760581,D3:F4:55:AB:96:20,-69
BLE,1703390614092674025,D3:F4:55:AB:96:20,-70
BLE,1703390614284782614,D3:F4:55:AB:96:20,-68
BLE,1703390614468461884,DF:A6:DC:DC:2E:81,-72
BLE,1703390614468489175,DF:DF:EE:00:00:01,-72
BLE,1703390614479854126,D3:F4:55:AB:96:20,-72
BLE,1703390614644453328,DF:DF:EE:00:00:04,-50
BLE,1703390614858436369,D3:F4:55:AB:96:20,-72
BLE,1703390615183575153,DF:DF:EE:00:00:04,-50
BLE,1703390615240086659,D3:F4:55:AB:96:20,-70
BLE,1703390615435649874,D3:F4:55:AB:96:20,-68
BLE,1703390615650193659,DF:DF:EE:00:00:04,-55
BLE,1703390616216579332,D3:F4:55:AB:96:20,-72
BLE,1703390616655263997,DF:DF:EE:00:00:04,-52
BLE,1703390617176046954,D3:F4:55:AB:96:20,-71
BLE,1703390617187960939,DF:DF:EE:00:00:04,-52
BLE,1703390617484732013,DF:A6:DC:DC:2E:81,-73
BLE,1703390617484762513,DF:DF:EE:00:00:01,-73
BLE,1703390617556156429,D3:F4:55:AB:96:20,-70
BLE,1703390617946665115,D3:F4:55:AB:96:20,-72
BLE,1703390618135349619,D3:F4:55:AB:96:20,-66
BLE,1703390618331605451,D3:F4:55:AB:96:20,-72
BLE,1703390618524884400,D3:F4:55:AB:96:20,-72
BLE,1703390618650133479,DF:DF:EE:00:00:04,-50
BLE,1703390618718484472,D3:F4:55:AB:96:20,-68
BLE,1703390619108979117,D3:F4:55:AB:96:20,-70
BLE,1703390619496703586,DF:A6:DC:DC:2E:81,-77
BLE,1703390619496740002,DF:DF:EE:00:00:01,-77
BLE,1703390619644547692,DF:DF:EE:00:00:04,-50
BLE,1703390619877407429,D3:F4:55:AB:96:20,-70
BLE,1703390619878740497,D3:F4:55:AB:96:20,-72
BLE,1703390620262000394,D3:F4:55:AB:96:20,-72
BLE,1703390620448640546,D3:F4:55:AB:96:20,-67
BLE,1703390620496250656,DF:A6:DC:DC:2E:81,-72
BLE,1703390620496281864,DF:DF:EE:00:00:01,-72
BLE,1703390620640489929,D3:F4:55:AB:96:20,-71
BLE,1703390620835012948,D3:F4:55:AB:96:20,-69
BLE,1703390621186865045,DF:DF:EE:00:00:04,-66
BLE,1703390621221569764,D3:F4:55:AB:96:20,-72
BLE,1703390621410444390,D3:F4:55:AB:96:20,-72
BLE,1703390621600464378,D3:F4:55:AB:96:20,-68
BLE,1703390621646718213,DF:DF:EE:00:00:04,-50
BLE,1703390621789358296,D3:F4:55:AB:96:20,-71
BLE,1703390622193242201,DF:DF:EE:00:00:04,-53
BLE,1703390622512635344,DF:A6:DC:DC:2E:81,-76
BLE,1703390622512663344,DF:DF:EE:00:00:01,-76
BLE,1703390622559380756,D3:F4:55:AB:96:20,-72
BLE,1703390622755883210,D3:F4:55:AB:96:20,-72
BLE,1703390622946760980,D3:F4:55:AB:96:20,-66
BLE,1703390623136647594,D3:F4:55:AB:96:20,-72
BLE,1703390623189177522,DF:DF:EE:00:00:04,-56
BLE,1703390623332428973,D3:F4:55:AB:96:20,-68
BLE,1703390623518682213,DF:A6:DC:DC:2E:81,-71
BLE,1703390623518710588,DF:DF:EE:00:00:01,-71
BLE,1703390623916721229,D3:F4:55:AB:96:20,-67
BLE,1703390624110631296,D3:F4:55:AB:96:20,-72
BLE,1703390624187818894,DF:DF:EE:00:00:04,-50
BLE,1703390624298176438,D3:F4:55:AB:96:20,-68
BLE,1703390624495508757,D3:F4:55:AB:96:20,-72
BLE,1703390624526456021,DF:A6:DC:DC:2E:81,-72
BLE,1703390624526482104,DF:DF:EE:00:00:01,-72
BLE,1703390625074024914,D3:F4:55:AB:96:20,-70
BLE,1703390625266268709,D3:F4:55:AB:96:20,-68
BLE,1703390625462470625,D3:F4:55:AB:96:20,-72
BLE,1703390625651727122,DF:DF:EE:00:00:04,-49
BLE,1703390625845630939,D3:F4:55:AB:96:20,-72
BLE,1703390626228335675,D3:F4:55:AB:96:20,-72
BLE,1703390626536606032,DF:A6:DC:DC:2E:81,-73
BLE,1703390626536634990,DF:DF:EE:00:00:01,-73
BLE,1703390626656246384,DF:DF:EE:00:00:04,-55
BLE,1703390626804924855,D3:F4:55:AB:96:20,-72
BLE,1703390626999280375,D3:F4:55:AB:96:20,-68
BLE,1703390627578042279,D3:F4:55:AB:96:20,-71
BLE,1703390627652938237,DF:DF:EE:00:00:04,-51
BLE,1703390627771849556,D3:F4:55:AB:96:20,-71
BLE,1703390627964241849,D3:F4:55:AB:96:20,-69
BLE,1703390628348782064,D3:F4:55:AB:96:20,-68
BLE,1703390628546046801,D3:F4:55:AB:96:20,-72
BLE,1703390628651792565,DF:DF:EE:00:00:04,-52
BLE,1703390628732604746,D3:F4:55:AB:96:20,-67
BLE,1703390629119145312,D3:F4:55:AB:96:20,-70
BLE,1703390629307640610,D3:F4:55:AB:96:20,-72
BLE,1703390629501917215,D3:F4:55:AB:96:20,-71
BLE,1703390629543208690,DF:A6:DC:DC:2E:81,-72
BLE,1703390629543236148,DF:DF:EE:00:00:01,-72
BLE,1703390629653678025,DF:DF:EE:00:00:04,-50
BLE,1703390629884443036,D3:F4:55:AB:96:20,-70
BLE,1703390630654548579,DF:DF:EE:00:00:04,-52
BLE,1703390630656576847,D3:F4:55:AB:96:20,-72
BLE,1703390631039370541,D3:F4:55:AB:96:20,-72
BLE,1703390631190530566,DF:DF:EE:00:00:04,-53
BLE,1703390631425737943,D3:F4:55:AB:96:20,-72
BLE,1703390631613763454,D3:F4:55:AB:96:20,-68
BLE,1703390631649250914,DF:DF:EE:00:00:04,-55
BLE,1703390631805038135,D3:F4:55:AB:96:20,-71
BLE,1703390631992846482,D3:F4:55:AB:96:20,-68
BLE,1703390632190071011,D3:F4:55:AB:96:20,-72
BLE,1703390632377045868,D3:F4:55:AB:96:20,-52
BLE,1703390632566197366,DF:A6:DC:DC:2E:81,-73
BLE,1703390632566226574,DF:DF:EE:00:00:01,-73
BLE,1703390632574186273,D3:F4:55:AB:96:20,-72
BLE,1703390632646659426,DF:DF:EE:00:00:04,-50
BLE,1703390633143318747,D3:F4:55:AB:96:20,-66
BLE,1703390633189701414,DF:DF:EE:00:00:04,-51
BLE,1703390633335488793,D3:F4:55:AB:96:20,-72
BLE,1703390633646821572,DF:DF:EE:00:00:04,-52
BLE,1703390633726333726,D3:F4:55:AB:96:20,-68
BLE,1703390634110429113,D3:F4:55:AB:96:20,-52
BLE,1703390634186322309,DF:DF:EE:00:00:04,-53
BLE,1703390634492477899,D3:F4:55:AB:96:20,-67
BLE,1703390634568696216,DF:A6:DC:DC:2E:81,-71
BLE,1703390634568723133,DF:DF:EE:00:00:01,-71
BLE,1703390634653782264,DF:DF:EE:00:00:04,-52
BLE,1703390634688751563,D3:F4:55:AB:96:20,-72
BLE,1703390635266410105,D3:F4:55:AB:96:20,-70
BLE,1703390635573566683,DF:A6:DC:DC:2E:81,-73
BLE,1703390635573596349,DF:DF:EE:00:00:01,-73
BLE,1703390635648073562,DF:DF:EE:00:00:04,-53
BLE,1703390635653522998,D3:F4:55:AB:96:20,-72
BLE,1703390635843331739,D3:F4:55:AB:96:20,-66
BLE,1703390636034594545,D3:F4:55:AB:96:20,-72
BLE,1703390636578183902,DF:A6:DC:DC:2E:81,-61
BLE,1703390636578223568,DF:DF:EE:00:00:01,-61
BLE,1703390636612692915,D3:F4:55:AB:96:20,-72
BLE,1703390636806307361,D3:F4:55:AB:96:20,-68
BLE,1703390637190137584,DF:DF:EE:00:00:04,-51
BLE,1703390637191639192,D3:F4:55:AB:96:20,-68
BLE,1703390637383608865,D3:F4:55:AB:96:20,-72
BLE,1703390637575556955,D3:F4:55:AB:96:20,-68
BLE,1703390637580507398,DF:A6:DC:DC:2E:81,-71
BLE,1703390637580533439,DF:DF:EE:00:00:01,-71
BLE,1703390638188791790,DF:DF:EE:00:00:04,-52
BLE,1703390638543204398,D3:F4:55:AB:96:20,-66
BLE,1703390638588307621,DF:A6:DC:DC:2E:81,-73
BLE,1703390638588333996,DF:DF:EE:00:00:01,-73
BLE,1703390638925466723,D3:F4:55:AB:96:20,-65
BLE,1703390639316982315,D3:F4:55:AB:96:20,-73
BLE,1703390639646250051,DF:DF:EE:00:00:04,-52
BLE,1703390639894163570,D3:F4:55:AB:96:20,-68
BLE,1703390640186836317,DF:DF:EE:00:00:04,-51
BLE,1703390640279324028,D3:F4:55:AB:96:20,-71
BLE,1703390640659624792,D3:F4:55:AB:96:20,-66
BLE,1703390641240629753,D3:F4:55:AB:96:20,-68
BLE,1703390641624546017,D3:F4:55:AB:96:20,-68
BLE,1703390641648076700,DF:DF:EE:00:00:04,-51
BLE,1703390641821111262,D3:F4:55:AB:96:20,-72
BLE,1703390642185772709,DF:DF:EE:00:00:04,-50
BLE,1703390642206701048,D3:F4:55:AB:96:20,-69
BLE,1703390642398136019,D3:F4:55:AB:96:20,-70
BLE,1703390642608583852,DF:A6:DC:DC:2E:81,-76
BLE,1703390642608616310,DF:DF:EE:00:00:01,-76
BLE,1703390642650822483,DF:DF:EE:00:00:04,-66
BLE,1703390642975599480,D3:F4:55:AB:96:20,-69
BLE,1703390643618321094,DF:A6:DC:DC:2E:81,-76
BLE,1703390643618359177,DF:DF:EE:00:00:01,-76
BLE,1703390643752740940,D3:F4:55:AB:96:20,-72
BLE,1703390644142069391,D3:F4:55:AB:96:20,-68
BLE,1703390644186543663,DF:DF:EE:00:00:04,-50
BLE,1703390644332431291,D3:F4:55:AB:96:20,-71
BLE,1703390644646985991,DF:DF:EE:00:00:04,-52
BLE,1703390644714486660,D3:F4:55:AB:96:20,-71
BLE,1703390644903502202,D3:F4:55:AB:96:20,-72
BLE,1703390645090747972,D3:F4:55:AB:96:20,-68
BLE,1703390645194069223,DF:DF:EE:00:00:04,-55
BLE,1703390645283982964,D3:F4:55:AB:96:20,-72
BLE,1703390645629471510,DF:A6:DC:DC:2E:81,-72
BLE,1703390645629513551,DF:DF:EE:00:00:01,-72
BLE,1703390646058969116,D3:F4:55:AB:96:20,-68
BLE,1703390646643434620,D3:F4:55:AB:96:20,-68
BLE,1703390646649521216,DF:DF:EE:00:00:04,-52
BLE,1703390646834672136,D3:F4:55:AB:96:20,-72
BLE,1703390647025623654,D3:F4:55:AB:96:20,-68
BLE,1703390647183265062,DF:DF:EE:00:00:04,-50
BLE,1703390647214541155,D3:F4:55:AB:96:20,-70
BLE,1703390647799580485,D3:F4:55:AB:96:20,-72
BLE,1703390648186981458,D3:F4:55:AB:96:20,-71
BLE,1703390648372913911,D3:F4:55:AB:96:20,-69
BLE,1703390648570537852,D3:F4:55:AB:96:20,-72
BLE,1703390648650559208,DF:A6:DC:DC:2E:81,-71
BLE,1703390648650592291,DF:DF:EE:00:00:01,-71
BLE,1703390649187147855,DF:DF:EE:00:00:04,-50
BLE,1703390649342900576,D3:F4:55:AB:96:20,-66
BLE,1703390649920058707,D3:F4:55:AB:96:20,-72
BLE,1703390650185347857,DF:DF:EE:00:00:04,-53
BLE,1703390650498487948,D3:F4:55:AB:96:20,-70
BLE,1703390650648287156,DF:DF:EE:00:00:04,-50
BLE,1703390650693327588,D3:F4:55:AB:96:20,-68
BLE,1703390651086902531,D3:F4:55:AB:96:20,-72
BLE,1703390651185710751,DF:DF:EE:00:00:04,-51
BLE,1703390651471735284,D3:F4:55:AB:96:20,-72
BLE,1703390651654665813,DF:DF:EE:00:00:04,-55
BLE,1703390651659667713,D3:F4:55:AB:96:20,-68
BLE,1703390651667220374,DF:A6:DC:DC:2E:81,-71
BLE,1703390651667245999,DF:DF:EE:00:00:01,-71
BLE,1703390652042017245,D3:F4:55:AB:96:20,-66
BLE,1703390652435371315,D3:F4:55:AB:96:20,-71
BLE,1703390652436708633,D3:F4:55:AB:96:20,-72
BLE,1703390652626897577,D3:F4:55:AB:96:20,-72
BLE,1703390653022193000,D3:F4:55:AB:96:20,-72
BLE,1703390653187246363,DF:DF:EE:00:00:04,-50
BLE,1703390653405939724,D3:F4:55:AB:96:20,-72
BLE,1703390654187246052,DF:DF:EE:00:00:04,-52
BLE,1703390654373255670,D3:F4:55:AB:96:20,-70
BLE,1703390654564020191,D3:F4:55:AB:96:20,-66
BLE,1703390654652201911,DF:DF:EE:00:00:04,-51
BLE,1703390654679669132,DF:A6:DC:DC:2E:81,-73
BLE,1703390654679695756,DF:DF:EE:00:00:01,-73
BLE,1703390654952917480,D3:F4:55:AB:96:20,-72
BLE,1703390655184576023,DF:DF:EE:00:00:04,-55
BLE,1703390655333425492,D3:F4:55:AB:96:20,-71
BLE,1703390655687008694,DF:A6:DC:DC:2E:81,-72
BLE,1703390655687054610,DF:DF:EE:00:00:01,-72
BLE,1703390656104117487,D3:F4:55:AB:96:20,-72
BLE,1703390656188449376,DF:DF:EE:00:00:04,-52
BLE,1703390656294386555,D3:F4:55:AB:96:20,-68
BLE,1703390656488430871,D3:F4:55:AB:96:20,-72
BLE,1703390656646986643,DF:DF:EE:00:00:04,-55
BLE,1703390656674409739,D3:F4:55:AB:96:20,-69
BLE,1703390656690384469,DF:A6:DC:DC:2E:81,-76
BLE,1703390656690409802,DF:DF:EE:00:00:01,-76
BLE,1703390656866019042,D3:F4:55:AB:96:20,-70
BLE,1703390657057979132,D3:F4:55:AB:96:20,-52
BLE,1703390657254205422,D3:F4:55:AB:96:20,-72
BLE,1703390657448403112,D3:F4:55:AB:96:20,-70
BLE,1703390657644600111,D3:F4:55:AB:96:20,-68
BLE,1703390658029860442,D3:F4:55:AB:96:20,-68
BLE,1703390658182203745,DF:DF:EE:00:00:04,-50
BLE,1703390658224317336,D3:F4:55:AB:96:20,-72
BLE,1703390658609471836,D3:F4:55:AB:96:20,-68
BLE,1703390658644168514,DF:DF:EE:00:00:04,-52
BLE,1703390659187052712,DF:DF:EE:00:00:04,-51
BLE,1703390659708556034,DF:A6:DC:DC:2E:81,-76
BLE,1703390659708595951,DF:DF:EE:00:00:01,-76
BLE,1703390659962151946,D3:F4:55:AB:96:20,-66
BLE,1703390660157376998,D3:F4:55:AB:96:20,-73
BLE,1703390660652638961,DF:DF:EE:00:00:04,-55
BLE,1703390660714552779,DF:A6:DC:DC:2E:81,-71
BLE,1703390660714582070,DF:DF:EE:00:00:01,-71
BLE,1703390661116109045,D3:F4:55:AB:96:20,-70
BLE,1703390661183366009,DF:DF:EE:00:00:04,-53
BLE,1703390661506448984,D3:F4:55:AB:96:20,-72
BLE,1703390661698009079,D3:F4:55:AB:96:20,-66
BLE,1703390661722136755,DF:A6:DC:DC:2E:81,-72
BLE,1703390661722164005,DF:DF:EE:00:00:01,-72
BLE,1703390661894316535,D3:F4:55:AB:96:20,-68
BLE,1703390662086289833,D3:F4:55:AB:96:20,-72
BLE,1703390662184235606,DF:DF:EE:00:00:04,-55
BLE,1703390662279878530,D3:F4:55:AB:96:20,-68
BLE,1703390662674383378,D3:F4:55:AB:96:20,-73
BLE,1703390662864842278,D3:F4:55:AB:96:20,-67
BLE,1703390663184833288,DF:DF:EE:00:00:04,-53
BLE,1703390663628457938,D3:F4:55:AB:96:20,-66
BLE,1703390664020792687,D3:F4:55:AB:96:20,-72
BLE,1703390664214901252,D3:F4:55:AB:96:20,-66
BLE,1703390664737729142,DF:A6:DC:DC:2E:81,-71
BLE,1703390664737763642,DF:DF:EE:00:00:01,-71
BLE,1703390664984330219,D3:F4:55:AB:96:20,-70
BLE,1703390665192803908,DF:DF:EE:00:00:04,-53
BLE,1703390665376008142,D3:F4:55:AB:96:20,-72
BLE,1703390665564659230,D3:F4:55:AB:96:20,-68
BLE,1703390665652397329,DF:DF:EE:00:00:04,-51
BLE,1703390665759884323,D3:F4:55:AB:96:20,-72
BLE,1703390665948849823,D3:F4:55:AB:96:20,-67
BLE,1703390666140290461,D3:F4:55:AB:96:20,-72
BLE,1703390666187988071,DF:DF:EE:00:00:04,-55
BLE,1703390666330231784,D3:F4:55:AB:96:20,-69
BLE,1703390666646687044,DF:DF:EE:00:00:04,-51
BLE,1703390666715609030,D3:F4:55:AB:96:20,-68
BLE,1703390666716578811,D3:F4:55:AB:96:20,-70
BLE,1703390667107526951,D3:F4:55:AB:96:20,-72
BLE,1703390667184903797,DF:DF:EE:00:00:04,-50
BLE,1703390667644875713,DF:DF:EE:00:00:04,-53
BLE,1703390667689361652,D3:F4:55:AB:96:20,-72
BLE,1703390667746810022,DF:A6:DC:DC:2E:81,-73
BLE,1703390667746836939,DF:DF:EE:00:00:01,-73
BLE,1703390668071869849,D3:F4:55:AB:96:20,-72
BLE,1703390668190952832,DF:DF:EE:00:00:04,-67
BLE,1703390668266324868,D3:F4:55:AB:96:20,-68
BLE,1703390668458790411,D3:F4:55:AB:96:20,-72
BLE,1703390668648640151,DF:DF:EE:00:00:04,-52
BLE,1703390668840093664,D3:F4:55:AB:96:20,-72
BLE,1703390669030271108,D3:F4:55:AB:96:20,-68
BLE,1703390669186138453,DF:DF:EE:00:00:04,-50
BLE,1703390669418672153,D3:F4:55:AB:96:20,-71
BLE,1703390669611930478,D3:F4:55:AB:96:20,-68
BLE,1703390669644963800,DF:DF:EE:00:00:04,-52
BLE,1703390669994362426,D3:F4:55:AB:96:20,-69
BLE,1703390670185614066,D3:F4:55:AB:96:20,-70
BLE,1703390670190873879,DF:DF:EE:00:00:04,-63
BLE,1703390670764003724,D3:F4:55:AB:96:20,-68
BLE,1703390671146858709,D3:F4:55:AB:96:20,-68
BLE,1703390671187430943,DF:DF:EE:00:00:04,-51
BLE,1703390671534447096,D3:F4:55:AB:96:20,-72
BLE,1703390671645109220,DF:DF:EE:00:00:04,-53
BLE,1703390671727628922,D3:F4:55:AB:96:20,-68
BLE,1703390671764450617,DF:A6:DC:DC:2E:81,-75
BLE,1703390671764476867,DF:DF:EE:00:00:01,-75
BLE,1703390671918697814,D3:F4:55:AB:96:20,-70
BLE,1703390672192028829,DF:DF:EE:00:00:04,-40
BLE,1703390672878205477,D3:F4:55:AB:96:20,-68
BLE,1703390673071319637,D3:F4:55:AB:96:20,-72
BLE,1703390673183690033,DF:DF:EE:00:00:04,-55
BLE,1703390673258866654,D3:F4:55:AB:96:20,-68
BLE,1703390673652055393,D3:F4:55:AB:96:20,-71
BLE,1703390673843765153,D3:F4:55:AB:96:20,-66
BLE,1703390674190203896,DF:DF:EE:00:00:04,-52
BLE,1703390674227895956,D3:F4:55:AB:96:20,-68
BLE,1703390674619090801,D3:F4:55:AB:96:20,-71
BLE,1703390674648751205,DF:DF:EE:00:00:04,-56
BLE,1703390674998237913,D3:F4:55:AB:96:20,-70
BLE,1703390675193695337,D3:F4:55:AB:96:20,-68
BLE,1703390675642652841,DF:DF:EE:00:00:04,-50
BLE,1703390675968253911,D3:F4:55:AB:96:20,-73
BLE,1703390676183789184,DF:DF:EE:00:00:04,-50
BLE,1703390676356380126,D3:F4:55:AB:96:20,-72
BLE,1703390676747877676,D3:F4:55:AB:96:20,-68
BLE,1703390677188501819,DF:DF:EE:00:00:04,-56
BLE,1703390677799504012,DF:A6:DC:DC:2E:81,-76
BLE,1703390677799535012,DF:DF:EE:00:00:01,-76
BLE,1703390678095043517,D3:F4:55:AB:96:20,-68
BLE,1703390678682627776,D3:F4:55:AB:96:20,-68
BLE,1703390678872528516,D3:F4:55:AB:96:20,-71
BLE,1703390679186490222,DF:DF:EE:00:00:04,-52
BLE,1703390679260132986,D3:F4:55:AB:96:20,-71
BLE,1703390679452686653,D3:F4:55:AB:96:20,-72
BLE,1703390679651364456,DF:DF:EE:00:00:04,-50
BLE,1703390679838839932,D3:F4:55:AB:96:20,-70
BLE,1703390680030154988,D3:F4:55:AB:96:20,-68
BLE,1703390680220766303,D3:F4:55:AB:96:20,-72
BLE,1703390680410145673,D3:F4:55:AB:96:20,-73
BLE,1703390680647346610,DF:DF:EE:00:00:04,-52
BLE,1703390680789531198,D3:F4:55:AB:96:20,-72
BLE,1703390680983844053,D3:F4:55:AB:96:20,-56
BLE,1703390681178727609,D3:F4:55:AB:96:20,-66
BLE,1703390681185106701,DF:DF:EE:00:00:04,-36
BLE,1703390681373641956,D3:F4:55:AB:96:20,-57
BLE,1703390681569268545,D3:F4:55:AB:96:20,-56
BLE,1703390681649706189,DF:DF:EE:00:00:04,-36
BLE,1703390681758847038,D3:F4:55:AB:96:20,-79
BLE,1703390681951993240,D3:F4:55:AB:96:20,-56
BLE,1703390682190183206,DF:DF:EE:00:00:04,-65
BLE,1703390682335105763,D3:F4:55:AB:96:20,-56
BLE,1703390682650733616,DF:DF:EE:00:00:04,-52
BLE,1703390682712586185,D3:F4:55:AB:96:20,-69
BLE,1703390682819604851,DF:A6:DC:DC:2E:81,-58
BLE,1703390682819630768,DF:DF:EE:00:00:01,-58
BLE,1703390683102840875,D3:F4:55:AB:96:20,-72
BLE,1703390683181298250,DF:DF:EE:00:00:04,-51
BLE,1703390683299927280,D3:F4:55:AB:96:20,-71
BLE,1703390683679560803,D3:F4:55:AB:96:20,-68
BLE,1703390683822098679,DF:A6:DC:DC:2E:81,-72
BLE,1703390683822127637,DF:DF:EE:00:00:01,-72
BLE,1703390683871172897,D3:F4:55:AB:96:20,-72
BLE,1703390684059923275,D3:F4:55:AB:96:20,-66
BLE,1703390684182201429,DF:DF:EE:00:00:04,-53
BLE,1703390684249332228,D3:F4:55:AB:96:20,-71
BLE,1703390684830001401,DF:A6:DC:DC:2E:81,-71
BLE,1703390684830035192,DF:DF:EE:00:00:01,-71
BLE,1703390684831150638,D3:F4:55:AB:96:20,-70
BLE,1703390685020269094,D3:F4:55:AB:96:20,-72
BLE,1703390685207700446,D3:F4:55:AB:96:20,-69
BLE,1703390685396427699,D3:F4:55:AB:96:20,-70
BLE,1703390685590581389,D3:F4:55:AB:96:20,-68
BLE,1703390685783072598,D3:F4:55:AB:96:20,-72
BLE,1703390686184568031,DF:DF:EE:00:00:04,-53
BLE,1703390686365554666,D3:F4:55:AB:96:20,-71
BLE,1703390686559071363,D3:F4:55:AB:96:20,-52
BLE,1703390686652569271,DF:DF:EE:00:00:04,-54
BLE,1703390686753497841,D3:F4:55:AB:96:20,-72
BLE,1703390687323958217,D3:F4:55:AB:96:20,-66
BLE,1703390687516148096,D3:F4:55:AB:96:20,-73
BLE,1703390687707473735,D3:F4:55:AB:96:20,-52
BLE,1703390687898397504,D3:F4:55:AB:96:20,-72
BLE,1703390688180553332,DF:DF:EE:00:00:04,-50
BLE,1703390688643833919,DF:DF:EE:00:00:04,-55
BLE,1703390688840953574,DF:A6:DC:DC:2E:81,-73
BLE,1703390688840984198,DF:DF:EE:00:00:01,-73
BLE,1703390688842092311,DF:A6:DC:DC:2E:81,-75
BLE,1703390688842117894,DF:DF:EE:00:00:01,-75
BLE,1703390689052270813,D3:F4:55:AB:96:20,-68
BLE,1703390689247189327,D3:F4:55:AB:96:20,-72
BLE,1703390689437684476,D3:F4:55:AB:96:20,-68
BLE,1703390689630154477,D3:F4:55:AB:96:20,-72
BLE,1703390689845583209,DF:A6:DC:DC:2E:81,-72
BLE,1703390689845613126,DF:DF:EE:00:00:01,-72
BLE,1703390690009030258,D3:F4:55:AB:96:20,-72
BLE,1703390690182120402,DF:DF:EE:00:00:04,-51
BLE,1703390690385617191,D3:F4:55:AB:96:20,-68
BLE,1703390690576253630,D3:F4:55:AB:96:20,-72
BLE,1703390690762467204,D3:F4:55:AB:96:20,-69
BLE,1703390690852248155,DF:A6:DC:DC:2E:81,-72
BLE,1703390690852276321,DF:DF:EE:00:00:01,-72
BLE,1703390691186431875,DF:DF:EE:00:00:04,-55
BLE,1703390691342373761,D3:F4:55:AB:96:20,-57
BLE,1703390691644687478,DF:DF:EE:00:00:04,-50
BLE,1703390691858378606,DF:A6:DC:DC:2E:81,-75
BLE,1703390691858406522,DF:DF:EE:00:00:01,-75
BLE,1703390692116565214,D3:F4:55:AB:96:20,-68
BLE,1703390692184888207,DF:DF:EE:00:00:04,-50
BLE,1703390692648098045,DF:DF:EE:00:00:04,-54
BLE,1703390692699735150,D3:F4:55:AB:96:20,-68
BLE,1703390692856847522,DF:A6:DC:DC:2E:81,-72
BLE,1703390692856877063,DF:DF:EE:00:00:01,-72
BLE,1703390693085285894,D3:F4:55:AB:96:20,-68
BLE,1703390693860496503,DF:A6:DC:DC:2E:81,-75
BLE,1703390693860530877,DF:DF:EE:00:00:01,-75
BLE,1703390693868119747,D3:F4:55:AB:96:20,-68
BLE,1703390694063526630,D3:F4:55:AB:96:20,-72
BLE,1703390694255984048,D3:F4:55:AB:96:20,-67
BLE,1703390694448839419,D3:F4:55:AB:96:20,-72
BLE,1703390694642793778,D3:F4:55:AB:96:20,-70
BLE,1703390694835678774,D3:F4:55:AB:96:20,-68
BLE,1703390695187350831,DF:DF:EE:00:00:04,-55
BLE,1703390695412311911,D3:F4:55:AB:96:20,-72
BLE,1703390695604203710,D3:F4:55:AB:96:20,-68
BLE,1703390695650114674,DF:DF:EE:00:00:04,-50
BLE,1703390696559736920,D3:F4:55:AB:96:20,-72
BLE,1703390696943199439,D3:F4:55:AB:96:20,-72
BLE,1703390697132719433,D3:F4:55:AB:96:20,-68
BLE,1703390697190070012,DF:DF:EE:00:00:04,-55
BLE,1703390697522765083,D3:F4:55:AB:96:20,-72
BLE,1703390697874039187,DF:A6:DC:DC:2E:81,-72
BLE,1703390697874072853,DF:DF:EE:00:00:01,-72
BLE,1703390697900606876,D3:F4:55:AB:96:20,-68
BLE,1703390698185253675,DF:DF:EE:00:00:04,-55
BLE,1703390698646710491,DF:DF:EE:00:00:04,-52
BLE,1703390698667869452,D3:F4:55:AB:96:20,-72
BLE,1703390698862954964,D3:F4:55:AB:96:20,-68
BLE,1703390699191009423,DF:DF:EE:00:00:04,-52
BLE,1703390699249141577,D3:F4:55:AB:96:20,-67
BLE,1703390700016044782,D3:F4:55:AB:96:20,-68
BLE,1703390700187967773,DF:DF:EE:00:00:04,-55
BLE,1703390700400430874,D3:F4:55:AB:96:20,-71
BLE,1703390700643523325,DF:DF:EE:00:00:04,-50
BLE,1703390701163673330,D3:F4:55:AB:96:20,-69
BLE,1703390701165004606,D3:F4:55:AB:96:20,-71
BLE,1703390701181487663,DF:DF:EE:00:00:04,-50
BLE,1703390701355223008,D3:F4:55:AB:96:20,-72
BLE,1703390701545894239,D3:F4:55:AB:96:20,-68
BLE,1703390701743210516,D3:F4:55:AB:96:20,-68
BLE,1703390702515190079,D3:F4:55:AB:96:20,-70
BLE,1703390702643765243,DF:DF:EE:00:00:04,-50
BLE,1703390702910195755,DF:A6:DC:DC:2E:81,-77
BLE,1703390702910231254,DF:DF:EE:00:00:01,-77
BLE,1703390703086856649,D3:F4:55:AB:96:20,-72
BLE,1703390703273745673,D3:F4:55:AB:96:20,-68
BLE,1703390703470679205,D3:F4:55:AB:96:20,-72
BLE,1703390703650468979,DF:DF:EE:00:00:04,-55
BLE,1703390703657445815,D3:F4:55:AB:96:20,-68
BLE,1703390703851486297,D3:F4:55:AB:96:20,-72
BLE,1703390703919449878,DF:A6:DC:DC:2E:81,-76
BLE,1703390703919479794,DF:DF:EE:00:00:01,-76
BLE,1703390704040433089,D3:F4:55:AB:96:20,-66
BLE,1703390704185320146,DF:DF:EE:00:00:04,-52
BLE,1703390704230658950,D3:F4:55:AB:96:20,-72
BLE,1703390704610536469,D3:F4:55:AB:96:20,-71
BLE,1703390704647171833,DF:DF:EE:00:00:04,-51
BLE,1703390704925958992,DF:A6:DC:DC:2E:81,-71
BLE,1703390704925993991,DF:DF:EE:00:00:01,-71
BLE,1703390704992458048,D3:F4:55:AB:96:20,-72
BLE,1703390705570862914,D3:F4:55:AB:96:20,-69
BLE,1703390705652525293,DF:DF:EE:00:00:04,-56
BLE,1703390705930321005,DF:A6:DC:DC:2E:81,-72
BLE,1703390705930365047,DF:DF:EE:00:00:01,-72
BLE,1703390705957999849,D3:F4:55:AB:96:20,-70
BLE,1703390706185501399,DF:DF:EE:00:00:04,-53
BLE,1703390706340423922,D3:F4:55:AB:96:20,-70
BLE,1703390706648749527,DF:DF:EE:00:00:04,-59
BLE,1703390706922515286,D3:F4:55:AB:96:20,-68
BLE,1703390707312855392,D3:F4:55:AB:96:20,-71
BLE,1703390707646361078,DF:DF:EE:00:00:04,-53
BLE,1703390707701645640,D3:F4:55:AB:96:20,-72
BLE,1703390707891318132,D3:F4:55:AB:96:20,-68
BLE,1703390707892567118,D3:F4:55:AB:96:20,-71
BLE,1703390707940711972,DF:A6:DC:DC:2E:81,-72
BLE,1703390707940748346,DF:DF:EE:00:00:01,-72
BLE,1703390708182362148,DF:DF:EE:00:00:04,-50
BLE,1703390708646333018,DF:DF:EE:00:00:04,-68
BLE,1703390708853111519,D3:F4:55:AB:96:20,-65
BLE,1703390709043436795,D3:F4:55:AB:96:20,-71
BLE,1703390709235095805,D3:F4:55:AB:96:20,-68
BLE,1703390709431792382,D3:F4:55:AB:96:20,-71
BLE,1703390709620038307,D3:F4:55:AB:96:20,-66
BLE,1703390709643271244,DF:DF:EE:00:00:04,-50
BLE,1703390709809358886,D3:F4:55:AB:96:20,-72
BLE,1703390709941182721,DF:A6:DC:DC:2E:81,-71
BLE,1703390709941215221,DF:DF:EE:00:00:01,-71
BLE,1703390710005024725,D3:F4:55:AB:96:20,-66
BLE,1703390710383030058,D3:F4:55:AB:96:20,-68
BLE,1703390710970442277,D3:F4:55:AB:96:20,-68
BLE,1703390711167141187,D3:F4:55:AB:96:20,-72
BLE,1703390711188138733,DF:DF:EE:00:00:04,-55
BLE,1703390711362961357,D3:F4:55:AB:96:20,-72
BLE,1703390711646285171,DF:DF:EE:00:00:04,-51
BLE,1703390711747658112,D3:F4:55:AB:96:20,-72
BLE,1703390711943004371,D3:F4:55:AB:96:20,-70
BLE,1703390711952944671,DF:A6:DC:DC:2E:81,-75
BLE,1703390711952972671,DF:DF:EE:00:00:01,-75
BLE,1703390712188556793,DF:DF:EE:00:00:04,-50
BLE,1703390712190117067,DF:DF:EE:00:00:04,-52
BLE,1703390712328833029,D3:F4:55:AB:96:20,-71
BLE,1703390712708456801,D3:F4:55:AB:96:20,-72
BLE,1703390712903151818,D3:F4:55:AB:96:20,-68
BLE,1703390712956425904,DF:A6:DC:DC:2E:81,-72
BLE,1703390712956453570,DF:DF:EE:00:00:01,-72
BLE,1703390713098555160,D3:F4:55:AB:96:20,-71
BLE,1703390713185650934,DF:DF:EE:00:00:04,-53
BLE,1703390713290606374,D3:F4:55:AB:96:20,-68
BLE,1703390713482944710,D3:F4:55:AB:96:20,-72
BLE,1703390713650103590,DF:DF:EE:00:00:04,-50
BLE,1703390713872923736,D3:F4:55:AB:96:20,-66
BLE,1703390713963079557,DF:A6:DC:DC:2E:81,-72
BLE,1703390713963128224,DF:DF:EE:00:00:01,-72
BLE,1703390714258136860,D3:F4:55:AB:96:20,-67
BLE,1703390714639071200,D3:F4:55:AB:96:20,-66
BLE,1703390714828368905,D3:F4:55:AB:96:20,-72
BLE,1703390715179594676,DF:DF:EE:00:00:04,-50
BLE,1703390715216626034,D3:F4:55:AB:96:20,-72
BLE,1703390715642350143,DF:DF:EE:00:00:04,-56
BLE,1703390715793547085,D3:F4:55:AB:96:20,-70
BLE,1703390715980061864,DF:A6:DC:DC:2E:81,-75
BLE,1703390715980099738,DF:DF:EE:00:00:01,-75
BLE,1703390716180698061,D3:F4:55:AB:96:20,-72
BLE,1703390716566388554,D3:F4:55:AB:96:20,-72
BLE,1703390716640477480,DF:DF:EE:00:00:04,-50
BLE,1703390716760590951,D3:F4:55:AB:96:20,-70
BLE,1703390717187680502,DF:DF:EE:00:00:04,-53
BLE,1703390717523324413,D3:F4:55:AB:96:20,-72
BLE,1703390717646340809,DF:DF:EE:00:00:04,-54
BLE,1703390717989420175,DF:A6:DC:DC:2E:81,-73
BLE,1703390717989453342,DF:DF:EE:00:00:01,-73
BLE,1703390718095747516,D3:F4:55:AB:96:20,-71
BLE,1703390718285414592,D3:F4:55:AB:96:20,-66
BLE,1703390718478901706,D3:F4:55:AB:96:20,-72
BLE,1703390718648964927,DF:DF:EE:00:00:04,-52
BLE,1703390718671779785,D3:F4:55:AB:96:20,-70
BLE,1703390718866950505,D3:F4:55:AB:96:20,-66
BLE,1703390719056909327,D3:F4:55:AB:96:20,-72
BLE,1703390719186391688,DF:DF:EE:00:00:04,-50
BLE,1703390719187826047,DF:DF:EE:00:00:04,-53
BLE,1703390719639477019,D3:F4:55:AB:96:20,-70
BLE,1703390719648158001,DF:DF:EE:00:00:04,-67
BLE,1703390719998328451,DF:A6:DC:DC:2E:81,-71
BLE,1703390719998383575,DF:DF:EE:00:00:01,-71
BLE,1703390720023124203,D3:F4:55:AB:96:20,-71
BLE,1703390720180879234,DF:DF:EE:00:00:04,-53
BLE,1703390720401037703,D3:F4:55:AB:96:20,-68
BLE,1703390720647000788,DF:DF:EE:00:00:04,-51
BLE,1703390720785236672,D3:F4:55:AB:96:20,-70
BLE,1703390721165343106,D3:F4:55:AB:96:20,-69
BLE,1703390721185227457,DF:DF:EE:00:00:04,-50
BLE,1703390721357736441,D3:F4:55:AB:96:20,-56
BLE,1703390721544505175,D3:F4:55:AB:96:20,-68
BLE,1703390721649883235,DF:DF:EE:00:00:04,-55
BLE,1703390721734808035,D3:F4:55:AB:96:20,-72
BLE,1703390722010860684,DF:A6:DC:DC:2E:81,-77
BLE,1703390722010893809,DF:DF:EE:00:00:01,-77
BLE,1703390722190908205,DF:DF:EE:00:00:04,-66
BLE,1703390722309868940,D3:F4:55:AB:96:20,-67
BLE,1703390722506510350,D3:F4:55:AB:96:20,-72
BLE,1703390722649062976,DF:DF:EE:00:00:04,-50
BLE,1703390722890513113,D3:F4:55:AB:96:20,-72
BLE,1703390723020793508,DF:A6:DC:DC:2E:81,-76
BLE,1703390723020821466,DF:DF:EE:00:00:01,-76
BLE,1703390723468132030,D3:F4:55:AB:96:20,-72
BLE,1703390723643506981,DF:DF:EE:00:00:04,-53
BLE,1703390723662072181,D3:F4:55:AB:96:20,-68
BLE,1703390724021487898,DF:A6:DC:DC:2E:81,-72
BLE,1703390724021521064,DF:DF:EE:00:00:01,-72
BLE,1703390724184370869,DF:DF:EE:00:00:04,-52
BLE,1703390724237791912,D3:F4:55:AB:96:20,-72
BLE,1703390724430665033,D3:F4:55:AB:96:20,-70
BLE,1703390724622818746,D3:F4:55:AB:96:20,-72
BLE,1703390724648062659,DF:DF:EE:00:00:04,-50
BLE,1703390724813217479,D3:F4:55:AB:96:20,-72
BLE,1703390725026816442,DF:A6:DC:DC:2E:81,-76
BLE,1703390725026844650,DF:DF:EE:00:00:01,-76
BLE,1703390725183055158,DF:DF:EE:00:00:04,-55
BLE,1703390725386202534,D3:F4:55:AB:96:20,-72
BLE,1703390725580828843,D3:F4:55:AB:96:20,-70
BLE,1703390725969795756,D3:F4:55:AB:96:20,-73
BLE,1703390726158510718,D3:F4:55:AB:96:20,-68
BLE,1703390726189352482,DF:DF:EE:00:00:04,-52
BLE,1703390726352237162,D3:F4:55:AB:96:20,-72
BLE,1703390726643702715,DF:DF:EE:00:00:04,-55
BLE,1703390726929571499,D3:F4:55:AB:96:20,-72
BLE,1703390727123168737,D3:F4:55:AB:96:20,-68
BLE,1703390727185302511,DF:DF:EE:00:00:04,-66
BLE,1703390727321582418,D3:F4:55:AB:96:20,-72
BLE,1703390727508697274,D3:F4:55:AB:96:20,-68
BLE,1703390727698111435,D3:F4:55:AB:96:20,-72
BLE,1703390728270263625,D3:F4:55:AB:96:20,-66
BLE,1703390728469212591,D3:F4:55:AB:96:20,-72
BLE,1703390728643196308,DF:DF:EE:00:00:04,-52
BLE,1703390729040286002,DF:A6:DC:DC:2E:81,-75
BLE,1703390729040313751,DF:DF:EE:00:00:01,-75
BLE,1703390729048451990,D3:F4:55:AB:96:20,-70
BLE,1703390729186001716,DF:DF:EE:00:00:04,-55
BLE,1703390729626106073,D3:F4:55:AB:96:20,-66
BLE,1703390729817231048,D3:F4:55:AB:96:20,-72
BLE,1703390730003435997,D3:F4:55:AB:96:20,-68
BLE,1703390730188088506,DF:DF:EE:00:00:04,-51
BLE,1703390730201975177,D3:F4:55:AB:96:20,-72
BLE,1703390730393435565,D3:F4:55:AB:96:20,-71
BLE,1703390730584162503,D3:F4:55:AB:96:20,-72
BLE,1703390730777134414,D3:F4:55:AB:96:20,-72
BLE,1703390730973267414,D3:F4:55:AB:96:20,-66
BLE,1703390731052849651,DF:A6:DC:DC:2E:81,-75
BLE,1703390731052877651,DF:DF:EE:00:00:01,-75
BLE,1703390731182781133,DF:DF:EE:00:00:04,-53
BLE,1703390731364514259,D3:F4:55:AB:96:20,-70
BLE,1703390731553194346,D3:F4:55:AB:96:20,-72
BLE,1703390731645696140,DF:DF:EE:00:00:04,-51
BLE,1703390732051654730,DF:A6:DC:DC:2E:81,-72
BLE,1703390732051708521,DF:DF:EE:00:00:01,-72
BLE,1703390732135411793,D3:F4:55:AB:96:20,-72
BLE,1703390732182164746,DF:DF:EE:00:00:04,-55
BLE,1703390732323245431,D3:F4:55:AB:96:20,-69
BLE,1703390732512118599,D3:F4:55:AB:96:20,-70
BLE,1703390732646297031,DF:DF:EE:00:00:04,-53
BLE,1703390732704668057,D3:F4:55:AB:96:20,-68
BLE,1703390733180992075,DF:DF:EE:00:00:04,-51
BLE,1703390733480732072,D3:F4:55:AB:96:20,-71
BLE,1703390733676360203,D3:F4:55:AB:96:20,-68
BLE,1703390734184126603,DF:DF:EE:00:00:04,-55
BLE,1703390734263478592,D3:F4:55:AB:96:20,-70
BLE,1703390734843238151,D3:F4:55:AB:96:20,-68
BLE,1703390735036587975,D3:F4:55:AB:96:20,-72
BLE,1703390735225839972,D3:F4:55:AB:96:20,-68
BLE,1703390735618200054,D3:F4:55:AB:96:20,-70
BLE,1703390735811000509,D3:F4:55:AB:96:20,-68
BLE,1703390736078249886,DF:A6:DC:DC:2E:81,-72
BLE,1703390736078288219,DF:DF:EE:00:00:01,-72
BLE,1703390736186089168,DF:DF:EE:00:00:04,-56
BLE,1703390736641001685,DF:DF:EE:00:00:04,-51
BLE,1703390737166728459,D3:F4:55:AB:96:20,-71
BLE,1703390737645477906,DF:DF:EE:00:00:04,-55
BLE,1703390737743692550,D3:F4:55:AB:96:20,-68
BLE,1703390738128075975,D3:F4:55:AB:96:20,-68
BLE,1703390738182215926,DF:DF:EE:00:00:04,-53
BLE,1703390738354841951,DF:A6:DC:DC:2E:81,-73
BLE,1703390738354873034,DF:DF:EE:00:00:01,-73
BLE,1703390738510907835,D3:F4:55:AB:96:20,-67
BLE,1703390738702993591,D3:F4:55:AB:96:20,-72
BLE,1703390739088906998,D3:F4:55:AB:96:20,-72
BLE,1703390739187689802,DF:DF:EE:00:00:04,-50
BLE,1703390739274911533,D3:F4:55:AB:96:20,-66
BLE,1703390739355528757,DF:A6:DC:DC:2E:81,-75
BLE,1703390739355556757,DF:DF:EE:00:00:01,-75
BLE,1703390739652180332,DF:DF:EE:00:00:04,-56
BLE,1703390739663491450,D3:F4:55:AB:96:20,-72
BLE,1703390740049626563,D3:F4:55:AB:96:20,-71
BLE,1703390740183956869,DF:DF:EE:00:00:04,-52
BLE,1703390740239156807,D3:F4:55:AB:96:20,-57
BLE,1703390740428379512,D3:F4:55:AB:96:20,-56
BLE,1703390740617084391,D3:F4:55:AB:96:20,-67
BLE,1703390740645854055,DF:DF:EE:00:00:04,-50
BLE,1703390740809237312,D3:F4:55:AB:96:20,-66
BLE,1703390741194068149,D3:F4:55:AB:96:20,-56
BLE,1703390741385009084,D3:F4:55:AB:96:20,-71
BLE,1703390741573563464,D3:F4:55:AB:96:20,-53
BLE,1703390741959980740,D3:F4:55:AB:96:20,-71
BLE,1703390742179792047,DF:DF:EE:00:00:04,-51
BLE,1703390742336025096,D3:F4:55:AB:96:20,-69
BLE,1703390742525149428,D3:F4:55:AB:96:20,-72
BLE,1703390742642173769,DF:DF:EE:00:00:04,-56
BLE,1703390742906070810,D3:F4:55:AB:96:20,-71
BLE,1703390743182662120,DF:DF:EE:00:00:04,-55
BLE,1703390743293457200,D3:F4:55:AB:96:20,-72
BLE,1703390743347360612,DF:A6:DC:DC:2E:81,-72
BLE,1703390743347387778,DF:DF:EE:00:00:01,-72
BLE,1703390743649882577,DF:DF:EE:00:00:04,-53
BLE,1703390744055968790,D3:F4:55:AB:96:20,-72
BLE,1703390744179855467,DF:DF:EE:00:00:04,-50
BLE,1703390744245615865,D3:F4:55:AB:96:20,-69
BLE,1703390744354794756,DF:A6:DC:DC:2E:81,-76
BLE,1703390744354830631,DF:DF:EE:00:00:01,-76
BLE,1703390744647528919,DF:DF:EE:00:00:04,-56
BLE,1703390745205508649,D3:F4:55:AB:96:20,-67
BLE,1703390745356940588,DF:A6:DC:DC:2E:81,-72
BLE,1703390745356972379,DF:DF:EE:00:00:01,-72
BLE,1703390745393187247,D3:F4:55:AB:96:20,-68
BLE,1703390745591274766,D3:F4:55:AB:96:20,-72
BLE,1703390745650080246,DF:DF:EE:00:00:04,-53
BLE,1703390745778686868,D3:F4:55:AB:96:20,-68
BLE,1703390746182394859,DF:DF:EE:00:00:04,-51
BLE,1703390746361557140,D3:F4:55:AB:96:20,-67
BLE,1703390746560562898,D3:F4:55:AB:96:20,-72
BLE,1703390746750710051,D3:F4:55:AB:96:20,-70
BLE,1703390747136768707,D3:F4:55:AB:96:20,-72
BLE,1703390747328258886,D3:F4:55:AB:96:20,-68
BLE,1703390747353678922,DF:A6:DC:DC:2E:81,-74
BLE,1703390747353706255,DF:DF:EE:00:00:01,-74
BLE,1703390747517545757,D3:F4:55:AB:96:20,-70
BLE,1703390747646101505,DF:DF:EE:00:00:04,-50
BLE,1703390747898545347,D3:F4:55:AB:96:20,-71
BLE,1703390748088879873,D3:F4:55:AB:96:20,-72
BLE,1703390748185932530,DF:DF:EE:00:00:04,-51
BLE,1703390748281220250,D3:F4:55:AB:96:20,-70
BLE,1703390748476136931,D3:F4:55:AB:96:20,-68
BLE,1703390748645529951,DF:DF:EE:00:00:04,-53
BLE,1703390748666153127,D3:F4:55:AB:96:20,-70
BLE,1703390748861013267,D3:F4:55:AB:96:20,-66
BLE,1703390749243883085,D3:F4:55:AB:96:20,-68
BLE,1703390749354848955,DF:A6:DC:DC:2E:81,-73
BLE,1703390749354875663,DF:DF:EE:00:00:01,-73
BLE,1703390749642502468,DF:DF:EE:00:00:04,-56
BLE,1703390749822041245,D3:F4:55:AB:96:20,-72
BLE,1703390750187342227,DF:DF:EE:00:00:04,-51
BLE,1703390750354957810,DF:A6:DC:DC:2E:81,-71
BLE,1703390750354989143,DF:DF:EE:00:00:01,-71
BLE,1703390750788521160,D3:F4:55:AB:96:20,-72
BLE,1703390750981392573,D3:F4:55:AB:96:20,-71
BLE,1703390751173180999,D3:F4:55:AB:96:20,-72
BLE,1703390751179934336,DF:DF:EE:00:00:04,-51
BLE,1703390751556210981,D3:F4:55:AB:96:20,-72
BLE,1703390751648234864,DF:DF:EE:00:00:04,-51
BLE,1703390751742880508,D3:F4:55:AB:96:20,-68
BLE,1703390752182786826,DF:DF:EE:00:00:04,-55
BLE,1703390752316688136,D3:F4:55:AB:96:20,-73
BLE,1703390752348468598,DF:A6:DC:DC:2E:81,-73
BLE,1703390752348494973,DF:DF:EE:00:00:01,-73
BLE,1703390752508306814,D3:F4:55:AB:96:20,-69
BLE,1703390752642909241,DF:DF:EE:00:00:04,-50
BLE,1703390752700980729,D3:F4:55:AB:96:20,-72
BLE,1703390753082054193,D3:F4:55:AB:96:20,-71
BLE,1703390753182634643,DF:DF:EE:00:00:04,-51
BLE,1703390753272098889,D3:F4:55:AB:96:20,-66
BLE,1703390754044745777,D3:F4:55:AB:96:20,-72
BLE,1703390754353225214,DF:A6:DC:DC:2E:81,-72
BLE,1703390754353254464,DF:DF:EE:00:00:01,-72
BLE,1703390754423834556,D3:F4:55:AB:96:20,-70
BLE,1703390754804192194,D3:F4:55:AB:96:20,-68
BLE,1703390754994842925,D3:F4:55:AB:96:20,-72
BLE,1703390755183287181,D3:F4:55:AB:96:20,-67
BLE,1703390755373555166,D3:F4:55:AB:96:20,-71
BLE,1703390755646230980,DF:DF:EE:00:00:04,-55
BLE,1703390756133007125,D3:F4:55:AB:96:20,-70
BLE,1703390756180715859,DF:DF:EE:00:00:04,-53
BLE,1703390756328307926,D3:F4:55:AB:96:20,-69
BLE,1703390756352018566,DF:A6:DC:DC:2E:81,-73
BLE,1703390756352046899,DF:DF:EE:00:00:01,-73
BLE,1703390756640788942,DF:DF:EE:00:00:04,-55
BLE,1703390756710796582,D3:F4:55:AB:96:20,-68
BLE,1703390757281486413,D3:F4:55:AB:96:20,-72
BLE,1703390757476079056,D3:F4:55:AB:96:20,-68
BLE,1703390757671215568,D3:F4:55:AB:96:20,-72
BLE,1703390757866735366,D3:F4:55:AB:96:20,-70
BLE,1703390758251734951,D3:F4:55:AB:96:20,-71
BLE,1703390758447706161,D3:F4:55:AB:96:20,-68
BLE,1703390758643433540,DF:DF:EE:00:00:04,-56
BLE,1703390758830017277,D3:F4:55:AB:96:20,-67
BLE,1703390759020798506,D3:F4:55:AB:96:20,-72
BLE,1703390759181324713,DF:DF:EE:00:00:04,-56
BLE,1703390759354713687,DF:A6:DC:DC:2E:81,-71
BLE,1703390759354742437,DF:DF:EE:00:00:01,-71
BLE,1703390759403765447,D3:F4:55:AB:96:20,-72
BLE,1703390759648022801,DF:DF:EE:00:00:04,-52
BLE,1703390759787569296,D3:F4:55:AB:96:20,-71
BLE,1703390759983310800,D3:F4:55:AB:96:20,-70
BLE,1703390760180881450,DF:DF:EE:00:00:04,-50
BLE,1703390760349231608,DF:A6:DC:DC:2E:81,-75
BLE,1703390760349261774,DF:DF:EE:00:00:01,-75
BLE,1703390760364599470,D3:F4:55:AB:96:20,-70
BLE,1703390760559719106,D3:F4:55:AB:96:20,-68
BLE,1703390760752101233,D3:F4:55:AB:96:20,-71
BLE,1703390760945783595,D3:F4:55:AB:96:20,-68
BLE,1703390761136095788,D3:F4:55:AB:96:20,-72
BLE,1703390761328360833,D3:F4:55:AB:96:20,-66
BLE,1703390761350536199,DF:A6:DC:DC:2E:81,-72
BLE,1703390761350562698,DF:DF:EE:00:00:01,-72
BLE,1703390761521162997,D3:F4:55:AB:96:20,-56
BLE,1703390761648500717,DF:DF:EE:00:00:04,-52
BLE,1703390761707947231,D3:F4:55:AB:96:20,-67
BLE,1703390761905439048,D3:F4:55:AB:96:20,-72
BLE,1703390762092754526,D3:F4:55:AB:96:20,-69
BLE,1703390762179959673,DF:DF:EE:00:00:04,-51
BLE,1703390762348720285,DF:A6:DC:DC:2E:81,-74
BLE,1703390762348750826,DF:DF:EE:00:00:01,-74
BLE,1703390762477079910,D3:F4:55:AB:96:20,-66
BLE,1703390762478423852,D3:F4:55:AB:96:20,-71
BLE,1703390762641286908,DF:DF:EE:00:00:04,-52
BLE,1703390762857656629,D3:F4:55:AB:96:20,-68
BLE,1703390763054589870,D3:F4:55:AB:96:20,-72
BLE,1703390763187362485,DF:DF:EE:00:00:04,-55
BLE,1703390763244253904,D3:F4:55:AB:96:20,-73
BLE,1703390763642544916,DF:DF:EE:00:00:04,-35
BLE,1703390763825388446,D3:F4:55:AB:96:20,-68
BLE,1703390764014368155,D3:F4:55:AB:96:20,-71
BLE,1703390764015906387,D3:F4:55:AB:96:20,-72
BLE,1703390764185351948,DF:DF:EE:00:00:04,-52
BLE,1703390764357198024,DF:A6:DC:DC:2E:81,-76
BLE,1703390764357227065,DF:DF:EE:00:00:01,-76
BLE,1703390764396604480,D3:F4:55:AB:96:20,-70
BLE,1703390764588656902,D3:F4:55:AB:96:20,-68
BLE,1703390764647144844,DF:DF:EE:00:00:04,-56
BLE,1703390764980853111,D3:F4:55:AB:96:20,-70
BLE,1703390765176825654,D3:F4:55:AB:96:20,-67
BLE,1703390765188729724,DF:DF:EE:00:00:04,-55
BLE,1703390765354915490,DF:A6:DC:DC:2E:81,-72
BLE,1703390765354952698,DF:DF:EE:00:00:01,-72
BLE,1703390765641640056,DF:DF:EE:00:00:04,-66
BLE,1703390766141977085,D3:F4:55:AB:96:20,-68
BLE,1703390766186464190,DF:DF:EE:00:00:04,-50
BLE,1703390766330428591,D3:F4:55:AB:96:20,-72
BLE,1703390766349708032,DF:A6:DC:DC:2E:81,-71
BLE,1703390766349734907,DF:DF:EE:00:00:01,-71
BLE,1703390766522526638,D3:F4:55:AB:96:20,-69
BLE,1703390766650121980,DF:DF:EE:00:00:04,-54
BLE,1703390766712771956,D3:F4:55:AB:96:20,-72
BLE,1703390766905098709,D3:F4:55:AB:96:20,-52
BLE,1703390767178662929,DF:DF:EE:00:00:04,-51
BLE,1703390767680093695,D3:F4:55:AB:96:20,-72
BLE,1703390767874118136,D3:F4:55:AB:96:20,-66
BLE,1703390768063492298,D3:F4:55:AB:96:20,-70
BLE,1703390768355658634,DF:A6:DC:DC:2E:81,-72
BLE,1703390768355697509,DF:DF:EE:00:00:01,-72
BLE,1703390768636911847,D3:F4:55:AB:96:20,-68
BLE,1703390768647677680,DF:DF:EE:00:00:04,-53
BLE,1703390768827735576,D3:F4:55:AB:96:20,-70
BLE,1703390769020132661,D3:F4:55:AB:96:20,-69
BLE,1703390769178897598,DF:DF:EE:00:00:04,-50
BLE,1703390769363848228,DF:A6:DC:DC:2E:81,-72
BLE,1703390769363875478,DF:DF:EE:00:00:01,-72
BLE,1703390769406708144,D3:F4:55:AB:96:20,-68
BLE,1703390769599138937,D3:F4:55:AB:96:20,-72
BLE,1703390769645028234,DF:DF:EE:00:00:04,-56
BLE,1703390769794846525,D3:F4:55:AB:96:20,-56
BLE,1703390770178230378,DF:DF:EE:00:00:04,-52
BLE,1703390770184018936,D3:F4:55:AB:96:20,-72
BLE,1703390770369861639,D3:F4:55:AB:96:20,-67
BLE,1703390770560952865,D3:F4:55:AB:96:20,-70
BLE,1703390770751493055,D3:F4:55:AB:96:20,-68
BLE,1703390770949432700,D3:F4:55:AB:96:20,-72
BLE,1703390771180727122,DF:DF:EE:00:00:04,-51
BLE,1703390771532855424,D3:F4:55:AB:96:20,-72
BLE,1703390771729001924,D3:F4:55:AB:96:20,-72
BLE,1703390772186028584,DF:DF:EE:00:00:04,-55
BLE,1703390772375020792,DF:A6:DC:DC:2E:81,-72
BLE,1703390772375056291,DF:DF:EE:00:00:01,-72
BLE,1703390772644082148,DF:DF:EE:00:00:04,-50
BLE,1703390772699081380,D3:F4:55:AB:96:20,-71
BLE,1703390772891714171,D3:F4:55:AB:96:20,-68
BLE,1703390773085107328,D3:F4:55:AB:96:20,-72
BLE,1703390773274248284,D3:F4:55:AB:96:20,-68
BLE,1703390773470006080,D3:F4:55:AB:96:20,-72
BLE,1703390773647314091,DF:DF:EE:00:00:04,-55
BLE,1703390773657310058,D3:F4:55:AB:96:20,-66
BLE,1703390774393041836,DF:A6:DC:DC:2E:81,-76
BLE,1703390774393095210,DF:DF:EE:00:00:01,-76
BLE,1703390774429902530,D3:F4:55:AB:96:20,-71
BLE,1703390774641770138,DF:DF:EE:00:00:04,-55
BLE,1703390774816666469,D3:F4:55:AB:96:20,-72
BLE,1703390775004002738,D3:F4:55:AB:96:20,-68
BLE,1703390775388021084,D3:F4:55:AB:96:20,-69
BLE,1703390775397031521,DF:A6:DC:DC:2E:81,-71
BLE,1703390775397059479,DF:DF:EE:00:00:01,-71
BLE,1703390775638610531,DF:DF:EE:00:00:04,-51
BLE,1703390775773920116,D3:F4:55:AB:96:20,-68
BLE,1703390776162031373,D3:F4:55:AB:96:20,-74
BLE,1703390776177375569,DF:DF:EE:00:00:04,-50
BLE,1703390776355347947,D3:F4:55:AB:96:20,-52
BLE,1703390776403045890,DF:A6:DC:DC:2E:81,-58
BLE,1703390776403073390,DF:DF:EE:00:00:01,-58
BLE,1703390776641597102,DF:DF:EE:00:00:04,-55
BLE,1703390776742274093,D3:F4:55:AB:96:20,-68
BLE,1703390777126679017,D3:F4:55:AB:96:20,-71
BLE,1703390777183958348,DF:DF:EE:00:00:04,-56
BLE,1703390777406671079,DF:A6:DC:DC:2E:81,-76
BLE,1703390777406707579,DF:DF:EE:00:00:01,-76
BLE,1703390777517067914,D3:F4:55:AB:96:20,-72
BLE,1703390777639531650,DF:DF:EE:00:00:04,-51
BLE,1703390777706149330,D3:F4:55:AB:96:20,-68
BLE,1703390778088556778,D3:F4:55:AB:96:20,-68
BLE,1703390778179350217,DF:DF:EE:00:00:04,-50
BLE,1703390778469870197,D3:F4:55:AB:96:20,-68
BLE,1703390778663910555,D3:F4:55:AB:96:20,-72
BLE,1703390779040326031,D3:F4:55:AB:96:20,-70
BLE,1703390779229152700,D3:F4:55:AB:96:20,-72
BLE,1703390779416579718,DF:A6:DC:DC:2E:81,-72
BLE,1703390779416609301,DF:DF:EE:00:00:01,-72
BLE,1703390779425426948,D3:F4:55:AB:96:20,-70
BLE,1703390779620874206,D3:F4:55:AB:96:20,-68
BLE,1703390779647630893,DF:DF:EE:00:00:04,-53
BLE,1703390779811550311,D3:F4:55:AB:96:20,-72
BLE,1703390780007947641,D3:F4:55:AB:96:20,-70
BLE,1703390780183521339,DF:DF:EE:00:00:04,-50
BLE,1703390780393951839,D3:F4:55:AB:96:20,-71
BLE,1703390780644235747,DF:DF:EE:00:00:04,-55
BLE,1703390780771775840,D3:F4:55:AB:96:20,-72
BLE,1703390781158561987,D3:F4:55:AB:96:20,-72
BLE,1703390781186288538,DF:DF:EE:00:00:04,-55
BLE,1703390781351122029,D3:F4:55:AB:96:20,-68
BLE,1703390781541527846,D3:F4:55:AB:96:20,-72
BLE,1703390781733337938,D3:F4:55:AB:96:20,-69
BLE,1703390781927923706,D3:F4:55:AB:96:20,-71
BLE,1703390782184969827,DF:DF:EE:00:00:04,-51
BLE,1703390782312784458,D3:F4:55:AB:96:20,-72
BLE,1703390782436695969,DF:A6:DC:DC:2E:81,-71
BLE,1703390782436722260,DF:DF:EE:00:00:01,-71
BLE,1703390782648078915,DF:DF:EE:00:00:04,-55
BLE,1703390782701264710,D3:F4:55:AB:96:20,-68
BLE,1703390783179191417,DF:DF:EE:00:00:04,-52
BLE,1703390783461499202,D3:F4:55:AB:96:20,-72
BLE,1703390783640902106,DF:DF:EE:00:00:04,-56
BLE,1703390783650030499,D3:F4:55:AB:96:20,-69
BLE,1703390784036497816,D3:F4:55:AB:96:20,-70
BLE,1703390784184457212,DF:DF:EE:00:00:04,-50
BLE,1703390784420698077,D3:F4:55:AB:96:20,-70
BLE,1703390784448772624,DF:A6:DC:DC:2E:81,-76
BLE,1703390784448798123,DF:DF:EE:00:00:01,-76
BLE,1703390784643106478,DF:DF:EE:00:00:04,-52
BLE,1703390784801777332,D3:F4:55:AB:96:20,-70
BLE,1703390784994069002,D3:F4:55:AB:96:20,-69
BLE,1703390785178021894,DF:DF:EE:00:00:04,-51
BLE,1703390785381179103,D3:F4:55:AB:96:20,-66
BLE,1703390785447720284,DF:A6:DC:DC:2E:81,-73
BLE,1703390785447750534,DF:DF:EE:00:00:01,-73
BLE,1703390785574224556,D3:F4:55:AB:96:20,-72
BLE,1703390785640739320,DF:DF:EE:00:00:04,-55
BLE,1703390785759919719,D3:F4:55:AB:96:20,-66
BLE,1703390785949690669,D3:F4:55:AB:96:20,-70
BLE,1703390786141477802,D3:F4:55:AB:96:20,-68
BLE,1703390786182484240,DF:DF:EE:00:00:04,-55
BLE,1703390786332833233,D3:F4:55:AB:96:20,-71
BLE,1703390786648142757,DF:DF:EE:00:00:04,-52
BLE,1703390787098486036,D3:F4:55:AB:96:20,-72
BLE,1703390787181337651,DF:DF:EE:00:00:04,-50
BLE,1703390787668074422,D3:F4:55:AB:96:20,-56
BLE,1703390787859978471,D3:F4:55:AB:96:20,-70
BLE,1703390788441974962,D3:F4:55:AB:96:20,-68
BLE,1703390788634739918,D3:F4:55:AB:96:20,-72
BLE,1703390788646694153,DF:DF:EE:00:00:04,-52
BLE,1703390789021366150,D3:F4:55:AB:96:20,-68
BLE,1703390789219189922,D3:F4:55:AB:96:20,-72
BLE,1703390789406814521,D3:F4:55:AB:96:20,-68
BLE,1703390789479360882,DF:A6:DC:DC:2E:81,-72
BLE,1703390789479387923,DF:DF:EE:00:00:01,-72
BLE,1703390789648688695,DF:DF:EE:00:00:04,-55
BLE,1703390789981683095,D3:F4:55:AB:96:20,-72
BLE,1703390790173776351,D3:F4:55:AB:96:20,-67
BLE,1703390790485531291,DF:A6:DC:DC:2E:81,-71
BLE,1703390790485559166,DF:DF:EE:00:00:01,-71
BLE,1703390790641704175,DF:DF:EE:00:00:04,-50
BLE,1703390790761394859,D3:F4:55:AB:96:20,-71
BLE,1703390790950205528,D3:F4:55:AB:96:20,-72
BLE,1703390791140649178,D3:F4:55:AB:96:20,-68
BLE,1703390791494363544,DF:A6:DC:DC:2E:81,-76
BLE,1703390791494396669,DF:DF:EE:00:00:01,-76
BLE,1703390791526064549,D3:F4:55:AB:96:20,-72
BLE,1703390791649283317,DF:DF:EE:00:00:04,-56
BLE,1703390791717867141,D3:F4:55:AB:96:20,-72
BLE,1703390792295228561,D3:F4:55:AB:96:20,-70
BLE,1703390792497315741,DF:A6:DC:DC:2E:81,-71
BLE,1703390792497346449,DF:DF:EE:00:00:01,-71
BLE,1703390792869240270,D3:F4:55:AB:96:20,-68
BLE,1703390793180619673,DF:DF:EE:00:00:04,-54
BLE,1703390793259428961,D3:F4:55:AB:96:20,-56
BLE,1703390793500678183,DF:A6:DC:DC:2E:81,-72
BLE,1703390793500709391,DF:DF:EE:00:00:01,-72
BLE,1703390793645471033,DF:DF:EE:00:00:04,-52
BLE,1703390793837107419,D3:F4:55:AB:96:20,-68
BLE,1703390794035482351,D3:F4:55:AB:96:20,-72
BLE,1703390794178392848,DF:DF:EE:00:00:04,-50
BLE,1703390794223796484,D3:F4:55:AB:96:20,-66
BLE,1703390794415995071,D3:F4:55:AB:96:20,-72
BLE,1703390794607339293,D3:F4:55:AB:96:20,-68
BLE,1703390794800505786,D3:F4:55:AB:96:20,-72
BLE,1703390794986328532,D3:F4:55:AB:96:20,-68
BLE,1703390795183544685,DF:DF:EE:00:00:04,-55
BLE,1703390795383534973,D3:F4:55:AB:96:20,-72
BLE,1703390795569175263,D3:F4:55:AB:96:20,-68
BLE,1703390795765598051,D3:F4:55:AB:96:20,-74
BLE,1703390795961997464,D3:F4:55:AB:96:20,-70
BLE,1703390796180680742,DF:DF:EE:00:00:04,-50
BLE,1703390796346071809,D3:F4:55:AB:96:20,-70
BLE,1703390796517262851,DF:A6:DC:DC:2E:81,-75
BLE,1703390796517290100,DF:DF:EE:00:00:01,-75
BLE,1703390796540224207,D3:F4:55:AB:96:20,-69
BLE,1703390796646313343,DF:DF:EE:00:00:04,-54
BLE,1703390796732137006,D3:F4:55:AB:96:20,-71
BLE,1703390796921864581,D3:F4:55:AB:96:20,-52
BLE,1703390797117038884,D3:F4:55:AB:96:20,-72
BLE,1703390797177742674,DF:DF:EE:00:00:04,-52
BLE,1703390797303596620,D3:F4:55:AB:96:20,-67
BLE,1703390797502588254,D3:F4:55:AB:96:20,-73
BLE,1703390797642003124,DF:DF:EE:00:00:04,-52
BLE,1703390797688434998,D3:F4:55:AB:96:20,-66
BLE,1703390797882173485,D3:F4:55:AB:96:20,-72
BLE,1703390798071694520,D3:F4:55:AB:96:20,-68
BLE,1703390798183204800,DF:DF:EE:00:00:04,-51
BLE,1703390798451968743,D3:F4:55:AB:96:20,-69
BLE,1703390798528954385,DF:A6:DC:DC:2E:81,-72
BLE,1703390798528991718,DF:DF:EE:00:00:01,-72
BLE,1703390798844171910,D3:F4:55:AB:96:20,-72
BLE,1703390799037211446,D3:F4:55:AB:96:20,-67
BLE,1703390799187986684,DF:DF:EE:00:00:04,-54
BLE,1703390799232962159,D3:F4:55:AB:96:20,-72
BLE,1703390799424688460,D3:F4:55:AB:96:20,-72
BLE,1703390799614011248,D3:F4:55:AB:96:20,-72
BLE,1703390799644254978,DF:DF:EE:00:00:04,-50
BLE,1703390799800548485,D3:F4:55:AB:96:20,-69
BLE,1703390800178993729,DF:DF:EE:00:00:04,-56
BLE,1703390800184816911,D3:F4:55:AB:96:20,-68
BLE,1703390800377360369,D3:F4:55:AB:96:20,-72
BLE,1703390800545666694,DF:A6:DC:DC:2E:81,-72
BLE,1703390800545696111,DF:DF:EE:00:00:01,-72
BLE,1703390800571543725,D3:F4:55:AB:96:20,-72
BLE,1703390800639014645,DF:DF:EE:00:00:04,-53
BLE,1703390800767029149,D3:F4:55:AB:96:20,-68
BLE,1703390800959051531,D3:F4:55:AB:96:20,-71
BLE,1703390801150654833,D3:F4:55:AB:96:20,-68
BLE,1703390801348102901,D3:F4:55:AB:96:20,-72
BLE,1703390801534292392,D3:F4:55:AB:96:20,-78
BLE,1703390801723502139,D3:F4:55:AB:96:20,-71
BLE,1703390801918301655,D3:F4:55:AB:96:20,-66
BLE,1703390802107057908,D3:F4:55:AB:96:20,-70
BLE,1703390802299516659,D3:F4:55:AB:96:20,-67
BLE,1703390802491926910,D3:F4:55:AB:96:20,-72
BLE,1703390802556946150,DF:A6:DC:DC:2E:81,-73
BLE,1703390802556971275,DF:DF:EE:00:00:01,-73
BLE,1703390802639059149,DF:DF:EE:00:00:04,-51
BLE,1703390802868378928,D3:F4:55:AB:96:20,-71
BLE,1703390803445619808,D3:F4:55:AB:96:20,-68
BLE,1703390803559572935,DF:A6:DC:DC:2E:81,-73
BLE,1703390803559599934,DF:DF:EE:00:00:01,-73
BLE,1703390803639039839,D3:F4:55:AB:96:20,-72
BLE,1703390803643322748,DF:DF:EE:00:00:04,-55
BLE,1703390803834348057,D3:F4:55:AB:96:20,-70
BLE,1703390804412889255,D3:F4:55:AB:96:20,-68
BLE,1703390804608026558,D3:F4:55:AB:96:20,-72
BLE,1703390804645745076,DF:DF:EE:00:00:04,-52
BLE,1703390804999174821,D3:F4:55:AB:96:20,-68
BLE,1703390805176582248,DF:DF:EE:00:00:04,-50
BLE,1703390805196957843,D3:F4:55:AB:96:20,-72
BLE,1703390805383752952,D3:F4:55:AB:96:20,-68
BLE,1703390805571443342,DF:A6:DC:DC:2E:81,-73
BLE,1703390805571472717,DF:DF:EE:00:00:01,-73
BLE,1703390805641451816,DF:DF:EE:00:00:04,-55
BLE,1703390805776484196,D3:F4:55:AB:96:20,-71
BLE,1703390805967290675,D3:F4:55:AB:96:20,-68
BLE,1703390806160870913,D3:F4:55:AB:96:20,-72
BLE,1703390806179053617,DF:DF:EE:00:00:04,-51
BLE,1703390806538721456,D3:F4:55:AB:96:20,-72
BLE,1703390806571892152,DF:A6:DC:DC:2E:81,-72
BLE,1703390806571919735,DF:DF:EE:00:00:01,-72
BLE,1703390806644054267,DF:DF:EE:00:00:04,-51
BLE,1703390806734583667,D3:F4:55:AB:96:20,-68
BLE,1703390806929056520,D3:F4:55:AB:96:20,-72
BLE,1703390807121185983,D3:F4:55:AB:96:20,-72
BLE,1703390807316039248,D3:F4:55:AB:96:20,-68
BLE,1703390807510751681,D3:F4:55:AB:96:20,-72
BLE,1703390807697066920,D3:F4:55:AB:96:20,-68
BLE,1703390808082756288,D3:F4:55:AB:96:20,-67
BLE,1703390808177344891,DF:DF:EE:00:00:04,-53
BLE,1703390808276713939,D3:F4:55:AB:96:20,-72
BLE,1703390808584323802,DF:A6:DC:DC:2E:81,-72
BLE,1703390808584352344,DF:DF:EE:00:00:01,-72
BLE,1703390808652823377,D3:F4:55:AB:96:20,-71
BLE,1703390809184666912,DF:DF:EE:00:00:04,-50
BLE,1703390809224088743,D3:F4:55:AB:96:20,-57
BLE,1703390809412002131,D3:F4:55:AB:96:20,-67
BLE,1703390809587109168,DF:A6:DC:DC:2E:81,-72
BLE,1703390809587137501,DF:DF:EE:00:00:01,-72
BLE,1703390809603107439,D3:F4:55:AB:96:20,-72
BLE,1703390809790273669,D3:F4:55:AB:96:20,-68
BLE,1703390809984206778,D3:F4:55:AB:96:20,-72
BLE,1703390810174663594,D3:F4:55:AB:96:20,-67
BLE,1703390810176587196,DF:DF:EE:00:00:04,-50
BLE,1703390810590345695,DF:A6:DC:DC:2E:81,-71
BLE,1703390810590378570,DF:DF:EE:00:00:01,-71
BLE,1703390810645337302,DF:DF:EE:00:00:04,-54
BLE,1703390810934023762,D3:F4:55:AB:96:20,-72
BLE,1703390811179717350,DF:DF:EE:00:00:04,-55
BLE,1703390811507215564,D3:F4:55:AB:96:20,-72
BLE,1703390811589888432,DF:A6:DC:DC:2E:81,-72
BLE,1703390811589917640,DF:DF:EE:00:00:01,-72
BLE,1703390811637154671,DF:DF:EE:00:00:04,-50
BLE,1703390811893683548,D3:F4:55:AB:96:20,-72
BLE,1703390812185988924,DF:DF:EE:00:00:04,-53
BLE,1703390812268409753,D3:F4:55:AB:96:20,-68
BLE,1703390812460883921,D3:F4:55:AB:96:20,-72
BLE,1703390812643422454,DF:DF:EE:00:00:04,-56
BLE,1703390812652361641,D3:F4:55:AB:96:20,-67
BLE,1703390812845975587,D3:F4:55:AB:96:20,-72
BLE,1703390813032270411,D3:F4:55:AB:96:20,-68
BLE,1703390813184717712,DF:DF:EE:00:00:04,-55
BLE,1703390813229674062,D3:F4:55:AB:96:20,-72
BLE,1703390813424165456,D3:F4:55:AB:96:20,-71
BLE,1703390813602123252,DF:A6:DC:DC:2E:81,-73
BLE,1703390813602152543,DF:DF:EE:00:00:01,-73
BLE,1703390813615974090,D3:F4:55:AB:96:20,-68
BLE,1703390813638905114,DF:DF:EE:00:00:04,-51
BLE,1703390814005785243,D3:F4:55:AB:96:20,-72
BLE,1703390814179615170,DF:DF:EE:00:00:04,-50
BLE,1703390814395847018,D3:F4:55:AB:96:20,-72
BLE,1703390814586379584,D3:F4:55:AB:96:20,-68
BLE,1703390814604180709,DF:A6:DC:DC:2E:81,-72
BLE,1703390814604206250,DF:DF:EE:00:00:01,-72
BLE,1703390814780495857,D3:F4:55:AB:96:20,-72
BLE,1703390814969120486,D3:F4:55:AB:96:20,-68
BLE,1703390815162262271,D3:F4:55:AB:96:20,-67
BLE,1703390815178272292,DF:DF:EE:00:00:04,-52
BLE,1703390815351116481,D3:F4:55:AB:96:20,-67
BLE,1703390815647439977,DF:DF:EE:00:00:04,-52
BLE,1703390815936474057,D3:F4:55:AB:96:20,-68
BLE,1703390816183475255,DF:DF:EE:00:00:04,-51
BLE,1703390816512269954,D3:F4:55:AB:96:20,-72
BLE,1703390816619993945,DF:A6:DC:DC:2E:81,-72
BLE,1703390816620020278,DF:DF:EE:00:00:01,-72
BLE,1703390816647402917,DF:DF:EE:00:00:04,-55
BLE,1703390816901383157,D3:F4:55:AB:96:20,-68
BLE,1703390817181736006,DF:DF:EE:00:00:04,-53
BLE,1703390817289645704,D3:F4:55:AB:96:20,-70
BLE,1703390817479193197,D3:F4:55:AB:96:20,-71
BLE,1703390817620242882,DF:A6:DC:DC:2E:81,-76
BLE,1703390817620270715,DF:DF:EE:00:00:01,-76
BLE,1703390817642023794,DF:DF:EE:00:00:04,-51
BLE,1703390817859814916,D3:F4:55:AB:96:20,-72
BLE,1703390818183046389,DF:DF:EE:00:00:04,-51
BLE,1703390818244752835,D3:F4:55:AB:96:20,-72
BLE,1703390818430781411,D3:F4:55:AB:96:20,-68
BLE,1703390818620882398,D3:F4:55:AB:96:20,-70
BLE,1703390818626131420,DF:A6:DC:DC:2E:81,-75
BLE,1703390818626157586,DF:DF:EE:00:00:01,-75
BLE,1703390819007162092,D3:F4:55:AB:96:20,-72
BLE,1703390819179183041,DF:DF:EE:00:00:04,-52
BLE,1703390819202688599,D3:F4:55:AB:96:20,-71
BLE,1703390819392421216,D3:F4:55:AB:96:20,-71
BLE,1703390819586089911,D3:F4:55:AB:96:20,-56
BLE,1703390819631800252,DF:A6:DC:DC:2E:81,-57
BLE,1703390819631828293,DF:DF:EE:00:00:01,-57
BLE,1703390819968165780,D3:F4:55:AB:96:20,-70
BLE,1703390820554392429,D3:F4:55:AB:96:20,-72
BLE,1703390820637204712,DF:DF:EE:00:00:04,-50
BLE,1703390820930882822,D3:F4:55:AB:96:20,-68
BLE,1703390821178600135,DF:DF:EE:00:00:04,-51
BLE,1703390821310293846,D3:F4:55:AB:96:20,-68
BLE,1703390821640550321,DF:DF:EE:00:00:04,-55
BLE,1703390821693682491,D3:F4:55:AB:96:20,-66
BLE,1703390821882878239,D3:F4:55:AB:96:20,-71
BLE,1703390822179587314,DF:DF:EE:00:00:04,-54
BLE,1703390822262418054,D3:F4:55:AB:96:20,-71
BLE,1703390822641126754,DF:DF:EE:00:00:04,-51
BLE,1703390822644929001,D3:F4:55:AB:96:20,-70
BLE,1703390823226234792,D3:F4:55:AB:96:20,-68
BLE,1703390823419333619,D3:F4:55:AB:96:20,-72
BLE,1703390823604959699,D3:F4:55:AB:96:20,-68
BLE,1703390823645861138,DF:DF:EE:00:00:04,-55
BLE,1703390823655207029,DF:A6:DC:DC:2E:81,-72
BLE,1703390823655235779,DF:DF:EE:00:00:01,-72
BLE,1703390823803760126,D3:F4:55:AB:96:20,-72
BLE,1703390823996215919,D3:F4:55:AB:96:20,-70
BLE,1703390824176571103,DF:DF:EE:00:00:04,-53
BLE,1703390824378606826,D3:F4:55:AB:96:20,-71
BLE,1703390824574997531,D3:F4:55:AB:96:20,-66
BLE,1703390824639926939,DF:DF:EE:00:00:04,-52
BLE,1703390824664119990,DF:A6:DC:DC:2E:81,-72
BLE,1703390824664151031,DF:DF:EE:00:00:01,-72
BLE,1703390824766931872,D3:F4:55:AB:96:20,-72
BLE,1703390825153164442,D3:F4:55:AB:96:20,-72
BLE,1703390825341508949,D3:F4:55:AB:96:20,-68
BLE,1703390825731878138,D3:F4:55:AB:96:20,-71
BLE,1703390826106931797,D3:F4:55:AB:96:20,-66
BLE,1703390826503390706,D3:F4:55:AB:96:20,-72
BLE,1703390826644994718,DF:DF:EE:00:00:04,-51
BLE,1703390826889379529,D3:F4:55:AB:96:20,-68
BLE,1703390827182183357,DF:DF:EE:00:00:04,-51
BLE,1703390827269496545,D3:F4:55:AB:96:20,-72
BLE,1703390827460971224,D3:F4:55:AB:96:20,-72
BLE,1703390827640053257,DF:DF:EE:00:00:04,-52
BLE,1703390827656085569,D3:F4:55:AB:96:20,-68
BLE,1703390827854874663,D3:F4:55:AB:96:20,-71
BLE,1703390828175009714,DF:DF:EE:00:00:04,-50
BLE,1703390828239676583,D3:F4:55:AB:96:20,-68
BLE,1703390828691294098,DF:A6:DC:DC:2E:81,-72
BLE,1703390828691331181,DF:DF:EE:00:00:01,-72
BLE,1703390828811110823,D3:F4:55:AB:96:20,-71
BLE,1703390829183205141,DF:DF:EE:00:00:04,-55
BLE,1703390829195661162,D3:F4:55:AB:96:20,-72
BLE,1703390829386977385,D3:F4:55:AB:96:20,-68
BLE,1703390829583434673,D3:F4:55:AB:96:20,-72
BLE,1703390829646049816,DF:DF:EE:00:00:04,-52
BLE,1703390829697465215,DF:A6:DC:DC:2E:81,-76
BLE,1703390829697497132,DF:DF:EE:00:00:01,-76
BLE,1703390829779842294,D3:F4:55:AB:96:20,-72
BLE,1703390830184360818,DF:DF:EE:00:00:04,-53
BLE,1703390830357431337,D3:F4:55:AB:96:20,-68
BLE,1703390830549786047,D3:F4:55:AB:96:20,-72
BLE,1703390830700874949,DF:A6:DC:DC:2E:81,-71
BLE,1703390830700915782,DF:DF:EE:00:00:01,-71
BLE,1703390830739503331,D3:F4:55:AB:96:20,-66
BLE,1703390830937500475,D3:F4:55:AB:96:20,-72
BLE,1703390831124535956,D3:F4:55:AB:96:20,-66
BLE,1703390831180736133,DF:DF:EE:00:00:04,-56
BLE,1703390831315326644,D3:F4:55:AB:96:20,-72
BLE,1703390831640477678,DF:DF:EE:00:00:04,-51
BLE,1703390831897544840,D3:F4:55:AB:96:20,-72
BLE,1703390832088782647,D3:F4:55:AB:96:20,-68
BLE,1703390832177098824,DF:DF:EE:00:00:04,-51
BLE,1703390832284711233,D3:F4:55:AB:96:20,-56
BLE,1703390832474006646,D3:F4:55:AB:96:20,-67
BLE,1703390832714993580,DF:A6:DC:DC:2E:81,-76
BLE,1703390832715030371,DF:DF:EE:00:00:01,-76
BLE,1703390832865644611,D3:F4:55:AB:96:20,-71
BLE,1703390833176394230,DF:DF:EE:00:00:04,-52
BLE,1703390833626108642,D3:F4:55:AB:96:20,-71
BLE,1703390833641087842,DF:DF:EE:00:00:04,-51
BLE,1703390834012563917,D3:F4:55:AB:96:20,-72
BLE,1703390834596114724,D3:F4:55:AB:96:20,-70
BLE,1703390834643329630,DF:DF:EE:00:00:04,-38
BLE,1703390834644853154,DF:DF:EE:00:00:04,-40
BLE,1703390834977651640,D3:F4:55:AB:96:20,-70
BLE,1703390835169471899,D3:F4:55:AB:96:20,-68
BLE,1703390835179549614,DF:DF:EE:00:00:04,-52
BLE,1703390835638803165,DF:DF:EE:00:00:04,-55
BLE,1703390835720124173,DF:A6:DC:DC:2E:81,-71
BLE,1703390835720162089,DF:DF:EE:00:00:01,-71
BLE,1703390835743626565,D3:F4:55:AB:96:20,-70
BLE,1703390835935912651,D3:F4:55:AB:96:20,-68
BLE,1703390836177657618,DF:DF:EE:00:00:04,-55
BLE,1703390836635315812,DF:DF:EE:00:00:04,-50
BLE,1703390836708627122,D3:F4:55:AB:96:20,-72
BLE,1703390836729576335,DF:A6:DC:DC:2E:81,-71
BLE,1703390836729603960,DF:DF:EE:00:00:01,-71
BLE,1703390837084030527,D3:F4:55:AB:96:20,-68
BLE,1703390837177291062,DF:DF:EE:00:00:04,-50
BLE,1703390837277770096,D3:F4:55:AB:96:20,-56
BLE,1703390837473413185,D3:F4:55:AB:96:20,-70
BLE,1703390837731543252,DF:A6:DC:DC:2E:81,-75
BLE,1703390837731579293,DF:DF:EE:00:00:01,-75
BLE,1703390838057780065,D3:F4:55:AB:96:20,-70
BLE,1703390838440481135,D3:F4:55:AB:96:20,-72
BLE,1703390838635894226,DF:DF:EE:00:00:04,-50
BLE,1703390838739540015,DF:A6:DC:DC:2E:81,-76
BLE,1703390838739571223,DF:DF:EE:00:00:01,-76
BLE,1703390838827710026,D3:F4:55:AB:96:20,-70
BLE,1703390839174739471,DF:DF:EE:00:00:04,-50
BLE,1703390839642999083,DF:DF:EE:00:00:04,-55
BLE,1703390839747206615,DF:A6:DC:DC:2E:81,-73
BLE,1703390839747237531,DF:DF:EE:00:00:01,-73
BLE,1703390839985943034,D3:F4:55:AB:96:20,-69
BLE,1703390840175816190,DF:DF:EE:00:00:04,-52
BLE,1703390840183301686,D3:F4:55:AB:96:20,-71
BLE,1703390840378502863,D3:F4:55:AB:96:20,-72
BLE,1703390840751632420,DF:A6:DC:DC:2E:81,-80
BLE,1703390840751675836,DF:DF:EE:00:00:01,-80
BLE,1703390841182064473,DF:DF:EE:00:00:04,-50
BLE,1703390841645046022,DF:DF:EE:00:00:04,-55
BLE,1703390842183171067,DF:DF:EE:00:00:04,-40
BLE,1703390842287889427,D3:F4:55:AB:96:20,-72
BLE,1703390842641399796,DF:DF:EE:00:00:04,-50
BLE,1703390842873343169,D3:F4:55:AB:96:20,-72
BLE,1703390843180338915,DF:DF:EE:00:00:04,-50
BLE,1703390843262875825,D3:F4:55:AB:96:20,-72
BLE,1703390843772749242,DF:A6:DC:DC:2E:81,-71
BLE,1703390843772782492,DF:DF:EE:00:00:01,-71
BLE,1703390844175028333,DF:DF:EE:00:00:04,-52
BLE,1703390844644329516,DF:DF:EE:00:00:04,-36
BLE,1703390844773732129,DF:A6:DC:DC:2E:81,-76
BLE,1703390844773766004,DF:DF:EE:00:00:01,-76
BLE,1703390845177102249,DF:DF:EE:00:00:04,-55
BLE,1703390845193350934,D3:F4:55:AB:96:20,-71
BLE,1703390845387775454,D3:F4:55:AB:96:20,-68
BLE,1703390845581223652,D3:F4:55:AB:96:20,-72
BLE,1703390845783452164,DF:A6:DC:DC:2E:81,-75
BLE,1703390845783489788,DF:DF:EE:00:00:01,-75
BLE,1703390846544814684,D3:F4:55:AB:96:20,-70
BLE,1703390846925092073,D3:F4:55:AB:96:20,-72
BLE,1703390847117622865,D3:F4:55:AB:96:20,-68
BLE,1703390847177248127,DF:DF:EE:00:00:04,-56
BLE,1703390847504125057,D3:F4:55:AB:96:20,-66
BLE,1703390847640640170,DF:DF:EE:00:00:04,-50
BLE,1703390847642270026,DF:DF:EE:00:00:04,-53
BLE,1703390847695266323,D3:F4:55:AB:96:20,-72
BLE,1703390848276276784,D3:F4:55:AB:96:20,-72
BLE,1703390848467557174,D3:F4:55:AB:96:20,-69
BLE,1703390848641765930,DF:DF:EE:00:00:04,-55
BLE,1703390848663189305,D3:F4:55:AB:96:20,-72
BLE,1703390848853514414,D3:F4:55:AB:96:20,-66
BLE,1703390849043022283,D3:F4:55:AB:96:20,-72
BLE,1703390849176247101,DF:DF:EE:00:00:04,-52
BLE,1703390849805184252,DF:A6:DC:DC:2E:81,-72
BLE,1703390849805217585,DF:DF:EE:00:00:01,-72
BLE,1703390850388019066,D3:F4:55:AB:96:20,-71
BLE,1703390850643250417,DF:DF:EE:00:00:04,-55
BLE,1703390850965456236,D3:F4:55:AB:96:20,-68
BLE,1703390851164850239,D3:F4:55:AB:96:20,-72
BLE,1703390851357844442,D3:F4:55:AB:96:20,-72
BLE,1703390851641689250,DF:DF:EE:00:00:04,-51
BLE,1703390851934428580,D3:F4:55:AB:96:20,-66
BLE,1703390852316649905,D3:F4:55:AB:96:20,-68
BLE,1703390852700342630,D3:F4:55:AB:96:20,-66
BLE,1703390852820498559,DF:A6:DC:DC:2E:81,-71
BLE,1703390852820532809,DF:DF:EE:00:00:01,-71
BLE,1703390852889421004,D3:F4:55:AB:96:20,-70
BLE,1703390853174284133,DF:DF:EE:00:00:04,-51
BLE,1703390853644492555,D3:F4:55:AB:96:20,-68
BLE,1703390853830105636,DF:A6:DC:DC:2E:81,-71
BLE,1703390853830139761,DF:DF:EE:00:00:01,-71
BLE,1703390854224187282,D3:F4:55:AB:96:20,-72
BLE,1703390854411315553,D3:F4:55:AB:96:20,-69
BLE,1703390854603705263,D3:F4:55:AB:96:20,-71
BLE,1703390854643037929,DF:DF:EE:00:00:04,-52
BLE,1703390854793934624,D3:F4:55:AB:96:20,-68
BLE,1703390855177017147,DF:DF:EE:00:00:04,-50
BLE,1703390855639089581,DF:DF:EE:00:00:04,-55
BLE,1703390855841510799,DF:A6:DC:DC:2E:81,-75
BLE,1703390855841551799,DF:DF:EE:00:00:01,-75
BLE,1703390855948341884,D3:F4:55:AB:96:20,-72
BLE,1703390856331657780,D3:F4:55:AB:96:20,-71
BLE,1703390856526091717,D3:F4:55:AB:96:20,-68
BLE,1703390856640802459,DF:DF:EE:00:00:04,-51
BLE,1703390856718738882,D3:F4:55:AB:96:20,-72
BLE,1703390856840145505,DF:A6:DC:DC:2E:81,-71
BLE,1703390856840172213,DF:DF:EE:00:00:01,-71
BLE,1703390856907625050,D3:F4:55:AB:96:20,-68
BLE,1703390857096359303,D3:F4:55:AB:96:20,-71
BLE,1703390857672965690,D3:F4:55:AB:96:20,-68
BLE,1703390857847696440,DF:A6:DC:DC:2E:81,-76
BLE,1703390857847726356,DF:DF:EE:00:00:01,-76
BLE,1703390857866546470,D3:F4:55:AB:96:20,-72
BLE,1703390858061494442,D3:F4:55:AB:96:20,-71
BLE,1703390858177291005,DF:DF:EE:00:00:04,-52
BLE,1703390858255501216,D3:F4:55:AB:96:20,-68
BLE,1703390858640506842,DF:DF:EE:00:00:04,-51
BLE,1703390858825044478,D3:F4:55:AB:96:20,-72
BLE,1703390858851808082,DF:A6:DC:DC:2E:81,-71
BLE,1703390858851833331,DF:DF:EE:00:00:01,-71
BLE,1703390859212573991,D3:F4:55:AB:96:20,-70
BLE,1703390859644859523,DF:DF:EE:00:00:04,-55
BLE,1703390859789900287,D3:F4:55:AB:96:20,-68
BLE,1703390859861782238,DF:A6:DC:DC:2E:81,-73
BLE,1703390859861850862,DF:DF:EE:00:00:01,-73
BLE,1703390860169376977,D3:F4:55:AB:96:20,-67
BLE,1703390860942846522,D3:F4:55:AB:96:20,-72
BLE,1703390861131427735,D3:F4:55:AB:96:20,-72
BLE,1703390861178612767,DF:DF:EE:00:00:04,-55
BLE,1703390861319093293,D3:F4:55:AB:96:20,-68
BLE,1703390861641150863,DF:DF:EE:00:00:04,-53
BLE,1703390861704998700,D3:F4:55:AB:96:20,-71
BLE,1703390862090267240,D3:F4:55:AB:96:20,-70
BLE,1703390862183165321,DF:DF:EE:00:00:04,-53
BLE,1703390862283100820,D3:F4:55:AB:96:20,-68
BLE,1703390862474335585,D3:F4:55:AB:96:20,-70
BLE,1703390862636635355,DF:DF:EE:00:00:04,-55
BLE,1703390862668055238,D3:F4:55:AB:96:20,-68
BLE,1703390863063067997,D3:F4:55:AB:96:20,-72
BLE,1703390863251771750,D3:F4:55:AB:96:20,-68
BLE,1703390863447383131,D3:F4:55:AB:96:20,-72
BLE,1703390863634408238,D3:F4:55:AB:96:20,-69
BLE,1703390863830606570,D3:F4:55:AB:96:20,-72
BLE,1703390864175675954,DF:DF:EE:00:00:04,-51
BLE,1703390864409311974,D3:F4:55:AB:96:20,-71
BLE,1703390864796320494,D3:F4:55:AB:96:20,-72
BLE,1703390864895088173,DF:A6:DC:DC:2E:81,-72
BLE,1703390864895121464,DF:DF:EE:00:00:01,-72
BLE,1703390864984736125,D3:F4:55:AB:96:20,-67
BLE,1703390865175131150,DF:DF:EE:00:00:04,-52
BLE,1703390865365539134,D3:F4:55:AB:96:20,-68
BLE,1703390865563680027,D3:F4:55:AB:96:20,-72
BLE,1703390865750317471,D3:F4:55:AB:96:20,-67
BLE,1703390865939974046,D3:F4:55:AB:96:20,-72
BLE,1703390866136291002,D3:F4:55:AB:96:20,-68
BLE,1703390866177565895,DF:DF:EE:00:00:04,-51
BLE,1703390866328800253,D3:F4:55:AB:96:20,-73
BLE,1703390866514488041,D3:F4:55:AB:96:20,-66
BLE,1703390866644991808,DF:DF:EE:00:00:04,-55
BLE,1703390866707978155,D3:F4:55:AB:96:20,-72
BLE,1703390866903183458,D3:F4:55:AB:96:20,-72
BLE,1703390866910443581,DF:A6:DC:DC:2E:81,-75
BLE,1703390866910469789,DF:DF:EE:00:00:01,-75
BLE,1703390867282776481,D3:F4:55:AB:96:20,-66
BLE,1703390867480058342,D3:F4:55:AB:96:20,-68
BLE,1703390867871906180,D3:F4:55:AB:96:20,-70
BLE,1703390867912796577,DF:A6:DC:DC:2E:81,-72
BLE,1703390867912826077,DF:DF:EE:00:00:01,-72
BLE,1703390868178237017,DF:DF:EE:00:00:04,-51
BLE,1703390868252913644,D3:F4:55:AB:96:20,-56
BLE,1703390868448760231,D3:F4:55:AB:96:20,-67
BLE,1703390868639316212,DF:DF:EE:00:00:04,-52
BLE,1703390868647558158,D3:F4:55:AB:96:20,-72
BLE,1703390868834788387,D3:F4:55:AB:96:20,-68
BLE,1703390869178720993,DF:DF:EE:00:00:04,-52
BLE,1703390869216412302,D3:F4:55:AB:96:20,-66
BLE,1703390869405099681,D3:F4:55:AB:96:20,-72
BLE,1703390869643156566,DF:DF:EE:00:00:04,-50
BLE,1703390869785342737,D3:F4:55:AB:96:20,-71
BLE,1703390869922242971,DF:A6:DC:DC:2E:81,-72
BLE,1703390869922292304,DF:DF:EE:00:00:01,-72
BLE,1703390869979082349,D3:F4:55:AB:96:20,-68
BLE,1703390870368586547,D3:F4:55:AB:96:20,-70
BLE,1703390870923285357,DF:A6:DC:DC:2E:81,-72
BLE,1703390870923331315,DF:DF:EE:00:00:01,-72
BLE,1703390871511708106,D3:F4:55:AB:96:20,-68
BLE,1703390871637305930,DF:DF:EE:00:00:04,-66
BLE,1703390871903143657,D3:F4:55:AB:96:20,-70
BLE,1703390872093836595,D3:F4:55:AB:96:20,-68
BLE,1703390872179162682,DF:DF:EE:00:00:04,-67
BLE,1703390872290994208,D3:F4:55:AB:96:20,-72
BLE,1703390872479277508,D3:F4:55:AB:96:20,-68
BLE,1703390872640716455,DF:DF:EE:00:00:04,-53
BLE,1703390872672884829,D3:F4:55:AB:96:20,-72
BLE,1703390872936845078,DF:A6:DC:DC:2E:81,-72
BLE,1703390872936875703,DF:DF:EE:00:00:01,-72
BLE,1703390873060251428,D3:F4:55:AB:96:20,-68
BLE,1703390873174049181,DF:DF:EE:00:00:04,-51
BLE,1703390873255805268,D3:F4:55:AB:96:20,-72
BLE,1703390873639774323,DF:DF:EE:00:00:04,-56
BLE,1703390873827940374,D3:F4:55:AB:96:20,-59
BLE,1703390873941942199,DF:A6:DC:DC:2E:81,-74
BLE,1703390873941985657,DF:DF:EE:00:00:01,-74
BLE,1703390874210683149,D3:F4:55:AB:96:20,-53
BLE,1703390874407281209,D3:F4:55:AB:96:20,-56
BLE,1703390874640565561,DF:DF:EE:00:00:04,-46
BLE,1703390874991969948,D3:F4:55:AB:96:20,-67
BLE,1703390876180819871,DF:DF:EE:00:00:04,-66
BLE,1703390876912055404,D3:F4:55:AB:96:20,-69
BLE,1703390877108482716,D3:F4:55:AB:96:20,-84
BLE,1703390877492738021,D3:F4:55:AB:96:20,-69
BLE,1703390877644043846,DF:DF:EE:00:00:04,-54
BLE,1703390877876425083,D3:F4:55:AB:96:20,-68
BLE,1703390878066383760,D3:F4:55:AB:96:20,-72
BLE,1703390878176085390,DF:DF:EE:00:00:04,-52
BLE,1703390878638129187,DF:DF:EE:00:00:04,-62
BLE,1703390878836205023,D3:F4:55:AB:96:20,-72
BLE,1703390879180276034,DF:DF:EE:00:00:04,-50
BLE,1703390879409675305,D3:F4:55:AB:96:20,-67
BLE,1703390879602706781,D3:F4:55:AB:96:20,-56
BLE,1703390879641139178,DF:DF:EE:00:00:04,-53
BLE,1703390879792782998,D3:F4:55:AB:96:20,-52
BLE,1703390880171541824,D3:F4:55:AB:96:20,-63
BLE,1703390880365558414,D3:F4:55:AB:96:20,-72
BLE,1703390880555340426,D3:F4:55:AB:96:20,-52
BLE,1703390880748177779,D3:F4:55:AB:96:20,-57
BLE,1703390881130777103,D3:F4:55:AB:96:20,-72
BLE,1703390881508273819,D3:F4:55:AB:96:20,-57
BLE,1703390881702221950,D3:F4:55:AB:96:20,-68
BLE,1703390881893922858,D3:F4:55:AB:96:20,-72
BLE,1703390881980651999,DF:A6:DC:DC:2E:81,-71
BLE,1703390881980685665,DF:DF:EE:00:00:01,-71
BLE,1703390882087086582,D3:F4:55:AB:96:20,-67
BLE,1703390882174941752,DF:DF:EE:00:00:04,-51
BLE,1703390882635683147,DF:DF:EE:00:00:04,-54
BLE,1703390882669139434,D3:F4:55:AB:96:20,-68
BLE,1703390882858485702,D3:F4:55:AB:96:20,-70
BLE,1703390882984824101,DF:A6:DC:DC:2E:81,-73
BLE,1703390882984856059,DF:DF:EE:00:00:01,-73
BLE,1703390883183169016,DF:DF:EE:00:00:04,-54
BLE,1703390883620886340,D3:F4:55:AB:96:20,-70
BLE,1703390883644401281,DF:DF:EE:00:00:04,-53
BLE,1703390883988332086,DF:A6:DC:DC:2E:81,-76
BLE,1703390883988364502,DF:DF:EE:00:00:01,-76
BLE,1703390884004139156,D3:F4:55:AB:96:20,-70
BLE,1703390884198011331,D3:F4:55:AB:96:20,-69
BLE,1703390884580459573,D3:F4:55:AB:96:20,-68
BLE,1703390884643456108,DF:DF:EE:00:00:04,-56
BLE,1703390884775644858,D3:F4:55:AB:96:20,-72
BLE,1703390884990702542,DF:A6:DC:DC:2E:81,-72
BLE,1703390884990738250,DF:DF:EE:00:00:01,-72
BLE,1703390885160743695,D3:F4:55:AB:96:20,-72
BLE,1703390885180911966,DF:DF:EE:00:00:04,-55
BLE,1703390885731621549,D3:F4:55:AB:96:20,-68
BLE,1703390885999127846,DF:A6:DC:DC:2E:81,-72
BLE,1703390885999170053,DF:DF:EE:00:00:01,-72
BLE,1703390886114254872,D3:F4:55:AB:96:20,-63
BLE,1703390886493257820,D3:F4:55:AB:96:20,-68
BLE,1703390886692364935,D3:F4:55:AB:96:20,-72
BLE,1703390887085398891,D3:F4:55:AB:96:20,-72
BLE,1703390887275955728,D3:F4:55:AB:96:20,-72
BLE,1703390887471628715,D3:F4:55:AB:96:20,-72
BLE,1703390887642253945,DF:DF:EE:00:00:04,-51
BLE,1703390887849198722,D3:F4:55:AB:96:20,-68
BLE,1703390888008581371,DF:A6:DC:DC:2E:81,-71
BLE,1703390888008637245,DF:DF:EE:00:00:01,-71
BLE,1703390888237199651,D3:F4:55:AB:96:20,-72
BLE,1703390888428865100,D3:F4:55:AB:96:20,-68
BLE,1703390888628781831,D3:F4:55:AB:96:20,-72
BLE,1703390888634513141,DF:DF:EE:00:00:04,-50
BLE,1703390888823266041,D3:F4:55:AB:96:20,-70
BLE,1703390889014718117,D3:F4:55:AB:96:20,-68
BLE,1703390889182195300,DF:DF:EE:00:00:04,-53
BLE,1703390889207992049,D3:F4:55:AB:96:20,-72
BLE,1703390889637639005,DF:DF:EE:00:00:04,-55
BLE,1703390889782327863,D3:F4:55:AB:96:20,-66
BLE,1703390889974317851,D3:F4:55:AB:96:20,-72
BLE,1703390890015417842,DF:A6:DC:DC:2E:81,-71
BLE,1703390890015445134,DF:DF:EE:00:00:01,-71
BLE,1703390890353473630,D3:F4:55:AB:96:20,-72
BLE,1703390890547043267,D3:F4:55:AB:96:20,-68
BLE,1703390890634278527,DF:DF:EE:00:00:04,-50
BLE,1703390890936107976,D3:F4:55:AB:96:20,-56
BLE,1703390891323340039,D3:F4:55:AB:96:20,-72
BLE,1703390891518637447,D3:F4:55:AB:96:20,-70
BLE,1703390892022283605,DF:A6:DC:DC:2E:81,-75
BLE,1703390892022318605,DF:DF:EE:00:00:01,-75
BLE,1703390892283003646,D3:F4:55:AB:96:20,-70
BLE,1703390892473888730,D3:F4:55:AB:96:20,-72
BLE,1703390892662244342,D3:F4:55:AB:96:20,-68
BLE,1703390892859134565,D3:F4:55:AB:96:20,-72
BLE,1703390893027139242,DF:A6:DC:DC:2E:81,-73
BLE,1703390893027166741,DF:DF:EE:00:00:01,-73
BLE,1703390893050770098,D3:F4:55:AB:96:20,-70
BLE,1703390893177001624,DF:DF:EE:00:00:04,-51
BLE,1703390893432425308,D3:F4:55:AB:96:20,-72
BLE,1703390893643494579,DF:DF:EE:00:00:04,-66
BLE,1703390893822328341,D3:F4:55:AB:96:20,-72
BLE,1703390894010463747,D3:F4:55:AB:96:20,-67
BLE,1703390894028550917,DF:A6:DC:DC:2E:81,-77
BLE,1703390894028578542,DF:DF:EE:00:00:01,-77
BLE,1703390894388339208,D3:F4:55:AB:96:20,-72
BLE,1703390894641183297,DF:DF:EE:00:00:04,-50
BLE,1703390894773367755,D3:F4:55:AB:96:20,-69
BLE,1703390894966093109,D3:F4:55:AB:96:20,-70
BLE,1703390895029028894,DF:A6:DC:DC:2E:81,-71
BLE,1703390895029090394,DF:DF:EE:00:00:01,-71
BLE,1703390895644354952,DF:DF:EE:00:00:04,-56
BLE,1703390895922111424,D3:F4:55:AB:96:20,-68
BLE,1703390896172201169,DF:DF:EE:00:00:04,-51
BLE,1703390896306905390,D3:F4:55:AB:96:20,-66
BLE,1703390896501077436,D3:F4:55:AB:96:20,-71
BLE,1703390896690155915,D3:F4:55:AB:96:20,-68
BLE,1703390896883585428,D3:F4:55:AB:96:20,-71
BLE,1703390897181097926,DF:DF:EE:00:00:04,-51
BLE,1703390897467231011,D3:F4:55:AB:96:20,-72
BLE,1703390897635834431,DF:DF:EE:00:00:04,-51
BLE,1703390897653002445,D3:F4:55:AB:96:20,-68
BLE,1703390897842358629,D3:F4:55:AB:96:20,-70
BLE,1703390898640574819,DF:DF:EE:00:00:04,-55
BLE,1703390898990073602,D3:F4:55:AB:96:20,-70
BLE,1703390899177326435,DF:DF:EE:00:00:04,-55
BLE,1703390899571154131,D3:F4:55:AB:96:20,-68
BLE,1703390899764032942,D3:F4:55:AB:96:20,-72
BLE,1703390899953628415,D3:F4:55:AB:96:20,-66
BLE,1703390900050036112,DF:A6:DC:DC:2E:81,-71
BLE,1703390900050071320,DF:DF:EE:00:00:01,-71
BLE,1703390900150935425,D3:F4:55:AB:96:20,-68
BLE,1703390900528862011,D3:F4:55:AB:96:20,-57
BLE,1703390900638982927,DF:DF:EE:00:00:04,-55
BLE,1703390900718644398,D3:F4:55:AB:96:20,-68
BLE,1703390901053057311,DF:A6:DC:DC:2E:81,-72
BLE,1703390901053094352,DF:DF:EE:00:00:01,-72
BLE,1703390901099853946,D3:F4:55:AB:96:20,-67
BLE,1703390901493410521,D3:F4:55:AB:96:20,-72
BLE,1703390901640684974,DF:DF:EE:00:00:04,-50
BLE,1703390901684738266,D3:F4:55:AB:96:20,-66
BLE,1703390902072301200,D3:F4:55:AB:96:20,-72
BLE,1703390902181759958,DF:DF:EE:00:00:04,-59
BLE,1703390902461211536,D3:F4:55:AB:96:20,-72
BLE,1703390902635934845,DF:DF:EE:00:00:04,-52
BLE,1703390903035955471,D3:F4:55:AB:96:20,-66
BLE,1703390903183456547,DF:DF:EE:00:00:04,-55
BLE,1703390903228357037,D3:F4:55:AB:96:20,-72
BLE,1703390903417339975,D3:F4:55:AB:96:20,-67
BLE,1703390903640082489,DF:DF:EE:00:00:04,-51
BLE,1703390903992440823,D3:F4:55:AB:96:20,-72
BLE,1703390904068855205,DF:A6:DC:DC:2E:81,-72
BLE,1703390904068885122,DF:DF:EE:00:00:01,-72
BLE,1703390904181141431,DF:DF:EE:00:00:04,-51
BLE,1703390904373781703,D3:F4:55:AB:96:20,-72
BLE,1703390904561052952,D3:F4:55:AB:96:20,-68
BLE,1703390904644144467,DF:DF:EE:00:00:04,-55
BLE,1703390904749982016,D3:F4:55:AB:96:20,-72
BLE,1703390904941198471,D3:F4:55:AB:96:20,-72
BLE,1703390905074444208,DF:A6:DC:DC:2E:81,-76
BLE,1703390905074470583,DF:DF:EE:00:00:01,-76
BLE,1703390905127289775,D3:F4:55:AB:96:20,-68
BLE,1703390905174463906,DF:DF:EE:00:00:04,-50
BLE,1703390905175955889,DF:DF:EE:00:00:04,-53
BLE,1703390906175964456,DF:DF:EE:00:00:04,-55
BLE,1703390906454534502,D3:F4:55:AB:96:20,-68
BLE,1703390906842814553,D3:F4:55:AB:96:20,-71
BLE,1703390907031984864,D3:F4:55:AB:96:20,-71
BLE,1703390907173252511,DF:DF:EE:00:00:04,-50
BLE,1703390907217520467,D3:F4:55:AB:96:20,-68
BLE,1703390907600771075,D3:F4:55:AB:96:20,-69
BLE,1703390907639538843,DF:DF:EE:00:00:04,-56
BLE,1703390908087568216,DF:A6:DC:DC:2E:81,-75
BLE,1703390908087600341,DF:DF:EE:00:00:01,-75
BLE,1703390908366048847,D3:F4:55:AB:96:20,-68
BLE,1703390908555014786,D3:F4:55:AB:96:20,-70
BLE,1703390908643191452,DF:DF:EE:00:00:04,-52
BLE,1703390909086481795,DF:A6:DC:DC:2E:81,-72
BLE,1703390909086514586,DF:DF:EE:00:00:01,-72
BLE,1703390909136946097,D3:F4:55:AB:96:20,-70
BLE,1703390909527530747,D3:F4:55:AB:96:20,-72
BLE,1703390909639897347,DF:DF:EE:00:00:04,-55
BLE,1703390909715785569,D3:F4:55:AB:96:20,-68
BLE,1703390910293715342,D3:F4:55:AB:96:20,-72
BLE,1703390910481379546,D3:F4:55:AB:96:20,-67
BLE,1703390911240773468,D3:F4:55:AB:96:20,-72
BLE,1703390911430797270,D3:F4:55:AB:96:20,-71
BLE,1703390911637994876,DF:DF:EE:00:00:04,-52
BLE,1703390912012599666,D3:F4:55:AB:96:20,-68
BLE,1703390912108310038,DF:A6:DC:DC:2E:81,-71
BLE,1703390912108339996,DF:DF:EE:00:00:01,-71
BLE,1703390912408207134,D3:F4:55:AB:96:20,-71
BLE,1703390912597331487,D3:F4:55:AB:96:20,-68
BLE,1703390912634568565,DF:DF:EE:00:00:04,-56
BLE,1703390912991428472,D3:F4:55:AB:96:20,-71
BLE,1703390913118287491,DF:A6:DC:DC:2E:81,-72
BLE,1703390913118317657,DF:DF:EE:00:00:01,-72
BLE,1703390913750840769,D3:F4:55:AB:96:20,-70
BLE,1703390913945880514,D3:F4:55:AB:96:20,-68
BLE,1703390914136366477,D3:F4:55:AB:96:20,-71
BLE,1703390914180071981,DF:DF:EE:00:00:04,-52
BLE,1703390914516980948,D3:F4:55:AB:96:20,-70
BLE,1703390914636535216,DF:DF:EE:00:00:04,-56
BLE,1703390914709958466,D3:F4:55:AB:96:20,-66
BLE,1703390914907106479,D3:F4:55:AB:96:20,-72
BLE,1703390915096798326,D3:F4:55:AB:96:20,-66
BLE,1703390915121348880,DF:A6:DC:DC:2E:81,-71
BLE,1703390915121376838,DF:DF:EE:00:00:01,-71
BLE,1703390915175819262,DF:DF:EE:00:00:04,-55
BLE,1703390915481295170,D3:F4:55:AB:96:20,-70
BLE,1703390915634221392,DF:DF:EE:00:00:04,-50
BLE,1703390916063900849,D3:F4:55:AB:96:20,-68
BLE,1703390916449579263,D3:F4:55:AB:96:20,-70
BLE,1703390917125115262,DF:A6:DC:DC:2E:81,-71
BLE,1703390917125150761,DF:DF:EE:00:00:01,-71
BLE,1703390917217645878,D3:F4:55:AB:96:20,-72
BLE,1703390917597091738,D3:F4:55:AB:96:20,-72
BLE,1703390917636171461,DF:DF:EE:00:00:04,-50
BLE,1703390918635148872,DF:DF:EE:00:00:04,-52
BLE,1703390918956173729,D3:F4:55:AB:96:20,-72
BLE,1703390919134063418,DF:A6:DC:DC:2E:81,-76
BLE,1703390919134092584,DF:DF:EE:00:00:01,-76
BLE,1703390919182589909,DF:DF:EE:00:00:04,-54
BLE,1703390919531412658,D3:F4:55:AB:96:20,-71
BLE,1703390920110957330,D3:F4:55:AB:96:20,-63
BLE,1703390920133433408,DF:A6:DC:DC:2E:81,-72
BLE,1703390920133462824,DF:DF:EE:00:00:01,-72
BLE,1703390920308018301,D3:F4:55:AB:96:20,-72
BLE,1703390920495178260,D3:F4:55:AB:96:20,-68
BLE,1703390920635560625,DF:DF:EE:00:00:04,-52
BLE,1703390920688976394,D3:F4:55:AB:96:20,-73
BLE,1703390920878655783,D3:F4:55:AB:96:20,-67
BLE,1703390921178034676,DF:DF:EE:00:00:04,-52
BLE,1703390921460187974,D3:F4:55:AB:96:20,-68
BLE,1703390921651512719,D3:F4:55:AB:96:20,-72
BLE,1703390922143486260,DF:A6:DC:DC:2E:81,-71
BLE,1703390922143526301,DF:DF:EE:00:00:01,-71
BLE,1703390922176250763,DF:DF:EE:00:00:04,-66
BLE,1703390922225291081,D3:F4:55:AB:96:20,-69
BLE,1703390922418472222,D3:F4:55:AB:96:20,-71
BLE,1703390922609115100,D3:F4:55:AB:96:20,-68
BLE,1703390922632895205,DF:DF:EE:00:00:04,-51
BLE,1703390922798180829,D3:F4:55:AB:96:20,-72
BLE,1703390922989902736,D3:F4:55:AB:96:20,-69
BLE,1703390923178852508,D3:F4:55:AB:96:20,-72
BLE,1703390923180995900,DF:DF:EE:00:00:04,-53
BLE,1703390923372667933,D3:F4:55:AB:96:20,-68
BLE,1703390923570931891,D3:F4:55:AB:96:20,-72
BLE,1703390924155264883,DF:A6:DC:DC:2E:81,-76
BLE,1703390924155322508,DF:DF:EE:00:00:01,-76
BLE,1703390924541309293,D3:F4:55:AB:96:20,-68
BLE,1703390924634002491,DF:DF:EE:00:00:04,-51
BLE,1703390924731314470,D3:F4:55:AB:96:20,-72
BLE,1703390925115309737,D3:F4:55:AB:96:20,-70
BLE,1703390925498838758,D3:F4:55:AB:96:20,-71
BLE,1703390925637999971,DF:DF:EE:00:00:04,-55
BLE,1703390925884066094,D3:F4:55:AB:96:20,-72
BLE,1703390926079177380,D3:F4:55:AB:96:20,-72
BLE,1703390926165041655,DF:A6:DC:DC:2E:81,-72
BLE,1703390926165085655,DF:DF:EE:00:00:01,-72
BLE,1703390926181466552,DF:DF:EE:00:00:04,-55
BLE,1703390926468982705,D3:F4:55:AB:96:20,-72
BLE,1703390926636030517,DF:DF:EE:00:00:04,-50
BLE,1703390927431015244,D3:F4:55:AB:96:20,-72
BLE,1703390927633243782,DF:DF:EE:00:00:04,-52
BLE,1703390928003948074,D3:F4:55:AB:96:20,-72
BLE,1703390928175653250,DF:DF:EE:00:00:04,-53
BLE,1703390928192297520,D3:F4:55:AB:96:20,-67
BLE,1703390928578963590,D3:F4:55:AB:96:20,-71
BLE,1703390929150744975,D3:F4:55:AB:96:20,-72
BLE,1703390929176554515,DF:A6:DC:DC:2E:81,-74
BLE,1703390929176582265,DF:DF:EE:00:00:01,-74
BLE,1703390929336942444,D3:F4:55:AB:96:20,-68
BLE,1703390930115465233,D3:F4:55:AB:96:20,-72
BLE,1703390930179002720,DF:DF:EE:00:00:04,-52
BLE,1703390930185218983,DF:A6:DC:DC:2E:81,-76
BLE,1703390930185245066,DF:DF:EE:00:00:01,-76
BLE,1703390930302951271,D3:F4:55:AB:96:20,-68
BLE,1703390930638955041,DF:DF:EE:00:00:04,-51
BLE,1703390930692329310,D3:F4:55:AB:96:20,-70
BLE,1703390930882095198,D3:F4:55:AB:96:20,-72
BLE,1703390931183748357,DF:A6:DC:DC:2E:81,-72
BLE,1703390931183783149,DF:DF:EE:00:00:01,-72
BLE,1703390931266135797,D3:F4:55:AB:96:20,-72
BLE,1703390931454012790,D3:F4:55:AB:96:20,-68
BLE,1703390931637354209,DF:DF:EE:00:00:04,-52
BLE,1703390931644344796,D3:F4:55:AB:96:20,-72
BLE,1703390931835384086,D3:F4:55:AB:96:20,-68
BLE,1703390932029587424,D3:F4:55:AB:96:20,-72
BLE,1703390932218014451,D3:F4:55:AB:96:20,-68
BLE,1703390932412774699,D3:F4:55:AB:96:20,-72
BLE,1703390932607870485,D3:F4:55:AB:96:20,-70
BLE,1703390932634344684,DF:DF:EE:00:00:04,-55
BLE,1703390932801766159,D3:F4:55:AB:96:20,-66
BLE,1703390932994126892,D3:F4:55:AB:96:20,-72
BLE,1703390933177992847,DF:DF:EE:00:00:04,-56
BLE,1703390933185218932,D3:F4:55:AB:96:20,-68
BLE,1703390933194852322,DF:A6:DC:DC:2E:81,-71
BLE,1703390933194877447,DF:DF:EE:00:00:01,-71
BLE,1703390933196255140,DF:A6:DC:DC:2E:81,-75
BLE,1703390933196279723,DF:DF:EE:00:00:01,-75
BLE,1703390933380831836,D3:F4:55:AB:96:20,-72
BLE,1703390933575555418,D3:F4:55:AB:96:20,-71
BLE,1703390934159907660,D3:F4:55:AB:96:20,-72
BLE,1703390934172987137,DF:DF:EE:00:00:04,-50
BLE,1703390934203299543,DF:A6:DC:DC:2E:81,-71
BLE,1703390934203323834,DF:DF:EE:00:00:01,-71
BLE,1703390934542904938,D3:F4:55:AB:96:20,-70
BLE,1703390934638001984,DF:DF:EE:00:00:04,-55
BLE,1703390934922078926,D3:F4:55:AB:96:20,-71
BLE,1703390935116822882,D3:F4:55:AB:96:20,-68
BLE,1703390935308527331,D3:F4:55:AB:96:20,-72
BLE,1703390935500447445,D3:F4:55:AB:96:20,-68
BLE,1703390935637421557,DF:DF:EE:00:00:04,-50
BLE,1703390935690189708,D3:F4:55:AB:96:20,-70
BLE,1703390936447937524,D3:F4:55:AB:96:20,-68
BLE,1703390936632503179,DF:DF:EE:00:00:04,-52
BLE,1703390936642687521,D3:F4:55:AB:96:20,-72
BLE,1703390936834973922,D3:F4:55:AB:96:20,-70
BLE,1703390937028938179,D3:F4:55:AB:96:20,-69
BLE,1703390937176821000,DF:DF:EE:00:00:04,-52
BLE,1703390937208726430,DF:A6:DC:DC:2E:81,-72
BLE,1703390937208750846,DF:DF:EE:00:00:01,-72
BLE,1703390937226846683,D3:F4:55:AB:96:20,-72
BLE,1703390937420225446,D3:F4:55:AB:96:20,-70
BLE,1703390937803194474,D3:F4:55:AB:96:20,-70
BLE,1703390938193391170,D3:F4:55:AB:96:20,-72
BLE,1703390938388989450,D3:F4:55:AB:96:20,-70
BLE,1703390938638733907,DF:DF:EE:00:00:04,-53
BLE,1703390938778247324,D3:F4:55:AB:96:20,-72
BLE,1703390938971752127,D3:F4:55:AB:96:20,-71
BLE,1703390939161524182,D3:F4:55:AB:96:20,-72
BLE,1703390939220129433,DF:A6:DC:DC:2E:81,-73
BLE,1703390939220154974,DF:DF:EE:00:00:01,-73
BLE,1703390939349199135,D3:F4:55:AB:96:20,-67
BLE,1703390939736754361,D3:F4:55:AB:96:20,-70
BLE,1703390941181002676,DF:DF:EE:00:00:04,-52
BLE,1703390941235056104,DF:A6:DC:DC:2E:81,-75
BLE,1703390941235087312,DF:DF:EE:00:00:01,-75
BLE,1703390941274268909,D3:F4:55:AB:96:20,-72
BLE,1703390941465144535,D3:F4:55:AB:96:20,-68
BLE,1703390941633943327,DF:DF:EE:00:00:04,-66
BLE,1703390942046638976,D3:F4:55:AB:96:20,-68
BLE,1703390942235079129,DF:A6:DC:DC:2E:81,-73
BLE,1703390942235116628,DF:DF:EE:00:00:01,-73
BLE,1703390942241667596,D3:F4:55:AB:96:20,-72
BLE,1703390942431399609,D3:F4:55:AB:96:20,-68
BLE,1703390942621568742,D3:F4:55:AB:96:20,-70
BLE,1703390942632862364,DF:DF:EE:00:00:04,-51
BLE,1703390942811701209,D3:F4:55:AB:96:20,-68
BLE,1703390943002252504,D3:F4:55:AB:96:20,-72
BLE,1703390943196599424,D3:F4:55:AB:96:20,-66
BLE,1703390943974452595,D3:F4:55:AB:96:20,-72
BLE,1703390944165572259,D3:F4:55:AB:96:20,-66
BLE,1703390944239682292,DF:A6:DC:DC:2E:81,-72
BLE,1703390944239713584,DF:DF:EE:00:00:01,-72
BLE,1703390944357471997,D3:F4:55:AB:96:20,-72
BLE,1703390944551368338,D3:F4:55:AB:96:20,-70
BLE,1703390944941725532,D3:F4:55:AB:96:20,-72
BLE,1703390945131410671,D3:F4:55:AB:96:20,-68
BLE,1703390945524351003,D3:F4:55:AB:96:20,-72
BLE,1703390945632980103,DF:DF:EE:00:00:04,-52
BLE,1703390945716870901,D3:F4:55:AB:96:20,-68
BLE,1703390945909563797,D3:F4:55:AB:96:20,-72
BLE,1703390946100602879,D3:F4:55:AB:96:20,-66
BLE,1703390946243044012,DF:A6:DC:DC:2E:81,-71
BLE,1703390946243074720,DF:DF:EE:00:00:01,-71
BLE,1703390946878214011,D3:F4:55:AB:96:20,-72
BLE,1703390947068589392,D3:F4:55:AB:96:20,-68
BLE,1703390947178192689,DF:DF:EE:00:00:04,-50
BLE,1703390947252681094,DF:A6:DC:DC:2E:81,-71
BLE,1703390947252707802,DF:DF:EE:00:00:01,-71
BLE,1703390947657103087,D3:F4:55:AB:96:20,-71
BLE,1703390947848130544,D3:F4:55:AB:96:20,-71
BLE,1703390948257692436,DF:A6:DC:DC:2E:81,-72
BLE,1703390948257749269,DF:DF:EE:00:00:01,-72
BLE,1703390948424773082,D3:F4:55:AB:96:20,-70
BLE,1703390948640527758,DF:DF:EE:00:00:04,-51
BLE,1703390948815120443,D3:F4:55:AB:96:20,-72
BLE,1703390949006447271,D3:F4:55:AB:96:20,-71
BLE,1703390949202283632,D3:F4:55:AB:96:20,-68
BLE,1703390949585528532,D3:F4:55:AB:96:20,-68
BLE,1703390949633065409,DF:DF:EE:00:00:04,-51
BLE,1703390949782580337,D3:F4:55:AB:96:20,-72
BLE,1703390949974290202,D3:F4:55:AB:96:20,-72
BLE,1703390950163415347,D3:F4:55:AB:96:20,-72
BLE,1703390950178286137,DF:DF:EE:00:00:04,-53
BLE,1703390950942329715,D3:F4:55:AB:96:20,-71
BLE,1703390951176075603,DF:DF:EE:00:00:04,-54
BLE,1703390951518961836,D3:F4:55:AB:96:20,-68
BLE,1703390951634221570,DF:DF:EE:00:00:04,-50
BLE,1703390951904359545,D3:F4:55:AB:96:20,-68
BLE,1703390952098359593,D3:F4:55:AB:96:20,-72
BLE,1703390952286156254,D3:F4:55:AB:96:20,-67
BLE,1703390952677664685,D3:F4:55:AB:96:20,-70
BLE,1703390952870237582,D3:F4:55:AB:96:20,-68
BLE,1703390953255482251,D3:F4:55:AB:96:20,-66
BLE,1703390953634547990,DF:DF:EE:00:00:04,-51
BLE,1703390953831976625,D3:F4:55:AB:96:20,-72
BLE,1703390954022638877,D3:F4:55:AB:96:20,-66
BLE,1703390954294586249,DF:A6:DC:DC:2E:81,-71
BLE,1703390954294629707,DF:DF:EE:00:00:01,-71
BLE,1703390954634601639,DF:DF:EE:00:00:04,-53
BLE,1703390954794067454,D3:F4:55:AB:96:20,-72
BLE,1703390954985671321,D3:F4:55:AB:96:20,-69
BLE,1703390955175778914,DF:DF:EE:00:00:04,-53
BLE,1703390955184860019,D3:F4:55:AB:96:20,-72
BLE,1703390955300575039,DF:A6:DC:DC:2E:81,-72
BLE,1703390955300609372,DF:DF:EE:00:00:01,-72
BLE,1703390955633396636,DF:DF:EE:00:00:04,-54
BLE,1703390955953234923,D3:F4:55:AB:96:20,-68
BLE,1703390956179296398,DF:DF:EE:00:00:04,-50
BLE,1703390956342081676,D3:F4:55:AB:96:20,-70
BLE,1703390956630811815,DF:DF:EE:00:00:04,-51
BLE,1703390957109100720,D3:F4:55:AB:96:20,-70
BLE,1703390957175655506,DF:DF:EE:00:00:04,-53
BLE,1703390957310654099,DF:A6:DC:DC:2E:81,-72
BLE,1703390957310681682,DF:DF:EE:00:00:01,-72
BLE,1703390957694791822,D3:F4:55:AB:96:20,-71
BLE,1703390957885039329,D3:F4:55:AB:96:20,-72
BLE,1703390958072151830,D3:F4:55:AB:96:20,-66
BLE,1703390958175013371,DF:DF:EE:00:00:04,-55
BLE,1703390958262497128,D3:F4:55:AB:96:20,-72
BLE,1703390958316860511,DF:A6:DC:DC:2E:81,-71
BLE,1703390958316886719,DF:DF:EE:00:00:01,-71
BLE,1703390958840770481,D3:F4:55:AB:96:20,-71
BLE,1703390959031676939,D3:F4:55:AB:96:20,-72
BLE,1703390959171567435,DF:DF:EE:00:00:04,-50
BLE,1703390959217538413,D3:F4:55:AB:96:20,-68
BLE,1703390959410288059,D3:F4:55:AB:96:20,-72
BLE,1703390959635950247,DF:DF:EE:00:00:04,-56
BLE,1703390959795921015,D3:F4:55:AB:96:20,-72
BLE,1703390959992596532,D3:F4:55:AB:96:20,-71
BLE,1703390960176284156,DF:DF:EE:00:00:04,-55
BLE,1703390960184695560,D3:F4:55:AB:96:20,-68
BLE,1703390960332171470,DF:A6:DC:DC:2E:81,-75
BLE,1703390960332202886,DF:DF:EE:00:00:01,-75
BLE,1703390960634992574,DF:DF:EE:00:00:04,-58
BLE,1703390960959696014,D3:F4:55:AB:96:20,-71
BLE,1703390961175319400,DF:DF:EE:00:00:04,-50
BLE,1703390961334135347,DF:A6:DC:DC:2E:81,-72
BLE,1703390961334168805,DF:DF:EE:00:00:01,-72
BLE,1703390961638007106,DF:DF:EE:00:00:04,-54
BLE,1703390961720954998,D3:F4:55:AB:96:20,-71
BLE,1703390961915692455,D3:F4:55:AB:96:20,-68
BLE,1703390962107278155,D3:F4:55:AB:96:20,-70
BLE,1703390962297964032,D3:F4:55:AB:96:20,-68
BLE,1703390962686654579,D3:F4:55:AB:96:20,-72
BLE,1703390962877969324,D3:F4:55:AB:96:20,-72
BLE,1703390963069654607,D3:F4:55:AB:96:20,-71
BLE,1703390963174735872,DF:DF:EE:00:00:04,-51
BLE,1703390963340965861,DF:A6:DC:DC:2E:81,-71
BLE,1703390963340998777,DF:DF:EE:00:00:01,-71
BLE,1703390963454635404,D3:F4:55:AB:96:20,-71
BLE,1703390963635364102,DF:DF:EE:00:00:04,-53
BLE,1703390963844140191,D3:F4:55:AB:96:20,-72
BLE,1703390964177316284,DF:DF:EE:00:00:04,-52
BLE,1703390964233173025,D3:F4:55:AB:96:20,-68
BLE,1703390964349440789,DF:A6:DC:DC:2E:81,-72
BLE,1703390964349470455,DF:DF:EE:00:00:01,-72
BLE,1703390965172168951,DF:DF:EE:00:00:04,-55
BLE,1703390965182837246,D3:F4:55:AB:96:20,-69
BLE,1703390965184188231,D3:F4:55:AB:96:20,-70
BLE,1703390965354566505,DF:A6:DC:DC:2E:81,-75
BLE,1703390965354593755,DF:DF:EE:00:00:01,-75
BLE,1703390965571049382,D3:F4:55:AB:96:20,-72
BLE,1703390966169504255,DF:DF:EE:00:00:04,-50
BLE,1703390966355506811,DF:A6:DC:DC:2E:81,-71
BLE,1703390966355542852,DF:DF:EE:00:00:01,-71
BLE,1703390967175502712,DF:DF:EE:00:00:04,-55
BLE,1703390967494237136,D3:F4:55:AB:96:20,-68
BLE,1703390967631618285,DF:DF:EE:00:00:04,-22
BLE,1703390967878478066,D3:F4:55:AB:96:20,-69
BLE,1703390968172240857,DF:DF:EE:00:00:04,-51
BLE,1703390968271673728,D3:F4:55:AB:96:20,-70
BLE,1703390968634637234,DF:DF:EE:00:00:04,-54
BLE,1703390968844325270,D3:F4:55:AB:96:20,-68
BLE,1703390969378539957,DF:A6:DC:DC:2E:81,-76
BLE,1703390969378569956,DF:DF:EE:00:00:01,-76
BLE,1703390969417061561,D3:F4:55:AB:96:20,-70
BLE,1703390969612143222,D3:F4:55:AB:96:20,-68
BLE,1703390969632197578,DF:DF:EE:00:00:04,-50
BLE,1703390969805794982,D3:F4:55:AB:96:20,-72
BLE,1703390969994220468,D3:F4:55:AB:96:20,-67
BLE,1703390970176230986,DF:DF:EE:00:00:04,-51
BLE,1703390970191873392,D3:F4:55:AB:96:20,-72
BLE,1703390970638680195,DF:DF:EE:00:00:04,-55
BLE,1703390970768601096,D3:F4:55:AB:96:20,-70
BLE,1703390971146721054,D3:F4:55:AB:96:20,-71
BLE,1703390971339702488,D3:F4:55:AB:96:20,-72
BLE,1703390971387193824,DF:A6:DC:DC:2E:81,-72
BLE,1703390971387220782,DF:DF:EE:00:00:01,-72
BLE,1703390971638935967,DF:DF:EE:00:00:04,-50
BLE,1703390971726843261,D3:F4:55:AB:96:20,-66
BLE,1703390972176217494,DF:DF:EE:00:00:04,-50
BLE,1703390972392016336,DF:A6:DC:DC:2E:81,-76
BLE,1703390972392049960,DF:DF:EE:00:00:01,-76
BLE,1703390972642171205,DF:DF:EE:00:00:04,-55
BLE,1703390973081914089,D3:F4:55:AB:96:20,-70
BLE,1703390973177273131,DF:DF:EE:00:00:04,-52
BLE,1703390973398471996,DF:A6:DC:DC:2E:81,-71
BLE,1703390973398501162,DF:DF:EE:00:00:01,-71
BLE,1703390973469920935,D3:F4:55:AB:96:20,-72
BLE,1703390974236851396,D3:F4:55:AB:96:20,-72
BLE,1703390974433047961,D3:F4:55:AB:96:20,-71
BLE,1703390974818372629,D3:F4:55:AB:96:20,-70
BLE,1703390975171174958,DF:DF:EE:00:00:04,-51
BLE,1703390975393986929,D3:F4:55:AB:96:20,-68
BLE,1703390975411138401,DF:A6:DC:DC:2E:81,-75
BLE,1703390975411176442,DF:DF:EE:00:00:01,-75
BLE,1703390975588940258,D3:F4:55:AB:96:20,-71
BLE,1703390975634862362,DF:DF:EE:00:00:04,-55
BLE,1703390975778684271,D3:F4:55:AB:96:20,-68
BLE,1703390975970634551,D3:F4:55:AB:96:20,-72
BLE,1703390976174989064,DF:DF:EE:00:00:04,-55
BLE,1703390976926247704,D3:F4:55:AB:96:20,-67
BLE,1703390977119444553,D3:F4:55:AB:96:20,-72
BLE,1703390977312129699,D3:F4:55:AB:96:20,-71
BLE,1703390977419963808,DF:A6:DC:DC:2E:81,-73
BLE,1703390977419990683,DF:DF:EE:00:00:01,-73
BLE,1703390977502402414,D3:F4:55:AB:96:20,-71
BLE,1703390977885239277,D3:F4:55:AB:96:20,-72
BLE,1703390978071177500,D3:F4:55:AB:96:20,-75
BLE,1703390978173071469,DF:DF:EE:00:00:04,-53
BLE,1703390978174475828,DF:DF:EE:00:00:04,-56
BLE,1703390978637598613,DF:DF:EE:00:00:04,-50
BLE,1703390978639283552,DF:DF:EE:00:00:04,-52
BLE,1703390978648724111,D3:F4:55:AB:96:20,-72
BLE,1703390978840073731,D3:F4:55:AB:96:20,-66
BLE,1703390979174544852,DF:DF:EE:00:00:04,-51
BLE,1703390979607316689,D3:F4:55:AB:96:20,-70
BLE,1703390980382632098,D3:F4:55:AB:96:20,-72
BLE,1703390980568478572,D3:F4:55:AB:96:20,-52
BLE,1703390980631747770,DF:DF:EE:00:00:04,-51
BLE,1703390980765855165,D3:F4:55:AB:96:20,-72
BLE,1703390981146449553,D3:F4:55:AB:96:20,-57
BLE,1703390981336620228,D3:F4:55:AB:96:20,-68
BLE,1703390981531937844,D3:F4:55:AB:96:20,-67
BLE,1703390981633595274,DF:DF:EE:00:00:04,-52
BLE,1703390981914420086,D3:F4:55:AB:96:20,-72
BLE,1703390982101248216,D3:F4:55:AB:96:20,-67
BLE,1703390982177086147,DF:DF:EE:00:00:04,-53
BLE,1703390982294955434,D3:F4:55:AB:96:20,-72
BLE,1703390982451657613,DF:A6:DC:DC:2E:81,-75
BLE,1703390982451684696,DF:DF:EE:00:00:01,-75
BLE,1703390982483854623,D3:F4:55:AB:96:20,-66
BLE,1703390982677305594,D3:F4:55:AB:96:20,-72
BLE,1703390982870006198,D3:F4:55:AB:96:20,-70
BLE,1703390983261347673,D3:F4:55:AB:96:20,-72
BLE,1703390983629950031,DF:DF:EE:00:00:04,-51
BLE,1703390983834753498,D3:F4:55:AB:96:20,-68
BLE,1703390984030788648,D3:F4:55:AB:96:20,-72
BLE,1703390984169127994,DF:DF:EE:00:00:04,-50
BLE,1703390984217573278,D3:F4:55:AB:96:20,-67
BLE,1703390984801103613,D3:F4:55:AB:96:20,-69
BLE,1703390985174915328,DF:DF:EE:00:00:04,-55
BLE,1703390985374773518,D3:F4:55:AB:96:20,-72
BLE,1703390985468777160,DF:A6:DC:DC:2E:81,-76
BLE,1703390985468804159,DF:DF:EE:00:00:01,-76
BLE,1703390985760459016,D3:F4:55:AB:96:20,-71
BLE,1703390985948409299,D3:F4:55:AB:96:20,-68
BLE,1703390986175508096,DF:DF:EE:00:00:04,-50
BLE,1703390986328367111,D3:F4:55:AB:96:20,-68
BLE,1703390986467730154,DF:A6:DC:DC:2E:81,-73
BLE,1703390986467760279,DF:DF:EE:00:00:01,-73
BLE,1703390986517396299,D3:F4:55:AB:96:20,-71
BLE,1703390986897179405,D3:F4:55:AB:96:20,-71
BLE,1703390987088746981,D3:F4:55:AB:96:20,-72
BLE,1703390987177584556,DF:DF:EE:00:00:04,-55
BLE,1703390987273879504,D3:F4:55:AB:96:20,-68
BLE,1703390988427704866,D3:F4:55:AB:96:20,-70
BLE,1703390988483689647,DF:A6:DC:DC:2E:81,-76
BLE,1703390988483717480,DF:DF:EE:00:00:01,-76
BLE,1703390988630922435,DF:DF:EE:00:00:04,-52
BLE,1703390988810189192,D3:F4:55:AB:96:20,-70
BLE,1703390989170008024,DF:DF:EE:00:00:04,-52
BLE,1703390989196756762,D3:F4:55:AB:96:20,-70
BLE,1703390989490301347,DF:A6:DC:DC:2E:81,-73
BLE,1703390989490332097,DF:DF:EE:00:00:01,-73
BLE,1703390989633321099,DF:DF:EE:00:00:04,-56
BLE,1703390989780149557,D3:F4:55:AB:96:20,-70
BLE,1703390990165149729,D3:F4:55:AB:96:20,-72
BLE,1703390990175160865,DF:DF:EE:00:00:04,-51
BLE,1703390990551459469,D3:F4:55:AB:96:20,-71
BLE,1703390990640523333,DF:DF:EE:00:00:04,-55
BLE,1703390991128680376,D3:F4:55:AB:96:20,-72
BLE,1703390991317379567,D3:F4:55:AB:96:20,-71
BLE,1703390991510960578,D3:F4:55:AB:96:20,-72
BLE,1703390991634118139,DF:DF:EE:00:00:04,-55
BLE,1703390991706373277,D3:F4:55:AB:96:20,-69
BLE,1703390991900551323,D3:F4:55:AB:96:20,-71
BLE,1703390992484876316,D3:F4:55:AB:96:20,-72
BLE,1703390992512661542,DF:A6:DC:DC:2E:81,-75
BLE,1703390992512687917,DF:DF:EE:00:00:01,-75
BLE,1703390992632008021,DF:DF:EE:00:00:04,-51
BLE,1703390992863917722,D3:F4:55:AB:96:20,-72
BLE,1703390993055468423,D3:F4:55:AB:96:20,-67
BLE,1703390993630161400,DF:DF:EE:00:00:04,-52
BLE,1703390993827697366,D3:F4:55:AB:96:20,-70
BLE,1703390994022727277,D3:F4:55:AB:96:20,-68
BLE,1703390994173057529,DF:DF:EE:00:00:04,-55
BLE,1703390994404779732,D3:F4:55:AB:96:20,-69
BLE,1703390994596315433,D3:F4:55:AB:96:20,-70
BLE,1703390994638686494,DF:DF:EE:00:00:04,-52
BLE,1703390994790634395,D3:F4:55:AB:96:20,-68
BLE,1703390994982263594,D3:F4:55:AB:96:20,-72
BLE,1703390995555572212,D3:F4:55:AB:96:20,-68
BLE,1703390995748638729,D3:F4:55:AB:96:20,-72
BLE,1703390995938712905,D3:F4:55:AB:96:20,-66
BLE,1703390996327338202,D3:F4:55:AB:96:20,-72
BLE,1703390996521205585,D3:F4:55:AB:96:20,-69
BLE,1703390996532014504,DF:A6:DC:DC:2E:81,-73
BLE,1703390996532042504,DF:DF:EE:00:00:01,-73
BLE,1703390997172816606,DF:DF:EE:00:00:04,-51
BLE,1703390997537202887,DF:A6:DC:DC:2E:81,-72
BLE,1703390997537238470,DF:DF:EE:00:00:01,-72
BLE,1703390998177659409,DF:DF:EE:00:00:04,-55
BLE,1703390998441561538,D3:F4:55:AB:96:20,-72
BLE,1703390998539454969,DF:A6:DC:DC:2E:81,-76
BLE,1703390998539483135,DF:DF:EE:00:00:01,-76
BLE,1703390999205113205,D3:F4:55:AB:96:20,-72
BLE,1703390999394150685,D3:F4:55:AB:96:20,-71
BLE,1703390999590616288,D3:F4:55:AB:96:20,-72
BLE,1703390999632761185,DF:DF:EE:00:00:04,-53
BLE,1703390999973572941,D3:F4:55:AB:96:20,-71
BLE,1703391000174030416,DF:DF:EE:00:00:04,-52
BLE,1703391000550015023,DF:A6:DC:DC:2E:81,-73
BLE,1703391000550051690,DF:DF:EE:00:00:01,-73
BLE,1703391001119057440,D3:F4:55:AB:96:20,-71
BLE,1703391001312293830,D3:F4:55:AB:96:20,-68
BLE,1703391001510125209,D3:F4:55:AB:96:20,-72
BLE,1703391001554409706,DF:A6:DC:DC:2E:81,-76
BLE,1703391001554437414,DF:DF:EE:00:00:01,-76
BLE,1703391001629778476,DF:DF:EE:00:00:04,-51
BLE,1703391001706651312,D3:F4:55:AB:96:20,-70
BLE,1703391002092803012,D3:F4:55:AB:96:20,-72
BLE,1703391002175521032,DF:DF:EE:00:00:04,-52
BLE,1703391002280095470,D3:F4:55:AB:96:20,-68
BLE,1703391002868567374,D3:F4:55:AB:96:20,-67
BLE,1703391003652681849,D3:F4:55:AB:96:20,-68
BLE,1703391004035330797,D3:F4:55:AB:96:20,-68
BLE,1703391004170195683,DF:DF:EE:00:00:04,-50
BLE,1703391004232960595,D3:F4:55:AB:96:20,-72
BLE,1703391004429896943,D3:F4:55:AB:96:20,-71
BLE,1703391005199150962,D3:F4:55:AB:96:20,-72
BLE,1703391005394188415,D3:F4:55:AB:96:20,-72
BLE,1703391005577344420,DF:A6:DC:DC:2E:81,-72
BLE,1703391005577378211,DF:DF:EE:00:00:01,-72
BLE,1703391005636186877,DF:DF:EE:00:00:04,-50
BLE,1703391005777325358,D3:F4:55:AB:96:20,-71
BLE,1703391006159492645,D3:F4:55:AB:96:20,-71
BLE,1703391006174966428,DF:DF:EE:00:00:04,-50
BLE,1703391006540749068,D3:F4:55:AB:96:20,-72
BLE,1703391006640252355,DF:DF:EE:00:00:04,-55
BLE,1703391006923632305,D3:F4:55:AB:96:20,-72
BLE,1703391007119081920,D3:F4:55:AB:96:20,-68
BLE,1703391007172961225,DF:DF:EE:00:00:04,-53
BLE,1703391007507941173,D3:F4:55:AB:96:20,-70
BLE,1703391007590753025,DF:A6:DC:DC:2E:81,-71
BLE,1703391007590778691,DF:DF:EE:00:00:01,-71
BLE,1703391007703544036,D3:F4:55:AB:96:20,-67
BLE,1703391007899631727,D3:F4:55:AB:96:20,-72
BLE,1703391008288666687,D3:F4:55:AB:96:20,-68
BLE,1703391008591936578,DF:A6:DC:DC:2E:81,-71
BLE,1703391008591968869,DF:DF:EE:00:00:01,-71
BLE,1703391008634811799,DF:DF:EE:00:00:04,-53
BLE,1703391008855771583,D3:F4:55:AB:96:20,-66
BLE,1703391008857301732,D3:F4:55:AB:96:20,-70
BLE,1703391009046155547,D3:F4:55:AB:96:20,-72
BLE,1703391009168038914,DF:DF:EE:00:00:04,-50
BLE,1703391009432757909,D3:F4:55:AB:96:20,-72
BLE,1703391009625052310,D3:F4:55:AB:96:20,-56
BLE,1703391010173048840,DF:DF:EE:00:00:04,-51
BLE,1703391010628407463,DF:DF:EE:00:00:04,-50
BLE,1703391011360513237,D3:F4:55:AB:96:20,-56
BLE,1703391011612470669,DF:A6:DC:DC:2E:81,-76
BLE,1703391011612503293,DF:DF:EE:00:00:01,-76
BLE,1703391011942902585,D3:F4:55:AB:96:20,-71
BLE,1703391012136815050,D3:F4:55:AB:96:20,-68
BLE,1703391012330500060,D3:F4:55:AB:96:20,-72
BLE,1703391012520575694,D3:F4:55:AB:96:20,-68
BLE,1703391012614956665,DF:A6:DC:DC:2E:81,-71
BLE,1703391012614983040,DF:DF:EE:00:00:01,-71
BLE,1703391012635503307,DF:DF:EE:00:00:04,-51
BLE,1703391013106491002,D3:F4:55:AB:96:20,-68
BLE,1703391013171305350,DF:DF:EE:00:00:04,-50
BLE,1703391014063146852,D3:F4:55:AB:96:20,-72
BLE,1703391014254315141,D3:F4:55:AB:96:20,-68
BLE,1703391014625772633,DF:A6:DC:DC:2E:81,-72
BLE,1703391014625871299,DF:DF:EE:00:00:01,-72
BLE,1703391014640599298,D3:F4:55:AB:96:20,-71
BLE,1703391015023242455,D3:F4:55:AB:96:20,-71
BLE,1703391015173449208,DF:DF:EE:00:00:04,-51
BLE,1703391015218105785,D3:F4:55:AB:96:20,-52
BLE,1703391015409370614,D3:F4:55:AB:96:20,-72
BLE,1703391015628212172,DF:A6:DC:DC:2E:81,-72
BLE,1703391015628246255,DF:DF:EE:00:00:01,-72
BLE,1703391015639439211,DF:DF:EE:00:00:04,-63
BLE,1703391015985420825,D3:F4:55:AB:96:20,-67
BLE,1703391016173438983,DF:DF:EE:00:00:04,-48
BLE,1703391016560374549,D3:F4:55:AB:96:20,-57
BLE,1703391016755435294,D3:F4:55:AB:96:20,-71
BLE,1703391017137557998,D3:F4:55:AB:96:20,-72
BLE,1703391017176612097,DF:DF:EE:00:00:04,-50
BLE,1703391017332466036,D3:F4:55:AB:96:20,-68
BLE,1703391017527821652,D3:F4:55:AB:96:20,-72
BLE,1703391017644149665,DF:A6:DC:DC:2E:81,-75
BLE,1703391017644177415,DF:DF:EE:00:00:01,-75
BLE,1703391017720129219,D3:F4:55:AB:96:20,-68
BLE,1703391018298318448,D3:F4:55:AB:96:20,-71
BLE,1703391018630634843,DF:DF:EE:00:00:04,-55
BLE,1703391018642614874,DF:A6:DC:DC:2E:81,-72
BLE,1703391018642639873,DF:DF:EE:00:00:01,-72
BLE,1703391018682800626,D3:F4:55:AB:96:20,-67
BLE,1703391018878113409,D3:F4:55:AB:96:20,-72
BLE,1703391019254249390,D3:F4:55:AB:96:20,-56
BLE,1703391019444166817,D3:F4:55:AB:96:20,-73
BLE,1703391019632666636,DF:DF:EE:00:00:04,-50
BLE,1703391019831843167,D3:F4:55:AB:96:20,-68
BLE,1703391020026848120,D3:F4:55:AB:96:20,-72
BLE,1703391020171898807,DF:DF:EE:00:00:04,-50
BLE,1703391020223517805,D3:F4:55:AB:96:20,-72
BLE,1703391020416374366,D3:F4:55:AB:96:20,-68
BLE,1703391020610490496,D3:F4:55:AB:96:20,-72
BLE,1703391020634611055,DF:DF:EE:00:00:04,-55
BLE,1703391020805614698,D3:F4:55:AB:96:20,-71
BLE,1703391020995723332,D3:F4:55:AB:96:20,-72
BLE,1703391021168290331,DF:DF:EE:00:00:04,-52
BLE,1703391021182820083,D3:F4:55:AB:96:20,-66
BLE,1703391021564461210,D3:F4:55:AB:96:20,-69
BLE,1703391021654227274,DF:A6:DC:DC:2E:81,-72
BLE,1703391021654254274,DF:DF:EE:00:00:01,-72
BLE,1703391022148895118,D3:F4:55:AB:96:20,-69
BLE,1703391022176037560,DF:DF:EE:00:00:04,-51
BLE,1703391022338208594,D3:F4:55:AB:96:20,-71
BLE,1703391022629611911,DF:DF:EE:00:00:04,-53
BLE,1703391022910152185,D3:F4:55:AB:96:20,-72
BLE,1703391023177669107,DF:DF:EE:00:00:04,-55
BLE,1703391023288614306,D3:F4:55:AB:96:20,-72
BLE,1703391023476985377,D3:F4:55:AB:96:20,-68
BLE,1703391023634862960,DF:DF:EE:00:00:04,-50
BLE,1703391023668154707,DF:A6:DC:DC:2E:81,-71
BLE,1703391023668180582,DF:DF:EE:00:00:01,-71
BLE,1703391024052794299,D3:F4:55:AB:96:20,-56
BLE,1703391024175585572,DF:DF:EE:00:00:04,-60
BLE,1703391024243524426,D3:F4:55:AB:96:20,-68
BLE,1703391024630296578,DF:DF:EE:00:00:04,-52
BLE,1703391024638063031,D3:F4:55:AB:96:20,-71
BLE,1703391024675696896,DF:A6:DC:DC:2E:81,-72
BLE,1703391024675722437,DF:DF:EE:00:00:01,-72
BLE,1703391025016923273,D3:F4:55:AB:96:20,-70
BLE,1703391025168251305,DF:DF:EE:00:00:04,-50
BLE,1703391025632673284,DF:DF:EE:00:00:04,-39
BLE,1703391025778877249,D3:F4:55:AB:96:20,-70
BLE,1703391026168039874,D3:F4:55:AB:96:20,-72
BLE,1703391026357393600,D3:F4:55:AB:96:20,-69
BLE,1703391026546936990,D3:F4:55:AB:96:20,-70
BLE,1703391027121731507,D3:F4:55:AB:96:20,-67
BLE,1703391027170458079,DF:DF:EE:00:00:04,-50
BLE,1703391027310737820,D3:F4:55:AB:96:20,-70
BLE,1703391027633304284,DF:DF:EE:00:00:04,-56
BLE,1703391027685769855,DF:A6:DC:DC:2E:81,-71
BLE,1703391027685796022,DF:DF:EE:00:00:01,-71
BLE,1703391028081546738,D3:F4:55:AB:96:20,-72
BLE,1703391028272021409,D3:F4:55:AB:96:20,-68
BLE,1703391028466810948,D3:F4:55:AB:96:20,-72
BLE,1703391028633684138,DF:DF:EE:00:00:04,-50
BLE,1703391028848408909,D3:F4:55:AB:96:20,-56
BLE,1703391029038685458,D3:F4:55:AB:96:20,-67
BLE,1703391029172682853,DF:DF:EE:00:00:04,-50
BLE,1703391029232064179,D3:F4:55:AB:96:20,-72
BLE,1703391029425229570,D3:F4:55:AB:96:20,-70
BLE,1703391029615290871,D3:F4:55:AB:96:20,-72
BLE,1703391029630776195,DF:DF:EE:00:00:04,-52
BLE,1703391030177027287,DF:DF:EE:00:00:04,-55
BLE,1703391030383397361,D3:F4:55:AB:96:20,-68
BLE,1703391031161160075,D3:F4:55:AB:96:20,-71
BLE,1703391031539113410,D3:F4:55:AB:96:20,-70
BLE,1703391031630692829,DF:DF:EE:00:00:04,-53
BLE,1703391031717908047,DF:A6:DC:DC:2E:81,-72
BLE,1703391031717939172,DF:DF:EE:00:00:01,-72
BLE,1703391031733212165,D3:F4:55:AB:96:20,-53
BLE,1703391031928207035,D3:F4:55:AB:96:20,-71
BLE,1703391032123089698,D3:F4:55:AB:96:20,-72
BLE,1703391032172105559,DF:DF:EE:00:00:04,-52
BLE,1703391032502938387,D3:F4:55:AB:96:20,-68
BLE,1703391032635659880,DF:DF:EE:00:00:04,-50
BLE,1703391032721271492,DF:A6:DC:DC:2E:81,-76
BLE,1703391032721302242,DF:DF:EE:00:00:01,-76
BLE,1703391032892870878,D3:F4:55:AB:96:20,-72
BLE,1703391033085788980,D3:F4:55:AB:96:20,-68
BLE,1703391033635823653,DF:DF:EE:00:00:04,-53
BLE,1703391033669315690,D3:F4:55:AB:96:20,-68
BLE,1703391033730599452,DF:A6:DC:DC:2E:81,-76
BLE,1703391033730627660,DF:DF:EE:00:00:01,-76
BLE,1703391033865434005,D3:F4:55:AB:96:20,-72
BLE,1703391034059666509,D3:F4:55:AB:96:20,-70
BLE,1703391034167823615,DF:DF:EE:00:00:04,-50
BLE,1703391034637170496,DF:DF:EE:00:00:04,-51
BLE,1703391034830730091,D3:F4:55:AB:96:20,-72
BLE,1703391035020717142,D3:F4:55:AB:96:20,-67
BLE,1703391035171190476,DF:DF:EE:00:00:04,-54
BLE,1703391035216730501,D3:F4:55:AB:96:20,-56
BLE,1703391035403294175,D3:F4:55:AB:96:20,-68
BLE,1703391035595672616,D3:F4:55:AB:96:20,-72
BLE,1703391035635589747,DF:DF:EE:00:00:04,-52
BLE,1703391036170071472,DF:DF:EE:00:00:04,-51
BLE,1703391036542208790,D3:F4:55:AB:96:20,-72
BLE,1703391036631241696,DF:DF:EE:00:00:04,-55
BLE,1703391036733215747,D3:F4:55:AB:96:20,-68
BLE,1703391036741541652,DF:A6:DC:DC:2E:81,-73
BLE,1703391036741568110,DF:DF:EE:00:00:01,-73
BLE,1703391036927017339,D3:F4:55:AB:96:20,-72
BLE,1703391037118435333,D3:F4:55:AB:96:20,-72
BLE,1703391037171978100,DF:DF:EE:00:00:04,-56
BLE,1703391037498721641,D3:F4:55:AB:96:20,-68
BLE,1703391037500104250,D3:F4:55:AB:96:20,-70
BLE,1703391037691134874,D3:F4:55:AB:96:20,-72
BLE,1703391037741789091,DF:A6:DC:DC:2E:81,-72
BLE,1703391037741858965,DF:DF:EE:00:00:01,-72
BLE,1703391037880120312,D3:F4:55:AB:96:20,-52
BLE,1703391038633162306,DF:DF:EE:00:00:04,-55
BLE,1703391038653588866,D3:F4:55:AB:96:20,-72
BLE,1703391038749599860,DF:A6:DC:DC:2E:81,-75
BLE,1703391038749632401,DF:DF:EE:00:00:01,-75
BLE,1703391038850748128,D3:F4:55:AB:96:20,-70
BLE,1703391039234979559,D3:F4:55:AB:96:20,-71
BLE,1703391039622874906,D3:F4:55:AB:96:20,-71
BLE,1703391039751682194,DF:A6:DC:DC:2E:81,-72
BLE,1703391039751712360,DF:DF:EE:00:00:01,-72
BLE,1703391040171792259,DF:DF:EE:00:00:04,-50
BLE,1703391040204888758,D3:F4:55:AB:96:20,-72
BLE,1703391040586179431,D3:F4:55:AB:96:20,-72
BLE,1703391040758877637,DF:A6:DC:DC:2E:81,-72
BLE,1703391040758909887,DF:DF:EE:00:00:01,-72
BLE,1703391040775931527,D3:F4:55:AB:96:20,-72
BLE,1703391040966678112,D3:F4:55:AB:96:20,-72
BLE,1703391041543584105,D3:F4:55:AB:96:20,-52
BLE,1703391041740567870,D3:F4:55:AB:96:20,-72
BLE,1703391041762411080,DF:A6:DC:DC:2E:81,-76
BLE,1703391041762437955,DF:DF:EE:00:00:01,-76
BLE,1703391042308619380,D3:F4:55:AB:96:20,-68
BLE,1703391042504463491,D3:F4:55:AB:96:20,-72
BLE,1703391042627378846,DF:DF:EE:00:00:04,-50
BLE,1703391042693918174,D3:F4:55:AB:96:20,-66
BLE,1703391042888049762,D3:F4:55:AB:96:20,-72
BLE,1703391043077832524,D3:F4:55:AB:96:20,-68
BLE,1703391043175988910,DF:DF:EE:00:00:04,-53
BLE,1703391043461350713,D3:F4:55:AB:96:20,-68
BLE,1703391043630851289,DF:DF:EE:00:00:04,-55
BLE,1703391043766061379,DF:A6:DC:DC:2E:81,-76
BLE,1703391043766090504,DF:DF:EE:00:00:01,-76
BLE,1703391043847159334,D3:F4:55:AB:96:20,-71
BLE,1703391044038010209,D3:F4:55:AB:96:20,-72
BLE,1703391044170013336,DF:DF:EE:00:00:04,-56
BLE,1703391044230851687,D3:F4:55:AB:96:20,-70
BLE,1703391044423834122,D3:F4:55:AB:96:20,-68
BLE,1703391044623349815,D3:F4:55:AB:96:20,-72
BLE,1703391044633024164,DF:DF:EE:00:00:04,-54
BLE,1703391044765493660,DF:A6:DC:DC:2E:81,-72
BLE,1703391044765523993,DF:DF:EE:00:00:01,-72
BLE,1703391044810807354,D3:F4:55:AB:96:20,-67
BLE,1703391045003440793,D3:F4:55:AB:96:20,-72
BLE,1703391045172903286,DF:DF:EE:00:00:04,-52
BLE,1703391045194321543,D3:F4:55:AB:96:20,-68
BLE,1703391045195642278,D3:F4:55:AB:96:20,-70
BLE,1703391045776100606,D3:F4:55:AB:96:20,-68
BLE,1703391045968906376,D3:F4:55:AB:96:20,-72
BLE,1703391046158370142,D3:F4:55:AB:96:20,-68
BLE,1703391046347494954,D3:F4:55:AB:96:20,-70
BLE,1703391046539767188,D3:F4:55:AB:96:20,-68
BLE,1703391046733895527,D3:F4:55:AB:96:20,-72
BLE,1703391047118602952,D3:F4:55:AB:96:20,-72
BLE,1703391047176212381,DF:DF:EE:00:00:04,-52
BLE,1703391047306900856,D3:F4:55:AB:96:20,-68
BLE,1703391047628979825,DF:DF:EE:00:00:04,-53
BLE,1703391047689012936,D3:F4:55:AB:96:20,-69
BLE,1703391048075981960,D3:F4:55:AB:96:20,-70
BLE,1703391048173418062,DF:DF:EE:00:00:04,-55
BLE,1703391048460843717,D3:F4:55:AB:96:20,-72
BLE,1703391048650551772,D3:F4:55:AB:96:20,-72
BLE,1703391048784797456,DF:A6:DC:DC:2E:81,-76
BLE,1703391048784827539,DF:DF:EE:00:00:01,-76
BLE,1703391048837470109,D3:F4:55:AB:96:20,-68
BLE,1703391049030610583,D3:F4:55:AB:96:20,-72
BLE,1703391049218762114,D3:F4:55:AB:96:20,-68
BLE,1703391049411116639,D3:F4:55:AB:96:20,-72
BLE,1703391049633386658,DF:DF:EE:00:00:04,-53
BLE,1703391049786842958,DF:A6:DC:DC:2E:81,-71
BLE,1703391049786872874,DF:DF:EE:00:00:01,-71
BLE,1703391049991127306,D3:F4:55:AB:96:20,-70
BLE,1703391050176116706,DF:DF:EE:00:00:04,-55
BLE,1703391050563962846,D3:F4:55:AB:96:20,-72
BLE,1703391050634048092,DF:DF:EE:00:00:04,-51
BLE,1703391050761464187,D3:F4:55:AB:96:20,-71
BLE,1703391050951274033,D3:F4:55:AB:96:20,-68
BLE,1703391051143542684,D3:F4:55:AB:96:20,-74
BLE,1703391051173720258,DF:DF:EE:00:00:04,-50
BLE,1703391051523326123,D3:F4:55:AB:96:20,-72
BLE,1703391051627766521,DF:DF:EE:00:00:04,-51
BLE,1703391051718110870,D3:F4:55:AB:96:20,-66
BLE,1703391051791462871,DF:A6:DC:DC:2E:81,-71
BLE,1703391051791491454,DF:DF:EE:00:00:01,-71
BLE,1703391052166283867,DF:DF:EE:00:00:04,-50
BLE,1703391052494731431,D3:F4:55:AB:96:20,-72
BLE,1703391052691084493,D3:F4:55:AB:96:20,-72
BLE,1703391052795247811,DF:A6:DC:DC:2E:81,-72
BLE,1703391052795277811,DF:DF:EE:00:00:01,-72
BLE,1703391052880577384,D3:F4:55:AB:96:20,-72
BLE,1703391053071175971,D3:F4:55:AB:96:20,-70
BLE,1703391053168521074,DF:DF:EE:00:00:04,-55
BLE,1703391053267027581,D3:F4:55:AB:96:20,-69
BLE,1703391053456230892,D3:F4:55:AB:96:20,-70
BLE,1703391053627303367,DF:DF:EE:00:00:04,-50
BLE,1703391053843244541,D3:F4:55:AB:96:20,-72
BLE,1703391054038795905,D3:F4:55:AB:96:20,-70
BLE,1703391054072618188,DF:A6:DC:DC:2E:81,-75
BLE,1703391054072643979,DF:DF:EE:00:00:01,-75
BLE,1703391054228087298,D3:F4:55:AB:96:20,-72
BLE,1703391054422557091,D3:F4:55:AB:96:20,-70
BLE,1703391054611938649,D3:F4:55:AB:96:20,-72
BLE,1703391054799893558,D3:F4:55:AB:96:20,-68
BLE,1703391054995043884,D3:F4:55:AB:96:20,-72
BLE,1703391055068681090,DF:A6:DC:DC:2E:81,-72
BLE,1703391055068707173,DF:DF:EE:00:00:01,-72
BLE,1703391055176053996,DF:DF:EE:00:00:04,-55
BLE,1703391055186244631,D3:F4:55:AB:96:20,-71
BLE,1703391055380978004,D3:F4:55:AB:96:20,-69
BLE,1703391055636150774,DF:DF:EE:00:00:04,-52
BLE,1703391055950691454,D3:F4:55:AB:96:20,-72
BLE,1703391056067786833,DF:A6:DC:DC:2E:81,-71
BLE,1703391056067816625,DF:DF:EE:00:00:01,-71
BLE,1703391056141283291,D3:F4:55:AB:96:20,-56
BLE,1703391056173188387,DF:DF:EE:00:00:04,-35
BLE,1703391056328574665,D3:F4:55:AB:96:20,-68
BLE,1703391056523745616,D3:F4:55:AB:96:20,-72
BLE,1703391056711909689,D3:F4:55:AB:96:20,-67
BLE,1703391057070302413,DF:A6:DC:DC:2E:81,-71
BLE,1703391057070338829,DF:DF:EE:00:00:01,-71
BLE,1703391057485014872,D3:F4:55:AB:96:20,-72
BLE,1703391057680155032,D3:F4:55:AB:96:20,-66
BLE,1703391057874421577,D3:F4:55:AB:96:20,-72
BLE,1703391058066061569,DF:A6:DC:DC:2E:81,-72
BLE,1703391058066089527,DF:DF:EE:00:00:01,-72
BLE,1703391058069114784,D3:F4:55:AB:96:20,-72
BLE,1703391058174778376,DF:DF:EE:00:00:04,-50
BLE,1703391058449380676,D3:F4:55:AB:96:20,-70
BLE,1703391058630733868,DF:DF:EE:00:00:04,-53
BLE,1703391058639494018,D3:F4:55:AB:96:20,-72
BLE,1703391058828935285,D3:F4:55:AB:96:20,-69
BLE,1703391059022101676,D3:F4:55:AB:96:20,-72
BLE,1703391059210648202,D3:F4:55:AB:96:20,-67
BLE,1703391059606354128,D3:F4:55:AB:96:20,-71
BLE,1703391059635816210,DF:DF:EE:00:00:04,-50
BLE,1703391059794866030,D3:F4:55:AB:96:20,-68
BLE,1703391059985749238,D3:F4:55:AB:96:20,-72
BLE,1703391060064740925,DF:A6:DC:DC:2E:81,-72
BLE,1703391060064769341,DF:DF:EE:00:00:01,-72
BLE,1703391060168855618,DF:DF:EE:00:00:04,-55
BLE,1703391060182072218,D3:F4:55:AB:96:20,-70
BLE,1703391060376220723,D3:F4:55:AB:96:20,-66
BLE,1703391060565096079,D3:F4:55:AB:96:20,-70
BLE,1703391060951250654,D3:F4:55:AB:96:20,-72
BLE,1703391061073201353,DF:A6:DC:DC:2E:81,-73
BLE,1703391061073234770,DF:DF:EE:00:00:01,-73
BLE,1703391061141337830,D3:F4:55:AB:96:20,-66
BLE,1703391061165942176,DF:DF:EE:00:00:04,-51
BLE,1703391061331451172,D3:F4:55:AB:96:20,-70
BLE,1703391061715061943,D3:F4:55:AB:96:20,-72
BLE,1703391061910926511,D3:F4:55:AB:96:20,-68
BLE,1703391062066054876,DF:A6:DC:DC:2E:81,-72
BLE,1703391062066090792,DF:DF:EE:00:00:01,-72
BLE,1703391062101522806,D3:F4:55:AB:96:20,-72
BLE,1703391062169501326,DF:DF:EE:00:00:04,-40
BLE,1703391062292644470,D3:F4:55:AB:96:20,-67
BLE,1703391062629536938,DF:DF:EE:00:00:04,-51
BLE,1703391062682350214,D3:F4:55:AB:96:20,-71
BLE,1703391062876763007,D3:F4:55:AB:96:20,-69
BLE,1703391063168940941,DF:DF:EE:00:00:04,-34
BLE,1703391063257865723,D3:F4:55:AB:96:20,-68
BLE,1703391063841478224,D3:F4:55:AB:96:20,-68
BLE,1703391064066983248,DF:A6:DC:DC:2E:81,-71
BLE,1703391064067014497,DF:DF:EE:00:00:01,-71
BLE,1703391064175932469,DF:DF:EE:00:00:04,-55
BLE,1703391064228265000,D3:F4:55:AB:96:20,-67
BLE,1703391064419067876,D3:F4:55:AB:96:20,-72
BLE,1703391064612043936,D3:F4:55:AB:96:20,-68
BLE,1703391064629541737,DF:DF:EE:00:00:04,-51
BLE,1703391065175942577,DF:DF:EE:00:00:04,-52
BLE,1703391065390806805,D3:F4:55:AB:96:20,-72
BLE,1703391065583722157,D3:F4:55:AB:96:20,-72
BLE,1703391065636721347,DF:DF:EE:00:00:04,-56
BLE,1703391065777335793,D3:F4:55:AB:96:20,-68
BLE,1703391065967606300,D3:F4:55:AB:96:20,-70
BLE,1703391066071412538,DF:A6:DC:DC:2E:81,-73
BLE,1703391066071443538,DF:DF:EE:00:00:01,-73
BLE,1703391066158642340,D3:F4:55:AB:96:20,-68
BLE,1703391066170962325,DF:DF:EE:00:00:04,-53
BLE,1703391066355168984,D3:F4:55:AB:96:20,-72
BLE,1703391066549263239,D3:F4:55:AB:96:20,-70
BLE,1703391066635005891,DF:DF:EE:00:00:04,-52
BLE,1703391066926308751,D3:F4:55:AB:96:20,-68
BLE,1703391067172514457,DF:DF:EE:00:00:04,-50
BLE,1703391067308678411,D3:F4:55:AB:96:20,-68
BLE,1703391067505191514,D3:F4:55:AB:96:20,-72
BLE,1703391067636648022,DF:DF:EE:00:00:04,-56
BLE,1703391067700854127,D3:F4:55:AB:96:20,-70
BLE,1703391067892524535,D3:F4:55:AB:96:20,-68
BLE,1703391068084075860,D3:F4:55:AB:96:20,-72
BLE,1703391068166018764,DF:DF:EE:00:00:04,-50
BLE,1703391068847549236,D3:F4:55:AB:96:20,-70
BLE,1703391069066288129,DF:A6:DC:DC:2E:81,-72
BLE,1703391069066319587,DF:DF:EE:00:00:01,-72
BLE,1703391069173312247,DF:DF:EE:00:00:04,-50
BLE,1703391069233768436,D3:F4:55:AB:96:20,-72
BLE,1703391069616508092,D3:F4:55:AB:96:20,-73
BLE,1703391069811004676,D3:F4:55:AB:96:20,-70
BLE,1703391070071443178,DF:A6:DC:DC:2E:81,-60
BLE,1703391070071476803,DF:DF:EE:00:00:01,-60
BLE,1703391070174748297,DF:DF:EE:00:00:04,-52
BLE,1703391070384321752,D3:F4:55:AB:96:20,-72
BLE,1703391070574578384,D3:F4:55:AB:96:20,-68
BLE,1703391070769665545,D3:F4:55:AB:96:20,-72
BLE,1703391070960285756,D3:F4:55:AB:96:20,-70
BLE,1703391071072132695,DF:A6:DC:DC:2E:81,-72
BLE,1703391071072162611,DF:DF:EE:00:00:01,-72
BLE,1703391071166673288,DF:DF:EE:00:00:04,-52
BLE,1703391071168367102,DF:DF:EE:00:00:04,-56
BLE,1703391071732187328,D3:F4:55:AB:96:20,-72
BLE,1703391071922860372,D3:F4:55:AB:96:20,-69
BLE,1703391072066330785,DF:A6:DC:DC:2E:81,-71
BLE,1703391072066363160,DF:DF:EE:00:00:01,-71
BLE,1703391072166331150,DF:DF:EE:00:00:04,-50
BLE,1703391072306526976,D3:F4:55:AB:96:20,-52
BLE,1703391072694616737,D3:F4:55:AB:96:20,-70
BLE,1703391073067948666,DF:A6:DC:DC:2E:81,-72
BLE,1703391073067988499,DF:DF:EE:00:00:01,-72
BLE,1703391073074752381,D3:F4:55:AB:96:20,-72
BLE,1703391073175827775,DF:DF:EE:00:00:04,-55
BLE,1703391073264310604,D3:F4:55:AB:96:20,-72
BLE,1703391073456024512,D3:F4:55:AB:96:20,-70
BLE,1703391073839004290,D3:F4:55:AB:96:20,-70
BLE,1703391074035353853,D3:F4:55:AB:96:20,-68
BLE,1703391074067977982,DF:A6:DC:DC:2E:81,-72
BLE,1703391074068006774,DF:DF:EE:00:00:01,-72
BLE,1703391074230300390,D3:F4:55:AB:96:20,-72
BLE,1703391074615939513,D3:F4:55:AB:96:20,-72
BLE,1703391074630495098,DF:DF:EE:00:00:04,-53
BLE,1703391074813927599,D3:F4:55:AB:96:20,-72
BLE,1703391075006724077,D3:F4:55:AB:96:20,-68
BLE,1703391075072291000,DF:A6:DC:DC:2E:81,-59
BLE,1703391075072330083,DF:DF:EE:00:00:01,-59
BLE,1703391075168514783,DF:DF:EE:00:00:04,-52
BLE,1703391075201312535,D3:F4:55:AB:96:20,-72
BLE,1703391075584696184,D3:F4:55:AB:96:20,-72
BLE,1703391075632994011,DF:DF:EE:00:00:04,-51
BLE,1703391075782301441,D3:F4:55:AB:96:20,-72
BLE,1703391075968555285,D3:F4:55:AB:96:20,-68
BLE,1703391076074419584,DF:A6:DC:DC:2E:81,-75
BLE,1703391076074451167,DF:DF:EE:00:00:01,-75
BLE,1703391076172501554,DF:DF:EE:00:00:04,-36
BLE,1703391076356290718,D3:F4:55:AB:96:20,-67
BLE,1703391076546142104,D3:F4:55:AB:96:20,-72
BLE,1703391076629302369,DF:DF:EE:00:00:04,-53
BLE,1703391076738649044,D3:F4:55:AB:96:20,-68
BLE,1703391077074034404,DF:A6:DC:DC:2E:81,-72
BLE,1703391077074068154,DF:DF:EE:00:00:01,-72
BLE,1703391077126550266,D3:F4:55:AB:96:20,-56
BLE,1703391077170489101,DF:DF:EE:00:00:04,-52
BLE,1703391077315320790,D3:F4:55:AB:96:20,-72
BLE,1703391077511428315,D3:F4:55:AB:96:20,-72
BLE,1703391077634161380,DF:DF:EE:00:00:04,-51
BLE,1703391077700998163,D3:F4:55:AB:96:20,-68
BLE,1703391077897388017,D3:F4:55:AB:96:20,-72
BLE,1703391078070444011,DF:A6:DC:DC:2E:81,-72
BLE,1703391078070476719,DF:DF:EE:00:00:01,-72
BLE,1703391078088586889,D3:F4:55:AB:96:20,-67
BLE,1703391078168825645,DF:DF:EE:00:00:04,-55
BLE,1703391078283793631,D3:F4:55:AB:96:20,-72
BLE,1703391078469538190,D3:F4:55:AB:96:20,-68
BLE,1703391078626085996,DF:DF:EE:00:00:04,-51
BLE,1703391078659057039,D3:F4:55:AB:96:20,-70
BLE,1703391078849428544,D3:F4:55:AB:96:20,-68
BLE,1703391079067871940,DF:A6:DC:DC:2E:81,-75
BLE,1703391079067903065,DF:DF:EE:00:00:01,-75
BLE,1703391079175514802,DF:DF:EE:00:00:04,-52
BLE,1703391079236084489,D3:F4:55:AB:96:20,-66
BLE,1703391079628906822,DF:DF:EE:00:00:04,-54
BLE,1703391079820723353,D3:F4:55:AB:96:20,-68
BLE,1703391080012006307,D3:F4:55:AB:96:20,-72
BLE,1703391080169360521,DF:DF:EE:00:00:04,-55
BLE,1703391080207050177,D3:F4:55:AB:96:20,-70
BLE,1703391080398602294,D3:F4:55:AB:96:20,-56
BLE,1703391080594571945,D3:F4:55:AB:96:20,-70
BLE,1703391081070454502,DF:A6:DC:DC:2E:81,-76
BLE,1703391081070503751,DF:DF:EE:00:00:01,-76
BLE,1703391081167931687,DF:DF:EE:00:00:04,-51
BLE,1703391081559172288,D3:F4:55:AB:96:20,-70
BLE,1703391081632734369,DF:DF:EE:00:00:04,-63
BLE,1703391081754354239,D3:F4:55:AB:96:20,-66
BLE,1703391081946637598,D3:F4:55:AB:96:20,-72
BLE,1703391082074893767,DF:A6:DC:DC:2E:81,-71
BLE,1703391082074920142,DF:DF:EE:00:00:01,-71
BLE,1703391082167418717,DF:DF:EE:00:00:04,-53
BLE,1703391082339177601,D3:F4:55:AB:96:20,-68
BLE,1703391082629268183,DF:DF:EE:00:00:04,-51
BLE,1703391082719273578,D3:F4:55:AB:96:20,-66
BLE,1703391082916759420,D3:F4:55:AB:96:20,-72
BLE,1703391083059974045,DF:A6:DC:DC:2E:81,-71
BLE,1703391083060005753,DF:DF:EE:00:00:01,-71
BLE,1703391083113283523,D3:F4:55:AB:96:20,-72
BLE,1703391083170368333,DF:DF:EE:00:00:04,-51
BLE,1703391083494306865,D3:F4:55:AB:96:20,-72
BLE,1703391084062895911,DF:A6:DC:DC:2E:81,-76
BLE,1703391084062929744,DF:DF:EE:00:00:01,-76
BLE,1703391084070848738,D3:F4:55:AB:96:20,-68
BLE,1703391084170159110,DF:DF:EE:00:00:04,-52
BLE,1703391084267954084,D3:F4:55:AB:96:20,-73
BLE,1703391084459921446,D3:F4:55:AB:96:20,-70
BLE,1703391084631178044,DF:DF:EE:00:00:04,-50
BLE,1703391084649201006,D3:F4:55:AB:96:20,-72
BLE,1703391084841122745,D3:F4:55:AB:96:20,-72
BLE,1703391085036662400,D3:F4:55:AB:96:20,-68
BLE,1703391085068738328,DF:A6:DC:DC:2E:81,-72
BLE,1703391085068763119,DF:DF:EE:00:00:01,-72
BLE,1703391085633092047,DF:DF:EE:00:00:04,-53
BLE,1703391085816594714,D3:F4:55:AB:96:20,-71
BLE,1703391086008936906,D3:F4:55:AB:96:20,-68
BLE,1703391086176964999,DF:DF:EE:00:00:04,-55
BLE,1703391086206211292,D3:F4:55:AB:96:20,-69
BLE,1703391086629351989,DF:DF:EE:00:00:04,-55
BLE,1703391086774287594,D3:F4:55:AB:96:20,-68
BLE,1703391086964440811,D3:F4:55:AB:96:20,-72
BLE,1703391087159088643,D3:F4:55:AB:96:20,-56
BLE,1703391087545341801,D3:F4:55:AB:96:20,-70
BLE,1703391087635405945,DF:DF:EE:00:00:04,-53
BLE,1703391088122963453,D3:F4:55:AB:96:20,-68
BLE,1703391088318046697,D3:F4:55:AB:96:20,-72
BLE,1703391088510607886,D3:F4:55:AB:96:20,-72
BLE,1703391088889594335,D3:F4:55:AB:96:20,-66
BLE,1703391089339304105,DF:A6:DC:DC:2E:81,-73
BLE,1703391089339337563,DF:DF:EE:00:00:01,-73
BLE,1703391089471749019,D3:F4:55:AB:96:20,-68
BLE,1703391089635766907,DF:DF:EE:00:00:04,-52
BLE,1703391089665374321,D3:F4:55:AB:96:20,-72
BLE,1703391090049431212,D3:F4:55:AB:96:20,-71
BLE,1703391090167551579,DF:DF:EE:00:00:04,-50
BLE,1703391090626810866,D3:F4:55:AB:96:20,-72
BLE,1703391090816657462,D3:F4:55:AB:96:20,-72
BLE,1703391091011151504,D3:F4:55:AB:96:20,-71
BLE,1703391091171920846,DF:DF:EE:00:00:04,-54
BLE,1703391091340484974,DF:A6:DC:DC:2E:81,-74
BLE,1703391091340513849,DF:DF:EE:00:00:01,-74
BLE,1703391091632110664,DF:DF:EE:00:00:04,-51
BLE,1703391091968042101,D3:F4:55:AB:96:20,-68
BLE,1703391092172237075,DF:DF:EE:00:00:04,-50
BLE,1703391092546624784,D3:F4:55:AB:96:20,-72
BLE,1703391092634373288,DF:DF:EE:00:00:04,-55
BLE,1703391092736250424,D3:F4:55:AB:96:20,-68
BLE,1703391093343078369,DF:A6:DC:DC:2E:81,-74
BLE,1703391093343119452,DF:DF:EE:00:00:01,-74
BLE,1703391093509075360,D3:F4:55:AB:96:20,-70
BLE,1703391093706325371,D3:F4:55:AB:96:20,-71
BLE,1703391094469583208,D3:F4:55:AB:96:20,-68
BLE,1703391094627171669,DF:DF:EE:00:00:04,-50
BLE,1703391095172324023,DF:DF:EE:00:00:04,-52
BLE,1703391095630506156,DF:DF:EE:00:00:04,-56
BLE,1703391096348878502,DF:A6:DC:DC:2E:81,-76
BLE,1703391096348927502,DF:DF:EE:00:00:01,-76
BLE,1703391096374259464,D3:F4:55:AB:96:20,-72
BLE,1703391096634781799,DF:DF:EE:00:00:04,-53
BLE,1703391096949136272,D3:F4:55:AB:96:20,-72
BLE,1703391097169193733,DF:DF:EE:00:00:04,-56
BLE,1703391097337000620,D3:F4:55:AB:96:20,-72
BLE,1703391097346844758,DF:A6:DC:DC:2E:81,-72
BLE,1703391097346871050,DF:DF:EE:00:00:01,-72
BLE,1703391097527080087,D3:F4:55:AB:96:20,-69
BLE,1703391097630822118,DF:DF:EE:00:00:04,-55
BLE,1703391098110492757,D3:F4:55:AB:96:20,-68
BLE,1703391098299466987,D3:F4:55:AB:96:20,-72
BLE,1703391098627661345,DF:DF:EE:00:00:04,-51
BLE,1703391099343247057,DF:A6:DC:DC:2E:81,-75
BLE,1703391099343289098,DF:DF:EE:00:00:01,-75
BLE,1703391099632060695,DF:DF:EE:00:00:04,-55
BLE,1703391099649639412,D3:F4:55:AB:96:20,-72
BLE,1703391100224214432,D3:F4:55:AB:96:20,-68
BLE,1703391100417182200,D3:F4:55:AB:96:20,-72
BLE,1703391100609448601,D3:F4:55:AB:96:20,-66
BLE,1703391101373222391,D3:F4:55:AB:96:20,-68
BLE,1703391101570695982,D3:F4:55:AB:96:20,-72
BLE,1703391101629611397,DF:DF:EE:00:00:04,-52
BLE,1703391101762953009,D3:F4:55:AB:96:20,-70
BLE,1703391102149978199,D3:F4:55:AB:96:20,-72
BLE,1703391102151474849,D3:F4:55:AB:96:20,-72
BLE,1703391102532000571,D3:F4:55:AB:96:20,-70
BLE,1703391102628638808,DF:DF:EE:00:00:04,-56
BLE,1703391103104612155,D3:F4:55:AB:96:20,-66
BLE,1703391103167439775,DF:DF:EE:00:00:04,-55
BLE,1703391103294350918,D3:F4:55:AB:96:20,-72
BLE,1703391103349337128,DF:A6:DC:DC:2E:81,-76
BLE,1703391103349363919,DF:DF:EE:00:00:01,-76
BLE,1703391103632104960,DF:DF:EE:00:00:04,-53
BLE,1703391104057091969,D3:F4:55:AB:96:20,-72
BLE,1703391104167092096,DF:DF:EE:00:00:04,-51
BLE,1703391104246157198,D3:F4:55:AB:96:20,-72
BLE,1703391104438892927,D3:F4:55:AB:96:20,-70
BLE,1703391104628116321,DF:DF:EE:00:00:04,-55
BLE,1703391104830708438,D3:F4:55:AB:96:20,-72
BLE,1703391105222775488,D3:F4:55:AB:96:20,-68
BLE,1703391105349024472,DF:A6:DC:DC:2E:81,-76
BLE,1703391105349051388,DF:DF:EE:00:00:01,-76
BLE,1703391105601983143,D3:F4:55:AB:96:20,-68
BLE,1703391105627179648,DF:DF:EE:00:00:04,-50
BLE,1703391105794016754,D3:F4:55:AB:96:20,-72
BLE,1703391106171557678,DF:DF:EE:00:00:04,-52
BLE,1703391106369538930,D3:F4:55:AB:96:20,-68
BLE,1703391106630795132,DF:DF:EE:00:00:04,-55
BLE,1703391106758182519,D3:F4:55:AB:96:20,-72
BLE,1703391106947389163,D3:F4:55:AB:96:20,-72
BLE,1703391107173360223,DF:DF:EE:00:00:04,-56
BLE,1703391107335295594,D3:F4:55:AB:96:20,-69
BLE,1703391107349980010,DF:A6:DC:DC:2E:81,-75
BLE,1703391107350007802,DF:DF:EE:00:00:01,-75
BLE,1703391107532105776,D3:F4:55:AB:96:20,-71
BLE,1703391107628096229,DF:DF:EE:00:00:04,-51
BLE,1703391107728179426,D3:F4:55:AB:96:20,-72
BLE,1703391108110702168,D3:F4:55:AB:96:20,-72
BLE,1703391108347948183,DF:A6:DC:DC:2E:81,-72
BLE,1703391108347983141,DF:DF:EE:00:00:01,-72
BLE,1703391108486540277,D3:F4:55:AB:96:20,-68
BLE,1703391108676919991,D3:F4:55:AB:96:20,-72
BLE,1703391108868217444,D3:F4:55:AB:96:20,-68
BLE,1703391109170101268,DF:DF:EE:00:00:04,-52
BLE,1703391109171641625,DF:DF:EE:00:00:04,-55
BLE,1703391109249666823,D3:F4:55:AB:96:20,-66
BLE,1703391109631084827,DF:DF:EE:00:00:04,-51
BLE,1703391109834022857,D3:F4:55:AB:96:20,-68
BLE,1703391110031535615,D3:F4:55:AB:96:20,-72
BLE,1703391110217179633,D3:F4:55:AB:96:20,-67
BLE,1703391110412276877,D3:F4:55:AB:96:20,-72
BLE,1703391110983399603,D3:F4:55:AB:96:20,-68
BLE,1703391111164236175,DF:DF:EE:00:00:04,-51
BLE,1703391111341072502,DF:A6:DC:DC:2E:81,-58
BLE,1703391111341105793,DF:DF:EE:00:00:01,-58
BLE,1703391111369626136,D3:F4:55:AB:96:20,-70
BLE,1703391111626956465,DF:DF:EE:00:00:04,-64
BLE,1703391111752009337,D3:F4:55:AB:96:20,-70
BLE,1703391111942370635,D3:F4:55:AB:96:20,-72
BLE,1703391112517989143,D3:F4:55:AB:96:20,-72
BLE,1703391112624813056,DF:DF:EE:00:00:04,-50
BLE,1703391112897491961,D3:F4:55:AB:96:20,-68
BLE,1703391112898860320,D3:F4:55:AB:96:20,-71
BLE,1703391113342615950,DF:A6:DC:DC:2E:81,-72
BLE,1703391113342645950,DF:DF:EE:00:00:01,-72
BLE,1703391113626797766,DF:DF:EE:00:00:04,-67
BLE,1703391113661108460,D3:F4:55:AB:96:20,-69
BLE,1703391114241845660,D3:F4:55:AB:96:20,-68
BLE,1703391114344215373,DF:A6:DC:DC:2E:81,-71
BLE,1703391114344243081,DF:DF:EE:00:00:01,-71
BLE,1703391114624939145,D3:F4:55:AB:96:20,-68
BLE,1703391114819390188,D3:F4:55:AB:96:20,-72
BLE,1703391115007312263,D3:F4:55:AB:96:20,-68
BLE,1703391115587035558,D3:F4:55:AB:96:20,-72
BLE,1703391115776089746,D3:F4:55:AB:96:20,-69
BLE,1703391116360529612,D3:F4:55:AB:96:20,-68
BLE,1703391116632404276,DF:DF:EE:00:00:04,-60
BLE,1703391117172023401,DF:DF:EE:00:00:04,-51
BLE,1703391117512314539,D3:F4:55:AB:96:20,-70
BLE,1703391118166357574,DF:DF:EE:00:00:04,-52
BLE,1703391118281645807,D3:F4:55:AB:96:20,-70
BLE,1703391118632014455,DF:DF:EE:00:00:04,-50
BLE,1703391119250102148,D3:F4:55:AB:96:20,-73
BLE,1703391119352338237,DF:A6:DC:DC:2E:81,-72
BLE,1703391119352366779,DF:DF:EE:00:00:01,-72
BLE,1703391119439638496,D3:F4:55:AB:96:20,-68
BLE,1703391120015421794,D3:F4:55:AB:96:20,-72
BLE,1703391120169849541,DF:DF:EE:00:00:04,-53
BLE,1703391120394888154,D3:F4:55:AB:96:20,-72
BLE,1703391120624906126,DF:A6:DC:DC:2E:81,-76
BLE,1703391120624936834,DF:DF:EE:00:00:01,-76
BLE,1703391120771112217,D3:F4:55:AB:96:20,-69
BLE,1703391120965577218,D3:F4:55:AB:96:20,-72
BLE,1703391121154755321,D3:F4:55:AB:96:20,-68
BLE,1703391121543467034,D3:F4:55:AB:96:20,-70
BLE,1703391121625996514,DF:A6:DC:DC:2E:81,-73
BLE,1703391121626026680,DF:DF:EE:00:00:01,-73
BLE,1703391121925602071,D3:F4:55:AB:96:20,-70
BLE,1703391122310173623,D3:F4:55:AB:96:20,-72
BLE,1703391122505199868,D3:F4:55:AB:96:20,-66
BLE,1703391122630925524,DF:DF:EE:00:00:04,-56
BLE,1703391123085228951,D3:F4:55:AB:96:20,-68
BLE,1703391123171079435,DF:DF:EE:00:00:04,-56
BLE,1703391123468476351,D3:F4:55:AB:96:20,-68
BLE,1703391123626258143,DF:A6:DC:DC:2E:81,-71
BLE,1703391123626289851,DF:DF:EE:00:00:01,-71
BLE,1703391123632694904,DF:DF:EE:00:00:04,-52
BLE,1703391124041131809,D3:F4:55:AB:96:20,-71
BLE,1703391124167321544,DF:DF:EE:00:00:04,-51
BLE,1703391124422406273,D3:F4:55:AB:96:20,-72
BLE,1703391124802208796,D3:F4:55:AB:96:20,-70
BLE,1703391125186602349,D3:F4:55:AB:96:20,-72
BLE,1703391125576336342,D3:F4:55:AB:96:20,-72
BLE,1703391125763166597,D3:F4:55:AB:96:20,-68
BLE,1703391126148974926,D3:F4:55:AB:96:20,-52
BLE,1703391126340084632,D3:F4:55:AB:96:20,-72
BLE,1703391126531147588,D3:F4:55:AB:96:20,-67
BLE,1703391126626335841,DF:A6:DC:DC:2E:81,-71
BLE,1703391126626365008,DF:DF:EE:00:00:01,-71
BLE,1703391126918428526,D3:F4:55:AB:96:20,-71
BLE,1703391127301956964,D3:F4:55:AB:96:20,-72
BLE,1703391127689647356,D3:F4:55:AB:96:20,-57
BLE,1703391128269892936,D3:F4:55:AB:96:20,-70
BLE,1703391128466047585,D3:F4:55:AB:96:20,-69
BLE,1703391128630899672,DF:A6:DC:DC:2E:81,-73
BLE,1703391128630928922,DF:DF:EE:00:00:01,-73
BLE,1703391128635675743,DF:DF:EE:00:00:04,-55
BLE,1703391128659291266,D3:F4:55:AB:96:20,-71
BLE,1703391128844466290,D3:F4:55:AB:96:20,-68
BLE,1703391129041410554,D3:F4:55:AB:96:20,-72
BLE,1703391129162826509,DF:DF:EE:00:00:04,-50
BLE,1703391129236587839,D3:F4:55:AB:96:20,-72
BLE,1703391129617745888,D3:F4:55:AB:96:20,-70
BLE,1703391129624957556,DF:A6:DC:DC:2E:81,-76
BLE,1703391129624983305,DF:DF:EE:00:00:01,-76
BLE,1703391129629364756,DF:DF:EE:00:00:04,-62
BLE,1703391129808889843,D3:F4:55:AB:96:20,-72
BLE,1703391129999986216,D3:F4:55:AB:96:20,-70
BLE,1703391130166315744,DF:DF:EE:00:00:04,-55
BLE,1703391130385070678,D3:F4:55:AB:96:20,-70
BLE,1703391130581079245,D3:F4:55:AB:96:20,-68
BLE,1703391130623937258,DF:A6:DC:DC:2E:81,-71
BLE,1703391130623962883,DF:DF:EE:00:00:01,-71
BLE,1703391130769793853,D3:F4:55:AB:96:20,-70
BLE,1703391130959545866,D3:F4:55:AB:96:20,-68
BLE,1703391131165698818,DF:DF:EE:00:00:04,-52
BLE,1703391131342449061,D3:F4:55:AB:96:20,-69
BLE,1703391131541072390,D3:F4:55:AB:96:20,-72
BLE,1703391131623559246,DF:A6:DC:DC:2E:81,-71
BLE,1703391131623584787,DF:DF:EE:00:00:01,-71
BLE,1703391131631610988,DF:DF:EE:00:00:04,-55
BLE,1703391131735945387,D3:F4:55:AB:96:20,-70
BLE,1703391131930022017,D3:F4:55:AB:96:20,-69
BLE,1703391132123759777,D3:F4:55:AB:96:20,-72
BLE,1703391132310015163,D3:F4:55:AB:96:20,-68
BLE,1703391132509730604,D3:F4:55:AB:96:20,-67
BLE,1703391132629550911,DF:A6:DC:DC:2E:81,-71
BLE,1703391132629579910,DF:DF:EE:00:00:01,-71
BLE,1703391133172513373,DF:DF:EE:00:00:04,-52
BLE,1703391133629495936,DF:A6:DC:DC:2E:81,-76
BLE,1703391133629526936,DF:DF:EE:00:00:01,-76
BLE,1703391134055030898,D3:F4:55:AB:96:20,-71
BLE,1703391134173589844,DF:DF:EE:00:00:04,-55
BLE,1703391134246234352,D3:F4:55:AB:96:20,-68
BLE,1703391134826463433,D3:F4:55:AB:96:20,-72
BLE,1703391135015733702,D3:F4:55:AB:96:20,-66
BLE,1703391135403645215,D3:F4:55:AB:96:20,-72
BLE,1703391135985885190,D3:F4:55:AB:96:20,-72
BLE,1703391136176511360,D3:F4:55:AB:96:20,-72
BLE,1703391136367244486,D3:F4:55:AB:96:20,-72
BLE,1703391136746621889,D3:F4:55:AB:96:20,-68
BLE,1703391136935399329,D3:F4:55:AB:96:20,-71
BLE,1703391137128304848,D3:F4:55:AB:96:20,-66
BLE,1703391137165268595,DF:DF:EE:00:00:04,-55
BLE,1703391137321500780,D3:F4:55:AB:96:20,-72
BLE,1703391137508819904,D3:F4:55:AB:96:20,-68
BLE,1703391137630187901,DF:DF:EE:00:00:04,-53
BLE,1703391137698023590,D3:F4:55:AB:96:20,-72
BLE,1703391137894082198,D3:F4:55:AB:96:20,-68
BLE,1703391138163676638,DF:DF:EE:00:00:04,-50
BLE,1703391138475750304,D3:F4:55:AB:96:20,-68
BLE,1703391138632437317,DF:DF:EE:00:00:04,-58
BLE,1703391139054010949,D3:F4:55:AB:96:20,-70
BLE,1703391139623999021,DF:A6:DC:DC:2E:81,-72
BLE,1703391139624031396,DF:DF:EE:00:00:01,-72
BLE,1703391140021294136,D3:F4:55:AB:96:20,-72
BLE,1703391140166439281,DF:DF:EE:00:00:04,-51
BLE,1703391140210274741,D3:F4:55:AB:96:20,-68
BLE,1703391140598110589,D3:F4:55:AB:96:20,-70
BLE,1703391140627121052,DF:A6:DC:DC:2E:81,-75
BLE,1703391140627147010,DF:DF:EE:00:00:01,-75
BLE,1703391140793978700,D3:F4:55:AB:96:20,-52
BLE,1703391141168371200,DF:DF:EE:00:00:04,-54
BLE,1703391141559978297,D3:F4:55:AB:96:20,-68
BLE,1703391141630161209,DF:DF:EE:00:00:04,-50
BLE,1703391141944731846,D3:F4:55:AB:96:20,-68
BLE,1703391142167846814,DF:DF:EE:00:00:04,-50
BLE,1703391142626435525,DF:A6:DC:DC:2E:81,-72
BLE,1703391142626468525,DF:DF:EE:00:00:01,-72
BLE,1703391142632629497,DF:DF:EE:00:00:04,-55
BLE,1703391143171660337,DF:DF:EE:00:00:04,-55
BLE,1703391143300150545,D3:F4:55:AB:96:20,-72
BLE,1703391144066797635,D3:F4:55:AB:96:20,-73
BLE,1703391144627154317,DF:DF:EE:00:00:04,-52
BLE,1703391144836372567,D3:F4:55:AB:96:20,-71
BLE,1703391145027101777,D3:F4:55:AB:96:20,-68
BLE,1703391145164805006,DF:DF:EE:00:00:04,-52
BLE,1703391145220043129,D3:F4:55:AB:96:20,-72
BLE,1703391145406278515,D3:F4:55:AB:96:20,-69
BLE,1703391145624355165,DF:A6:DC:DC:2E:81,-76
BLE,1703391145624380914,DF:DF:EE:00:00:01,-76
BLE,1703391145978835891,D3:F4:55:AB:96:20,-70
BLE,1703391146563418672,D3:F4:55:AB:96:20,-70
BLE,1703391146623920611,DF:DF:EE:00:00:04,-50
BLE,1703391146632184934,DF:A6:DC:DC:2E:81,-71
BLE,1703391146632212808,DF:DF:EE:00:00:01,-71
BLE,1703391147168423264,DF:DF:EE:00:00:04,-53
BLE,1703391147328464197,D3:F4:55:AB:96:20,-70
BLE,1703391147629009494,DF:A6:DC:DC:2E:81,-76
BLE,1703391147629036952,DF:DF:EE:00:00:01,-76
BLE,1703391148091003625,D3:F4:55:AB:96:20,-70
BLE,1703391148287493354,D3:F4:55:AB:96:20,-69
BLE,1703391148481125947,D3:F4:55:AB:96:20,-72
BLE,1703391148626379590,DF:DF:EE:00:00:04,-51
BLE,1703391148667701621,D3:F4:55:AB:96:20,-68
BLE,1703391148858552080,D3:F4:55:AB:96:20,-71
BLE,1703391149051065103,D3:F4:55:AB:96:20,-68
BLE,1703391149167350783,DF:DF:EE:00:00:04,-51
BLE,1703391149434693207,D3:F4:55:AB:96:20,-68
BLE,1703391149615080952,DF:A6:DC:DC:2E:81,-72
BLE,1703391149615109201,DF:DF:EE:00:00:01,-72
BLE,1703391149624987464,DF:DF:EE:00:00:04,-51
BLE,1703391149823634084,D3:F4:55:AB:96:20,-72
BLE,1703391150170127860,DF:DF:EE:00:00:04,-55
BLE,1703391150402311058,D3:F4:55:AB:96:20,-69
BLE,1703391150596261815,D3:F4:55:AB:96:20,-72
BLE,1703391150626614262,DF:DF:EE:00:00:04,-57
BLE,1703391150791549807,D3:F4:55:AB:96:20,-70
BLE,1703391150985081193,D3:F4:55:AB:96:20,-68
BLE,1703391151168514861,DF:DF:EE:00:00:04,-50
BLE,1703391151175331825,D3:F4:55:AB:96:20,-70
BLE,1703391151370626317,D3:F4:55:AB:96:20,-68
BLE,1703391151565651354,D3:F4:55:AB:96:20,-72
BLE,1703391151616289862,DF:A6:DC:DC:2E:81,-72
BLE,1703391151616315153,DF:DF:EE:00:00:01,-72
BLE,1703391151633793163,DF:DF:EE:00:00:04,-55
BLE,1703391151946307616,D3:F4:55:AB:96:20,-72
BLE,1703391152134716103,D3:F4:55:AB:96:20,-68
BLE,1703391152166613491,DF:DF:EE:00:00:04,-53
BLE,1703391152332243486,D3:F4:55:AB:96:20,-72
BLE,1703391152522639366,D3:F4:55:AB:96:20,-70
BLE,1703391152620268092,DF:A6:DC:DC:2E:81,-76
BLE,1703391152620296300,DF:DF:EE:00:00:01,-76
BLE,1703391153675348408,D3:F4:55:AB:96:20,-70
BLE,1703391153868986793,D3:F4:55:AB:96:20,-69
BLE,1703391154061452900,D3:F4:55:AB:96:20,-72
BLE,1703391154626673651,DF:A6:DC:DC:2E:81,-75
BLE,1703391154626707068,DF:DF:EE:00:00:01,-75
BLE,1703391154820309787,D3:F4:55:AB:96:20,-72
BLE,1703391155164965375,DF:DF:EE:00:00:04,-55
BLE,1703391155201060757,D3:F4:55:AB:96:20,-72
BLE,1703391155394773933,D3:F4:55:AB:96:20,-68
BLE,1703391155627880912,DF:DF:EE:00:00:04,-53
BLE,1703391156168930313,D3:F4:55:AB:96:20,-72
BLE,1703391156364525634,D3:F4:55:AB:96:20,-68
BLE,1703391156552989037,D3:F4:55:AB:96:20,-72
BLE,1703391156633589997,DF:A6:DC:DC:2E:81,-72
BLE,1703391156633615247,DF:DF:EE:00:00:01,-72
BLE,1703391156940369765,D3:F4:55:AB:96:20,-71
BLE,1703391157135622715,D3:F4:55:AB:96:20,-70
BLE,1703391157166739737,DF:DF:EE:00:00:04,-55
BLE,1703391157520391973,D3:F4:55:AB:96:20,-70
BLE,1703391157637352854,DF:A6:DC:DC:2E:81,-75
BLE,1703391157637379312,DF:DF:EE:00:00:01,-75
BLE,1703391157903908912,D3:F4:55:AB:96:20,-70
BLE,1703391158099142738,D3:F4:55:AB:96:20,-68
BLE,1703391158291842717,D3:F4:55:AB:96:20,-72
BLE,1703391158482350805,D3:F4:55:AB:96:20,-66
BLE,1703391158632516642,DF:DF:EE:00:00:04,-55
BLE,1703391158638572740,DF:A6:DC:DC:2E:81,-72
BLE,1703391158638598281,DF:DF:EE:00:00:01,-72
BLE,1703391158866148490,D3:F4:55:AB:96:20,-69
BLE,1703391158867463683,D3:F4:55:AB:96:20,-71
BLE,1703391159164066150,DF:DF:EE:00:00:04,-52
BLE,1703391159447095271,D3:F4:55:AB:96:20,-68
BLE,1703391159627934260,DF:DF:EE:00:00:04,-50
BLE,1703391159636825076,D3:F4:55:AB:96:20,-72
BLE,1703391160013094597,D3:F4:55:AB:96:20,-68
BLE,1703391160168721080,DF:DF:EE:00:00:04,-51
BLE,1703391160203311104,D3:F4:55:AB:96:20,-72
BLE,1703391160395542672,D3:F4:55:AB:96:20,-66
BLE,1703391160626477176,DF:DF:EE:00:00:04,-53
BLE,1703391161166592087,DF:DF:EE:00:00:04,-53
BLE,1703391161358138580,D3:F4:55:AB:96:20,-68
BLE,1703391161631568060,DF:DF:EE:00:00:04,-50
BLE,1703391161735822626,D3:F4:55:AB:96:20,-72
BLE,1703391161927744740,D3:F4:55:AB:96:20,-70
BLE,1703391162170944188,DF:DF:EE:00:00:04,-50
BLE,1703391162513032846,D3:F4:55:AB:96:20,-70
BLE,1703391163095426694,D3:F4:55:AB:96:20,-69
BLE,1703391163288089008,D3:F4:55:AB:96:20,-72
BLE,1703391163478094809,D3:F4:55:AB:96:20,-68
BLE,1703391163631178113,DF:DF:EE:00:00:04,-50
BLE,1703391164254061752,D3:F4:55:AB:96:20,-72
BLE,1703391164667202104,DF:A6:DC:DC:2E:81,-73
BLE,1703391164667237562,DF:DF:EE:00:00:01,-73
BLE,1703391164832625060,D3:F4:55:AB:96:20,-72
BLE,1703391165025242082,D3:F4:55:AB:96:20,-66
BLE,1703391165161540118,DF:DF:EE:00:00:04,-35
BLE,1703391165415358779,D3:F4:55:AB:96:20,-72
BLE,1703391165630297881,DF:DF:EE:00:00:04,-54
BLE,1703391165672640817,DF:A6:DC:DC:2E:81,-76
BLE,1703391165672666608,DF:DF:EE:00:00:01,-76
BLE,1703391165802242471,D3:F4:55:AB:96:20,-72
BLE,1703391166166176298,DF:DF:EE:00:00:04,-56
BLE,1703391166190506106,D3:F4:55:AB:96:20,-71
BLE,1703391166577643836,D3:F4:55:AB:96:20,-68
BLE,1703391166775696713,D3:F4:55:AB:96:20,-72
BLE,1703391166962806756,D3:F4:55:AB:96:20,-68
BLE,1703391167164024056,DF:DF:EE:00:00:04,-56
BLE,1703391167626221351,DF:DF:EE:00:00:04,-53
BLE,1703391167679777535,DF:A6:DC:DC:2E:81,-73
BLE,1703391167679803785,DF:DF:EE:00:00:01,-73
BLE,1703391167730303670,D3:F4:55:AB:96:20,-68
BLE,1703391168163934206,DF:DF:EE:00:00:04,-53
BLE,1703391168633123756,DF:DF:EE:00:00:04,-53
BLE,1703391168681998743,DF:A6:DC:DC:2E:81,-72
BLE,1703391168682029826,DF:DF:EE:00:00:01,-72
BLE,1703391169168850009,DF:DF:EE:00:00:04,-50
BLE,1703391169626646437,DF:DF:EE:00:00:04,-53
BLE,1703391169647486951,D3:F4:55:AB:96:20,-70
BLE,1703391170228063111,D3:F4:55:AB:96:20,-66
BLE,1703391170617723397,D3:F4:55:AB:96:20,-71
BLE,1703391170628520399,DF:DF:EE:00:00:04,-50
BLE,1703391170683839271,DF:A6:DC:DC:2E:81,-71
BLE,1703391170683865396,DF:DF:EE:00:00:01,-71
BLE,1703391171185633576,D3:F4:55:AB:96:20,-71
BLE,1703391171379360418,D3:F4:55:AB:96:20,-70
BLE,1703391171629640119,DF:DF:EE:00:00:04,-52
BLE,1703391171688093789,DF:A6:DC:DC:2E:81,-72
BLE,1703391171688119414,DF:DF:EE:00:00:01,-72
BLE,1703391171768823081,D3:F4:55:AB:96:20,-71
BLE,1703391172159794352,D3:F4:55:AB:96:20,-68
BLE,1703391172357700439,D3:F4:55:AB:96:20,-72
BLE,1703391172546377422,D3:F4:55:AB:96:20,-66
BLE,1703391172694828987,DF:A6:DC:DC:2E:81,-76
BLE,1703391172694855862,DF:DF:EE:00:00:01,-76
BLE,1703391172739123485,D3:F4:55:AB:96:20,-72
BLE,1703391172931669841,D3:F4:55:AB:96:20,-72
BLE,1703391173167548955,DF:DF:EE:00:00:04,-73
BLE,1703391173512920077,D3:F4:55:AB:96:20,-66
BLE,1703391173628964385,DF:DF:EE:00:00:04,-53
BLE,1703391173699203712,DF:A6:DC:DC:2E:81,-71
BLE,1703391173699230420,DF:DF:EE:00:00:01,-71
BLE,1703391173706090384,D3:F4:55:AB:96:20,-72
BLE,1703391173893908544,D3:F4:55:AB:96:20,-68
BLE,1703391174085441787,D3:F4:55:AB:96:20,-72
BLE,1703391174277257360,D3:F4:55:AB:96:20,-67
BLE,1703391174625191910,DF:DF:EE:00:00:04,-55
BLE,1703391174659187108,D3:F4:55:AB:96:20,-66
BLE,1703391174848934704,D3:F4:55:AB:96:20,-72
BLE,1703391175038905590,D3:F4:55:AB:96:20,-68
BLE,1703391175168098998,DF:DF:EE:00:00:04,-64
BLE,1703391175617058361,D3:F4:55:AB:96:20,-72
BLE,1703391175630769455,DF:DF:EE:00:00:04,-53
BLE,1703391175716107153,DF:A6:DC:DC:2E:81,-73
BLE,1703391175716133569,DF:DF:EE:00:00:01,-73
BLE,1703391175811580194,D3:F4:55:AB:96:20,-72
BLE,1703391176002199281,D3:F4:55:AB:96:20,-72
BLE,1703391176167069284,DF:DF:EE:00:00:04,-51
BLE,1703391176190442561,D3:F4:55:AB:96:20,-67
BLE,1703391176382691629,D3:F4:55:AB:96:20,-72
BLE,1703391176578024162,D3:F4:55:AB:96:20,-70
BLE,1703391176624506842,DF:DF:EE:00:00:04,-53
BLE,1703391176725467363,DF:A6:DC:DC:2E:81,-72
BLE,1703391176725494446,DF:DF:EE:00:00:01,-72
BLE,1703391176772481038,D3:F4:55:AB:96:20,-68
BLE,1703391176967802279,D3:F4:55:AB:96:20,-72
BLE,1703391177154200788,D3:F4:55:AB:96:20,-67
BLE,1703391177163908137,DF:DF:EE:00:00:04,-52
BLE,1703391177347944423,D3:F4:55:AB:96:20,-72
BLE,1703391178113213278,D3:F4:55:AB:96:20,-72
BLE,1703391178166214135,DF:DF:EE:00:00:04,-50
BLE,1703391178308045775,D3:F4:55:AB:96:20,-70
BLE,1703391178626447370,DF:DF:EE:00:00:04,-53
BLE,1703391178695506169,D3:F4:55:AB:96:20,-71
BLE,1703391178885971716,D3:F4:55:AB:96:20,-68
BLE,1703391179078295574,D3:F4:55:AB:96:20,-70
BLE,1703391179747481895,DF:A6:DC:DC:2E:81,-71
BLE,1703391179747510312,DF:DF:EE:00:00:01,-71
BLE,1703391180035876830,D3:F4:55:AB:96:20,-68
BLE,1703391180165953396,DF:DF:EE:00:00:04,-67
BLE,1703391180420691879,D3:F4:55:AB:96:20,-66
BLE,1703391180612138331,D3:F4:55:AB:96:20,-72
BLE,1703391180626906872,DF:DF:EE:00:00:04,-53
BLE,1703391180799586370,D3:F4:55:AB:96:20,-68
BLE,1703391181170261538,DF:DF:EE:00:00:04,-52
BLE,1703391181188349999,D3:F4:55:AB:96:20,-70
BLE,1703391181571525192,D3:F4:55:AB:96:20,-72
BLE,1703391181755267898,DF:A6:DC:DC:2E:81,-72
BLE,1703391181755302981,DF:DF:EE:00:00:01,-72
BLE,1703391181962194716,D3:F4:55:AB:96:20,-72
BLE,1703391182150056334,D3:F4:55:AB:96:20,-69
BLE,1703391182534597802,D3:F4:55:AB:96:20,-68
BLE,1703391182728400894,D3:F4:55:AB:96:20,-72
BLE,1703391182757864101,DF:A6:DC:DC:2E:81,-74
BLE,1703391182757892018,DF:DF:EE:00:00:01,-74
BLE,1703391183168648147,DF:DF:EE:00:00:04,-52
BLE,1703391183500312091,D3:F4:55:AB:96:20,-67
BLE,1703391183695050756,D3:F4:55:AB:96:20,-72
BLE,1703391183760383764,DF:A6:DC:DC:2E:81,-76
BLE,1703391183760415555,DF:DF:EE:00:00:01,-76
BLE,1703391183889049220,D3:F4:55:AB:96:20,-72
BLE,1703391184165921869,DF:DF:EE:00:00:04,-56
BLE,1703391184270869178,D3:F4:55:AB:96:20,-70
BLE,1703391184656639091,D3:F4:55:AB:96:20,-70
BLE,1703391185165923852,DF:DF:EE:00:00:04,-50
BLE,1703391185627799276,DF:DF:EE:00:00:04,-63
BLE,1703391186006911348,D3:F4:55:AB:96:20,-72
BLE,1703391186198474299,D3:F4:55:AB:96:20,-68
BLE,1703391186387797400,D3:F4:55:AB:96:20,-71
BLE,1703391186773163068,D3:F4:55:AB:96:20,-72
BLE,1703391187538431882,D3:F4:55:AB:96:20,-70
BLE,1703391187633311305,DF:DF:EE:00:00:04,-55
BLE,1703391187731063945,D3:F4:55:AB:96:20,-68
BLE,1703391188163469329,DF:DF:EE:00:00:04,-53
BLE,1703391188316309261,D3:F4:55:AB:96:20,-68
BLE,1703391189087263052,D3:F4:55:AB:96:20,-71
BLE,1703391189282925331,D3:F4:55:AB:96:20,-69
BLE,1703391189479161020,D3:F4:55:AB:96:20,-71
BLE,1703391189670439391,D3:F4:55:AB:96:20,-70
BLE,1703391189783441108,DF:A6:DC:DC:2E:81,-72
BLE,1703391189783469441,DF:DF:EE:00:00:01,-72
BLE,1703391189866617289,D3:F4:55:AB:96:20,-68
BLE,1703391190160983823,DF:DF:EE:00:00:04,-51
BLE,1703391190249542860,D3:F4:55:AB:96:20,-66
BLE,1703391190443188703,D3:F4:55:AB:96:20,-72
BLE,1703391190823272972,D3:F4:55:AB:96:20,-70
BLE,1703391191015766163,D3:F4:55:AB:96:20,-68
BLE,1703391191401709907,D3:F4:55:AB:96:20,-69
BLE,1703391191623505348,DF:DF:EE:00:00:04,-35
BLE,1703391191793525168,D3:F4:55:AB:96:20,-57
BLE,1703391192052607227,DF:A6:DC:DC:2E:81,-58
BLE,1703391192052646602,DF:DF:EE:00:00:01,-58
BLE,1703391192169689232,D3:F4:55:AB:96:20,-62
BLE,1703391192365380427,D3:F4:55:AB:96:20,-52
BLE,1703391192629998299,DF:DF:EE:00:00:04,-56
BLE,1703391192746945888,D3:F4:55:AB:96:20,-53
BLE,1703391192939225164,D3:F4:55:AB:96:20,-61
BLE,1703391193132398388,D3:F4:55:AB:96:20,-66
BLE,1703391193162913333,DF:DF:EE:00:00:04,-66
BLE,1703391193322953850,D3:F4:55:AB:96:20,-57
BLE,1703391193510813343,D3:F4:55:AB:96:20,-53
BLE,1703391193898640774,D3:F4:55:AB:96:20,-68
BLE,1703391194095988409,D3:F4:55:AB:96:20,-68
BLE,1703391194163536518,DF:DF:EE:00:00:04,-50
BLE,1703391194292144933,D3:F4:55:AB:96:20,-72
BLE,1703391194478581400,D3:F4:55:AB:96:20,-67
BLE,1703391194623587754,DF:DF:EE:00:00:04,-52
BLE,1703391195055861264,DF:A6:DC:DC:2E:81,-76
BLE,1703391195055925889,DF:DF:EE:00:00:01,-76
BLE,1703391195058114864,D3:F4:55:AB:96:20,-72
BLE,1703391195168581610,DF:DF:EE:00:00:04,-55
BLE,1703391195629872582,DF:DF:EE:00:00:04,-51
BLE,1703391195637006293,D3:F4:55:AB:96:20,-71
BLE,1703391196061955011,DF:A6:DC:DC:2E:81,-71
BLE,1703391196062003469,DF:DF:EE:00:00:01,-71
BLE,1703391196216013054,D3:F4:55:AB:96:20,-68
BLE,1703391196609278424,D3:F4:55:AB:96:20,-82
BLE,1703391196799548056,D3:F4:55:AB:96:20,-68
BLE,1703391196993645645,D3:F4:55:AB:96:20,-73
BLE,1703391197166686764,DF:DF:EE:00:00:04,-37
BLE,1703391197188441850,D3:F4:55:AB:96:20,-56
BLE,1703391197382336191,D3:F4:55:AB:96:20,-66
BLE,1703391197576149200,D3:F4:55:AB:96:20,-57
BLE,1703391197628561771,DF:DF:EE:00:00:04,-45
BLE,1703391197768112521,D3:F4:55:AB:96:20,-66
BLE,1703391197961887113,D3:F4:55:AB:96:20,-56
BLE,1703391198154898589,D3:F4:55:AB:96:20,-56
BLE,1703391198163384784,DF:DF:EE:00:00:04,-51
BLE,1703391198536429842,D3:F4:55:AB:96:20,-56
BLE,1703391198623058025,DF:DF:EE:00:00:04,-35
BLE,1703391198730614179,D3:F4:55:AB:96:20,-66
BLE,1703391198926178251,D3:F4:55:AB:96:20,-72
BLE,1703391199880714125,D3:F4:55:AB:96:20,-52
BLE,1703391200054575694,DF:A6:DC:DC:2E:81,-76
BLE,1703391200054616693,DF:DF:EE:00:00:01,-76
BLE,1703391200163837953,DF:DF:EE:00:00:04,-56
BLE,1703391200262723414,D3:F4:55:AB:96:20,-66
BLE,1703391200621100805,DF:DF:EE:00:00:04,-50
BLE,1703391200651126423,D3:F4:55:AB:96:20,-70
BLE,1703391201037340331,D3:F4:55:AB:96:20,-71
BLE,1703391201053644645,DF:A6:DC:DC:2E:81,-73
BLE,1703391201053673687,DF:DF:EE:00:00:01,-73
BLE,1703391201162198205,DF:DF:EE:00:00:04,-51
BLE,1703391201228611285,D3:F4:55:AB:96:20,-69
BLE,1703391201418786126,D3:F4:55:AB:96:20,-56
BLE,1703391201800384086,D3:F4:55:AB:96:20,-72
BLE,1703391202182431917,D3:F4:55:AB:96:20,-70
BLE,1703391202565906606,D3:F4:55:AB:96:20,-70
BLE,1703391202626060590,DF:DF:EE:00:00:04,-50
BLE,1703391202755321831,D3:F4:55:AB:96:20,-72
BLE,1703391203051187848,DF:A6:DC:DC:2E:81,-72
BLE,1703391203051222181,DF:DF:EE:00:00:01,-72
BLE,1703391203143700589,D3:F4:55:AB:96:20,-68
BLE,1703391203628657835,DF:DF:EE:00:00:04,-55
BLE,1703391203901092076,D3:F4:55:AB:96:20,-72
BLE,1703391204169101992,DF:DF:EE:00:00:04,-65
BLE,1703391204473783409,D3:F4:55:AB:96:20,-68
BLE,1703391204666317474,D3:F4:55:AB:96:20,-72
BLE,1703391205047539730,D3:F4:55:AB:96:20,-72
BLE,1703391205167431119,DF:DF:EE:00:00:04,-51
BLE,1703391205242480184,D3:F4:55:AB:96:20,-72
BLE,1703391205437174099,D3:F4:55:AB:96:20,-68
BLE,1703391205633178916,DF:DF:EE:00:00:04,-54
BLE,1703391205822057189,D3:F4:55:AB:96:20,-66
BLE,1703391206060832729,DF:A6:DC:DC:2E:81,-75
BLE,1703391206060887811,DF:DF:EE:00:00:01,-75
BLE,1703391206165768163,DF:DF:EE:00:00:04,-53
BLE,1703391206398818476,D3:F4:55:AB:96:20,-72
BLE,1703391206782339123,D3:F4:55:AB:96:20,-72
BLE,1703391206971711556,D3:F4:55:AB:96:20,-68
BLE,1703391206973241956,D3:F4:55:AB:96:20,-71
BLE,1703391207168817528,DF:DF:EE:00:00:04,-50
BLE,1703391207622951206,DF:DF:EE:00:00:04,-50
BLE,1703391207935204120,D3:F4:55:AB:96:20,-68
BLE,1703391208057534190,DF:A6:DC:DC:2E:81,-71
BLE,1703391208057564523,DF:DF:EE:00:00:01,-71
BLE,1703391208163514987,DF:DF:EE:00:00:04,-51
BLE,1703391208321325488,D3:F4:55:AB:96:20,-68
BLE,1703391208514866083,D3:F4:55:AB:96:20,-72
BLE,1703391208628252879,DF:DF:EE:00:00:04,-56
BLE,1703391208701624338,D3:F4:55:AB:96:20,-68
BLE,1703391208893756490,D3:F4:55:AB:96:20,-56
BLE,1703391209165966026,DF:DF:EE:00:00:04,-54
BLE,1703391209861017595,D3:F4:55:AB:96:20,-71
BLE,1703391210049538914,D3:F4:55:AB:96:20,-68
BLE,1703391210163928657,DF:DF:EE:00:00:04,-51
BLE,1703391210622096165,DF:DF:EE:00:00:04,-52
BLE,1703391210816362001,D3:F4:55:AB:96:20,-67
BLE,1703391211055065917,DF:A6:DC:DC:2E:81,-75
BLE,1703391211055102458,DF:DF:EE:00:00:01,-75
BLE,1703391211208693423,D3:F4:55:AB:96:20,-72
BLE,1703391211588262532,D3:F4:55:AB:96:20,-70
BLE,1703391211629205775,DF:DF:EE:00:00:04,-50
BLE,1703391212051443066,DF:A6:DC:DC:2E:81,-72
BLE,1703391212051499899,DF:DF:EE:00:00:01,-72
BLE,1703391212164005497,D3:F4:55:AB:96:20,-52
BLE,1703391212166420386,DF:DF:EE:00:00:04,-36
BLE,1703391212624301981,DF:DF:EE:00:00:04,-52
BLE,1703391213054321891,DF:A6:DC:DC:2E:81,-71
BLE,1703391213054358224,DF:DF:EE:00:00:01,-71
BLE,1703391213168554803,DF:DF:EE:00:00:04,-56
BLE,1703391213312661043,D3:F4:55:AB:96:20,-68
BLE,1703391213503673083,D3:F4:55:AB:96:20,-71
BLE,1703391213627757049,DF:DF:EE:00:00:04,-51
BLE,1703391214167854711,DF:DF:EE:00:00:04,-51
BLE,1703391214467670016,D3:F4:55:AB:96:20,-70
BLE,1703391214632066858,DF:DF:EE:00:00:04,-55
BLE,1703391214852361108,D3:F4:55:AB:96:20,-71
BLE,1703391215047040023,D3:F4:55:AB:96:20,-68
BLE,1703391215052372213,DF:A6:DC:DC:2E:81,-70
BLE,1703391215052399379,DF:DF:EE:00:00:01,-70
BLE,1703391215166535000,DF:DF:EE:00:00:04,-52
BLE,1703391215623864976,DF:DF:EE:00:00:04,-55
BLE,1703391215628942585,D3:F4:55:AB:96:20,-69
BLE,1703391215825495812,D3:F4:55:AB:96:20,-72
BLE,1703391216012335942,D3:F4:55:AB:96:20,-67
BLE,1703391216629282898,DF:DF:EE:00:00:04,-52
BLE,1703391216787466685,D3:F4:55:AB:96:20,-72
BLE,1703391216981851312,D3:F4:55:AB:96:20,-68
BLE,1703391217168067699,DF:DF:EE:00:00:04,-53
BLE,1703391217558382810,D3:F4:55:AB:96:20,-72
BLE,1703391217753735218,D3:F4:55:AB:96:20,-70
BLE,1703391218055409585,DF:A6:DC:DC:2E:81,-75
BLE,1703391218055464752,DF:DF:EE:00:00:01,-75
BLE,1703391218142501680,D3:F4:55:AB:96:20,-72
BLE,1703391218165349338,DF:DF:EE:00:00:04,-55
BLE,1703391218337907921,D3:F4:55:AB:96:20,-71
BLE,1703391218527233355,D3:F4:55:AB:96:20,-72
BLE,1703391218631125634,DF:DF:EE:00:00:04,-52
BLE,1703391218714581270,D3:F4:55:AB:96:20,-68
BLE,1703391219060540135,DF:A6:DC:DC:2E:81,-72
BLE,1703391219060576385,DF:DF:EE:00:00:01,-72
BLE,1703391219109160500,D3:F4:55:AB:96:20,-72
BLE,1703391219161781694,DF:DF:EE:00:00:04,-59
BLE,1703391219300013500,D3:F4:55:AB:96:20,-68
BLE,1703391219882404932,D3:F4:55:AB:96:20,-52
BLE,1703391220052119339,DF:A6:DC:DC:2E:81,-57
BLE,1703391220052152547,DF:DF:EE:00:00:01,-57
BLE,1703391220076251648,D3:F4:55:AB:96:20,-72
BLE,1703391220272403630,D3:F4:55:AB:96:20,-56
BLE,1703391220461722398,D3:F4:55:AB:96:20,-72
BLE,1703391221052223779,DF:A6:DC:DC:2E:81,-58
BLE,1703391221052269987,DF:DF:EE:00:00:01,-58
BLE,1703391221625665103,DF:DF:EE:00:00:04,-52
BLE,1703391221817292762,D3:F4:55:AB:96:20,-69
BLE,1703391222206357387,D3:F4:55:AB:96:20,-70
BLE,1703391222395574281,D3:F4:55:AB:96:20,-72
BLE,1703391222581898708,D3:F4:55:AB:96:20,-68
BLE,1703391222780264165,D3:F4:55:AB:96:20,-71
BLE,1703391222967155752,D3:F4:55:AB:96:20,-68
BLE,1703391223054668425,DF:A6:DC:DC:2E:81,-72
BLE,1703391223054697008,DF:DF:EE:00:00:01,-72
BLE,1703391223729051854,D3:F4:55:AB:96:20,-68
BLE,1703391224061663787,DF:A6:DC:DC:2E:81,-75
BLE,1703391224061716995,DF:DF:EE:00:00:01,-75
BLE,1703391224164111624,DF:DF:EE:00:00:04,-52
BLE,1703391224628748142,DF:DF:EE:00:00:04,-51
BLE,1703391224684138180,D3:F4:55:AB:96:20,-71
BLE,1703391225071057080,DF:A6:DC:DC:2E:81,-72
BLE,1703391225071118246,DF:DF:EE:00:00:01,-72
BLE,1703391225073162681,D3:F4:55:AB:96:20,-72
BLE,1703391225267240562,D3:F4:55:AB:96:20,-70
BLE,1703391225462864341,D3:F4:55:AB:96:20,-69
BLE,1703391225657407716,D3:F4:55:AB:96:20,-71
BLE,1703391226072779669,DF:A6:DC:DC:2E:81,-71
BLE,1703391226072824043,DF:DF:EE:00:00:01,-71
BLE,1703391226162254903,DF:DF:EE:00:00:04,-51
BLE,1703391226234090796,D3:F4:55:AB:96:20,-72
BLE,1703391226811572991,D3:F4:55:AB:96:20,-75
BLE,1703391227165554182,DF:DF:EE:00:00:04,-55
BLE,1703391227579498400,D3:F4:55:AB:96:20,-68
BLE,1703391227621555673,DF:DF:EE:00:00:04,-50
BLE,1703391227774006401,D3:F4:55:AB:96:20,-72
BLE,1703391227969978301,D3:F4:55:AB:96:20,-56
BLE,1703391228081347829,DF:A6:DC:DC:2E:81,-71
BLE,1703391228081375204,DF:DF:EE:00:00:01,-71
BLE,1703391228165094753,D3:F4:55:AB:96:20,-67
BLE,1703391228166610236,DF:DF:EE:00:00:04,-51
BLE,1703391228546405634,D3:F4:55:AB:96:20,-68
BLE,1703391228621122452,DF:DF:EE:00:00:04,-52
BLE,1703391228939743044,D3:F4:55:AB:96:20,-72
BLE,1703391229084341194,DF:A6:DC:DC:2E:81,-72
BLE,1703391229084372611,DF:DF:EE:00:00:01,-72
BLE,1703391229161975855,DF:DF:EE:00:00:04,-53
BLE,1703391229327922930,D3:F4:55:AB:96:20,-72
BLE,1703391229514012026,D3:F4:55:AB:96:20,-53
BLE,1703391229625341096,DF:DF:EE:00:00:04,-50
BLE,1703391230093281118,D3:F4:55:AB:96:20,-73
BLE,1703391230851639260,D3:F4:55:AB:96:20,-71
BLE,1703391231045718432,D3:F4:55:AB:96:20,-67
BLE,1703391231159245268,DF:DF:EE:00:00:04,-50
BLE,1703391231242088912,D3:F4:55:AB:96:20,-72
BLE,1703391231429133622,D3:F4:55:AB:96:20,-68
BLE,1703391231622817798,DF:DF:EE:00:00:04,-55
BLE,1703391231809633636,D3:F4:55:AB:96:20,-69
BLE,1703391232001206462,D3:F4:55:AB:96:20,-71
BLE,1703391232166850290,DF:DF:EE:00:00:04,-50
BLE,1703391232951103555,D3:F4:55:AB:96:20,-72
BLE,1703391233104050361,DF:A6:DC:DC:2E:81,-76
BLE,1703391233104079319,DF:DF:EE:00:00:01,-76
BLE,1703391233144415153,D3:F4:55:AB:96:20,-70
BLE,1703391233159444940,DF:DF:EE:00:00:04,-66
BLE,1703391233524497630,D3:F4:55:AB:96:20,-71
BLE,1703391233624392913,DF:DF:EE:00:00:04,-55
BLE,1703391233713929189,D3:F4:55:AB:96:20,-72
BLE,1703391234096303390,D3:F4:55:AB:96:20,-72
BLE,1703391234163027174,DF:DF:EE:00:00:04,-55
BLE,1703391234283845678,D3:F4:55:AB:96:20,-65
BLE,1703391234478141681,D3:F4:55:AB:96:20,-72
BLE,1703391234627337154,DF:DF:EE:00:00:04,-52
BLE,1703391234671941023,D3:F4:55:AB:96:20,-71
BLE,1703391234868582333,D3:F4:55:AB:96:20,-68
BLE,1703391235161757880,DF:DF:EE:00:00:04,-50
BLE,1703391235441466664,D3:F4:55:AB:96:20,-70
BLE,1703391235634324350,D3:F4:55:AB:96:20,-68
BLE,1703391236018717987,D3:F4:55:AB:96:20,-68
BLE,1703391236107778226,DF:A6:DC:DC:2E:81,-71
BLE,1703391236107810392,DF:DF:EE:00:00:01,-71
BLE,1703391236166143647,DF:DF:EE:00:00:04,-55
BLE,1703391236414558785,D3:F4:55:AB:96:20,-72
BLE,1703391236626673419,DF:DF:EE:00:00:04,-50
BLE,1703391237622387409,DF:DF:EE:00:00:04,-53
BLE,1703391237951202302,D3:F4:55:AB:96:20,-68
BLE,1703391238117075961,DF:A6:DC:DC:2E:81,-71
BLE,1703391238117108711,DF:DF:EE:00:00:01,-71
BLE,1703391238527563760,D3:F4:55:AB:96:20,-72
BLE,1703391238715040466,D3:F4:55:AB:96:20,-68
BLE,1703391238905420013,D3:F4:55:AB:96:20,-71
BLE,1703391239099225522,D3:F4:55:AB:96:20,-68
BLE,1703391239163894704,DF:DF:EE:00:00:04,-50
BLE,1703391239295412295,D3:F4:55:AB:96:20,-72
BLE,1703391239482148342,D3:F4:55:AB:96:20,-68
BLE,1703391239626020417,DF:DF:EE:00:00:04,-52
BLE,1703391239866826559,D3:F4:55:AB:96:20,-68
BLE,1703391240161912668,DF:DF:EE:00:00:04,-52
BLE,1703391240638140679,D3:F4:55:AB:96:20,-72
BLE,1703391240829208802,D3:F4:55:AB:96:20,-68
BLE,1703391241629040016,DF:DF:EE:00:00:04,-53
BLE,1703391242166344125,DF:DF:EE:00:00:04,-53
BLE,1703391242369302988,D3:F4:55:AB:96:20,-71
BLE,1703391242565581510,D3:F4:55:AB:96:20,-67
BLE,1703391242755128692,D3:F4:55:AB:96:20,-70
BLE,1703391242952202830,D3:F4:55:AB:96:20,-70
BLE,1703391243131895541,DF:A6:DC:DC:2E:81,-71
BLE,1703391243131926041,DF:DF:EE:00:00:01,-71
BLE,1703391243146997744,D3:F4:55:AB:96:20,-68
BLE,1703391243161730244,DF:DF:EE:00:00:04,-55
BLE,1703391243623158257,DF:DF:EE:00:00:04,-50
BLE,1703391243927597051,D3:F4:55:AB:96:20,-72
BLE,1703391244116359950,D3:F4:55:AB:96:20,-67
BLE,1703391244139222982,DF:A6:DC:DC:2E:81,-74
BLE,1703391244139252857,DF:DF:EE:00:00:01,-74
BLE,1703391244163004129,DF:DF:EE:00:00:04,-50
BLE,1703391244314579284,D3:F4:55:AB:96:20,-72
BLE,1703391244506044944,D3:F4:55:AB:96:20,-72
BLE,1703391244696241868,D3:F4:55:AB:96:20,-72
BLE,1703391244889589215,D3:F4:55:AB:96:20,-72
BLE,1703391245084453004,D3:F4:55:AB:96:20,-68
BLE,1703391245160590556,DF:DF:EE:00:00:04,-52
BLE,1703391245471897106,D3:F4:55:AB:96:20,-70
BLE,1703391245625437697,DF:DF:EE:00:00:04,-51
BLE,1703391245859254751,D3:F4:55:AB:96:20,-72
BLE,1703391246052239102,D3:F4:55:AB:96:20,-69
BLE,1703391246154484900,DF:A6:DC:DC:2E:81,-75
BLE,1703391246154517483,DF:DF:EE:00:00:01,-75
BLE,1703391246166632262,DF:DF:EE:00:00:04,-51
BLE,1703391246244376880,D3:F4:55:AB:96:20,-72
BLE,1703391246624015446,D3:F4:55:AB:96:20,-70
BLE,1703391246626324086,DF:DF:EE:00:00:04,-56
BLE,1703391246814795989,D3:F4:55:AB:96:20,-69
BLE,1703391247579100813,D3:F4:55:AB:96:20,-69
BLE,1703391247624390591,DF:DF:EE:00:00:04,-51
BLE,1703391247778075847,D3:F4:55:AB:96:20,-72
BLE,1703391247963937445,D3:F4:55:AB:96:20,-67
BLE,1703391248167332053,DF:DF:EE:00:00:04,-50
BLE,1703391248622011393,DF:DF:EE:00:00:04,-52
BLE,1703391249121376516,D3:F4:55:AB:96:20,-71
BLE,1703391249161440562,DF:A6:DC:DC:2E:81,-71
BLE,1703391249161469270,DF:DF:EE:00:00:01,-71
BLE,1703391250070810156,D3:F4:55:AB:96:20,-72
BLE,1703391250165058503,DF:A6:DC:DC:2E:81,-75
BLE,1703391250165086961,DF:DF:EE:00:00:01,-75
BLE,1703391250454339887,D3:F4:55:AB:96:20,-72
BLE,1703391250620857247,DF:DF:EE:00:00:04,-50
BLE,1703391251166879049,DF:DF:EE:00:00:04,-53
BLE,1703391251406490121,D3:F4:55:AB:96:20,-66
BLE,1703391251983597279,D3:F4:55:AB:96:20,-72
BLE,1703391252165921168,DF:DF:EE:00:00:04,-55
BLE,1703391252169482169,D3:F4:55:AB:96:20,-68
BLE,1703391252180687042,DF:A6:DC:DC:2E:81,-73
BLE,1703391252180713625,DF:DF:EE:00:00:01,-73
BLE,1703391252368461286,D3:F4:55:AB:96:20,-72
BLE,1703391252557242560,D3:F4:55:AB:96:20,-68
BLE,1703391252624663336,DF:DF:EE:00:00:04,-50
BLE,1703391252944357999,D3:F4:55:AB:96:20,-72
BLE,1703391253137946135,D3:F4:55:AB:96:20,-68
BLE,1703391253182848250,DF:A6:DC:DC:2E:81,-73
BLE,1703391253182874292,DF:DF:EE:00:00:01,-73
BLE,1703391253527736586,D3:F4:55:AB:96:20,-70
BLE,1703391253628165571,DF:DF:EE:00:00:04,-55
BLE,1703391254098295693,D3:F4:55:AB:96:20,-72
BLE,1703391254192654455,DF:A6:DC:DC:2E:81,-75
BLE,1703391254192689455,DF:DF:EE:00:00:01,-75
BLE,1703391254684564247,D3:F4:55:AB:96:20,-72
BLE,1703391255161863413,DF:DF:EE:00:00:04,-61
BLE,1703391255193401346,DF:A6:DC:DC:2E:81,-71
BLE,1703391255193428263,DF:DF:EE:00:00:01,-71
BLE,1703391255642104295,D3:F4:55:AB:96:20,-72
BLE,1703391255832898671,D3:F4:55:AB:96:20,-72
BLE,1703391256020314294,D3:F4:55:AB:96:20,-68
BLE,1703391256169543850,DF:DF:EE:00:00:04,-55
BLE,1703391256414879940,D3:F4:55:AB:96:20,-71
BLE,1703391256602782808,D3:F4:55:AB:96:20,-68
BLE,1703391256626945575,DF:DF:EE:00:00:04,-51
BLE,1703391256799492742,D3:F4:55:AB:96:20,-72
BLE,1703391257161542174,DF:DF:EE:00:00:04,-55
BLE,1703391257182923556,D3:F4:55:AB:96:20,-72
BLE,1703391257567459608,D3:F4:55:AB:96:20,-72
BLE,1703391257625635240,DF:DF:EE:00:00:04,-53
BLE,1703391257754168239,D3:F4:55:AB:96:20,-68
BLE,1703391258169136612,DF:DF:EE:00:00:04,-55
BLE,1703391258209056826,DF:A6:DC:DC:2E:81,-72
BLE,1703391258209082992,DF:DF:EE:00:00:01,-72
BLE,1703391258332424884,D3:F4:55:AB:96:20,-72
BLE,1703391258914491194,D3:F4:55:AB:96:20,-72
BLE,1703391259101284365,D3:F4:55:AB:96:20,-69
BLE,1703391259164073111,DF:DF:EE:00:00:04,-55
BLE,1703391259292080200,D3:F4:55:AB:96:20,-70
BLE,1703391259486513910,D3:F4:55:AB:96:20,-67
BLE,1703391259626615861,DF:DF:EE:00:00:04,-52
BLE,1703391259682121773,D3:F4:55:AB:96:20,-72
BLE,1703391259873554017,D3:F4:55:AB:96:20,-72
BLE,1703391260067986560,D3:F4:55:AB:96:20,-68
BLE,1703391260166069738,DF:DF:EE:00:00:04,-53
BLE,1703391260210489275,DF:A6:DC:DC:2E:81,-71
BLE,1703391260210517109,DF:DF:EE:00:00:01,-71
BLE,1703391260266526889,D3:F4:55:AB:96:20,-72
BLE,1703391260453379019,D3:F4:55:AB:96:20,-68
BLE,1703391260621352695,DF:DF:EE:00:00:04,-56
BLE,1703391260644454850,D3:F4:55:AB:96:20,-72
BLE,1703391260835953760,D3:F4:55:AB:96:20,-68
BLE,1703391261029861934,D3:F4:55:AB:96:20,-72
BLE,1703391261223623318,D3:F4:55:AB:96:20,-72
BLE,1703391261605070988,D3:F4:55:AB:96:20,-70
BLE,1703391261623472404,DF:DF:EE:00:00:04,-52
BLE,1703391262164160184,DF:DF:EE:00:00:04,-50
BLE,1703391262184026875,D3:F4:55:AB:96:20,-67
BLE,1703391262223383178,DF:A6:DC:DC:2E:81,-75
BLE,1703391262223408636,DF:DF:EE:00:00:01,-75
BLE,1703391262380985431,D3:F4:55:AB:96:20,-72
BLE,1703391262573195083,D3:F4:55:AB:96:20,-56
BLE,1703391262621744532,DF:DF:EE:00:00:04,-53
BLE,1703391262950672590,D3:F4:55:AB:96:20,-66
BLE,1703391263160982536,DF:DF:EE:00:00:04,-53
BLE,1703391263233876084,DF:A6:DC:DC:2E:81,-75
BLE,1703391263233904000,DF:DF:EE:00:00:01,-75
BLE,1703391263333859907,D3:F4:55:AB:96:20,-68
BLE,1703391264098011942,D3:F4:55:AB:96:20,-67
BLE,1703391265164836917,DF:DF:EE:00:00:04,-52
BLE,1703391265245056256,DF:A6:DC:DC:2E:81,-72
BLE,1703391265245085714,DF:DF:EE:00:00:01,-72
BLE,1703391265254539482,D3:F4:55:AB:96:20,-68
BLE,1703391265449894640,D3:F4:55:AB:96:20,-67
BLE,1703391265625382148,DF:DF:EE:00:00:04,-50
BLE,1703391265836330587,D3:F4:55:AB:96:20,-72
BLE,1703391266032285071,D3:F4:55:AB:96:20,-68
BLE,1703391266227275566,D3:F4:55:AB:96:20,-72
BLE,1703391266250837049,DF:A6:DC:DC:2E:81,-75
BLE,1703391266250863132,DF:DF:EE:00:00:01,-75
BLE,1703391266421409113,D3:F4:55:AB:96:20,-70
BLE,1703391267163076361,DF:DF:EE:00:00:04,-54
BLE,1703391267189169106,D3:F4:55:AB:96:20,-56
BLE,1703391267260793502,DF:A6:DC:DC:2E:81,-75
BLE,1703391267260821335,DF:DF:EE:00:00:01,-75
BLE,1703391267381034845,D3:F4:55:AB:96:20,-68
BLE,1703391267575130476,D3:F4:55:AB:96:20,-72
BLE,1703391267624849245,DF:DF:EE:00:00:04,-55
BLE,1703391267761788690,D3:F4:55:AB:96:20,-68
BLE,1703391267958000255,D3:F4:55:AB:96:20,-71
BLE,1703391268153591993,D3:F4:55:AB:96:20,-72
BLE,1703391268159260929,DF:DF:EE:00:00:04,-55
BLE,1703391268269588635,DF:A6:DC:DC:2E:81,-71
BLE,1703391268269613968,DF:DF:EE:00:00:01,-71
BLE,1703391268534960081,D3:F4:55:AB:96:20,-70
BLE,1703391268621640139,DF:DF:EE:00:00:04,-50
BLE,1703391269109535893,D3:F4:55:AB:96:20,-72
BLE,1703391269166201500,DF:DF:EE:00:00:04,-52
BLE,1703391269277331072,DF:A6:DC:DC:2E:81,-72
BLE,1703391269277357030,DF:DF:EE:00:00:01,-72
BLE,1703391269299683610,D3:F4:55:AB:96:20,-70
BLE,1703391269491361726,D3:F4:55:AB:96:20,-72
BLE,1703391269623715307,DF:DF:EE:00:00:04,-39
BLE,1703391269686159348,D3:F4:55:AB:96:20,-71
BLE,1703391270077967109,D3:F4:55:AB:96:20,-72
BLE,1703391270458595705,D3:F4:55:AB:96:20,-72
BLE,1703391270622367847,DF:DF:EE:00:00:04,-50
BLE,1703391271030454340,D3:F4:55:AB:96:20,-68
BLE,1703391271167363994,DF:DF:EE:00:00:04,-53
BLE,1703391271223617772,D3:F4:55:AB:96:20,-72
BLE,1703391271288592868,DF:A6:DC:DC:2E:81,-75
BLE,1703391271288619701,DF:DF:EE:00:00:01,-75
BLE,1703391271409558662,D3:F4:55:AB:96:20,-68
BLE,1703391271605023026,D3:F4:55:AB:96:20,-72
BLE,1703391271795033703,D3:F4:55:AB:96:20,-68
BLE,1703391272166076325,DF:DF:EE:00:00:04,-56
BLE,1703391272183601918,D3:F4:55:AB:96:20,-70
BLE,1703391272291555734,DF:A6:DC:DC:2E:81,-71
BLE,1703391272291596650,DF:DF:EE:00:00:01,-71
BLE,1703391272571201685,D3:F4:55:AB:96:20,-72
BLE,1703391272757249490,D3:F4:55:AB:96:20,-69
BLE,1703391273147555560,D3:F4:55:AB:96:20,-70
BLE,1703391273532452024,D3:F4:55:AB:96:20,-70
BLE,1703391273916110253,D3:F4:55:AB:96:20,-71
BLE,1703391274159709155,DF:DF:EE:00:00:04,-52
BLE,1703391274296343146,D3:F4:55:AB:96:20,-70
BLE,1703391274306287116,DF:A6:DC:DC:2E:81,-75
BLE,1703391274306314366,DF:DF:EE:00:00:01,-75
BLE,1703391274488153802,D3:F4:55:AB:96:20,-72
BLE,1703391274682388264,D3:F4:55:AB:96:20,-72
BLE,1703391274877369759,D3:F4:55:AB:96:20,-67
BLE,1703391275164588582,DF:DF:EE:00:00:04,-50
BLE,1703391275258491100,D3:F4:55:AB:96:20,-68
BLE,1703391275304568577,DF:A6:DC:DC:2E:81,-73
BLE,1703391275304594618,DF:DF:EE:00:00:01,-73
BLE,1703391275453141682,D3:F4:55:AB:96:20,-72
BLE,1703391275649281164,D3:F4:55:AB:96:20,-70
BLE,1703391276028111781,D3:F4:55:AB:96:20,-70
BLE,1703391276157459271,DF:DF:EE:00:00:04,-50
BLE,1703391276309719918,DF:A6:DC:DC:2E:81,-75
BLE,1703391276309748918,DF:DF:EE:00:00:01,-75
BLE,1703391276408035844,D3:F4:55:AB:96:20,-67
BLE,1703391276786566297,D3:F4:55:AB:96:20,-66
BLE,1703391277160660801,DF:DF:EE:00:00:04,-55
BLE,1703391277179509420,D3:F4:55:AB:96:20,-70
BLE,1703391277319110878,DF:A6:DC:DC:2E:81,-75
BLE,1703391277319141877,DF:DF:EE:00:00:01,-75
BLE,1703391277374862286,D3:F4:55:AB:96:20,-66
BLE,1703391277620586372,DF:DF:EE:00:00:04,-50
BLE,1703391278144990212,D3:F4:55:AB:96:20,-70
BLE,1703391278323724308,DF:A6:DC:DC:2E:81,-73
BLE,1703391278323761974,DF:DF:EE:00:00:01,-73
BLE,1703391278341132444,D3:F4:55:AB:96:20,-68
BLE,1703391278728958000,D3:F4:55:AB:96:20,-72
BLE,1703391278918255060,D3:F4:55:AB:96:20,-72
BLE,1703391279104416364,D3:F4:55:AB:96:20,-68
BLE,1703391279164345267,DF:DF:EE:00:00:04,-55
BLE,1703391279294869452,D3:F4:55:AB:96:20,-70
BLE,1703391279325546354,DF:A6:DC:DC:2E:81,-76
BLE,1703391279325571978,DF:DF:EE:00:00:01,-76
BLE,1703391279489765656,D3:F4:55:AB:96:20,-68
BLE,1703391279624704292,DF:DF:EE:00:00:04,-51
BLE,1703391279684160117,D3:F4:55:AB:96:20,-73
BLE,1703391280067863428,D3:F4:55:AB:96:20,-56
BLE,1703391280255060303,D3:F4:55:AB:96:20,-52
BLE,1703391280452182024,D3:F4:55:AB:96:20,-68
BLE,1703391280628711521,DF:DF:EE:00:00:04,-55
BLE,1703391280645207167,D3:F4:55:AB:96:20,-70
BLE,1703391280842179098,D3:F4:55:AB:96:20,-72
BLE,1703391281164360566,DF:DF:EE:00:00:04,-55
BLE,1703391281225396206,D3:F4:55:AB:96:20,-70
BLE,1703391281332588948,DF:A6:DC:DC:2E:81,-72
BLE,1703391281332616906,DF:DF:EE:00:00:01,-72
BLE,1703391281606887460,D3:F4:55:AB:96:20,-70
BLE,1703391281799207527,D3:F4:55:AB:96:20,-72
BLE,1703391281992512624,D3:F4:55:AB:96:20,-70
BLE,1703391282165757241,DF:DF:EE:00:00:04,-50
BLE,1703391282187538202,D3:F4:55:AB:96:20,-68
BLE,1703391282959198069,D3:F4:55:AB:96:20,-70
BLE,1703391283152715706,D3:F4:55:AB:96:20,-52
BLE,1703391283335009345,DF:A6:DC:DC:2E:81,-72
BLE,1703391283335038969,DF:DF:EE:00:00:01,-72
BLE,1703391283348777147,D3:F4:55:AB:96:20,-72
BLE,1703391283538327579,D3:F4:55:AB:96:20,-68
BLE,1703391283622267293,DF:DF:EE:00:00:04,-54
BLE,1703391283731244806,D3:F4:55:AB:96:20,-72
BLE,1703391283927413621,D3:F4:55:AB:96:20,-56
BLE,1703391284165334129,DF:DF:EE:00:00:04,-51
BLE,1703391284307990426,D3:F4:55:AB:96:20,-70
BLE,1703391285162532268,DF:DF:EE:00:00:04,-53
BLE,1703391285614594637,DF:A6:DC:DC:2E:81,-72
BLE,1703391285614624929,DF:DF:EE:00:00:01,-72
BLE,1703391285623802616,DF:DF:EE:00:00:04,-55
BLE,1703391285645043917,D3:F4:55:AB:96:20,-72
BLE,1703391285835856293,D3:F4:55:AB:96:20,-66
BLE,1703391285837185444,D3:F4:55:AB:96:20,-70
BLE,1703391286025876886,D3:F4:55:AB:96:20,-72
BLE,1703391286214883657,D3:F4:55:AB:96:20,-53
BLE,1703391286622796235,DF:DF:EE:00:00:04,-50
BLE,1703391286797782833,D3:F4:55:AB:96:20,-68
BLE,1703391286994066605,D3:F4:55:AB:96:20,-72
BLE,1703391287162005699,DF:DF:EE:00:00:04,-50
BLE,1703391287188316650,D3:F4:55:AB:96:20,-70
BLE,1703391287617575028,DF:A6:DC:DC:2E:81,-72
BLE,1703391287617610694,DF:DF:EE:00:00:01,-72
BLE,1703391287626334637,DF:DF:EE:00:00:04,-56
BLE,1703391287762419675,D3:F4:55:AB:96:20,-72
BLE,1703391287950798037,D3:F4:55:AB:96:20,-74
BLE,1703391288142059741,D3:F4:55:AB:96:20,-56
BLE,1703391288167583993,DF:DF:EE:00:00:04,-56
BLE,1703391288328416126,D3:F4:55:AB:96:20,-66
BLE,1703391288624280935,DF:DF:EE:00:00:04,-50
BLE,1703391288897495333,D3:F4:55:AB:96:20,-70
BLE,1703391289089693652,D3:F4:55:AB:96:20,-72
BLE,1703391289281783805,D3:F4:55:AB:96:20,-71
BLE,1703391289475319233,D3:F4:55:AB:96:20,-68
BLE,1703391289611462730,DF:A6:DC:DC:2E:81,-72
BLE,1703391289611492604,DF:DF:EE:00:00:01,-72
BLE,1703391289620971788,DF:DF:EE:00:00:04,-52
BLE,1703391289664284172,D3:F4:55:AB:96:20,-70
BLE,1703391289858675924,D3:F4:55:AB:96:20,-68
BLE,1703391290057785164,D3:F4:55:AB:96:20,-72
BLE,1703391290245927112,D3:F4:55:AB:96:20,-68
BLE,1703391290440297739,D3:F4:55:AB:96:20,-57
BLE,1703391290624903018,DF:DF:EE:00:00:04,-50
BLE,1703391290823349099,D3:F4:55:AB:96:20,-72
BLE,1703391291008978992,D3:F4:55:AB:96:20,-68
BLE,1703391291159268495,DF:DF:EE:00:00:04,-55
BLE,1703391291199642536,D3:F4:55:AB:96:20,-71
BLE,1703391291395347190,D3:F4:55:AB:96:20,-71
BLE,1703391291590899304,D3:F4:55:AB:96:20,-68
BLE,1703391291627693678,DF:DF:EE:00:00:04,-62
BLE,1703391291780905814,D3:F4:55:AB:96:20,-70
BLE,1703391291975043360,D3:F4:55:AB:96:20,-66
BLE,1703391292163430764,DF:DF:EE:00:00:04,-54
BLE,1703391292165781445,D3:F4:55:AB:96:20,-58
BLE,1703391292558642486,D3:F4:55:AB:96:20,-67
BLE,1703391292610079027,DF:A6:DC:DC:2E:81,-71
BLE,1703391292610106194,DF:DF:EE:00:00:01,-71
BLE,1703391292620162871,DF:DF:EE:00:00:04,-56
BLE,1703391292943108372,D3:F4:55:AB:96:20,-68
BLE,1703391293138298240,D3:F4:55:AB:96:20,-71
BLE,1703391293160809318,DF:DF:EE:00:00:04,-55
BLE,1703391293327709007,D3:F4:55:AB:96:20,-68
BLE,1703391293617780131,DF:DF:EE:00:00:04,-51
BLE,1703391294163520104,DF:DF:EE:00:00:04,-52
BLE,1703391294292682138,D3:F4:55:AB:96:20,-67
BLE,1703391294613063335,DF:A6:DC:DC:2E:81,-72
BLE,1703391294613094417,DF:DF:EE:00:00:01,-72
BLE,1703391294620185004,DF:DF:EE:00:00:04,-55
BLE,1703391294685016309,D3:F4:55:AB:96:20,-70
BLE,1703391295071280842,D3:F4:55:AB:96:20,-56
BLE,1703391295162210060,DF:DF:EE:00:00:04,-54
BLE,1703391295266622500,D3:F4:55:AB:96:20,-72
BLE,1703391295609855562,DF:A6:DC:DC:2E:81,-76
BLE,1703391295609884603,DF:DF:EE:00:00:01,-76
BLE,1703391295622734249,DF:DF:EE:00:00:04,-50
BLE,1703391295648985493,D3:F4:55:AB:96:20,-72
BLE,1703391295840686567,D3:F4:55:AB:96:20,-72
BLE,1703391296608499727,DF:A6:DC:DC:2E:81,-72
BLE,1703391296608555768,DF:DF:EE:00:00:01,-72
BLE,1703391296617240670,D3:F4:55:AB:96:20,-70
BLE,1703391296627586719,DF:DF:EE:00:00:04,-56
BLE,1703391297006867789,D3:F4:55:AB:96:20,-72
BLE,1703391297162439898,DF:DF:EE:00:00:04,-39
BLE,1703391297197963578,D3:F4:55:AB:96:20,-69
BLE,1703391297588390438,D3:F4:55:AB:96:20,-70
BLE,1703391297589747173,D3:F4:55:AB:96:20,-72
BLE,1703391297622835631,DF:DF:EE:00:00:04,-51
BLE,1703391297777276253,D3:F4:55:AB:96:20,-68
BLE,1703391297966337524,D3:F4:55:AB:96:20,-56
BLE,1703391298161491725,DF:DF:EE:00:00:04,-50
BLE,1703391298351357987,D3:F4:55:AB:96:20,-72
BLE,1703391298544469086,D3:F4:55:AB:96:20,-68
BLE,1703391298612292567,DF:A6:DC:DC:2E:81,-72
BLE,1703391298612321108,DF:DF:EE:00:00:01,-72
BLE,1703391298628464133,DF:DF:EE:00:00:04,-55
BLE,1703391298733227319,D3:F4:55:AB:96:20,-56
BLE,1703391298929037096,D3:F4:55:AB:96:20,-68
BLE,1703391299122298403,D3:F4:55:AB:96:20,-72
BLE,1703391299165534204,DF:DF:EE:00:00:04,-54
BLE,1703391299311916126,D3:F4:55:AB:96:20,-67
BLE,1703391299502865833,D3:F4:55:AB:96:20,-72
BLE,1703391299626077310,DF:DF:EE:00:00:04,-35
BLE,1703391299894173475,D3:F4:55:AB:96:20,-68
BLE,1703391300091587609,D3:F4:55:AB:96:20,-71
BLE,1703391300163558751,DF:DF:EE:00:00:04,-50
BLE,1703391300282304195,D3:F4:55:AB:96:20,-70
BLE,1703391300471305299,D3:F4:55:AB:96:20,-72
BLE,1703391300612305532,DF:A6:DC:DC:2E:81,-72
BLE,1703391300612335074,DF:DF:EE:00:00:01,-72
BLE,1703391300629198341,DF:DF:EE:00:00:04,-54
BLE,1703391300659407456,D3:F4:55:AB:96:20,-69
BLE,1703391300855402856,D3:F4:55:AB:96:20,-72
BLE,1703391301041838449,D3:F4:55:AB:96:20,-66
BLE,1703391301235366752,D3:F4:55:AB:96:20,-72
BLE,1703391301431280487,D3:F4:55:AB:96:20,-72
BLE,1703391302012215601,D3:F4:55:AB:96:20,-68
BLE,1703391302165533611,DF:DF:EE:00:00:04,-50
BLE,1703391302588934014,D3:F4:55:AB:96:20,-72
BLE,1703391302619718872,DF:DF:EE:00:00:04,-50
BLE,1703391302774283618,D3:F4:55:AB:96:20,-68
BLE,1703391302968788744,D3:F4:55:AB:96:20,-56
BLE,1703391303165002017,D3:F4:55:AB:96:20,-72
BLE,1703391303361328122,D3:F4:55:AB:96:20,-68
BLE,1703391303614970326,DF:A6:DC:DC:2E:81,-71
BLE,1703391303614991034,DF:DF:EE:00:00:01,-71
BLE,1703391304131691169,D3:F4:55:AB:96:20,-71
BLE,1703391304164150051,DF:DF:EE:00:00:04,-55
BLE,1703391304619164970,DF:DF:EE:00:00:04,-50
BLE,1703391304704195755,D3:F4:55:AB:96:20,-72
BLE,1703391305086070253,D3:F4:55:AB:96:20,-72
BLE,1703391305163076588,DF:DF:EE:00:00:04,-51
BLE,1703391305466774391,D3:F4:55:AB:96:20,-72
BLE,1703391305626085541,DF:DF:EE:00:00:04,-55
BLE,1703391305661601221,D3:F4:55:AB:96:20,-71
BLE,1703391305853103006,D3:F4:55:AB:96:20,-72
BLE,1703391305880363280,DF:A6:DC:DC:2E:81,-72
BLE,1703391305880396571,DF:DF:EE:00:00:01,-72
BLE,1703391306038764773,D3:F4:55:AB:96:20,-68
BLE,1703391306162845490,DF:DF:EE:00:00:04,-55
BLE,1703391306427364654,D3:F4:55:AB:96:20,-71
BLE,1703391306621716365,D3:F4:55:AB:96:20,-66
BLE,1703391306816692610,D3:F4:55:AB:96:20,-72
BLE,1703391307007007325,D3:F4:55:AB:96:20,-68
BLE,1703391307165463652,DF:DF:EE:00:00:04,-51
BLE,1703391307620306614,DF:DF:EE:00:00:04,-52
BLE,1703391307881590773,DF:A6:DC:DC:2E:81,-72
BLE,1703391307881649023,DF:DF:EE:00:00:01,-72
BLE,1703391307959946759,D3:F4:55:AB:96:20,-72
BLE,1703391308154660132,D3:F4:55:AB:96:20,-68
BLE,1703391308162154047,DF:DF:EE:00:00:04,-53
BLE,1703391308537453704,D3:F4:55:AB:96:20,-66
BLE,1703391308620325347,DF:DF:EE:00:00:04,-55
BLE,1703391308878810538,DF:A6:DC:DC:2E:81,-71
BLE,1703391308878846454,DF:DF:EE:00:00:01,-71
BLE,1703391309161249249,DF:DF:EE:00:00:04,-55
BLE,1703391309512097350,D3:F4:55:AB:96:20,-70
BLE,1703391309622813718,DF:DF:EE:00:00:04,-53
BLE,1703391309702463564,D3:F4:55:AB:96:20,-68
BLE,1703391309883666341,DF:A6:DC:DC:2E:81,-72
BLE,1703391309883701090,DF:DF:EE:00:00:01,-72
BLE,1703391309900245111,D3:F4:55:AB:96:20,-72
BLE,1703391310086327499,D3:F4:55:AB:96:20,-68
BLE,1703391310470917967,D3:F4:55:AB:96:20,-66
BLE,1703391310854974482,D3:F4:55:AB:96:20,-67
BLE,1703391310881854594,DF:A6:DC:DC:2E:81,-71
BLE,1703391310881890760,DF:DF:EE:00:00:01,-71
BLE,1703391311251613814,D3:F4:55:AB:96:20,-72
BLE,1703391311437861367,D3:F4:55:AB:96:20,-68
BLE,1703391311618216361,DF:DF:EE:00:00:04,-51
BLE,1703391311822464793,D3:F4:55:AB:96:20,-68
BLE,1703391311880643591,DF:A6:DC:DC:2E:81,-75
BLE,1703391311880672632,DF:DF:EE:00:00:01,-75
BLE,1703391312012894631,D3:F4:55:AB:96:20,-72
BLE,1703391312159375927,DF:DF:EE:00:00:04,-50
BLE,1703391312580393940,D3:F4:55:AB:96:20,-72
BLE,1703391312624008820,DF:DF:EE:00:00:04,-55
BLE,1703391313161907256,DF:DF:EE:00:00:04,-55
BLE,1703391313350535990,D3:F4:55:AB:96:20,-68
BLE,1703391313618415116,DF:DF:EE:00:00:04,-51
BLE,1703391313933981910,D3:F4:55:AB:96:20,-66
BLE,1703391314131411002,D3:F4:55:AB:96:20,-72
BLE,1703391314163034310,DF:DF:EE:00:00:04,-50
BLE,1703391314327511859,D3:F4:55:AB:96:20,-71
BLE,1703391314525274865,D3:F4:55:AB:96:20,-60
BLE,1703391314622937965,DF:DF:EE:00:00:04,-54
BLE,1703391314884977907,DF:A6:DC:DC:2E:81,-71
BLE,1703391314885013990,DF:DF:EE:00:00:01,-71
BLE,1703391315300600898,D3:F4:55:AB:96:20,-72
BLE,1703391315485953086,D3:F4:55:AB:96:20,-68
BLE,1703391315618765995,DF:DF:EE:00:00:04,-54
BLE,1703391316056885189,D3:F4:55:AB:96:20,-70
BLE,1703391316442501062,D3:F4:55:AB:96:20,-70
BLE,1703391316618928226,DF:DF:EE:00:00:04,-53
BLE,1703391316833940077,D3:F4:55:AB:96:20,-72
BLE,1703391317026639765,D3:F4:55:AB:96:20,-72
BLE,1703391317165033902,DF:DF:EE:00:00:04,-56
BLE,1703391317406622785,D3:F4:55:AB:96:20,-72
BLE,1703391317793736267,D3:F4:55:AB:96:20,-70
BLE,1703391317990210703,D3:F4:55:AB:96:20,-71
BLE,1703391318165100135,DF:DF:EE:00:00:04,-50
BLE,1703391318179148184,D3:F4:55:AB:96:20,-72
BLE,1703391318369751812,D3:F4:55:AB:96:20,-66
BLE,1703391318617721831,DF:DF:EE:00:00:04,-34
BLE,1703391318751833267,D3:F4:55:AB:96:20,-69
BLE,1703391318941340616,D3:F4:55:AB:96:20,-72
BLE,1703391319332951546,D3:F4:55:AB:96:20,-68
BLE,1703391319521963734,D3:F4:55:AB:96:20,-70
BLE,1703391319717190310,D3:F4:55:AB:96:20,-67
BLE,1703391319888205285,DF:A6:DC:DC:2E:81,-76
BLE,1703391319888262868,DF:DF:EE:00:00:01,-76
BLE,1703391319907628815,D3:F4:55:AB:96:20,-72
BLE,1703391320097633325,D3:F4:55:AB:96:20,-78
BLE,1703391320293160272,D3:F4:55:AB:96:20,-72
BLE,1703391320617366717,DF:DF:EE:00:00:04,-50
BLE,1703391320673151209,D3:F4:55:AB:96:20,-70
BLE,1703391320868156746,D3:F4:55:AB:96:20,-69
BLE,1703391320886887575,DF:A6:DC:DC:2E:81,-72
BLE,1703391320886914824,DF:DF:EE:00:00:01,-72
BLE,1703391321158552824,DF:DF:EE:00:00:04,-50
BLE,1703391321254331071,D3:F4:55:AB:96:20,-72
BLE,1703391321624344621,DF:DF:EE:00:00:04,-55
BLE,1703391321642698079,D3:F4:55:AB:96:20,-56
BLE,1703391321880583379,DF:A6:DC:DC:2E:81,-72
BLE,1703391321880619504,DF:DF:EE:00:00:01,-72
BLE,1703391322162354764,DF:DF:EE:00:00:04,-55
BLE,1703391322213233395,D3:F4:55:AB:96:20,-68
BLE,1703391322605241446,D3:F4:55:AB:96:20,-71
BLE,1703391322619263537,DF:DF:EE:00:00:04,-50
BLE,1703391322799383617,D3:F4:55:AB:96:20,-68
BLE,1703391322996910292,D3:F4:55:AB:96:20,-72
BLE,1703391323188030289,D3:F4:55:AB:96:20,-70
BLE,1703391323881036215,DF:A6:DC:DC:2E:81,-72
BLE,1703391323881081923,DF:DF:EE:00:00:01,-72
BLE,1703391324345627192,D3:F4:55:AB:96:20,-72
BLE,1703391324535301414,D3:F4:55:AB:96:20,-66
BLE,1703391324618657343,DF:DF:EE:00:00:04,-66
BLE,1703391324729492960,D3:F4:55:AB:96:20,-71
BLE,1703391324886941006,DF:A6:DC:DC:2E:81,-77
BLE,1703391324886973047,DF:DF:EE:00:00:01,-77
BLE,1703391324923402509,D3:F4:55:AB:96:20,-72
BLE,1703391325119044163,D3:F4:55:AB:96:20,-67
BLE,1703391325157383728,DF:DF:EE:00:00:04,-54
BLE,1703391325312663132,D3:F4:55:AB:96:20,-72
BLE,1703391325501969150,D3:F4:55:AB:96:20,-66
BLE,1703391325620936050,DF:DF:EE:00:00:04,-52
BLE,1703391325695228206,D3:F4:55:AB:96:20,-72
BLE,1703391325882229626,DF:A6:DC:DC:2E:81,-73
BLE,1703391325882288667,DF:DF:EE:00:00:01,-73
BLE,1703391326079837799,D3:F4:55:AB:96:20,-71
BLE,1703391326165768491,DF:DF:EE:00:00:04,-55
BLE,1703391326462663037,D3:F4:55:AB:96:20,-72
BLE,1703391326624412243,DF:DF:EE:00:00:04,-50
BLE,1703391326655802262,D3:F4:55:AB:96:20,-70
BLE,1703391326845746439,D3:F4:55:AB:96:20,-72
BLE,1703391326879549847,DF:A6:DC:DC:2E:81,-71
BLE,1703391326879581222,DF:DF:EE:00:00:01,-71
BLE,1703391327041159888,D3:F4:55:AB:96:20,-70
BLE,1703391327158995592,DF:DF:EE:00:00:04,-56
BLE,1703391327235637764,D3:F4:55:AB:96:20,-67
BLE,1703391327425666107,D3:F4:55:AB:96:20,-72
BLE,1703391327613452767,D3:F4:55:AB:96:20,-67
BLE,1703391327624829305,DF:DF:EE:00:00:04,-52
BLE,1703391327806128330,D3:F4:55:AB:96:20,-72
BLE,1703391327882647545,DF:A6:DC:DC:2E:81,-72
BLE,1703391327882676336,DF:DF:EE:00:00:01,-72
BLE,1703391327996169590,D3:F4:55:AB:96:20,-68
BLE,1703391328192835191,D3:F4:55:AB:96:20,-72
BLE,1703391328767865081,D3:F4:55:AB:96:20,-71
BLE,1703391328885903324,DF:A6:DC:DC:2E:81,-71
BLE,1703391328885935157,DF:DF:EE:00:00:01,-71
BLE,1703391329159714800,DF:DF:EE:00:00:04,-56
BLE,1703391329535878614,D3:F4:55:AB:96:20,-70
BLE,1703391329624934269,DF:DF:EE:00:00:04,-53
BLE,1703391330159384953,DF:DF:EE:00:00:04,-50
BLE,1703391330687851622,D3:F4:55:AB:96:20,-72
BLE,1703391330881667005,D3:F4:55:AB:96:20,-67
BLE,1703391331164562044,DF:DF:EE:00:00:04,-63
BLE,1703391331268751195,D3:F4:55:AB:96:20,-70
BLE,1703391331462055751,D3:F4:55:AB:96:20,-78
BLE,1703391331618791138,DF:DF:EE:00:00:04,-50
BLE,1703391331658163150,D3:F4:55:AB:96:20,-72
BLE,1703391332428701446,D3:F4:55:AB:96:20,-69
BLE,1703391332619462989,DF:DF:EE:00:00:04,-53
BLE,1703391332810929857,D3:F4:55:AB:96:20,-68
BLE,1703391332880374611,DF:A6:DC:DC:2E:81,-72
BLE,1703391332880405069,DF:DF:EE:00:00:01,-72
BLE,1703391333008332825,D3:F4:55:AB:96:20,-72
BLE,1703391333164646634,DF:DF:EE:00:00:04,-55
BLE,1703391333592322280,D3:F4:55:AB:96:20,-72
BLE,1703391333782347831,D3:F4:55:AB:96:20,-69
BLE,1703391334169168316,D3:F4:55:AB:96:20,-70
BLE,1703391334627919567,DF:DF:EE:00:00:04,-55
BLE,1703391334753173604,D3:F4:55:AB:96:20,-70
BLE,1703391334949121005,D3:F4:55:AB:96:20,-52
BLE,1703391335159679656,DF:DF:EE:00:00:04,-53
BLE,1703391335337970258,D3:F4:55:AB:96:20,-70
BLE,1703391335887277564,DF:A6:DC:DC:2E:81,-75
BLE,1703391335887318981,DF:DF:EE:00:00:01,-75
BLE,1703391335906097726,D3:F4:55:AB:96:20,-72
BLE,1703391336097882382,D3:F4:55:AB:96:20,-66
BLE,1703391336487313129,D3:F4:55:AB:96:20,-56
BLE,1703391336676551397,D3:F4:55:AB:96:20,-72
BLE,1703391336887234631,DF:A6:DC:DC:2E:81,-72
BLE,1703391336887268423,DF:DF:EE:00:00:01,-72
BLE,1703391337157731728,DF:DF:EE:00:00:04,-50
BLE,1703391338012936646,D3:F4:55:AB:96:20,-64
BLE,1703391338603042531,D3:F4:55:AB:96:20,-70
BLE,1703391338617179621,DF:DF:EE:00:00:04,-50
BLE,1703391338796313962,D3:F4:55:AB:96:20,-68
BLE,1703391338895097425,DF:A6:DC:DC:2E:81,-71
BLE,1703391338895133007,DF:DF:EE:00:00:01,-71
BLE,1703391338987629291,D3:F4:55:AB:96:20,-72
BLE,1703391339163429962,DF:DF:EE:00:00:04,-52
BLE,1703391339178539374,D3:F4:55:AB:96:20,-68
BLE,1703391339369168002,D3:F4:55:AB:96:20,-70
BLE,1703391339623169827,DF:DF:EE:00:00:04,-55
BLE,1703391339752260779,D3:F4:55:AB:96:20,-70
BLE,1703391339944427014,D3:F4:55:AB:96:20,-68
BLE,1703391340133516868,D3:F4:55:AB:96:20,-71
BLE,1703391340160885766,DF:DF:EE:00:00:04,-55
BLE,1703391340325739686,D3:F4:55:AB:96:20,-67
BLE,1703391340714213444,D3:F4:55:AB:96:20,-68
BLE,1703391340903741751,D3:F4:55:AB:96:20,-72
BLE,1703391341160866832,DF:DF:EE:00:00:04,-51
BLE,1703391341282202247,D3:F4:55:AB:96:20,-70
BLE,1703391341617998810,DF:DF:EE:00:00:04,-52
BLE,1703391341663495627,D3:F4:55:AB:96:20,-70
BLE,1703391341903444529,DF:A6:DC:DC:2E:81,-72
BLE,1703391341903476403,DF:DF:EE:00:00:01,-72
BLE,1703391342046112409,D3:F4:55:AB:96:20,-70
BLE,1703391342240692617,D3:F4:55:AB:96:20,-68
BLE,1703391342623614646,D3:F4:55:AB:96:20,-66
BLE,1703391343385482124,D3:F4:55:AB:96:20,-68
BLE,1703391343574695476,D3:F4:55:AB:96:20,-72
BLE,1703391343621266947,DF:DF:EE:00:00:04,-51
BLE,1703391343768949229,D3:F4:55:AB:96:20,-68
BLE,1703391343958634243,D3:F4:55:AB:96:20,-71
BLE,1703391344150257568,D3:F4:55:AB:96:20,-68
BLE,1703391344162195099,DF:DF:EE:00:00:04,-53
BLE,1703391344346906711,D3:F4:55:AB:96:20,-72
BLE,1703391344538683451,D3:F4:55:AB:96:20,-68
BLE,1703391344730553731,D3:F4:55:AB:96:20,-72
BLE,1703391344915513799,DF:A6:DC:DC:2E:81,-72
BLE,1703391344915547507,DF:DF:EE:00:00:01,-72
BLE,1703391344923628623,D3:F4:55:AB:96:20,-70
BLE,1703391345503634915,D3:F4:55:AB:96:20,-67
BLE,1703391345618173657,DF:DF:EE:00:00:04,-51
BLE,1703391346089469057,D3:F4:55:AB:96:20,-68
BLE,1703391346154788274,DF:DF:EE:00:00:04,-50
BLE,1703391346618085724,DF:DF:EE:00:00:04,-51
BLE,1703391346664346240,D3:F4:55:AB:96:20,-72
BLE,1703391347242734717,D3:F4:55:AB:96:20,-70
BLE,1703391347618506535,DF:DF:EE:00:00:04,-51
BLE,1703391347624708507,D3:F4:55:AB:96:20,-72
BLE,1703391347819004135,D3:F4:55:AB:96:20,-68
BLE,1703391347941189289,DF:A6:DC:DC:2E:81,-71
BLE,1703391347941219747,DF:DF:EE:00:00:01,-71
BLE,1703391348155710021,DF:DF:EE:00:00:04,-34
BLE,1703391348623601919,DF:DF:EE:00:00:04,-55
BLE,1703391348944418402,DF:A6:DC:DC:2E:81,-72
BLE,1703391348944453485,DF:DF:EE:00:00:01,-72
BLE,1703391349161988183,DF:DF:EE:00:00:04,-54
BLE,1703391349361581542,D3:F4:55:AB:96:20,-72
BLE,1703391349552243920,D3:F4:55:AB:96:20,-68
BLE,1703391349622250584,DF:DF:EE:00:00:04,-51
BLE,1703391349940783385,D3:F4:55:AB:96:20,-70
BLE,1703391349951887259,DF:A6:DC:DC:2E:81,-75
BLE,1703391349951917259,DF:DF:EE:00:00:01,-75
BLE,1703391350129478951,D3:F4:55:AB:96:20,-72
BLE,1703391350163750729,DF:DF:EE:00:00:04,-50
BLE,1703391350320060455,D3:F4:55:AB:96:20,-68
BLE,1703391350510578167,D3:F4:55:AB:96:20,-67
BLE,1703391350624337293,DF:DF:EE:00:00:04,-39
BLE,1703391350699790895,D3:F4:55:AB:96:20,-68
BLE,1703391351089967883,D3:F4:55:AB:96:20,-72
BLE,1703391351163735379,DF:DF:EE:00:00:04,-54
BLE,1703391351474650225,D3:F4:55:AB:96:20,-72
BLE,1703391351618484676,DF:DF:EE:00:00:04,-55
BLE,1703391351966559600,DF:A6:DC:DC:2E:81,-72
BLE,1703391351966592391,DF:DF:EE:00:00:01,-72
BLE,1703391352446154948,D3:F4:55:AB:96:20,-72
BLE,1703391352618812197,DF:DF:EE:00:00:04,-52
BLE,1703391352636636536,D3:F4:55:AB:96:20,-68
BLE,1703391352829982425,D3:F4:55:AB:96:20,-71
BLE,1703391353024437009,D3:F4:55:AB:96:20,-71
BLE,1703391353160355175,DF:DF:EE:00:00:04,-52
BLE,1703391353214752141,D3:F4:55:AB:96:20,-72
BLE,1703391353402475385,D3:F4:55:AB:96:20,-67
BLE,1703391353789954904,D3:F4:55:AB:96:20,-72
BLE,1703391353984075159,D3:F4:55:AB:96:20,-68
BLE,1703391354157776104,DF:DF:EE:00:00:04,-54
BLE,1703391354366691732,D3:F4:55:AB:96:20,-68
BLE,1703391354556896240,D3:F4:55:AB:96:20,-70
BLE,1703391354618895370,DF:DF:EE:00:00:04,-51
BLE,1703391354982010748,DF:A6:DC:DC:2E:81,-71
BLE,1703391354982046498,DF:DF:EE:00:00:01,-71
BLE,1703391355139796624,D3:F4:55:AB:96:20,-72
BLE,1703391355158900282,DF:DF:EE:00:00:04,-52
BLE,1703391355334000295,D3:F4:55:AB:96:20,-68
BLE,1703391355531207223,D3:F4:55:AB:96:20,-72
BLE,1703391355721266649,D3:F4:55:AB:96:20,-66
BLE,1703391355986253517,DF:A6:DC:DC:2E:81,-73
BLE,1703391355986305641,DF:DF:EE:00:00:01,-73
BLE,1703391356160140834,DF:DF:EE:00:00:04,-55
BLE,1703391356299059716,D3:F4:55:AB:96:20,-72
BLE,1703391356496307060,D3:F4:55:AB:96:20,-71
BLE,1703391356686228321,D3:F4:55:AB:96:20,-66
BLE,1703391356992537678,DF:A6:DC:DC:2E:81,-75
BLE,1703391356992571428,DF:DF:EE:00:00:01,-75
BLE,1703391357070974579,D3:F4:55:AB:96:20,-52
BLE,1703391357163182699,DF:DF:EE:00:00:04,-52
BLE,1703391357265013127,D3:F4:55:AB:96:20,-72
BLE,1703391357452542707,D3:F4:55:AB:96:20,-66
BLE,1703391357644407696,D3:F4:55:AB:96:20,-72
BLE,1703391357832467061,D3:F4:55:AB:96:20,-68
BLE,1703391358029540741,D3:F4:55:AB:96:20,-72
BLE,1703391358162155319,DF:DF:EE:00:00:04,-56
BLE,1703391358218130850,D3:F4:55:AB:96:20,-68
BLE,1703391358608531669,D3:F4:55:AB:96:20,-70
BLE,1703391358621139609,DF:DF:EE:00:00:04,-50
BLE,1703391359184789587,D3:F4:55:AB:96:20,-69
BLE,1703391359574568663,D3:F4:55:AB:96:20,-70
BLE,1703391359618722828,DF:DF:EE:00:00:04,-53
BLE,1703391359763233605,D3:F4:55:AB:96:20,-72
BLE,1703391360003350463,DF:A6:DC:DC:2E:81,-71
BLE,1703391360003381504,DF:DF:EE:00:00:01,-71
BLE,1703391360143629995,D3:F4:55:AB:96:20,-71
BLE,1703391360158685658,DF:DF:EE:00:00:04,-53
BLE,1703391360334068834,D3:F4:55:AB:96:20,-66
BLE,1703391360527712636,D3:F4:55:AB:96:20,-72
BLE,1703391360618329191,DF:DF:EE:00:00:04,-54
BLE,1703391360906377629,D3:F4:55:AB:96:20,-72
BLE,1703391361013445998,DF:A6:DC:DC:2E:81,-71
BLE,1703391361013475289,DF:DF:EE:00:00:01,-71
BLE,1703391361094530077,D3:F4:55:AB:96:20,-68
BLE,1703391361289993525,D3:F4:55:AB:96:20,-72
BLE,1703391361481301187,D3:F4:55:AB:96:20,-68
BLE,1703391361671400030,D3:F4:55:AB:96:20,-72
BLE,1703391361866652063,D3:F4:55:AB:96:20,-72
BLE,1703391362246609292,D3:F4:55:AB:96:20,-67
BLE,1703391362288688398,DF:A6:DC:DC:2E:81,-72
BLE,1703391362288718064,DF:DF:EE:00:00:01,-72
BLE,1703391362440524050,D3:F4:55:AB:96:20,-72
BLE,1703391362617772704,DF:DF:EE:00:00:04,-55
BLE,1703391363155804181,DF:DF:EE:00:00:04,-55
BLE,1703391363216310494,D3:F4:55:AB:96:20,-70
BLE,1703391363289282999,DF:A6:DC:DC:2E:81,-71
BLE,1703391363289308999,DF:DF:EE:00:00:01,-71
BLE,1703391363623283750,DF:DF:EE:00:00:04,-52
BLE,1703391363981392019,D3:F4:55:AB:96:20,-70
BLE,1703391364157900765,DF:DF:EE:00:00:04,-51
BLE,1703391364368360751,D3:F4:55:AB:96:20,-70
BLE,1703391364558104098,D3:F4:55:AB:96:20,-68
BLE,1703391365133949728,D3:F4:55:AB:96:20,-72
BLE,1703391365326017506,D3:F4:55:AB:96:20,-68
BLE,1703391365519114273,D3:F4:55:AB:96:20,-72
BLE,1703391365711808169,D3:F4:55:AB:96:20,-67
BLE,1703391366163896580,DF:DF:EE:00:00:04,-52
BLE,1703391366286805476,D3:F4:55:AB:96:20,-72
BLE,1703391366623420280,DF:DF:EE:00:00:04,-55
BLE,1703391366675210859,D3:F4:55:AB:96:20,-68
BLE,1703391367057643185,D3:F4:55:AB:96:20,-68
BLE,1703391367246372251,D3:F4:55:AB:96:20,-72
BLE,1703391367289566344,DF:A6:DC:DC:2E:81,-71
BLE,1703391367289592802,DF:DF:EE:00:00:01,-71
BLE,1703391367442275111,D3:F4:55:AB:96:20,-66
BLE,1703391368020257592,D3:F4:55:AB:96:20,-72
BLE,1703391368205392658,D3:F4:55:AB:96:20,-68
BLE,1703391368399801743,D3:F4:55:AB:96:20,-72
BLE,1703391368968732910,D3:F4:55:AB:96:20,-68
BLE,1703391369157430768,D3:F4:55:AB:96:20,-70
BLE,1703391369159043125,DF:DF:EE:00:00:04,-53
BLE,1703391369347429112,D3:F4:55:AB:96:20,-72
BLE,1703391369539033104,D3:F4:55:AB:96:20,-72
BLE,1703391369923551448,D3:F4:55:AB:96:20,-71
BLE,1703391370292909880,DF:A6:DC:DC:2E:81,-75
BLE,1703391370292939838,DF:DF:EE:00:00:01,-75
BLE,1703391370306443477,D3:F4:55:AB:96:20,-70
BLE,1703391370884830703,D3:F4:55:AB:96:20,-67
BLE,1703391371272489095,D3:F4:55:AB:96:20,-70
BLE,1703391371463593801,D3:F4:55:AB:96:20,-72
BLE,1703391371618856080,DF:DF:EE:00:00:04,-54
BLE,1703391371844109690,D3:F4:55:AB:96:20,-73
BLE,1703391372035984846,D3:F4:55:AB:96:20,-72
BLE,1703391372283905323,DF:A6:DC:DC:2E:81,-73
BLE,1703391372283937406,DF:DF:EE:00:00:01,-73
BLE,1703391373159229638,DF:DF:EE:00:00:04,-51
BLE,1703391373160912077,DF:DF:EE:00:00:04,-52
BLE,1703391373569872560,D3:F4:55:AB:96:20,-72
BLE,1703391373621364893,DF:DF:EE:00:00:04,-55
BLE,1703391374145982813,D3:F4:55:AB:96:20,-66
BLE,1703391374161432346,DF:DF:EE:00:00:04,-54
BLE,1703391374919001872,D3:F4:55:AB:96:20,-73
BLE,1703391375499061414,D3:F4:55:AB:96:20,-66
BLE,1703391375691276607,D3:F4:55:AB:96:20,-71
BLE,1703391376075125375,D3:F4:55:AB:96:20,-72
BLE,1703391376162430842,DF:DF:EE:00:00:04,-55
BLE,1703391376263159907,D3:F4:55:AB:96:20,-68
BLE,1703391376652974524,D3:F4:55:AB:96:20,-72
BLE,1703391376848580513,D3:F4:55:AB:96:20,-67
BLE,1703391377159755689,DF:DF:EE:00:00:04,-51
BLE,1703391377624808994,DF:DF:EE:00:00:04,-55
BLE,1703391378002705288,D3:F4:55:AB:96:20,-72
BLE,1703391378163889208,DF:DF:EE:00:00:04,-50
BLE,1703391378581045182,D3:F4:55:AB:96:20,-68
BLE,1703391379161756465,D3:F4:55:AB:96:20,-67
BLE,1703391379351621269,D3:F4:55:AB:96:20,-70
BLE,1703391379544116292,D3:F4:55:AB:96:20,-68
BLE,1703391379622055491,DF:DF:EE:00:00:04,-53
BLE,1703391380159490349,DF:DF:EE:00:00:04,-52
BLE,1703391380286699239,DF:A6:DC:DC:2E:81,-71
BLE,1703391380286731655,DF:DF:EE:00:00:01,-71
BLE,1703391380314005970,D3:F4:55:AB:96:20,-67
BLE,1703391381084405893,D3:F4:55:AB:96:20,-73
BLE,1703391381154304391,DF:DF:EE:00:00:04,-53
BLE,1703391381622636825,DF:DF:EE:00:00:04,-52
BLE,1703391381662000503,D3:F4:55:AB:96:20,-68
BLE,1703391382155213863,DF:DF:EE:00:00:04,-50
BLE,1703391382283692197,DF:A6:DC:DC:2E:81,-75
BLE,1703391382283728446,DF:DF:EE:00:00:01,-75
BLE,1703391382617061121,DF:DF:EE:00:00:04,-53
BLE,1703391382620653831,D3:F4:55:AB:96:20,-72
BLE,1703391383155520135,DF:DF:EE:00:00:04,-52
BLE,1703391383198729936,D3:F4:55:AB:96:20,-72
BLE,1703391383282710024,DF:A6:DC:DC:2E:81,-71
BLE,1703391383282737107,DF:DF:EE:00:00:01,-71
BLE,1703391383391207918,D3:F4:55:AB:96:20,-68
BLE,1703391383580508394,D3:F4:55:AB:96:20,-72
BLE,1703391383776329338,D3:F4:55:AB:96:20,-68
BLE,1703391383970032931,D3:F4:55:AB:96:20,-72
BLE,1703391384157738717,DF:DF:EE:00:00:04,-50
BLE,1703391384288196237,DF:A6:DC:DC:2E:81,-76
BLE,1703391384288222445,DF:DF:EE:00:00:01,-76
BLE,1703391384742007961,D3:F4:55:AB:96:20,-69
BLE,1703391384936692626,D3:F4:55:AB:96:20,-72
BLE,1703391385132582528,D3:F4:55:AB:96:20,-70
BLE,1703391385157997822,DF:DF:EE:00:00:04,-53
BLE,1703391385283738645,DF:A6:DC:DC:2E:81,-72
BLE,1703391385283765103,DF:DF:EE:00:00:01,-72
BLE,1703391385622385551,DF:DF:EE:00:00:04,-50
BLE,1703391386288028788,DF:A6:DC:DC:2E:81,-76
BLE,1703391386288086079,DF:DF:EE:00:00:01,-76
BLE,1703391386617755295,DF:DF:EE:00:00:04,-52
BLE,1703391386674073906,D3:F4:55:AB:96:20,-67
BLE,1703391386867505377,D3:F4:55:AB:96:20,-56
BLE,1703391387060037567,D3:F4:55:AB:96:20,-68
BLE,1703391387159088109,DF:DF:EE:00:00:04,-52
BLE,1703391387249581374,D3:F4:55:AB:96:20,-70
BLE,1703391387632143198,D3:F4:55:AB:96:20,-71
BLE,1703391388282632148,DF:A6:DC:DC:2E:81,-73
BLE,1703391388282670981,DF:DF:EE:00:00:01,-73
BLE,1703391388398175587,D3:F4:55:AB:96:20,-72
BLE,1703391388592505298,D3:F4:55:AB:96:20,-68
BLE,1703391388614737379,DF:DF:EE:00:00:04,-50
BLE,1703391389741385007,D3:F4:55:AB:96:20,-68
BLE,1703391390128466781,D3:F4:55:AB:96:20,-70
BLE,1703391390157638741,DF:DF:EE:00:00:04,-55
BLE,1703391390284188930,DF:A6:DC:DC:2E:81,-73
BLE,1703391390284215679,DF:DF:EE:00:00:01,-73
BLE,1703391391089234334,D3:F4:55:AB:96:20,-68
BLE,1703391391155961201,DF:DF:EE:00:00:04,-50
BLE,1703391391280063585,D3:F4:55:AB:96:20,-72
BLE,1703391391284327245,DF:A6:DC:DC:2E:81,-76
BLE,1703391391284351869,DF:DF:EE:00:00:01,-76
BLE,1703391391468556737,D3:F4:55:AB:96:20,-68
BLE,1703391391855168682,D3:F4:55:AB:96:20,-68
BLE,1703391392160762047,DF:DF:EE:00:00:04,-54
BLE,1703391392242950447,D3:F4:55:AB:96:20,-72
BLE,1703391392437087619,D3:F4:55:AB:96:20,-67
BLE,1703391392620956157,DF:DF:EE:00:00:04,-51
BLE,1703391392635922195,D3:F4:55:AB:96:20,-72
BLE,1703391392823083862,D3:F4:55:AB:96:20,-68
BLE,1703391393159360295,DF:DF:EE:00:00:04,-50
BLE,1703391393404270682,D3:F4:55:AB:96:20,-68
BLE,1703391393615998404,DF:DF:EE:00:00:04,-53
BLE,1703391393789607350,D3:F4:55:AB:96:20,-68
BLE,1703391394156873557,DF:DF:EE:00:00:04,-53
BLE,1703391394172262840,D3:F4:55:AB:96:20,-66
BLE,1703391394561366257,D3:F4:55:AB:96:20,-70
BLE,1703391394937767027,D3:F4:55:AB:96:20,-68
BLE,1703391395133447264,D3:F4:55:AB:96:20,-72
BLE,1703391395303779914,DF:A6:DC:DC:2E:81,-71
BLE,1703391395303808080,DF:DF:EE:00:00:01,-71
BLE,1703391395616993775,DF:DF:EE:00:00:04,-52
BLE,1703391395903305067,D3:F4:55:AB:96:20,-68
BLE,1703391396152142201,DF:DF:EE:00:00:04,-51
BLE,1703391396311034523,DF:A6:DC:DC:2E:81,-72
BLE,1703391396311065731,DF:DF:EE:00:00:01,-72
BLE,1703391396480109145,D3:F4:55:AB:96:20,-72
BLE,1703391396621771996,DF:DF:EE:00:00:04,-51
BLE,1703391396674476689,D3:F4:55:AB:96:20,-72
BLE,1703391397251808178,D3:F4:55:AB:96:20,-67
BLE,1703391397637661757,D3:F4:55:AB:96:20,-66
BLE,1703391397829910866,D3:F4:55:AB:96:20,-72
BLE,1703391398019493048,D3:F4:55:AB:96:20,-68
BLE,1703391398157711687,DF:DF:EE:00:00:04,-50
BLE,1703391398406917025,D3:F4:55:AB:96:20,-70
BLE,1703391398594442188,DF:A6:DC:DC:2E:81,-76
BLE,1703391398594470897,DF:DF:EE:00:00:01,-76
BLE,1703391398596923869,D3:F4:55:AB:96:20,-72
BLE,1703391398783401419,D3:F4:55:AB:96:20,-68
BLE,1703391399157191468,DF:DF:EE:00:00:04,-55
BLE,1703391399549442807,D3:F4:55:AB:96:20,-68
BLE,1703391399593092562,DF:A6:DC:DC:2E:81,-72
BLE,1703391399593118520,DF:DF:EE:00:00:01,-72
BLE,1703391399617003082,DF:DF:EE:00:00:04,-51
BLE,1703391399932366669,D3:F4:55:AB:96:20,-66
BLE,1703391400153998154,DF:DF:EE:00:00:04,-51
BLE,1703391400500220682,D3:F4:55:AB:96:20,-71
BLE,1703391400891089662,D3:F4:55:AB:96:20,-72
BLE,1703391401082650405,D3:F4:55:AB:96:20,-52
BLE,1703391401162250460,DF:DF:EE:00:00:04,-39
BLE,1703391401595632540,DF:A6:DC:DC:2E:81,-58
BLE,1703391401595669957,DF:DF:EE:00:00:01,-58
BLE,1703391401855184719,D3:F4:55:AB:96:20,-56
BLE,1703391401856518371,D3:F4:55:AB:96:20,-56
BLE,1703391402240890133,D3:F4:55:AB:96:20,-68
BLE,1703391402426736315,D3:F4:55:AB:96:20,-66
BLE,1703391402592088272,DF:A6:DC:DC:2E:81,-57
BLE,1703391402592117063,DF:DF:EE:00:00:01,-57
BLE,1703391402812127233,D3:F4:55:AB:96:20,-52
BLE,1703391403008020093,D3:F4:55:AB:96:20,-72
BLE,1703391403199518461,D3:F4:55:AB:96:20,-70
BLE,1703391404160508970,DF:DF:EE:00:00:04,-51
BLE,1703391404358579305,D3:F4:55:AB:96:20,-72
BLE,1703391404588117491,DF:A6:DC:DC:2E:81,-72
BLE,1703391404588149908,DF:DF:EE:00:00:01,-72
BLE,1703391404746168989,D3:F4:55:AB:96:20,-68
BLE,1703391405129583762,D3:F4:55:AB:96:20,-68
BLE,1703391405324251636,D3:F4:55:AB:96:20,-71
BLE,1703391405518132977,D3:F4:55:AB:96:20,-70
BLE,1703391405589582416,DF:A6:DC:DC:2E:81,-71
BLE,1703391405589609249,DF:DF:EE:00:00:01,-71
BLE,1703391405615803493,DF:DF:EE:00:00:04,-56
BLE,1703391405900258098,D3:F4:55:AB:96:20,-71
BLE,1703391406282840505,D3:F4:55:AB:96:20,-62
BLE,1703391406596582778,DF:A6:DC:DC:2E:81,-71
BLE,1703391406596615694,DF:DF:EE:00:00:01,-71
BLE,1703391406670017486,D3:F4:55:AB:96:20,-71
BLE,1703391406863227918,D3:F4:55:AB:96:20,-52
BLE,1703391407057170883,D3:F4:55:AB:96:20,-57
BLE,1703391407154023826,DF:DF:EE:00:00:04,-52
BLE,1703391407244906211,D3:F4:55:AB:96:20,-68
BLE,1703391407433691985,D3:F4:55:AB:96:20,-70
BLE,1703391408007230391,D3:F4:55:AB:96:20,-63
BLE,1703391408157318979,DF:DF:EE:00:00:04,-55
BLE,1703391408393421425,D3:F4:55:AB:96:20,-68
BLE,1703391408622801488,DF:DF:EE:00:00:04,-52
BLE,1703391408787108331,D3:F4:55:AB:96:20,-72
BLE,1703391409172235168,D3:F4:55:AB:96:20,-72
BLE,1703391409359345586,D3:F4:55:AB:96:20,-68
BLE,1703391409614044320,DF:DF:EE:00:00:04,-52
BLE,1703391409748267422,D3:F4:55:AB:96:20,-72
BLE,1703391409942121346,D3:F4:55:AB:96:20,-66
BLE,1703391410133168386,D3:F4:55:AB:96:20,-72
BLE,1703391410514143187,D3:F4:55:AB:96:20,-70
BLE,1703391410896683595,D3:F4:55:AB:96:20,-70
BLE,1703391411158503081,DF:DF:EE:00:00:04,-51
BLE,1703391411276933654,D3:F4:55:AB:96:20,-70
BLE,1703391411471694985,D3:F4:55:AB:96:20,-68
BLE,1703391411587802417,DF:A6:DC:DC:2E:81,-71
BLE,1703391411587832500,DF:DF:EE:00:00:01,-71
BLE,1703391411617863493,DF:DF:EE:00:00:04,-53
BLE,1703391411662210573,D3:F4:55:AB:96:20,-71
BLE,1703391411857267484,D3:F4:55:AB:96:20,-68
BLE,1703391412245766824,D3:F4:55:AB:96:20,-71
BLE,1703391412437381566,D3:F4:55:AB:96:20,-72
BLE,1703391412627168578,D3:F4:55:AB:96:20,-72
BLE,1703391412823517766,D3:F4:55:AB:96:20,-68
BLE,1703391413154203054,DF:DF:EE:00:00:04,-54
BLE,1703391413208443855,D3:F4:55:AB:96:20,-68
BLE,1703391413589115160,DF:A6:DC:DC:2E:81,-72
BLE,1703391413589146368,DF:DF:EE:00:00:01,-72
BLE,1703391413621507500,DF:DF:EE:00:00:04,-52
BLE,1703391413792232229,D3:F4:55:AB:96:20,-68
BLE,1703391413981164376,D3:F4:55:AB:96:20,-71
BLE,1703391414152293309,DF:DF:EE:00:00:04,-50
BLE,1703391414619678337,DF:DF:EE:00:00:04,-55
BLE,1703391414951938816,D3:F4:55:AB:96:20,-72
BLE,1703391415143516975,D3:F4:55:AB:96:20,-68
BLE,1703391415531983941,D3:F4:55:AB:96:20,-72
BLE,1703391415621080429,DF:DF:EE:00:00:04,-52
BLE,1703391415721014170,D3:F4:55:AB:96:20,-71
BLE,1703391416160115978,DF:DF:EE:00:00:04,-53
BLE,1703391416482606817,D3:F4:55:AB:96:20,-72
BLE,1703391416594787794,DF:A6:DC:DC:2E:81,-75
BLE,1703391416594821835,DF:DF:EE:00:00:01,-75
BLE,1703391417055475648,D3:F4:55:AB:96:20,-68
BLE,1703391417154798646,DF:DF:EE:00:00:04,-53
BLE,1703391417436989818,D3:F4:55:AB:96:20,-68
BLE,1703391417592095849,DF:A6:DC:DC:2E:81,-72
BLE,1703391417592124474,DF:DF:EE:00:00:01,-72
BLE,1703391417629719589,D3:F4:55:AB:96:20,-72
BLE,1703391417822297320,D3:F4:55:AB:96:20,-68
BLE,1703391418012692242,D3:F4:55:AB:96:20,-72
BLE,1703391418203401744,D3:F4:55:AB:96:20,-68
BLE,1703391418977389959,D3:F4:55:AB:96:20,-72
BLE,1703391419169234948,D3:F4:55:AB:96:20,-66
BLE,1703391419559250813,D3:F4:55:AB:96:20,-71
BLE,1703391419619709127,DF:DF:EE:00:00:04,-50
BLE,1703391419748995409,D3:F4:55:AB:96:20,-72
BLE,1703391420130028418,D3:F4:55:AB:96:20,-72
BLE,1703391420589288288,DF:A6:DC:DC:2E:81,-73
BLE,1703391420589327663,DF:DF:EE:00:00:01,-73
BLE,1703391421294346452,D3:F4:55:AB:96:20,-72
BLE,1703391421489029993,D3:F4:55:AB:96:20,-67
BLE,1703391421591333831,DF:A6:DC:DC:2E:81,-75
BLE,1703391421591361581,DF:DF:EE:00:00:01,-75
BLE,1703391421621273158,DF:DF:EE:00:00:04,-51
BLE,1703391421876564386,D3:F4:55:AB:96:20,-72
BLE,1703391422265125100,D3:F4:55:AB:96:20,-72
BLE,1703391422587727439,DF:A6:DC:DC:2E:81,-73
BLE,1703391422587765563,DF:DF:EE:00:00:01,-73
BLE,1703391422643596929,D3:F4:55:AB:96:20,-72
BLE,1703391422835821248,D3:F4:55:AB:96:20,-68
BLE,1703391423030616912,D3:F4:55:AB:96:20,-71
BLE,1703391423159281910,DF:DF:EE:00:00:04,-52
BLE,1703391423217705830,D3:F4:55:AB:96:20,-68
BLE,1703391423414850425,D3:F4:55:AB:96:20,-72
BLE,1703391423587705213,DF:A6:DC:DC:2E:81,-73
BLE,1703391423587734463,DF:DF:EE:00:00:01,-73
BLE,1703391423601788679,D3:F4:55:AB:96:20,-68
BLE,1703391423620522591,DF:DF:EE:00:00:04,-55
BLE,1703391423792396515,D3:F4:55:AB:96:20,-71
BLE,1703391424173468107,D3:F4:55:AB:96:20,-71
BLE,1703391424590300334,DF:A6:DC:DC:2E:81,-72
BLE,1703391424590341208,DF:DF:EE:00:00:01,-72
BLE,1703391424613488987,DF:DF:EE:00:00:04,-51
BLE,1703391424759072918,D3:F4:55:AB:96:20,-71
BLE,1703391425138553111,D3:F4:55:AB:96:20,-72
BLE,1703391425334731092,D3:F4:55:AB:96:20,-66
BLE,1703391425531187571,D3:F4:55:AB:96:20,-72
BLE,1703391426487446175,D3:F4:55:AB:96:20,-70
BLE,1703391426594086882,DF:A6:DC:DC:2E:81,-72
BLE,1703391426594119881,DF:DF:EE:00:00:01,-72
BLE,1703391426868221603,D3:F4:55:AB:96:20,-68
BLE,1703391426869550130,D3:F4:55:AB:96:20,-71
BLE,1703391427061188121,D3:F4:55:AB:96:20,-73
BLE,1703391427158914637,DF:DF:EE:00:00:04,-50
BLE,1703391427252593324,D3:F4:55:AB:96:20,-70
BLE,1703391428152136072,DF:DF:EE:00:00:04,-53
BLE,1703391428204853890,D3:F4:55:AB:96:20,-71
BLE,1703391428981414534,D3:F4:55:AB:96:20,-68
BLE,1703391429155334144,DF:DF:EE:00:00:04,-55
BLE,1703391429176474195,D3:F4:55:AB:96:20,-72
BLE,1703391429370952655,D3:F4:55:AB:96:20,-72
BLE,1703391429589542132,DF:A6:DC:DC:2E:81,-71
BLE,1703391429589569382,DF:DF:EE:00:00:01,-71
BLE,1703391429623544829,DF:DF:EE:00:00:04,-54
BLE,1703391429750082393,D3:F4:55:AB:96:20,-72
BLE,1703391429944553394,D3:F4:55:AB:96:20,-68
BLE,1703391430143289305,D3:F4:55:AB:96:20,-72
BLE,1703391430331930331,D3:F4:55:AB:96:20,-68
BLE,1703391430525081930,D3:F4:55:AB:96:20,-72
BLE,1703391430598123809,DF:A6:DC:DC:2E:81,-73
BLE,1703391430598152059,DF:DF:EE:00:00:01,-73
BLE,1703391430712352471,D3:F4:55:AB:96:20,-68
BLE,1703391430904386375,D3:F4:55:AB:96:20,-72
BLE,1703391431281086057,D3:F4:55:AB:96:20,-71
BLE,1703391431665111490,D3:F4:55:AB:96:20,-72
BLE,1703391432046654034,D3:F4:55:AB:96:20,-70
BLE,1703391432152919495,DF:DF:EE:00:00:04,-51
BLE,1703391432235399017,D3:F4:55:AB:96:20,-57
BLE,1703391432611131377,DF:A6:DC:DC:2E:81,-73
BLE,1703391432611164460,DF:DF:EE:00:00:01,-73
BLE,1703391432615746450,DF:DF:EE:00:00:04,-54
BLE,1703391432624956679,D3:F4:55:AB:96:20,-68
BLE,1703391433009253942,D3:F4:55:AB:96:20,-68
BLE,1703391433576158966,D3:F4:55:AB:96:20,-72
BLE,1703391433614226242,DF:DF:EE:00:00:04,-51
BLE,1703391433617341123,DF:A6:DC:DC:2E:81,-71
BLE,1703391433617367623,DF:DF:EE:00:00:01,-71
BLE,1703391433962081544,D3:F4:55:AB:96:20,-70
BLE,1703391434152439550,D3:F4:55:AB:96:20,-68
BLE,1703391434344191665,D3:F4:55:AB:96:20,-72
BLE,1703391434537694802,D3:F4:55:AB:96:20,-67
BLE,1703391434618399802,DF:DF:EE:00:00:04,-55
BLE,1703391434726462951,D3:F4:55:AB:96:20,-70
BLE,1703391434919028182,D3:F4:55:AB:96:20,-68
BLE,1703391435305320714,D3:F4:55:AB:96:20,-68
BLE,1703391435496307338,D3:F4:55:AB:96:20,-71
BLE,1703391435616746221,DF:DF:EE:00:00:04,-52
BLE,1703391436070011034,D3:F4:55:AB:96:20,-69
BLE,1703391436155145276,DF:DF:EE:00:00:04,-51
BLE,1703391436457615260,D3:F4:55:AB:96:20,-70
BLE,1703391436632749064,DF:A6:DC:DC:2E:81,-72
BLE,1703391436632775647,DF:DF:EE:00:00:01,-72
BLE,1703391436834995977,D3:F4:55:AB:96:20,-69
BLE,1703391437027602915,D3:F4:55:AB:96:20,-71
BLE,1703391437161577520,DF:DF:EE:00:00:04,-55
BLE,1703391437607064588,D3:F4:55:AB:96:20,-72
BLE,1703391437640287086,DF:A6:DC:DC:2E:81,-72
BLE,1703391437640314544,DF:DF:EE:00:00:01,-72
BLE,1703391437799832484,D3:F4:55:AB:96:20,-68
BLE,1703391437988904004,D3:F4:55:AB:96:20,-72
BLE,1703391438559454653,D3:F4:55:AB:96:20,-72
BLE,1703391438615597849,DF:DF:EE:00:00:04,-53
BLE,1703391438751545015,D3:F4:55:AB:96:20,-70
BLE,1703391438946792382,D3:F4:55:AB:96:20,-68
BLE,1703391439334682812,D3:F4:55:AB:96:20,-70
BLE,1703391439652668745,DF:A6:DC:DC:2E:81,-71
BLE,1703391439652698036,DF:DF:EE:00:00:01,-71
BLE,1703391440101617607,D3:F4:55:AB:96:20,-70
BLE,1703391440295066287,D3:F4:55:AB:96:20,-68
BLE,1703391440620938130,DF:DF:EE:00:00:04,-53
BLE,1703391440659042864,DF:A6:DC:DC:2E:81,-72
BLE,1703391440659069488,DF:DF:EE:00:00:01,-72
BLE,1703391440685045902,D3:F4:55:AB:96:20,-70
BLE,1703391441161625076,DF:DF:EE:00:00:04,-53
BLE,1703391442590123237,D3:F4:55:AB:96:20,-68
BLE,1703391442782290014,D3:F4:55:AB:96:20,-72
BLE,1703391442973780382,D3:F4:55:AB:96:20,-68
BLE,1703391443156158146,DF:DF:EE:00:00:04,-50
BLE,1703391443358718846,D3:F4:55:AB:96:20,-67
BLE,1703391443672763865,DF:A6:DC:DC:2E:81,-72
BLE,1703391443672791615,DF:DF:EE:00:00:01,-72
BLE,1703391444129709179,D3:F4:55:AB:96:20,-72
BLE,1703391444153497367,DF:DF:EE:00:00:04,-52
BLE,1703391444318832907,D3:F4:55:AB:96:20,-71
BLE,1703391444511478679,D3:F4:55:AB:96:20,-72
BLE,1703391444617230770,DF:DF:EE:00:00:04,-50
BLE,1703391444676511764,DF:A6:DC:DC:2E:81,-75
BLE,1703391444676538389,DF:DF:EE:00:00:01,-75
BLE,1703391444901043007,D3:F4:55:AB:96:20,-72
BLE,1703391445092986245,D3:F4:55:AB:96:20,-68
BLE,1703391445286477132,D3:F4:55:AB:96:20,-72
BLE,1703391445474674079,D3:F4:55:AB:96:20,-68
BLE,1703391445622264613,DF:DF:EE:00:00:04,-55
BLE,1703391445868652649,D3:F4:55:AB:96:20,-72
BLE,1703391446055349572,D3:F4:55:AB:96:20,-66
BLE,1703391446160155716,DF:DF:EE:00:00:04,-55
BLE,1703391446250229318,D3:F4:55:AB:96:20,-72
BLE,1703391446440415826,D3:F4:55:AB:96:20,-69
BLE,1703391447157570728,DF:DF:EE:00:00:04,-59
BLE,1703391447596478371,D3:F4:55:AB:96:20,-71
BLE,1703391447789445639,D3:F4:55:AB:96:20,-68
BLE,1703391448155952813,DF:DF:EE:00:00:04,-52
BLE,1703391448570387275,D3:F4:55:AB:96:20,-72
BLE,1703391449155161805,DF:DF:EE:00:00:04,-54
BLE,1703391449336094251,D3:F4:55:AB:96:20,-72
BLE,1703391449522811257,D3:F4:55:AB:96:20,-68
BLE,1703391449621712259,DF:DF:EE:00:00:04,-52
BLE,1703391449716648181,D3:F4:55:AB:96:20,-72
BLE,1703391450100303035,D3:F4:55:AB:96:20,-72
BLE,1703391450286099135,D3:F4:55:AB:96:20,-68
BLE,1703391450482901817,D3:F4:55:AB:96:20,-72
BLE,1703391450707750599,DF:A6:DC:DC:2E:81,-76
BLE,1703391450707782473,DF:DF:EE:00:00:01,-76
BLE,1703391451158906645,DF:DF:EE:00:00:04,-55
BLE,1703391451438579345,D3:F4:55:AB:96:20,-67
BLE,1703391451620714653,DF:DF:EE:00:00:04,-53
BLE,1703391451717730968,DF:A6:DC:DC:2E:81,-76
BLE,1703391451717759385,DF:DF:EE:00:00:01,-76
BLE,1703391452153671062,DF:DF:EE:00:00:04,-34
BLE,1703391452615100866,DF:DF:EE:00:00:04,-53
BLE,1703391452994158730,D3:F4:55:AB:96:20,-56
BLE,1703391453151706859,DF:DF:EE:00:00:04,-37
BLE,1703391453761180649,D3:F4:55:AB:96:20,-56
BLE,1703391453952748100,D3:F4:55:AB:96:20,-68
BLE,1703391454144794254,D3:F4:55:AB:96:20,-70
BLE,1703391454336158415,D3:F4:55:AB:96:20,-69
BLE,1703391454615390079,DF:DF:EE:00:00:04,-53
BLE,1703391454719131235,D3:F4:55:AB:96:20,-68
BLE,1703391455160277561,DF:DF:EE:00:00:04,-54
BLE,1703391455296840344,D3:F4:55:AB:96:20,-71
BLE,1703391455483978762,D3:F4:55:AB:96:20,-68
BLE,1703391455617387956,DF:DF:EE:00:00:04,-51
BLE,1703391455679644332,D3:F4:55:AB:96:20,-72
BLE,1703391455731734491,DF:A6:DC:DC:2E:81,-72
BLE,1703391455731760949,DF:DF:EE:00:00:01,-72
BLE,1703391455869302513,D3:F4:55:AB:96:20,-69
BLE,1703391456062920982,D3:F4:55:AB:96:20,-71
BLE,1703391456155379099,DF:DF:EE:00:00:04,-55
BLE,1703391456248400960,D3:F4:55:AB:96:20,-68
BLE,1703391456616579573,DF:DF:EE:00:00:04,-53
BLE,1703391456632919554,D3:F4:55:AB:96:20,-68
BLE,1703391457220558259,D3:F4:55:AB:96:20,-53
BLE,1703391457741564179,DF:A6:DC:DC:2E:81,-57
BLE,1703391457741596762,DF:DF:EE:00:00:01,-57
BLE,1703391458153852707,DF:DF:EE:00:00:04,-55
BLE,1703391458386474192,D3:F4:55:AB:96:20,-66
BLE,1703391458615006390,DF:DF:EE:00:00:04,-51
BLE,1703391458768145652,D3:F4:55:AB:96:20,-52
BLE,1703391458965254123,D3:F4:55:AB:96:20,-56
BLE,1703391459151660465,D3:F4:55:AB:96:20,-68
BLE,1703391459347487701,D3:F4:55:AB:96:20,-72
BLE,1703391459535546150,D3:F4:55:AB:96:20,-68
BLE,1703391459730364647,D3:F4:55:AB:96:20,-56
BLE,1703391459750401919,DF:A6:DC:DC:2E:81,-60
BLE,1703391459750428294,DF:DF:EE:00:00:01,-60
BLE,1703391459918998881,D3:F4:55:AB:96:20,-67
BLE,1703391460159277987,DF:DF:EE:00:00:04,-39
BLE,1703391460303675389,D3:F4:55:AB:96:20,-68
BLE,1703391460495046926,D3:F4:55:AB:96:20,-56
BLE,1703391460613782453,DF:DF:EE:00:00:04,-35
BLE,1703391460684167946,D3:F4:55:AB:96:20,-67
BLE,1703391460751317850,DF:A6:DC:DC:2E:81,-73
BLE,1703391460751345350,DF:DF:EE:00:00:01,-73
BLE,1703391461074454183,D3:F4:55:AB:96:20,-56
BLE,1703391461152559504,DF:DF:EE:00:00:04,-35
BLE,1703391461266266547,D3:F4:55:AB:96:20,-52
BLE,1703391461655524921,D3:F4:55:AB:96:20,-71
BLE,1703391462154319926,DF:DF:EE:00:00:04,-53
BLE,1703391462232560663,D3:F4:55:AB:96:20,-66
BLE,1703391462425268100,D3:F4:55:AB:96:20,-70
BLE,1703391462997642437,D3:F4:55:AB:96:20,-68
BLE,1703391463153175380,DF:DF:EE:00:00:04,-55
BLE,1703391463575603419,D3:F4:55:AB:96:20,-72
BLE,1703391463613988108,DF:DF:EE:00:00:04,-52
BLE,1703391463954398702,D3:F4:55:AB:96:20,-70
BLE,1703391464149299449,D3:F4:55:AB:96:20,-68
BLE,1703391464153077739,DF:DF:EE:00:00:04,-52
BLE,1703391464544405172,D3:F4:55:AB:96:20,-73
BLE,1703391464933788003,D3:F4:55:AB:96:20,-68
BLE,1703391465521757787,D3:F4:55:AB:96:20,-68
BLE,1703391465613020293,DF:DF:EE:00:00:04,-50
BLE,1703391465784045185,DF:A6:DC:DC:2E:81,-75
BLE,1703391465784071643,DF:DF:EE:00:00:01,-75
BLE,1703391466673476007,D3:F4:55:AB:96:20,-56
BLE,1703391466870076942,D3:F4:55:AB:96:20,-52
BLE,1703391467062946878,D3:F4:55:AB:96:20,-72
BLE,1703391467251659402,D3:F4:55:AB:96:20,-66
BLE,1703391467445999530,D3:F4:55:AB:96:20,-56
BLE,1703391467619203855,DF:DF:EE:00:00:04,-37
BLE,1703391467633500443,D3:F4:55:AB:96:20,-66
BLE,1703391468025873115,D3:F4:55:AB:96:20,-72
BLE,1703391468221059399,D3:F4:55:AB:96:20,-67
BLE,1703391468615411423,D3:F4:55:AB:96:20,-72
BLE,1703391468791979836,DF:A6:DC:DC:2E:81,-71
BLE,1703391468792008960,DF:DF:EE:00:00:01,-71
BLE,1703391469002556487,D3:F4:55:AB:96:20,-71
BLE,1703391469152668075,DF:DF:EE:00:00:04,-52
BLE,1703391469195185342,D3:F4:55:AB:96:20,-72
BLE,1703391469390634666,D3:F4:55:AB:96:20,-69
BLE,1703391469614185878,DF:DF:EE:00:00:04,-50
BLE,1703391469775418840,D3:F4:55:AB:96:20,-68
BLE,1703391469793193638,DF:A6:DC:DC:2E:81,-75
BLE,1703391469793219013,DF:DF:EE:00:00:01,-75
BLE,1703391469969160766,D3:F4:55:AB:96:20,-72
BLE,1703391470547597450,D3:F4:55:AB:96:20,-72
BLE,1703391470621982398,DF:DF:EE:00:00:04,-56
BLE,1703391470741738497,D3:F4:55:AB:96:20,-68
BLE,1703391470799310718,DF:A6:DC:DC:2E:81,-76
BLE,1703391470799340718,DF:DF:EE:00:00:01,-76
BLE,1703391470932865911,D3:F4:55:AB:96:20,-72
BLE,1703391471159434589,DF:DF:EE:00:00:04,-56
BLE,1703391471506953020,D3:F4:55:AB:96:20,-68
BLE,1703391471799565032,DF:A6:DC:DC:2E:81,-72
BLE,1703391471799598698,DF:DF:EE:00:00:01,-72
BLE,1703391471888325316,D3:F4:55:AB:96:20,-68
BLE,1703391472083556100,D3:F4:55:AB:96:20,-72
BLE,1703391472269447948,D3:F4:55:AB:96:20,-67
BLE,1703391472463315665,D3:F4:55:AB:96:20,-71
BLE,1703391472658258327,D3:F4:55:AB:96:20,-72
BLE,1703391472802202360,DF:A6:DC:DC:2E:81,-76
BLE,1703391472802233401,DF:DF:EE:00:00:01,-76
BLE,1703391472850223731,D3:F4:55:AB:96:20,-72
BLE,1703391473041408103,D3:F4:55:AB:96:20,-72
BLE,1703391473150221201,DF:DF:EE:00:00:04,-50
BLE,1703391473230841036,D3:F4:55:AB:96:20,-72
BLE,1703391473426128778,D3:F4:55:AB:96:20,-70
BLE,1703391473614482890,DF:DF:EE:00:00:04,-56
BLE,1703391473803291830,DF:A6:DC:DC:2E:81,-72
BLE,1703391473803319205,DF:DF:EE:00:00:01,-72
BLE,1703391474003709222,D3:F4:55:AB:96:20,-68
BLE,1703391474198385137,D3:F4:55:AB:96:20,-72
BLE,1703391474384496942,D3:F4:55:AB:96:20,-68
BLE,1703391474579787933,D3:F4:55:AB:96:20,-72
BLE,1703391474619465191,DF:DF:EE:00:00:04,-53
BLE,1703391474773221988,D3:F4:55:AB:96:20,-70
BLE,1703391474810276109,DF:A6:DC:DC:2E:81,-73
BLE,1703391474810303859,DF:DF:EE:00:00:01,-73
BLE,1703391475153014010,DF:DF:EE:00:00:04,-51
BLE,1703391475538449886,D3:F4:55:AB:96:20,-71
BLE,1703391475818011296,DF:A6:DC:DC:2E:81,-75
BLE,1703391475818040629,DF:DF:EE:00:00:01,-75
BLE,1703391476118081723,D3:F4:55:AB:96:20,-68
BLE,1703391476503389516,D3:F4:55:AB:96:20,-68
BLE,1703391476610611841,DF:DF:EE:00:00:04,-50
BLE,1703391476695296588,D3:F4:55:AB:96:20,-72
BLE,1703391476885522971,D3:F4:55:AB:96:20,-68
BLE,1703391477079500477,D3:F4:55:AB:96:20,-72
BLE,1703391477275965914,D3:F4:55:AB:96:20,-71
BLE,1703391477468275231,D3:F4:55:AB:96:20,-69
BLE,1703391477859855328,D3:F4:55:AB:96:20,-72
BLE,1703391478234546284,D3:F4:55:AB:96:20,-68
BLE,1703391478613352734,DF:DF:EE:00:00:04,-50
BLE,1703391478620320405,D3:F4:55:AB:96:20,-72
BLE,1703391478834630264,DF:A6:DC:DC:2E:81,-75
BLE,1703391478834662264,DF:DF:EE:00:00:01,-75
BLE,1703391479385928215,D3:F4:55:AB:96:20,-73
BLE,1703391479575923559,D3:F4:55:AB:96:20,-72
BLE,1703391479611086451,DF:DF:EE:00:00:04,-53
BLE,1703391479844070182,DF:A6:DC:DC:2E:81,-76
BLE,1703391479844098556,DF:DF:EE:00:00:01,-76
BLE,1703391480148085814,D3:F4:55:AB:96:20,-68
BLE,1703391480160929835,DF:DF:EE:00:00:04,-65
BLE,1703391480338096783,D3:F4:55:AB:96:20,-72
BLE,1703391480527712589,D3:F4:55:AB:96:20,-66
BLE,1703391480617058908,DF:DF:EE:00:00:04,-50
BLE,1703391480913095381,D3:F4:55:AB:96:20,-68
BLE,1703391481305556802,D3:F4:55:AB:96:20,-72
BLE,1703391481501239706,D3:F4:55:AB:96:20,-56
BLE,1703391481855996929,DF:A6:DC:DC:2E:81,-72
BLE,1703391481856030345,DF:DF:EE:00:00:01,-72
BLE,1703391481879987407,D3:F4:55:AB:96:20,-68
BLE,1703391482150108591,DF:DF:EE:00:00:04,-50
BLE,1703391482458029304,D3:F4:55:AB:96:20,-72
BLE,1703391482644642894,D3:F4:55:AB:96:20,-69
BLE,1703391482838369029,D3:F4:55:AB:96:20,-71
BLE,1703391482862549796,DF:A6:DC:DC:2E:81,-76
BLE,1703391482862575046,DF:DF:EE:00:00:01,-76
BLE,1703391483025738235,D3:F4:55:AB:96:20,-68
BLE,1703391483217919804,D3:F4:55:AB:96:20,-72
BLE,1703391483405478300,D3:F4:55:AB:96:20,-67
BLE,1703391483600873082,D3:F4:55:AB:96:20,-72
BLE,1703391483615926661,DF:DF:EE:00:00:04,-52
BLE,1703391483787890043,D3:F4:55:AB:96:20,-68
BLE,1703391483860605343,DF:A6:DC:DC:2E:81,-73
BLE,1703391483860630217,DF:DF:EE:00:00:01,-73
BLE,1703391483980622022,D3:F4:55:AB:96:20,-70
BLE,1703391484152152617,DF:DF:EE:00:00:04,-51
BLE,1703391484175941638,D3:F4:55:AB:96:20,-69
BLE,1703391484372765154,D3:F4:55:AB:96:20,-68
BLE,1703391484571254610,D3:F4:55:AB:96:20,-72
BLE,1703391484616670469,DF:DF:EE:00:00:04,-55
BLE,1703391484864208910,DF:A6:DC:DC:2E:81,-76
BLE,1703391484864237993,DF:DF:EE:00:00:01,-76
BLE,1703391485149653920,DF:DF:EE:00:00:04,-53
BLE,1703391485619215132,DF:DF:EE:00:00:04,-52
BLE,1703391485726787952,D3:F4:55:AB:96:20,-66
BLE,1703391485867921017,DF:A6:DC:DC:2E:81,-71
BLE,1703391485867948975,DF:DF:EE:00:00:01,-71
BLE,1703391486109664315,D3:F4:55:AB:96:20,-68
BLE,1703391486150812014,DF:DF:EE:00:00:04,-62
BLE,1703391486615855153,DF:DF:EE:00:00:04,-55
BLE,1703391486887950523,D3:F4:55:AB:96:20,-72
BLE,1703391487084713998,D3:F4:55:AB:96:20,-70
BLE,1703391487159693397,DF:DF:EE:00:00:04,-55
BLE,1703391487278521298,D3:F4:55:AB:96:20,-68
BLE,1703391487472976507,D3:F4:55:AB:96:20,-72
BLE,1703391487660494879,D3:F4:55:AB:96:20,-68
BLE,1703391487871719190,DF:A6:DC:DC:2E:81,-72
BLE,1703391487871750523,DF:DF:EE:00:00:01,-72
BLE,1703391488056160221,D3:F4:55:AB:96:20,-72
BLE,1703391488246093149,D3:F4:55:AB:96:20,-52
BLE,1703391488441037144,D3:F4:55:AB:96:20,-72
BLE,1703391488634522032,D3:F4:55:AB:96:20,-70
BLE,1703391488830724471,D3:F4:55:AB:96:20,-68
BLE,1703391488873950231,DF:A6:DC:DC:2E:81,-72
BLE,1703391488873985480,DF:DF:EE:00:00:01,-72
BLE,1703391489024717353,D3:F4:55:AB:96:20,-72
BLE,1703391489211433234,D3:F4:55:AB:96:20,-69
BLE,1703391489594920339,D3:F4:55:AB:96:20,-68
BLE,1703391489619309146,DF:DF:EE:00:00:04,-51
BLE,1703391489791108071,D3:F4:55:AB:96:20,-72
BLE,1703391489980136217,D3:F4:55:AB:96:20,-68
BLE,1703391490367455779,D3:F4:55:AB:96:20,-71
BLE,1703391490557452956,D3:F4:55:AB:96:20,-72
BLE,1703391491138586485,D3:F4:55:AB:96:20,-72
BLE,1703391491156434324,DF:DF:EE:00:00:04,-53
BLE,1703391491514272387,D3:F4:55:AB:96:20,-70
BLE,1703391491893532416,D3:F4:55:AB:96:20,-68
BLE,1703391492275912742,D3:F4:55:AB:96:20,-68
BLE,1703391492470475450,D3:F4:55:AB:96:20,-71
BLE,1703391492886316022,DF:A6:DC:DC:2E:81,-71
BLE,1703391492886351147,DF:DF:EE:00:00:01,-71
BLE,1703391493046051876,D3:F4:55:AB:96:20,-70
BLE,1703391493153730820,DF:DF:EE:00:00:04,-50
BLE,1703391493238989227,D3:F4:55:AB:96:20,-68
BLE,1703391494149595600,DF:DF:EE:00:00:04,-53
BLE,1703391494191344335,D3:F4:55:AB:96:20,-71
BLE,1703391494613449252,DF:DF:EE:00:00:04,-35
BLE,1703391494890914769,DF:A6:DC:DC:2E:81,-72
BLE,1703391494890948560,DF:DF:EE:00:00:01,-72
BLE,1703391495158757896,DF:DF:EE:00:00:04,-53
BLE,1703391495346033437,D3:F4:55:AB:96:20,-71
BLE,1703391495898111004,DF:A6:DC:DC:2E:81,-73
BLE,1703391495898158003,DF:DF:EE:00:00:01,-73
BLE,1703391496308663635,D3:F4:55:AB:96:20,-72
BLE,1703391496614680287,DF:DF:EE:00:00:04,-51
BLE,1703391496693542017,D3:F4:55:AB:96:20,-70
BLE,1703391496883965481,D3:F4:55:AB:96:20,-68
BLE,1703391496902236398,DF:A6:DC:DC:2E:81,-75
BLE,1703391496902261898,DF:DF:EE:00:00:01,-75
BLE,1703391497079275222,D3:F4:55:AB:96:20,-72
BLE,1703391497155604397,DF:DF:EE:00:00:04,-35
BLE,1703391497269478480,D3:F4:55:AB:96:20,-67
BLE,1703391497620554578,DF:DF:EE:00:00:04,-55
BLE,1703391497663176178,D3:F4:55:AB:96:20,-56
BLE,1703391497851919036,D3:F4:55:AB:96:20,-68
BLE,1703391497912261101,DF:A6:DC:DC:2E:81,-76
BLE,1703391497912289350,DF:DF:EE:00:00:01,-76
BLE,1703391498048678344,D3:F4:55:AB:96:20,-72
BLE,1703391498152524749,DF:DF:EE:00:00:04,-53
BLE,1703391498621328136,D3:F4:55:AB:96:20,-66
BLE,1703391498811517019,D3:F4:55:AB:96:20,-72
BLE,1703391498912124960,DF:A6:DC:DC:2E:81,-72
BLE,1703391498912157793,DF:DF:EE:00:00:01,-72
BLE,1703391499001316281,D3:F4:55:AB:96:20,-66
BLE,1703391499384424641,D3:F4:55:AB:96:20,-68
BLE,1703391499577278869,D3:F4:55:AB:96:20,-72
BLE,1703391499763780710,D3:F4:55:AB:96:20,-67
BLE,1703391499917608256,DF:A6:DC:DC:2E:81,-76
BLE,1703391499917666755,DF:DF:EE:00:00:01,-76
BLE,1703391499956820977,D3:F4:55:AB:96:20,-61
BLE,1703391500154734023,DF:DF:EE:00:00:04,-52
BLE,1703391500344411787,D3:F4:55:AB:96:20,-72
BLE,1703391500536962476,D3:F4:55:AB:96:20,-71
BLE,1703391500728293596,D3:F4:55:AB:96:20,-72
BLE,1703391501504651242,D3:F4:55:AB:96:20,-71
BLE,1703391501610702830,DF:DF:EE:00:00:04,-50
BLE,1703391501700717892,D3:F4:55:AB:96:20,-68
BLE,1703391501926956907,DF:A6:DC:DC:2E:81,-72
BLE,1703391501926988907,DF:DF:EE:00:00:01,-72
BLE,1703391502150326914,DF:DF:EE:00:00:04,-51
BLE,1703391502617310363,DF:DF:EE:00:00:04,-55
BLE,1703391502670205471,D3:F4:55:AB:96:20,-66
BLE,1703391502864989802,D3:F4:55:AB:96:20,-72
BLE,1703391502930768180,DF:A6:DC:DC:2E:81,-76
BLE,1703391502930800347,DF:DF:EE:00:00:01,-76
BLE,1703391503058867351,D3:F4:55:AB:96:20,-72
BLE,1703391503149416615,DF:DF:EE:00:00:04,-53
BLE,1703391503251001796,D3:F4:55:AB:96:20,-68
BLE,1703391503445907292,D3:F4:55:AB:96:20,-72
BLE,1703391503615813196,DF:DF:EE:00:00:04,-51
BLE,1703391503638314191,D3:F4:55:AB:96:20,-68
BLE,1703391503938757698,DF:A6:DC:DC:2E:81,-73
BLE,1703391503938794489,DF:DF:EE:00:00:01,-73
BLE,1703391504020727684,D3:F4:55:AB:96:20,-68
BLE,1703391504153914089,DF:DF:EE:00:00:04,-50
BLE,1703391504401615444,D3:F4:55:AB:96:20,-68
BLE,1703391504596225902,D3:F4:55:AB:96:20,-72
BLE,1703391504617529952,DF:DF:EE:00:00:04,-55
BLE,1703391504784385224,D3:F4:55:AB:96:20,-68
BLE,1703391505151417642,DF:DF:EE:00:00:04,-52
BLE,1703391505557518074,D3:F4:55:AB:96:20,-73
BLE,1703391505749112691,D3:F4:55:AB:96:20,-68
BLE,1703391506612778013,DF:DF:EE:00:00:04,-53
BLE,1703391506698244835,D3:F4:55:AB:96:20,-68
BLE,1703391506892254091,D3:F4:55:AB:96:20,-72
BLE,1703391507154221326,DF:DF:EE:00:00:04,-52
BLE,1703391507963731679,DF:A6:DC:DC:2E:81,-71
BLE,1703391507963770721,DF:DF:EE:00:00:01,-71
BLE,1703391508247424959,D3:F4:55:AB:96:20,-69
BLE,1703391508620817388,DF:DF:EE:00:00:04,-40
BLE,1703391508631293561,D3:F4:55:AB:96:20,-66
BLE,1703391508827791538,D3:F4:55:AB:96:20,-72
BLE,1703391508966318133,DF:A6:DC:DC:2E:81,-72
BLE,1703391508966351674,DF:DF:EE:00:00:01,-72
BLE,1703391509155150823,DF:DF:EE:00:00:04,-52
BLE,1703391509793356121,D3:F4:55:AB:96:20,-72
BLE,1703391509981267988,D3:F4:55:AB:96:20,-68
BLE,1703391510152145798,DF:DF:EE:00:00:04,-55
BLE,1703391510609870895,DF:DF:EE:00:00:04,-51
BLE,1703391510933700636,D3:F4:55:AB:96:20,-70
BLE,1703391510978841957,DF:A6:DC:DC:2E:81,-57
BLE,1703391510978868540,DF:DF:EE:00:00:01,-57
BLE,1703391511156540065,DF:DF:EE:00:00:04,-52
BLE,1703391511313628948,D3:F4:55:AB:96:20,-70
BLE,1703391511704185682,D3:F4:55:AB:96:20,-72
BLE,1703391512087369374,D3:F4:55:AB:96:20,-80
BLE,1703391512148829052,DF:DF:EE:00:00:04,-53
BLE,1703391512472648626,D3:F4:55:AB:96:20,-72
BLE,1703391512615059593,DF:DF:EE:00:00:04,-50
BLE,1703391512666377302,D3:F4:55:AB:96:20,-71
BLE,1703391512862152414,D3:F4:55:AB:96:20,-68
BLE,1703391512981554183,DF:A6:DC:DC:2E:81,-63
BLE,1703391512981597224,DF:DF:EE:00:00:01,-63
BLE,1703391513055111015,D3:F4:55:AB:96:20,-72
BLE,1703391513616285479,DF:DF:EE:00:00:04,-55
BLE,1703391513635327846,D3:F4:55:AB:96:20,-70
BLE,1703391513983888806,DF:A6:DC:DC:2E:81,-71
BLE,1703391513983918723,DF:DF:EE:00:00:01,-71
BLE,1703391514021303757,D3:F4:55:AB:96:20,-72
BLE,1703391514208643047,D3:F4:55:AB:96:20,-68
BLE,1703391514398937804,D3:F4:55:AB:96:20,-70
BLE,1703391514595160910,D3:F4:55:AB:96:20,-68
BLE,1703391514615033184,DF:DF:EE:00:00:04,-50
BLE,1703391514984713405,D3:F4:55:AB:96:20,-70
BLE,1703391514989266937,DF:A6:DC:DC:2E:81,-77
BLE,1703391514989292895,DF:DF:EE:00:00:01,-77
BLE,1703391515151589386,DF:DF:EE:00:00:04,-55
BLE,1703391515175924026,D3:F4:55:AB:96:20,-67
BLE,1703391515365034713,D3:F4:55:AB:96:20,-70
BLE,1703391515753774051,D3:F4:55:AB:96:20,-72
BLE,1703391515942635366,D3:F4:55:AB:96:20,-68
BLE,1703391515988536178,DF:A6:DC:DC:2E:81,-72
BLE,1703391515988562719,DF:DF:EE:00:00:01,-72
BLE,1703391516133522074,D3:F4:55:AB:96:20,-71
BLE,1703391516151848574,DF:DF:EE:00:00:04,-53
BLE,1703391516519373903,D3:F4:55:AB:96:20,-72
BLE,1703391516709644701,D3:F4:55:AB:96:20,-68
BLE,1703391516898352893,D3:F4:55:AB:96:20,-72
BLE,1703391517150073411,DF:DF:EE:00:00:04,-56
BLE,1703391517279707648,D3:F4:55:AB:96:20,-70
BLE,1703391517618501302,DF:DF:EE:00:00:04,-52
BLE,1703391517854190794,D3:F4:55:AB:96:20,-68
BLE,1703391518045423790,D3:F4:55:AB:96:20,-72
BLE,1703391518148524578,DF:DF:EE:00:00:04,-50
BLE,1703391518236263415,D3:F4:55:AB:96:20,-68
BLE,1703391518269051210,DF:A6:DC:DC:2E:81,-71
BLE,1703391518269079710,DF:DF:EE:00:00:01,-71
BLE,1703391518431362451,D3:F4:55:AB:96:20,-72
BLE,1703391518615856732,DF:DF:EE:00:00:04,-55
BLE,1703391518619393858,D3:F4:55:AB:96:20,-68
BLE,1703391519008482900,D3:F4:55:AB:96:20,-70
BLE,1703391519155270818,DF:DF:EE:00:00:04,-55
BLE,1703391519267145756,DF:A6:DC:DC:2E:81,-76
BLE,1703391519267178964,DF:DF:EE:00:00:01,-76
BLE,1703391519399076967,D3:F4:55:AB:96:20,-72
BLE,1703391519586570880,D3:F4:55:AB:96:20,-68
BLE,1703391519612555377,DF:DF:EE:00:00:04,-50
BLE,1703391519782457074,D3:F4:55:AB:96:20,-56
BLE,1703391519978748554,D3:F4:55:AB:96:20,-71
BLE,1703391520151048557,DF:DF:EE:00:00:04,-50
BLE,1703391520553512239,D3:F4:55:AB:96:20,-68
BLE,1703391520616512690,DF:DF:EE:00:00:04,-55
BLE,1703391520937261216,D3:F4:55:AB:96:20,-68
BLE,1703391521269787442,DF:A6:DC:DC:2E:81,-75
BLE,1703391521269856066,DF:DF:EE:00:00:01,-75
BLE,1703391521512214774,D3:F4:55:AB:96:20,-71
BLE,1703391521705309957,D3:F4:55:AB:96:20,-66
BLE,1703391522280332430,D3:F4:55:AB:96:20,-72
BLE,1703391522469688448,D3:F4:55:AB:96:20,-68
BLE,1703391522617790808,DF:DF:EE:00:00:04,-55
BLE,1703391522666006178,D3:F4:55:AB:96:20,-72
BLE,1703391522857285840,D3:F4:55:AB:96:20,-70
BLE,1703391523158886792,DF:DF:EE:00:00:04,-56
BLE,1703391523239926413,D3:F4:55:AB:96:20,-70
BLE,1703391523270169820,DF:A6:DC:DC:2E:81,-76
BLE,1703391523270196153,DF:DF:EE:00:00:01,-76
BLE,1703391523428642271,D3:F4:55:AB:96:20,-56
BLE,1703391523614484162,D3:F4:55:AB:96:20,-68
BLE,1703391523810164608,D3:F4:55:AB:96:20,-72
BLE,1703391524270740838,DF:A6:DC:DC:2E:81,-71
BLE,1703391524270794879,DF:DF:EE:00:00:01,-71
BLE,1703391524582743172,D3:F4:55:AB:96:20,-68
BLE,1703391524620078623,DF:DF:EE:00:00:04,-54
BLE,1703391524776284517,D3:F4:55:AB:96:20,-71
BLE,1703391524968885706,D3:F4:55:AB:96:20,-68
BLE,1703391525147287556,DF:DF:EE:00:00:04,-51
BLE,1703391525158299431,D3:F4:55:AB:96:20,-71
BLE,1703391525266630951,DF:A6:DC:DC:2E:81,-71
BLE,1703391525266657993,DF:DF:EE:00:00:01,-71
BLE,1703391525350567582,D3:F4:55:AB:96:20,-68
BLE,1703391525546837854,D3:F4:55:AB:96:20,-56
BLE,1703391525611597161,DF:DF:EE:00:00:04,-55
BLE,1703391525738257098,D3:F4:55:AB:96:20,-56
BLE,1703391525929050974,D3:F4:55:AB:96:20,-72
BLE,1703391526156772431,DF:DF:EE:00:00:04,-34
BLE,1703391526270300518,DF:A6:DC:DC:2E:81,-59
BLE,1703391526270332059,DF:DF:EE:00:00:01,-59
BLE,1703391526319893121,D3:F4:55:AB:96:20,-52
BLE,1703391526512657267,D3:F4:55:AB:96:20,-72
BLE,1703391527267769446,DF:A6:DC:DC:2E:81,-57
BLE,1703391527267810487,DF:DF:EE:00:00:01,-57
BLE,1703391527283048481,D3:F4:55:AB:96:20,-52
BLE,1703391527477439649,D3:F4:55:AB:96:20,-56
BLE,1703391527616440072,DF:DF:EE:00:00:04,-39
BLE,1703391527673660880,D3:F4:55:AB:96:20,-71
BLE,1703391527863987887,D3:F4:55:AB:96:20,-67
BLE,1703391528242622256,D3:F4:55:AB:96:20,-56
BLE,1703391528265183667,DF:A6:DC:DC:2E:81,-60
BLE,1703391528265215916,DF:DF:EE:00:00:01,-60
BLE,1703391528609934628,DF:DF:EE:00:00:04,-51
BLE,1703391528618649363,D3:F4:55:AB:96:20,-71
BLE,1703391528812043334,D3:F4:55:AB:96:20,-53
BLE,1703391529002943043,D3:F4:55:AB:96:20,-56
BLE,1703391529154003995,DF:DF:EE:00:00:04,-44
BLE,1703391529198563364,D3:F4:55:AB:96:20,-66
BLE,1703391529269025522,DF:A6:DC:DC:2E:81,-72
BLE,1703391529269053980,DF:DF:EE:00:00:01,-72
BLE,1703391529594218123,D3:F4:55:AB:96:20,-72
BLE,1703391529787336889,D3:F4:55:AB:96:20,-70
BLE,1703391530553694524,D3:F4:55:AB:96:20,-71
BLE,1703391530744059072,D3:F4:55:AB:96:20,-72
BLE,1703391531153694881,DF:DF:EE:00:00:04,-35
BLE,1703391531265153116,DF:A6:DC:DC:2E:81,-72
BLE,1703391531265181407,DF:DF:EE:00:00:01,-72
BLE,1703391531318704508,D3:F4:55:AB:96:20,-61
BLE,1703391531514022041,D3:F4:55:AB:96:20,-66
BLE,1703391531709261617,D3:F4:55:AB:96:20,-57
BLE,1703391531905493056,D3:F4:55:AB:96:20,-61
BLE,1703391532098621030,D3:F4:55:AB:96:20,-75
BLE,1703391532153018121,DF:DF:EE:00:00:04,-53
BLE,1703391532271310154,DF:A6:DC:DC:2E:81,-83
BLE,1703391532271341445,DF:DF:EE:00:00:01,-83
BLE,1703391532487415784,D3:F4:55:AB:96:20,-59
BLE,1703391532681890743,D3:F4:55:AB:96:20,-66
BLE,1703391532881589268,D3:F4:55:AB:96:20,-72
BLE,1703391533072356270,D3:F4:55:AB:96:20,-62
BLE,1703391533266205945,D3:F4:55:AB:96:20,-68
BLE,1703391533607824942,DF:DF:EE:00:00:04,-50
BLE,1703391534035049718,D3:F4:55:AB:96:20,-68
BLE,1703391534152806506,DF:DF:EE:00:00:04,-52
BLE,1703391534264660320,DF:A6:DC:DC:2E:81,-71
BLE,1703391534264688861,DF:DF:EE:00:00:01,-71
BLE,1703391534417172172,D3:F4:55:AB:96:20,-68
BLE,1703391534612931992,D3:F4:55:AB:96:20,-71
BLE,1703391534807566783,D3:F4:55:AB:96:20,-72
BLE,1703391535194252894,D3:F4:55:AB:96:20,-72
BLE,1703391535265043632,DF:A6:DC:DC:2E:81,-76
BLE,1703391535265069923,DF:DF:EE:00:00:01,-76
BLE,1703391535611258369,DF:DF:EE:00:00:04,-50
BLE,1703391535767846467,D3:F4:55:AB:96:20,-67
BLE,1703391536152130022,DF:DF:EE:00:00:04,-50
BLE,1703391536153728920,DF:DF:EE:00:00:04,-53
BLE,1703391536163093772,D3:F4:55:AB:96:20,-72
BLE,1703391536356691991,D3:F4:55:AB:96:20,-72
BLE,1703391536546612877,D3:F4:55:AB:96:20,-72
BLE,1703391536613081040,DF:DF:EE:00:00:04,-55
BLE,1703391536740342137,D3:F4:55:AB:96:20,-71
BLE,1703391536936301871,D3:F4:55:AB:96:20,-66
BLE,1703391537128680104,D3:F4:55:AB:96:20,-72
BLE,1703391537152738873,DF:DF:EE:00:00:04,-55
BLE,1703391537511885588,D3:F4:55:AB:96:20,-72
BLE,1703391537613969804,DF:DF:EE:00:00:04,-34
BLE,1703391537701235314,D3:F4:55:AB:96:20,-66
BLE,1703391537898766947,D3:F4:55:AB:96:20,-71
BLE,1703391538092938909,D3:F4:55:AB:96:20,-72
BLE,1703391538150632713,DF:DF:EE:00:00:04,-50
BLE,1703391538285564265,D3:F4:55:AB:96:20,-68
BLE,1703391538476628096,D3:F4:55:AB:96:20,-70
BLE,1703391538540786784,DF:A6:DC:DC:2E:81,-71
BLE,1703391538540813117,DF:DF:EE:00:00:01,-71
BLE,1703391538615916723,DF:DF:EE:00:00:04,-54
BLE,1703391538861797099,D3:F4:55:AB:96:20,-71
BLE,1703391539151525811,DF:DF:EE:00:00:04,-52
BLE,1703391539440198201,D3:F4:55:AB:96:20,-71
BLE,1703391539537890384,DF:A6:DC:DC:2E:81,-76
BLE,1703391539537918675,DF:DF:EE:00:00:01,-76
BLE,1703391539612706743,DF:DF:EE:00:00:04,-50
BLE,1703391540014985802,D3:F4:55:AB:96:20,-72
BLE,1703391540212964846,D3:F4:55:AB:96:20,-72
BLE,1703391540537610411,DF:A6:DC:DC:2E:81,-72
BLE,1703391540537651869,DF:DF:EE:00:00:01,-72
BLE,1703391540598004309,D3:F4:55:AB:96:20,-72
BLE,1703391540610619958,DF:DF:EE:00:00:04,-52
BLE,1703391540783945115,D3:F4:55:AB:96:20,-68
BLE,1703391541156845716,DF:DF:EE:00:00:04,-56
BLE,1703391541170155982,D3:F4:55:AB:96:20,-69
BLE,1703391541363226749,D3:F4:55:AB:96:20,-72
BLE,1703391541541693723,DF:A6:DC:DC:2E:81,-76
BLE,1703391541541724514,DF:DF:EE:00:00:01,-76
BLE,1703391541557258296,D3:F4:55:AB:96:20,-70
BLE,1703391541610988853,DF:DF:EE:00:00:04,-40
BLE,1703391541752618662,D3:F4:55:AB:96:20,-68
BLE,1703391541941759807,D3:F4:55:AB:96:20,-70
BLE,1703391542154021398,DF:DF:EE:00:00:04,-51
BLE,1703391542320019014,D3:F4:55:AB:96:20,-72
BLE,1703391542510392394,D3:F4:55:AB:96:20,-72
BLE,1703391542537361463,DF:A6:DC:DC:2E:81,-72
BLE,1703391542537391755,DF:DF:EE:00:00:01,-72
BLE,1703391542699301250,D3:F4:55:AB:96:20,-68
BLE,1703391542893526629,D3:F4:55:AB:96:20,-72
BLE,1703391543085395076,D3:F4:55:AB:96:20,-70
BLE,1703391543280155657,D3:F4:55:AB:96:20,-68
BLE,1703391543472042604,D3:F4:55:AB:96:20,-70
BLE,1703391543613891078,DF:DF:EE:00:00:04,-56
BLE,1703391543667675717,D3:F4:55:AB:96:20,-66
BLE,1703391544055107736,D3:F4:55:AB:96:20,-72
BLE,1703391544150203657,DF:DF:EE:00:00:04,-56
BLE,1703391544439770579,D3:F4:55:AB:96:20,-70
BLE,1703391544541675172,DF:A6:DC:DC:2E:81,-73
BLE,1703391544541705547,DF:DF:EE:00:00:01,-73
BLE,1703391544634007124,D3:F4:55:AB:96:20,-68
BLE,1703391545027641198,D3:F4:55:AB:96:20,-72
BLE,1703391545149410524,DF:DF:EE:00:00:04,-50
BLE,1703391545216014768,D3:F4:55:AB:96:20,-68
BLE,1703391545413108239,D3:F4:55:AB:96:20,-72
BLE,1703391545541841945,DF:A6:DC:DC:2E:81,-72
BLE,1703391545541874903,DF:DF:EE:00:00:01,-72
BLE,1703391545608196275,D3:F4:55:AB:96:20,-72
BLE,1703391545614680243,DF:DF:EE:00:00:04,-55
BLE,1703391545802175281,D3:F4:55:AB:96:20,-68
BLE,1703391546150110374,DF:DF:EE:00:00:04,-53
BLE,1703391546182131219,D3:F4:55:AB:96:20,-68
BLE,1703391546378324742,D3:F4:55:AB:96:20,-72
BLE,1703391546535438292,DF:A6:DC:DC:2E:81,-75
BLE,1703391546535467458,DF:DF:EE:00:00:01,-75
BLE,1703391546609783615,DF:DF:EE:00:00:04,-50
BLE,1703391546767403159,D3:F4:55:AB:96:20,-68
BLE,1703391547150821724,DF:DF:EE:00:00:04,-51
BLE,1703391547158553761,D3:F4:55:AB:96:20,-70
BLE,1703391547536061435,DF:A6:DC:DC:2E:81,-74
BLE,1703391547536092809,DF:DF:EE:00:00:01,-74
BLE,1703391547608658444,DF:DF:EE:00:00:04,-53
BLE,1703391547737696771,D3:F4:55:AB:96:20,-69
BLE,1703391547935423985,D3:F4:55:AB:96:20,-71
BLE,1703391548120732590,D3:F4:55:AB:96:20,-68
BLE,1703391548148478233,DF:DF:EE:00:00:04,-52
BLE,1703391548508438481,D3:F4:55:AB:96:20,-70
BLE,1703391548534005274,DF:A6:DC:DC:2E:81,-73
BLE,1703391548534035357,DF:DF:EE:00:00:01,-73
BLE,1703391548897044153,D3:F4:55:AB:96:20,-72
BLE,1703391549089991047,D3:F4:55:AB:96:20,-69
BLE,1703391549149389164,DF:DF:EE:00:00:04,-55
BLE,1703391549542450786,DF:A6:DC:DC:2E:81,-73
BLE,1703391549542484869,DF:DF:EE:00:00:01,-73
BLE,1703391549617747973,DF:DF:EE:00:00:04,-55
BLE,1703391549858116745,D3:F4:55:AB:96:20,-71
BLE,1703391550149651894,DF:DF:EE:00:00:04,-53
BLE,1703391550239978786,D3:F4:55:AB:96:20,-70
BLE,1703391550543394842,DF:A6:DC:DC:2E:81,-76
BLE,1703391550543425300,DF:DF:EE:00:00:01,-76
BLE,1703391550612141520,DF:DF:EE:00:00:04,-55
BLE,1703391550630985931,D3:F4:55:AB:96:20,-71
BLE,1703391550824393902,D3:F4:55:AB:96:20,-72
BLE,1703391551013374299,D3:F4:55:AB:96:20,-72
BLE,1703391551202110615,D3:F4:55:AB:96:20,-67
BLE,1703391551392187249,D3:F4:55:AB:96:20,-71
BLE,1703391551607161518,DF:DF:EE:00:00:04,-50
BLE,1703391551777027173,D3:F4:55:AB:96:20,-72
BLE,1703391552161772889,D3:F4:55:AB:96:20,-72
BLE,1703391552349308011,D3:F4:55:AB:96:20,-68
BLE,1703391552543206643,DF:A6:DC:DC:2E:81,-76
BLE,1703391552543239768,DF:DF:EE:00:00:01,-76
BLE,1703391552613208599,DF:DF:EE:00:00:04,-55
BLE,1703391552740213324,D3:F4:55:AB:96:20,-71
BLE,1703391552932890762,D3:F4:55:AB:96:20,-68
BLE,1703391553129485489,D3:F4:55:AB:96:20,-71
BLE,1703391553152092232,DF:DF:EE:00:00:04,-56
BLE,1703391553606998110,DF:DF:EE:00:00:04,-51
BLE,1703391553704733084,D3:F4:55:AB:96:20,-72
BLE,1703391554147087147,DF:DF:EE:00:00:04,-50
BLE,1703391554277904079,D3:F4:55:AB:96:20,-57
BLE,1703391554469180616,D3:F4:55:AB:96:20,-70
BLE,1703391554544360929,DF:A6:DC:DC:2E:81,-76
BLE,1703391554544389346,DF:DF:EE:00:00:01,-76
BLE,1703391554608743823,DF:DF:EE:00:00:04,-53
BLE,1703391554665007602,D3:F4:55:AB:96:20,-68
BLE,1703391554863140519,D3:F4:55:AB:96:20,-72
BLE,1703391555049591736,D3:F4:55:AB:96:20,-68
BLE,1703391555155578325,DF:DF:EE:00:00:04,-55
BLE,1703391555238327886,D3:F4:55:AB:96:20,-72
BLE,1703391555434101997,D3:F4:55:AB:96:20,-68
BLE,1703391555534811062,DF:A6:DC:DC:2E:81,-75
BLE,1703391555534839145,DF:DF:EE:00:00:01,-75
BLE,1703391555612484389,DF:DF:EE:00:00:04,-51
BLE,1703391555826814248,D3:F4:55:AB:96:20,-67
BLE,1703391556149450461,DF:DF:EE:00:00:04,-51
BLE,1703391556398399552,D3:F4:55:AB:96:20,-68
BLE,1703391556537967218,DF:A6:DC:DC:2E:81,-73
BLE,1703391556537997592,DF:DF:EE:00:00:01,-73
BLE,1703391556594129789,D3:F4:55:AB:96:20,-72
BLE,1703391556610095399,DF:DF:EE:00:00:04,-52
BLE,1703391556782446318,D3:F4:55:AB:96:20,-68
BLE,1703391556978067097,D3:F4:55:AB:96:20,-72
BLE,1703391557147887462,DF:DF:EE:00:00:04,-52
BLE,1703391557164686313,D3:F4:55:AB:96:20,-68
BLE,1703391557357956119,D3:F4:55:AB:96:20,-71
BLE,1703391557538797566,DF:A6:DC:DC:2E:81,-76
BLE,1703391557538828441,DF:DF:EE:00:00:01,-76
BLE,1703391557546851975,D3:F4:55:AB:96:20,-66
BLE,1703391558148605353,DF:DF:EE:00:00:04,-54
BLE,1703391558317560685,D3:F4:55:AB:96:20,-70
BLE,1703391558539037713,DF:A6:DC:DC:2E:81,-73
BLE,1703391558539066546,DF:DF:EE:00:00:01,-73
BLE,1703391558607220689,DF:DF:EE:00:00:04,-50
BLE,1703391558699627974,D3:F4:55:AB:96:20,-56
BLE,1703391559079517495,D3:F4:55:AB:96:20,-68
BLE,1703391559269538713,D3:F4:55:AB:96:20,-72
BLE,1703391559465749570,D3:F4:55:AB:96:20,-71
BLE,1703391559536916720,DF:A6:DC:DC:2E:81,-72
BLE,1703391559536943720,DF:DF:EE:00:00:01,-72
BLE,1703391559654798340,D3:F4:55:AB:96:20,-72
BLE,1703391559842630083,D3:F4:55:AB:96:20,-52
BLE,1703391560225909191,D3:F4:55:AB:96:20,-53
BLE,1703391560417418351,D3:F4:55:AB:96:20,-72
BLE,1703391560540364289,DF:A6:DC:DC:2E:81,-72
BLE,1703391560540393789,DF:DF:EE:00:00:01,-72
BLE,1703391560609497296,D3:F4:55:AB:96:20,-66
BLE,1703391560800918998,D3:F4:55:AB:96:20,-72
BLE,1703391560990881634,D3:F4:55:AB:96:20,-68
BLE,1703391561153540496,DF:DF:EE:00:00:04,-53
BLE,1703391561384458250,D3:F4:55:AB:96:20,-72
BLE,1703391561539730071,DF:A6:DC:DC:2E:81,-73
BLE,1703391561539762529,DF:DF:EE:00:00:01,-73
BLE,1703391561572952902,D3:F4:55:AB:96:20,-68
BLE,1703391561762255337,D3:F4:55:AB:96:20,-72
BLE,1703391561951610479,D3:F4:55:AB:96:20,-72
BLE,1703391562139334307,D3:F4:55:AB:96:20,-68
BLE,1703391562147581213,DF:DF:EE:00:00:04,-52
BLE,1703391562335141876,D3:F4:55:AB:96:20,-72
BLE,1703391562608221568,DF:DF:EE:00:00:04,-50
BLE,1703391562916001116,D3:F4:55:AB:96:20,-71
BLE,1703391563488542826,D3:F4:55:AB:96:20,-66
BLE,1703391563614594312,DF:DF:EE:00:00:04,-56
BLE,1703391563683352490,D3:F4:55:AB:96:20,-72
BLE,1703391564072400074,D3:F4:55:AB:96:20,-68
BLE,1703391564654509342,D3:F4:55:AB:96:20,-67
BLE,1703391564851197734,D3:F4:55:AB:96:20,-71
BLE,1703391565044870161,D3:F4:55:AB:96:20,-71
BLE,1703391565150007176,DF:DF:EE:00:00:04,-34
BLE,1703391565235182793,D3:F4:55:AB:96:20,-81
BLE,1703391565422295585,D3:F4:55:AB:96:20,-68
BLE,1703391565534162316,DF:A6:DC:DC:2E:81,-73
BLE,1703391565534191899,DF:DF:EE:00:00:01,-73
BLE,1703391565618089113,DF:DF:EE:00:00:04,-54
BLE,1703391565806812763,D3:F4:55:AB:96:20,-67
BLE,1703391565997356433,D3:F4:55:AB:96:20,-72
BLE,1703391566152926209,DF:DF:EE:00:00:04,-53
BLE,1703391566189408920,D3:F4:55:AB:96:20,-69
BLE,1703391566609279863,DF:DF:EE:00:00:04,-55
BLE,1703391566960674416,D3:F4:55:AB:96:20,-73
BLE,1703391567149903393,DF:DF:EE:00:00:04,-56
BLE,1703391567347227945,D3:F4:55:AB:96:20,-72
BLE,1703391567532640674,DF:A6:DC:DC:2E:81,-75
BLE,1703391567532667840,DF:DF:EE:00:00:01,-75
BLE,1703391567542292814,D3:F4:55:AB:96:20,-70
BLE,1703391567606686375,DF:DF:EE:00:00:04,-51
BLE,1703391567735017877,D3:F4:55:AB:96:20,-72
BLE,1703391567924929846,D3:F4:55:AB:96:20,-70
BLE,1703391568153903581,DF:DF:EE:00:00:04,-52
BLE,1703391568314831254,D3:F4:55:AB:96:20,-72
BLE,1703391568504319353,D3:F4:55:AB:96:20,-66
BLE,1703391568530462765,DF:A6:DC:DC:2E:81,-73
BLE,1703391568530489515,DF:DF:EE:00:00:01,-73
BLE,1703391568610166735,DF:DF:EE:00:00:04,-54
BLE,1703391568697164081,D3:F4:55:AB:96:20,-72
BLE,1703391568887424005,D3:F4:55:AB:96:20,-67
BLE,1703391569149335782,DF:DF:EE:00:00:04,-55
BLE,1703391569271660060,D3:F4:55:AB:96:20,-68
BLE,1703391569465584234,D3:F4:55:AB:96:20,-72
BLE,1703391569652064409,D3:F4:55:AB:96:20,-68
BLE,1703391569845206717,D3:F4:55:AB:96:20,-72
BLE,1703391570034345862,D3:F4:55:AB:96:20,-68
BLE,1703391570154710412,DF:DF:EE:00:00:04,-52
BLE,1703391570412686109,D3:F4:55:AB:96:20,-72
BLE,1703391570543558207,DF:A6:DC:DC:2E:81,-75
BLE,1703391570543587290,DF:DF:EE:00:00:01,-75
BLE,1703391570609478876,DF:DF:EE:00:00:04,-55
BLE,1703391570800739496,D3:F4:55:AB:96:20,-66
BLE,1703391571149910241,DF:DF:EE:00:00:04,-54
BLE,1703391571542841740,DF:A6:DC:DC:2E:81,-73
BLE,1703391571542873615,DF:DF:EE:00:00:01,-73
BLE,1703391571570081264,D3:F4:55:AB:96:20,-72
BLE,1703391571613030527,DF:DF:EE:00:00:04,-51
BLE,1703391571614457135,DF:DF:EE:00:00:04,-52
BLE,1703391571963115553,D3:F4:55:AB:96:20,-72
BLE,1703391572149851725,D3:F4:55:AB:96:20,-68
BLE,1703391572529945494,D3:F4:55:AB:96:20,-68
BLE,1703391572616078850,DF:DF:EE:00:00:04,-55
BLE,1703391572724476703,D3:F4:55:AB:96:20,-72
BLE,1703391573157525621,DF:DF:EE:00:00:04,-55
BLE,1703391573489604185,D3:F4:55:AB:96:20,-72
BLE,1703391573553689083,DF:A6:DC:DC:2E:81,-72
BLE,1703391573553716332,DF:DF:EE:00:00:01,-72
BLE,1703391573611038640,DF:DF:EE:00:00:04,-51
BLE,1703391574256854518,D3:F4:55:AB:96:20,-73
BLE,1703391574452396924,D3:F4:55:AB:96:20,-70
BLE,1703391574554835094,DF:A6:DC:DC:2E:81,-71
BLE,1703391574554867094,DF:DF:EE:00:00:01,-71
BLE,1703391574610623836,DF:DF:EE:00:00:04,-52
BLE,1703391575217475365,D3:F4:55:AB:96:20,-72
BLE,1703391575557850293,DF:A6:DC:DC:2E:81,-71
BLE,1703391575557883584,DF:DF:EE:00:00:01,-71
BLE,1703391575599461862,D3:F4:55:AB:96:20,-70
BLE,1703391575608856297,DF:DF:EE:00:00:04,-55
BLE,1703391575988471239,D3:F4:55:AB:96:20,-72
BLE,1703391576179568736,D3:F4:55:AB:96:20,-68
BLE,1703391576559456258,D3:F4:55:AB:96:20,-69
BLE,1703391576617216477,DF:DF:EE:00:00:04,-39
BLE,1703391576946971609,D3:F4:55:AB:96:20,-70
BLE,1703391577146146390,DF:DF:EE:00:00:04,-51
BLE,1703391577338621122,D3:F4:55:AB:96:20,-72
BLE,1703391577533159331,D3:F4:55:AB:96:20,-70
BLE,1703391577610349455,DF:DF:EE:00:00:04,-54
BLE,1703391577723590253,D3:F4:55:AB:96:20,-72
BLE,1703391577910975126,D3:F4:55:AB:96:20,-68
BLE,1703391578102578409,D3:F4:55:AB:96:20,-72
BLE,1703391578289461746,D3:F4:55:AB:96:20,-66
BLE,1703391578478671349,D3:F4:55:AB:96:20,-72
BLE,1703391578567334009,DF:A6:DC:DC:2E:81,-57
BLE,1703391578567363384,DF:DF:EE:00:00:01,-57
BLE,1703391578614120895,DF:DF:EE:00:00:04,-52
BLE,1703391578669593765,D3:F4:55:AB:96:20,-72
BLE,1703391578856315312,D3:F4:55:AB:96:20,-66
BLE,1703391579145642903,DF:DF:EE:00:00:04,-51
BLE,1703391579573611004,DF:A6:DC:DC:2E:81,-72
BLE,1703391579573643462,DF:DF:EE:00:00:01,-72
BLE,1703391579629417204,D3:F4:55:AB:96:20,-70
BLE,1703391579825019817,D3:F4:55:AB:96:20,-68
BLE,1703391580149947421,DF:DF:EE:00:00:04,-55
BLE,1703391580213854904,D3:F4:55:AB:96:20,-71
BLE,1703391580583202587,DF:A6:DC:DC:2E:81,-75
BLE,1703391580583247711,DF:DF:EE:00:00:01,-75
BLE,1703391580596299813,D3:F4:55:AB:96:20,-72
BLE,1703391580976190668,D3:F4:55:AB:96:20,-71
BLE,1703391581170791501,D3:F4:55:AB:96:20,-68
BLE,1703391581616037530,DF:DF:EE:00:00:04,-55
BLE,1703391582148964190,DF:DF:EE:00:00:04,-52
BLE,1703391582334228962,D3:F4:55:AB:96:20,-72
BLE,1703391582527343561,D3:F4:55:AB:96:20,-70
BLE,1703391582591332169,DF:A6:DC:DC:2E:81,-72
BLE,1703391582591363502,DF:DF:EE:00:00:01,-72
BLE,1703391582609654461,DF:DF:EE:00:00:04,-51
BLE,1703391582909674639,D3:F4:55:AB:96:20,-70
BLE,1703391583103360690,D3:F4:55:AB:96:20,-72
BLE,1703391583152411883,DF:DF:EE:00:00:04,-50
BLE,1703391583596359094,DF:A6:DC:DC:2E:81,-76
BLE,1703391583596396261,DF:DF:EE:00:00:01,-76
BLE,1703391583617412730,DF:DF:EE:00:00:04,-55
BLE,1703391584613301302,DF:DF:EE:00:00:04,-51
BLE,1703391584638772763,D3:F4:55:AB:96:20,-68
BLE,1703391585020856134,D3:F4:55:AB:96:20,-75
BLE,1703391585407646411,D3:F4:55:AB:96:20,-71
BLE,1703391585606419238,DF:DF:EE:00:00:04,-51
BLE,1703391586152256084,DF:DF:EE:00:00:04,-52
BLE,1703391586179979686,D3:F4:55:AB:96:20,-72
BLE,1703391586374901682,D3:F4:55:AB:96:20,-72
BLE,1703391586607751164,DF:A6:DC:DC:2E:81,-75
BLE,1703391586607782914,DF:DF:EE:00:00:01,-75
BLE,1703391586751354909,D3:F4:55:AB:96:20,-68
BLE,1703391587132686081,D3:F4:55:AB:96:20,-68
BLE,1703391587518593284,D3:F4:55:AB:96:20,-68
BLE,1703391587606314497,DF:A6:DC:DC:2E:81,-72
BLE,1703391587606346580,DF:DF:EE:00:00:01,-72
BLE,1703391587616250509,DF:DF:EE:00:00:04,-52
BLE,1703391588145274796,DF:DF:EE:00:00:04,-51
BLE,1703391588678988030,D3:F4:55:AB:96:20,-71
BLE,1703391589063354084,D3:F4:55:AB:96:20,-72
BLE,1703391589257567504,D3:F4:55:AB:96:20,-71
BLE,1703391589615846438,DF:A6:DC:DC:2E:81,-71
BLE,1703391589615877146,DF:DF:EE:00:00:01,-71
BLE,1703391589640287994,D3:F4:55:AB:96:20,-71
BLE,1703391590151463066,DF:DF:EE:00:00:04,-51
BLE,1703391590215605172,D3:F4:55:AB:96:20,-68
BLE,1703391590410889622,D3:F4:55:AB:96:20,-72
BLE,1703391590599159693,D3:F4:55:AB:96:20,-68
BLE,1703391591151931294,DF:DF:EE:00:00:04,-56
BLE,1703391591172145148,D3:F4:55:AB:96:20,-72
BLE,1703391591615253244,DF:DF:EE:00:00:04,-62
BLE,1703391591944104719,D3:F4:55:AB:96:20,-72
BLE,1703391592138884467,D3:F4:55:AB:96:20,-72
BLE,1703391592147676325,DF:DF:EE:00:00:04,-56
BLE,1703391592615669513,DF:DF:EE:00:00:04,-55
BLE,1703391593150643150,DF:DF:EE:00:00:04,-52
BLE,1703391593298393973,D3:F4:55:AB:96:20,-66
BLE,1703391593607825210,DF:DF:EE:00:00:04,-55
BLE,1703391594265474204,D3:F4:55:AB:96:20,-68
BLE,1703391594455240425,D3:F4:55:AB:96:20,-72
BLE,1703391594607394907,DF:DF:EE:00:00:04,-51
BLE,1703391594627872132,DF:A6:DC:DC:2E:81,-70
BLE,1703391594627899090,DF:DF:EE:00:00:01,-70
BLE,1703391595144284354,DF:DF:EE:00:00:04,-51
BLE,1703391595413669672,D3:F4:55:AB:96:20,-68
BLE,1703391595611542467,DF:DF:EE:00:00:04,-54
BLE,1703391596151099010,DF:DF:EE:00:00:04,-55
BLE,1703391596606386884,DF:DF:EE:00:00:04,-51
BLE,1703391596631615597,DF:A6:DC:DC:2E:81,-72
BLE,1703391596631643889,DF:DF:EE:00:00:01,-72
BLE,1703391598148169176,DF:DF:EE:00:00:04,-53
BLE,1703391598149792866,DF:DF:EE:00:00:04,-55
BLE,1703391598505047917,D3:F4:55:AB:96:20,-72
BLE,1703391598611600207,DF:DF:EE:00:00:04,-51
BLE,1703391598638292571,DF:A6:DC:DC:2E:81,-71
BLE,1703391598638318071,DF:DF:EE:00:00:01,-71
BLE,1703391598700573406,D3:F4:55:AB:96:20,-68
BLE,1703391598896745221,D3:F4:55:AB:96:20,-72
BLE,1703391599287861865,D3:F4:55:AB:96:20,-68
BLE,1703391599608105980,DF:DF:EE:00:00:04,-53
BLE,1703391599643576827,DF:A6:DC:DC:2E:81,-72
BLE,1703391599643604785,DF:DF:EE:00:00:01,-72
BLE,1703391599671121973,D3:F4:55:AB:96:20,-66
BLE,1703391600060386180,D3:F4:55:AB:96:20,-71
BLE,1703391600447709075,D3:F4:55:AB:96:20,-72
BLE,1703391600633935003,D3:F4:55:AB:96:20,-68
BLE,1703391600831059640,D3:F4:55:AB:96:20,-72
BLE,1703391601019034632,D3:F4:55:AB:96:20,-67
BLE,1703391601150707971,DF:DF:EE:00:00:04,-51
BLE,1703391601211256700,D3:F4:55:AB:96:20,-71
BLE,1703391601406222862,D3:F4:55:AB:96:20,-72
BLE,1703391601609905634,DF:DF:EE:00:00:04,-54
BLE,1703391601660299395,DF:A6:DC:DC:2E:81,-75
BLE,1703391601660326770,DF:DF:EE:00:00:01,-75
BLE,1703391601985121875,D3:F4:55:AB:96:20,-68
BLE,1703391602179920664,D3:F4:55:AB:96:20,-72
BLE,1703391602369962090,D3:F4:55:AB:96:20,-69
BLE,1703391602752694163,D3:F4:55:AB:96:20,-68
BLE,1703391603530316295,D3:F4:55:AB:96:20,-72
BLE,1703391603671171362,DF:A6:DC:DC:2E:81,-72
BLE,1703391603671204529,DF:DF:EE:00:00:01,-72
BLE,1703391603718115538,D3:F4:55:AB:96:20,-68
BLE,1703391604105864720,D3:F4:55:AB:96:20,-70
BLE,1703391604151074207,DF:DF:EE:00:00:04,-52
BLE,1703391604300508053,D3:F4:55:AB:96:20,-68
BLE,1703391604498161434,D3:F4:55:AB:96:20,-72
BLE,1703391604693145929,D3:F4:55:AB:96:20,-72
BLE,1703391605151251605,DF:DF:EE:00:00:04,-55
BLE,1703391605275525777,D3:F4:55:AB:96:20,-70
BLE,1703391605466205613,D3:F4:55:AB:96:20,-71
BLE,1703391605612920573,DF:DF:EE:00:00:04,-49
BLE,1703391605660348576,D3:F4:55:AB:96:20,-70
BLE,1703391605682929153,DF:A6:DC:DC:2E:81,-71
BLE,1703391605682954778,DF:DF:EE:00:00:01,-71
BLE,1703391605855555444,D3:F4:55:AB:96:20,-68
BLE,1703391606153400230,DF:DF:EE:00:00:04,-52
BLE,1703391606235823836,D3:F4:55:AB:96:20,-68
BLE,1703391606610923787,DF:DF:EE:00:00:04,-56
BLE,1703391607010826789,D3:F4:55:AB:96:20,-71
BLE,1703391607150374455,DF:DF:EE:00:00:04,-55
BLE,1703391607206408069,D3:F4:55:AB:96:20,-68
BLE,1703391607399227131,D3:F4:55:AB:96:20,-72
BLE,1703391607594106377,D3:F4:55:AB:96:20,-70
BLE,1703391607608737211,DF:DF:EE:00:00:04,-51
BLE,1703391607782832485,D3:F4:55:AB:96:20,-71
BLE,1703391608148180963,DF:DF:EE:00:00:04,-51
BLE,1703391608365482122,D3:F4:55:AB:96:20,-72
BLE,1703391608561615521,D3:F4:55:AB:96:20,-72
BLE,1703391608610122887,DF:DF:EE:00:00:04,-52
BLE,1703391608698204762,DF:A6:DC:DC:2E:81,-71
BLE,1703391608698230595,DF:DF:EE:00:00:01,-71
BLE,1703391609150298089,DF:DF:EE:00:00:04,-52
BLE,1703391609702526946,DF:A6:DC:DC:2E:81,-72
BLE,1703391609702557695,DF:DF:EE:00:00:01,-72
BLE,1703391610091366991,D3:F4:55:AB:96:20,-72
BLE,1703391610474332686,D3:F4:55:AB:96:20,-72
BLE,1703391610863195814,D3:F4:55:AB:96:20,-72
BLE,1703391611051848381,D3:F4:55:AB:96:20,-68
BLE,1703391611153026149,DF:DF:EE:00:00:04,-53
BLE,1703391611608073984,DF:DF:EE:00:00:04,-55
BLE,1703391611636783283,D3:F4:55:AB:96:20,-66
BLE,1703391611714994645,DF:A6:DC:DC:2E:81,-71
BLE,1703391611715019603,DF:DF:EE:00:00:01,-71
BLE,1703391611833122221,D3:F4:55:AB:96:20,-72
BLE,1703391612210474730,D3:F4:55:AB:96:20,-72
BLE,1703391612592557726,D3:F4:55:AB:96:20,-70
BLE,1703391612611902882,DF:DF:EE:00:00:04,-52
BLE,1703391612719732658,DF:A6:DC:DC:2E:81,-72
BLE,1703391612719767032,DF:DF:EE:00:00:01,-72
BLE,1703391612978092350,D3:F4:55:AB:96:20,-72
BLE,1703391613145612657,DF:DF:EE:00:00:04,-50
BLE,1703391613167866321,D3:F4:55:AB:96:20,-68
BLE,1703391613738202139,D3:F4:55:AB:96:20,-72
BLE,1703391614126645855,D3:F4:55:AB:96:20,-72
BLE,1703391614313051240,D3:F4:55:AB:96:20,-68
BLE,1703391614505850218,D3:F4:55:AB:96:20,-72
BLE,1703391614695664522,D3:F4:55:AB:96:20,-66
BLE,1703391615265483721,D3:F4:55:AB:96:20,-71
BLE,1703391615609977977,DF:DF:EE:00:00:04,-62
BLE,1703391615652822866,D3:F4:55:AB:96:20,-71
BLE,1703391615733777906,DF:A6:DC:DC:2E:81,-73
BLE,1703391615733851571,DF:DF:EE:00:00:01,-73
BLE,1703391616144595826,DF:DF:EE:00:00:04,-53
BLE,1703391616421383393,D3:F4:55:AB:96:20,-72
BLE,1703391616611068990,DF:DF:EE:00:00:04,-50
BLE,1703391616737350098,DF:A6:DC:DC:2E:81,-76
BLE,1703391616737380348,DF:DF:EE:00:00:01,-76
BLE,1703391616796430594,D3:F4:55:AB:96:20,-70
BLE,1703391616990656389,D3:F4:55:AB:96:20,-68
BLE,1703391617151799102,DF:DF:EE:00:00:04,-50
BLE,1703391617563881050,D3:F4:55:AB:96:20,-72
BLE,1703391617613213115,DF:DF:EE:00:00:04,-55
BLE,1703391617741975237,DF:A6:DC:DC:2E:81,-72
BLE,1703391617742002486,DF:DF:EE:00:00:01,-72
BLE,1703391618142532357,D3:F4:55:AB:96:20,-66
BLE,1703391618332631241,D3:F4:55:AB:96:20,-71
BLE,1703391618607998365,DF:DF:EE:00:00:04,-66
BLE,1703391618750119836,DF:A6:DC:DC:2E:81,-72
BLE,1703391618750146710,DF:DF:EE:00:00:01,-72
BLE,1703391618920185155,D3:F4:55:AB:96:20,-56
BLE,1703391619116135223,D3:F4:55:AB:96:20,-57
BLE,1703391619151475280,DF:DF:EE:00:00:04,-50
BLE,1703391619497660601,D3:F4:55:AB:96:20,-71
BLE,1703391619693858582,D3:F4:55:AB:96:20,-65
BLE,1703391619754416270,DF:A6:DC:DC:2E:81,-75
BLE,1703391619754442478,DF:DF:EE:00:00:01,-75
BLE,1703391619887044514,D3:F4:55:AB:96:20,-72
BLE,1703391620076563155,D3:F4:55:AB:96:20,-67
BLE,1703391620149533702,DF:DF:EE:00:00:04,-52
BLE,1703391620271947229,D3:F4:55:AB:96:20,-72
BLE,1703391620608281870,DF:DF:EE:00:00:04,-55
BLE,1703391620658152262,D3:F4:55:AB:96:20,-68
BLE,1703391620763154862,DF:A6:DC:DC:2E:81,-77
BLE,1703391620763180736,DF:DF:EE:00:00:01,-77
BLE,1703391620850308914,D3:F4:55:AB:96:20,-71
BLE,1703391621040226550,D3:F4:55:AB:96:20,-66
BLE,1703391621146172973,DF:DF:EE:00:00:04,-56
BLE,1703391621432815969,D3:F4:55:AB:96:20,-71
BLE,1703391622145468672,DF:DF:EE:00:00:04,-50
BLE,1703391622210782931,D3:F4:55:AB:96:20,-67
BLE,1703391622400628984,D3:F4:55:AB:96:20,-70
BLE,1703391622595220609,D3:F4:55:AB:96:20,-66
BLE,1703391622770490161,DF:A6:DC:DC:2E:81,-76
BLE,1703391622770515577,DF:DF:EE:00:00:01,-76
BLE,1703391622785579990,D3:F4:55:AB:96:20,-72
BLE,1703391622975897913,D3:F4:55:AB:96:20,-67
BLE,1703391623151884040,DF:DF:EE:00:00:04,-54
BLE,1703391623172018229,D3:F4:55:AB:96:20,-71
BLE,1703391623613001807,DF:DF:EE:00:00:04,-52
BLE,1703391623770295563,DF:A6:DC:DC:2E:81,-71
BLE,1703391623770324896,DF:DF:EE:00:00:01,-71
BLE,1703391623943642429,D3:F4:55:AB:96:20,-68
BLE,1703391624147775070,DF:DF:EE:00:00:04,-50
BLE,1703391624611648847,DF:DF:EE:00:00:04,-55
BLE,1703391624711863876,D3:F4:55:AB:96:20,-68
BLE,1703391624772135233,DF:A6:DC:DC:2E:81,-75
BLE,1703391624772161150,DF:DF:EE:00:00:01,-75
BLE,1703391624900269779,D3:F4:55:AB:96:20,-70
BLE,1703391625093187256,D3:F4:55:AB:96:20,-52
BLE,1703391625154425102,DF:DF:EE:00:00:04,-55
BLE,1703391625282044862,D3:F4:55:AB:96:20,-71
BLE,1703391625474083266,D3:F4:55:AB:96:20,-66
BLE,1703391625612208698,DF:DF:EE:00:00:04,-50
BLE,1703391625770876439,DF:A6:DC:DC:2E:81,-74
BLE,1703391625770902730,DF:DF:EE:00:00:01,-74
BLE,1703391626054584385,D3:F4:55:AB:96:20,-72
BLE,1703391626151795949,DF:DF:EE:00:00:04,-51
BLE,1703391626240918062,D3:F4:55:AB:96:20,-68
BLE,1703391626606960282,DF:DF:EE:00:00:04,-53
BLE,1703391626631653502,D3:F4:55:AB:96:20,-72
BLE,1703391626823332160,D3:F4:55:AB:96:20,-68
BLE,1703391627013500085,D3:F4:55:AB:96:20,-70
BLE,1703391627145856582,DF:DF:EE:00:00:04,-53
BLE,1703391627593685749,D3:F4:55:AB:96:20,-66
BLE,1703391627595243732,D3:F4:55:AB:96:20,-70
BLE,1703391627607642924,DF:DF:EE:00:00:04,-63
BLE,1703391627788533371,D3:F4:55:AB:96:20,-72
BLE,1703391628151656624,DF:DF:EE:00:00:04,-51
BLE,1703391628361975404,D3:F4:55:AB:96:20,-70
BLE,1703391629133073485,D3:F4:55:AB:96:20,-71
BLE,1703391629155380815,DF:DF:EE:00:00:04,-39
BLE,1703391629511593439,D3:F4:55:AB:96:20,-71
BLE,1703391629607090188,DF:DF:EE:00:00:04,-55
BLE,1703391630085997711,D3:F4:55:AB:96:20,-68
BLE,1703391630285201074,D3:F4:55:AB:96:20,-72
BLE,1703391630672447971,D3:F4:55:AB:96:20,-66
BLE,1703391630794711541,DF:A6:DC:DC:2E:81,-72
BLE,1703391630794738791,DF:DF:EE:00:00:01,-72
BLE,1703391631054291678,D3:F4:55:AB:96:20,-68
BLE,1703391631144106951,DF:DF:EE:00:00:04,-50
BLE,1703391631437001168,D3:F4:55:AB:96:20,-68
BLE,1703391631612193888,DF:DF:EE:00:00:04,-54
BLE,1703391631628387662,D3:F4:55:AB:96:20,-72
BLE,1703391631817788721,D3:F4:55:AB:96:20,-68
BLE,1703391632397964219,D3:F4:55:AB:96:20,-71
BLE,1703391632593410792,D3:F4:55:AB:96:20,-71
BLE,1703391632610764678,DF:DF:EE:00:00:04,-50
BLE,1703391632788621868,D3:F4:55:AB:96:20,-67
BLE,1703391633147148507,DF:DF:EE:00:00:04,-51
BLE,1703391633172198014,D3:F4:55:AB:96:20,-68
BLE,1703391633562516542,D3:F4:55:AB:96:20,-71
BLE,1703391633752933298,D3:F4:55:AB:96:20,-68
BLE,1703391633942220149,D3:F4:55:AB:96:20,-72
BLE,1703391634145850505,DF:DF:EE:00:00:04,-52
BLE,1703391634325457799,D3:F4:55:AB:96:20,-72
BLE,1703391634707633753,D3:F4:55:AB:96:20,-71
BLE,1703391634814692621,DF:A6:DC:DC:2E:81,-73
BLE,1703391634814720288,DF:DF:EE:00:00:01,-73
BLE,1703391635089707750,D3:F4:55:AB:96:20,-72
BLE,1703391635145425117,DF:DF:EE:00:00:04,-55
BLE,1703391635474311884,D3:F4:55:AB:96:20,-72
BLE,1703391635613435305,DF:DF:EE:00:00:04,-55
BLE,1703391635823876042,DF:A6:DC:DC:2E:81,-72
BLE,1703391635823906375,DF:DF:EE:00:00:01,-72
BLE,1703391636050801508,D3:F4:55:AB:96:20,-68
BLE,1703391636149913341,DF:DF:EE:00:00:04,-53
BLE,1703391636240762685,D3:F4:55:AB:96:20,-72
BLE,1703391636619853882,D3:F4:55:AB:96:20,-72
BLE,1703391636809703269,D3:F4:55:AB:96:20,-72
BLE,1703391636995975571,D3:F4:55:AB:96:20,-68
BLE,1703391637190174409,D3:F4:55:AB:96:20,-72
BLE,1703391637379189722,D3:F4:55:AB:96:20,-67
BLE,1703391637572991022,D3:F4:55:AB:96:20,-71
BLE,1703391637837972389,DF:A6:DC:DC:2E:81,-72
BLE,1703391637838006555,DF:DF:EE:00:00:01,-72
BLE,1703391638152640026,DF:DF:EE:00:00:04,-52
BLE,1703391638156438066,D3:F4:55:AB:96:20,-72
BLE,1703391638345601711,D3:F4:55:AB:96:20,-68
BLE,1703391638542184188,D3:F4:55:AB:96:20,-72
BLE,1703391638729524061,D3:F4:55:AB:96:20,-68
BLE,1703391639117035371,D3:F4:55:AB:96:20,-72
BLE,1703391639312900857,D3:F4:55:AB:96:20,-68
BLE,1703391639503119906,D3:F4:55:AB:96:20,-71
BLE,1703391639604641379,DF:DF:EE:00:00:04,-50
BLE,1703391639695462348,D3:F4:55:AB:96:20,-68
BLE,1703391639843366044,DF:A6:DC:DC:2E:81,-76
BLE,1703391639843391794,DF:DF:EE:00:00:01,-76
BLE,1703391639888393450,D3:F4:55:AB:96:20,-72
BLE,1703391640084396725,D3:F4:55:AB:96:20,-72
BLE,1703391640150965011,DF:DF:EE:00:00:04,-52
BLE,1703391640848958880,D3:F4:55:AB:96:20,-71
BLE,1703391641149312221,DF:DF:EE:00:00:04,-54
BLE,1703391641234857917,D3:F4:55:AB:96:20,-72
BLE,1703391641428329221,D3:F4:55:AB:96:20,-68
BLE,1703391641610888649,DF:DF:EE:00:00:04,-51
BLE,1703391641815493159,D3:F4:55:AB:96:20,-70
BLE,1703391642205913603,D3:F4:55:AB:96:20,-72
BLE,1703391642395918863,D3:F4:55:AB:96:20,-66
BLE,1703391642589682747,D3:F4:55:AB:96:20,-72
BLE,1703391642777020746,D3:F4:55:AB:96:20,-68
BLE,1703391642844704228,DF:A6:DC:DC:2E:81,-72
BLE,1703391642844730894,DF:DF:EE:00:00:01,-72
BLE,1703391642968599780,D3:F4:55:AB:96:20,-71
BLE,1703391643145997641,DF:DF:EE:00:00:04,-49
BLE,1703391643353450078,D3:F4:55:AB:96:20,-71
BLE,1703391643543319131,D3:F4:55:AB:96:20,-68
BLE,1703391643608415434,DF:DF:EE:00:00:04,-51
BLE,1703391643738159670,D3:F4:55:AB:96:20,-72
BLE,1703391643850172523,DF:A6:DC:DC:2E:81,-75
BLE,1703391643850199315,DF:DF:EE:00:00:01,-75
BLE,1703391644126939924,D3:F4:55:AB:96:20,-68
BLE,1703391644151788600,DF:DF:EE:00:00:04,-51
BLE,1703391644513497994,D3:F4:55:AB:96:20,-68
BLE,1703391644603792095,DF:DF:EE:00:00:04,-50
BLE,1703391644605321536,DF:DF:EE:00:00:04,-51
BLE,1703391644850046799,DF:A6:DC:DC:2E:81,-74
BLE,1703391644850079507,DF:DF:EE:00:00:01,-74
BLE,1703391644902164375,D3:F4:55:AB:96:20,-70
BLE,1703391645154829298,DF:DF:EE:00:00:04,-55
BLE,1703391645279265428,D3:F4:55:AB:96:20,-66
BLE,1703391645469709933,D3:F4:55:AB:96:20,-72
BLE,1703391645610829831,DF:DF:EE:00:00:04,-50
BLE,1703391645665054132,D3:F4:55:AB:96:20,-70
BLE,1703391646046051183,D3:F4:55:AB:96:20,-71
BLE,1703391646238130003,D3:F4:55:AB:96:20,-72
BLE,1703391646619791879,D3:F4:55:AB:96:20,-72
BLE,1703391646809339477,D3:F4:55:AB:96:20,-68
BLE,1703391646859821363,DF:A6:DC:DC:2E:81,-73
BLE,1703391646859849029,DF:DF:EE:00:00:01,-73
BLE,1703391647006800528,D3:F4:55:AB:96:20,-68
BLE,1703391647146409610,DF:DF:EE:00:00:04,-50
BLE,1703391647148101424,DF:DF:EE:00:00:04,-52
BLE,1703391647771603347,D3:F4:55:AB:96:20,-69
BLE,1703391647862129528,DF:A6:DC:DC:2E:81,-72
BLE,1703391647862158278,DF:DF:EE:00:00:01,-72
BLE,1703391648149338851,DF:DF:EE:00:00:04,-56
BLE,1703391649118602183,D3:F4:55:AB:96:20,-72
BLE,1703391649145682959,DF:DF:EE:00:00:04,-50
BLE,1703391649608759953,DF:DF:EE:00:00:04,-55
BLE,1703391649864490217,DF:A6:DC:DC:2E:81,-72
BLE,1703391649864517633,DF:DF:EE:00:00:01,-72
BLE,1703391650463614083,D3:F4:55:AB:96:20,-72
BLE,1703391650609554010,DF:DF:EE:00:00:04,-59
BLE,1703391650848431674,D3:F4:55:AB:96:20,-71
BLE,1703391650872305403,DF:A6:DC:DC:2E:81,-76
BLE,1703391650872335278,DF:DF:EE:00:00:01,-76
BLE,1703391651146903453,DF:DF:EE:00:00:04,-50
BLE,1703391651420444265,D3:F4:55:AB:96:20,-66
BLE,1703391651608739252,DF:DF:EE:00:00:04,-52
BLE,1703391651806667339,D3:F4:55:AB:96:20,-71
BLE,1703391651870691321,DF:A6:DC:DC:2E:81,-72
BLE,1703391651870717654,DF:DF:EE:00:00:01,-72
BLE,1703391652198857554,D3:F4:55:AB:96:20,-72
BLE,1703391652612566109,DF:DF:EE:00:00:04,-50
BLE,1703391652771920925,D3:F4:55:AB:96:20,-67
BLE,1703391653158636827,D3:F4:55:AB:96:20,-70
BLE,1703391653608830967,DF:DF:EE:00:00:04,-52
BLE,1703391653728291445,D3:F4:55:AB:96:20,-72
BLE,1703391653881214709,DF:A6:DC:DC:2E:81,-73
BLE,1703391653881242542,DF:DF:EE:00:00:01,-73
BLE,1703391654304511904,D3:F4:55:AB:96:20,-72
BLE,1703391655261419251,D3:F4:55:AB:96:20,-73
BLE,1703391655447874177,D3:F4:55:AB:96:20,-66
BLE,1703391655612527058,DF:DF:EE:00:00:04,-52
BLE,1703391655639111214,D3:F4:55:AB:96:20,-72
BLE,1703391655830267586,D3:F4:55:AB:96:20,-66
BLE,1703391655898677143,DF:A6:DC:DC:2E:81,-73
BLE,1703391655898730351,DF:DF:EE:00:00:01,-73
BLE,1703391656145307136,DF:DF:EE:00:00:04,-50
BLE,1703391656209525532,D3:F4:55:AB:96:20,-68
BLE,1703391656407316620,D3:F4:55:AB:96:20,-72
BLE,1703391656602591570,D3:F4:55:AB:96:20,-72
BLE,1703391656903453780,DF:A6:DC:DC:2E:81,-76
BLE,1703391656903486780,DF:DF:EE:00:00:01,-76
BLE,1703391656985960760,D3:F4:55:AB:96:20,-72
BLE,1703391657150112022,DF:DF:EE:00:00:04,-55
BLE,1703391657372632913,D3:F4:55:AB:96:20,-72
BLE,1703391657568877644,D3:F4:55:AB:96:20,-71
BLE,1703391657607988742,DF:DF:EE:00:00:04,-51
BLE,1703391657761417334,D3:F4:55:AB:96:20,-68
BLE,1703391657911285341,DF:A6:DC:DC:2E:81,-76
BLE,1703391657911312799,DF:DF:EE:00:00:01,-76
BLE,1703391657956227956,D3:F4:55:AB:96:20,-72
BLE,1703391658148638689,DF:DF:EE:00:00:04,-50
BLE,1703391658150909163,D3:F4:55:AB:96:20,-72
BLE,1703391658342108034,D3:F4:55:AB:96:20,-72
BLE,1703391658534526559,D3:F4:55:AB:96:20,-70
BLE,1703391658612627047,DF:DF:EE:00:00:04,-56
BLE,1703391658723919284,D3:F4:55:AB:96:20,-72
BLE,1703391658909477261,DF:A6:DC:DC:2E:81,-72
BLE,1703391658909509011,DF:DF:EE:00:00:01,-72
BLE,1703391658915833606,D3:F4:55:AB:96:20,-71
BLE,1703391659146006076,DF:DF:EE:00:00:04,-53
BLE,1703391659290905807,D3:F4:55:AB:96:20,-68
BLE,1703391659682123825,D3:F4:55:AB:96:20,-72
BLE,1703391659915361511,DF:A6:DC:DC:2E:81,-76
BLE,1703391659915392302,DF:DF:EE:00:00:01,-76
BLE,1703391660147392210,DF:DF:EE:00:00:04,-52
BLE,1703391660254079249,D3:F4:55:AB:96:20,-71
BLE,1703391660606179003,DF:DF:EE:00:00:04,-52
BLE,1703391660836429306,D3:F4:55:AB:96:20,-72
BLE,1703391660920114106,DF:A6:DC:DC:2E:81,-73
BLE,1703391660920145773,DF:DF:EE:00:00:01,-73
BLE,1703391661609010829,DF:DF:EE:00:00:04,-51
BLE,1703391661924325583,DF:A6:DC:DC:2E:81,-58
BLE,1703391661924381791,DF:DF:EE:00:00:01,-58
BLE,1703391662148786119,DF:DF:EE:00:00:04,-51
BLE,1703391662381469269,D3:F4:55:AB:96:20,-70
BLE,1703391662765240122,D3:F4:55:AB:96:20,-71
BLE,1703391662932220101,DF:A6:DC:DC:2E:81,-75
BLE,1703391662932253934,DF:DF:EE:00:00:01,-75
BLE,1703391662954387808,D3:F4:55:AB:96:20,-56
BLE,1703391663141003357,D3:F4:55:AB:96:20,-68
BLE,1703391663331177698,D3:F4:55:AB:96:20,-72
BLE,1703391663607187232,DF:DF:EE:00:00:04,-55
BLE,1703391663935357715,DF:A6:DC:DC:2E:81,-71
BLE,1703391663935389840,DF:DF:EE:00:00:01,-71
BLE,1703391664942736115,DF:A6:DC:DC:2E:81,-74
BLE,1703391664942773156,DF:DF:EE:00:00:01,-74
BLE,1703391665051387048,D3:F4:55:AB:96:20,-68
BLE,1703391665247282366,D3:F4:55:AB:96:20,-72
BLE,1703391665441343289,D3:F4:55:AB:96:20,-72
BLE,1703391665609725252,DF:DF:EE:00:00:04,-56
BLE,1703391665826463417,D3:F4:55:AB:96:20,-73
BLE,1703391666021376747,D3:F4:55:AB:96:20,-52
BLE,1703391666409728297,D3:F4:55:AB:96:20,-71
BLE,1703391666600466632,D3:F4:55:AB:96:20,-72
BLE,1703391666613523067,DF:DF:EE:00:00:04,-53
BLE,1703391666957632161,DF:A6:DC:DC:2E:81,-76
BLE,1703391666957665536,DF:DF:EE:00:00:01,-76
BLE,1703391667143911922,DF:DF:EE:00:00:04,-51
BLE,1703391667182287528,D3:F4:55:AB:96:20,-72
BLE,1703391667557135690,D3:F4:55:AB:96:20,-70
BLE,1703391667610197213,DF:DF:EE:00:00:04,-55
BLE,1703391667752832219,D3:F4:55:AB:96:20,-67
BLE,1703391667950181812,D3:F4:55:AB:96:20,-72
BLE,1703391668143494118,DF:DF:EE:00:00:04,-53
BLE,1703391668144781603,D3:F4:55:AB:96:20,-70
BLE,1703391668336672967,D3:F4:55:AB:96:20,-68
BLE,1703391668527892630,D3:F4:55:AB:96:20,-70
BLE,1703391668606092201,DF:DF:EE:00:00:04,-51
BLE,1703391668716691612,D3:F4:55:AB:96:20,-72
BLE,1703391668969257162,DF:A6:DC:DC:2E:81,-72
BLE,1703391668969290953,DF:DF:EE:00:00:01,-72
BLE,1703391669150957600,DF:DF:EE:00:00:04,-50
BLE,1703391669286544519,D3:F4:55:AB:96:20,-66
BLE,1703391669676099181,D3:F4:55:AB:96:20,-72
BLE,1703391670062012592,D3:F4:55:AB:96:20,-72
BLE,1703391670249100885,D3:F4:55:AB:96:20,-68
BLE,1703391670606012792,DF:DF:EE:00:00:04,-56
BLE,1703391670987281340,DF:A6:DC:DC:2E:81,-76
BLE,1703391670987324798,DF:DF:EE:00:00:01,-76
BLE,1703391671017795702,D3:F4:55:AB:96:20,-67
BLE,1703391671211447921,D3:F4:55:AB:96:20,-72
BLE,1703391671603566387,DF:DF:EE:00:00:04,-51
BLE,1703391672146508849,DF:DF:EE:00:00:04,-53
BLE,1703391672172882758,D3:F4:55:AB:96:20,-70
BLE,1703391672605222642,DF:DF:EE:00:00:04,-55
BLE,1703391672949009907,D3:F4:55:AB:96:20,-68
BLE,1703391672994778637,DF:A6:DC:DC:2E:81,-71
BLE,1703391672994805762,DF:DF:EE:00:00:01,-71
BLE,1703391673522237359,D3:F4:55:AB:96:20,-70
BLE,1703391673610248360,DF:DF:EE:00:00:04,-52
BLE,1703391673903015037,D3:F4:55:AB:96:20,-71
BLE,1703391674145380328,DF:DF:EE:00:00:04,-50
BLE,1703391674291558543,D3:F4:55:AB:96:20,-71
BLE,1703391674479917614,D3:F4:55:AB:96:20,-68
BLE,1703391674610381341,DF:DF:EE:00:00:04,-55
BLE,1703391674673632623,D3:F4:55:AB:96:20,-72
BLE,1703391674864535457,D3:F4:55:AB:96:20,-69
BLE,1703391675001162073,DF:A6:DC:DC:2E:81,-72
BLE,1703391675001221947,DF:DF:EE:00:00:01,-72
BLE,1703391675151074788,DF:DF:EE:00:00:04,-55
BLE,1703391675260530837,D3:F4:55:AB:96:20,-72
BLE,1703391676037069940,D3:F4:55:AB:96:20,-68
BLE,1703391676148906128,DF:DF:EE:00:00:04,-51
BLE,1703391676423723759,D3:F4:55:AB:96:20,-70
BLE,1703391676604346959,DF:DF:EE:00:00:04,-53
BLE,1703391676811248611,D3:F4:55:AB:96:20,-72
BLE,1703391677000631003,D3:F4:55:AB:96:20,-67
BLE,1703391677152520779,DF:DF:EE:00:00:04,-54
BLE,1703391677196510488,D3:F4:55:AB:96:20,-72
BLE,1703391677389980417,D3:F4:55:AB:96:20,-70
BLE,1703391678014130707,DF:A6:DC:DC:2E:81,-72
BLE,1703391678014165415,DF:DF:EE:00:00:01,-72
BLE,1703391678614130522,DF:DF:EE:00:00:04,-73
BLE,1703391678739145312,D3:F4:55:AB:96:20,-70
BLE,1703391679023615458,DF:A6:DC:DC:2E:81,-82
BLE,1703391679023651999,DF:DF:EE:00:00:01,-82
BLE,1703391679152970865,DF:DF:EE:00:00:04,-56
BLE,1703391679312400097,D3:F4:55:AB:96:20,-72
BLE,1703391679505053410,D3:F4:55:AB:96:20,-70
BLE,1703391680025679751,DF:A6:DC:DC:2E:81,-71
BLE,1703391680025735708,DF:DF:EE:00:00:01,-71
BLE,1703391680269425776,D3:F4:55:AB:96:20,-70
BLE,1703391680604038686,DF:DF:EE:00:00:04,-51
BLE,1703391680848648785,D3:F4:55:AB:96:20,-68
BLE,1703391681029103861,DF:A6:DC:DC:2E:81,-73
BLE,1703391681029144153,DF:DF:EE:00:00:01,-73
BLE,1703391681234180659,D3:F4:55:AB:96:20,-68
BLE,1703391681427486548,D3:F4:55:AB:96:20,-72
BLE,1703391682033209214,DF:A6:DC:DC:2E:81,-75
BLE,1703391682033248964,DF:DF:EE:00:00:01,-75
BLE,1703391682143983082,DF:DF:EE:00:00:04,-55
BLE,1703391682199077832,D3:F4:55:AB:96:20,-69
BLE,1703391682777527266,D3:F4:55:AB:96:20,-72
BLE,1703391682963765652,D3:F4:55:AB:96:20,-69
BLE,1703391683038217599,DF:A6:DC:DC:2E:81,-73
BLE,1703391683038245057,DF:DF:EE:00:00:01,-73
BLE,1703391683148781261,DF:DF:EE:00:00:04,-53
BLE,1703391683350019476,D3:F4:55:AB:96:20,-68
BLE,1703391683602986772,DF:DF:EE:00:00:04,-52
BLE,1703391683733834870,D3:F4:55:AB:96:20,-62
BLE,1703391684046220783,DF:A6:DC:DC:2E:81,-72
BLE,1703391684046250949,DF:DF:EE:00:00:01,-72
BLE,1703391684142151777,DF:DF:EE:00:00:04,-53
BLE,1703391684608755231,DF:DF:EE:00:00:04,-50
BLE,1703391684699158746,D3:F4:55:AB:96:20,-66
BLE,1703391684891785560,D3:F4:55:AB:96:20,-72
BLE,1703391685077143206,D3:F4:55:AB:96:20,-68
BLE,1703391685273425562,D3:F4:55:AB:96:20,-72
BLE,1703391685611876720,DF:DF:EE:00:00:04,-56
BLE,1703391685850368430,D3:F4:55:AB:96:20,-70
BLE,1703391686062161234,DF:A6:DC:DC:2E:81,-75
BLE,1703391686062217067,DF:DF:EE:00:00:01,-75
BLE,1703391686149151872,DF:DF:EE:00:00:04,-55
BLE,1703391686430549553,D3:F4:55:AB:96:20,-66
BLE,1703391686607637668,DF:DF:EE:00:00:04,-50
BLE,1703391686813115877,D3:F4:55:AB:96:20,-68
BLE,1703391687004716786,D3:F4:55:AB:96:20,-72
BLE,1703391687062048093,DF:A6:DC:DC:2E:81,-72
BLE,1703391687062076551,DF:DF:EE:00:00:01,-72
BLE,1703391687149399810,DF:DF:EE:00:00:04,-52
BLE,1703391687194309926,D3:F4:55:AB:96:20,-68
BLE,1703391687582006817,D3:F4:55:AB:96:20,-70
BLE,1703391687610056957,DF:DF:EE:00:00:04,-52
BLE,1703391687968724302,D3:F4:55:AB:96:20,-70
BLE,1703391688069729656,DF:A6:DC:DC:2E:81,-74
BLE,1703391688069757239,DF:DF:EE:00:00:01,-74
BLE,1703391688152641340,DF:DF:EE:00:00:04,-55
BLE,1703391688349561646,D3:F4:55:AB:96:20,-61
BLE,1703391688539520407,D3:F4:55:AB:96:20,-71
BLE,1703391688605023538,DF:DF:EE:00:00:04,-55
BLE,1703391688919405595,D3:F4:55:AB:96:20,-72
BLE,1703391689071780991,DF:A6:DC:DC:2E:81,-73
BLE,1703391689071812324,DF:DF:EE:00:00:01,-73
BLE,1703391689147623671,DF:DF:EE:00:00:04,-55
BLE,1703391689603152626,DF:DF:EE:00:00:04,-51
BLE,1703391689692732609,D3:F4:55:AB:96:20,-67
BLE,1703391690148582685,DF:DF:EE:00:00:04,-50
BLE,1703391690604554260,DF:DF:EE:00:00:04,-56
BLE,1703391691087588985,DF:A6:DC:DC:2E:81,-72
BLE,1703391691087628402,DF:DF:EE:00:00:01,-72
BLE,1703391691145291330,DF:DF:EE:00:00:04,-55
BLE,1703391691426861676,D3:F4:55:AB:96:20,-67
BLE,1703391691602037979,DF:DF:EE:00:00:04,-51
BLE,1703391691813516787,D3:F4:55:AB:96:20,-71
BLE,1703391692195772449,D3:F4:55:AB:96:20,-72
BLE,1703391693533561056,D3:F4:55:AB:96:20,-72
BLE,1703391693608889951,DF:DF:EE:00:00:04,-50
BLE,1703391694143916795,DF:DF:EE:00:00:04,-50
BLE,1703391694609411970,DF:DF:EE:00:00:04,-55
BLE,1703391695151566608,DF:DF:EE:00:00:04,-39
BLE,1703391695251789553,D3:F4:55:AB:96:20,-82
BLE,1703391695637124680,D3:F4:55:AB:96:20,-70
BLE,1703391696119653328,DF:A6:DC:DC:2E:81,-76
BLE,1703391696119695452,DF:DF:EE:00:00:01,-76
BLE,1703391696147764134,DF:DF:EE:00:00:04,-51
BLE,1703391697163083901,D3:F4:55:AB:96:20,-68
BLE,1703391697549307559,D3:F4:55:AB:96:20,-72
BLE,1703391697610579572,DF:DF:EE:00:00:04,-50
BLE,1703391697745667955,D3:F4:55:AB:96:20,-68
BLE,1703391698323260108,D3:F4:55:AB:96:20,-71
BLE,1703391698708318987,D3:F4:55:AB:96:20,-72
BLE,1703391698896780098,D3:F4:55:AB:96:20,-66
BLE,1703391699087354102,D3:F4:55:AB:96:20,-72
BLE,1703391699128439677,DF:A6:DC:DC:2E:81,-71
BLE,1703391699128466427,DF:DF:EE:00:00:01,-71
BLE,1703391699274463311,D3:F4:55:AB:96:20,-68
BLE,1703391699464777859,D3:F4:55:AB:96:20,-71
BLE,1703391699845366539,D3:F4:55:AB:96:20,-72
BLE,1703391700039639126,D3:F4:55:AB:96:20,-52
BLE,1703391700604570422,DF:DF:EE:00:00:04,-50
BLE,1703391700808369442,D3:F4:55:AB:96:20,-74
BLE,1703391701141576577,DF:DF:EE:00:00:04,-35
BLE,1703391701579097528,D3:F4:55:AB:96:20,-60
BLE,1703391702530894933,D3:F4:55:AB:96:20,-72
BLE,1703391702717984142,D3:F4:55:AB:96:20,-66
BLE,1703391702909050974,D3:F4:55:AB:96:20,-73
BLE,1703391703145899035,DF:DF:EE:00:00:04,-51
BLE,1703391703152310796,DF:A6:DC:DC:2E:81,-71
BLE,1703391703152336879,DF:DF:EE:00:00:01,-71
BLE,1703391703299454126,D3:F4:55:AB:96:20,-73
BLE,1703391703607123717,DF:DF:EE:00:00:04,-52
BLE,1703391703874626972,D3:F4:55:AB:96:20,-72
BLE,1703391704068843101,D3:F4:55:AB:96:20,-68
BLE,1703391704145865769,DF:DF:EE:00:00:04,-52
BLE,1703391704262187490,D3:F4:55:AB:96:20,-72
BLE,1703391704458626969,D3:F4:55:AB:96:20,-70
BLE,1703391704609049761,DF:DF:EE:00:00:04,-50
BLE,1703391704651635361,D3:F4:55:AB:96:20,-68
BLE,1703391704844109093,D3:F4:55:AB:96:20,-71
BLE,1703391705170786760,DF:A6:DC:DC:2E:81,-72
BLE,1703391705170823927,DF:DF:EE:00:00:01,-72
BLE,1703391705422467404,D3:F4:55:AB:96:20,-66
BLE,1703391705803520829,D3:F4:55:AB:96:20,-68
BLE,1703391705996110559,D3:F4:55:AB:96:20,-72
BLE,1703391706177202587,DF:A6:DC:DC:2E:81,-75
BLE,1703391706177238045,DF:DF:EE:00:00:01,-75
BLE,1703391706574829574,D3:F4:55:AB:96:20,-56
BLE,1703391706606747420,DF:DF:EE:00:00:04,-63
BLE,1703391706961940347,D3:F4:55:AB:96:20,-72
BLE,1703391707145473722,DF:DF:EE:00:00:04,-54
BLE,1703391707153658546,D3:F4:55:AB:96:20,-68
BLE,1703391707347080142,D3:F4:55:AB:96:20,-71
BLE,1703391707532157166,D3:F4:55:AB:96:20,-68
BLE,1703391707609474372,DF:DF:EE:00:00:04,-52
BLE,1703391707918136827,D3:F4:55:AB:96:20,-67
BLE,1703391708179854565,DF:A6:DC:DC:2E:81,-76
BLE,1703391708179887356,DF:DF:EE:00:00:01,-76
BLE,1703391708605113696,DF:DF:EE:00:00:04,-55
BLE,1703391709066638458,D3:F4:55:AB:96:20,-68
BLE,1703391709148206365,DF:DF:EE:00:00:04,-55
BLE,1703391709182619933,DF:A6:DC:DC:2E:81,-72
BLE,1703391709182645266,DF:DF:EE:00:00:01,-72
BLE,1703391709261210749,D3:F4:55:AB:96:20,-72
BLE,1703391709601893966,DF:DF:EE:00:00:04,-50
BLE,1703391710143502068,DF:DF:EE:00:00:04,-51
BLE,1703391710217116316,D3:F4:55:AB:96:20,-70
BLE,1703391710608578748,D3:F4:55:AB:96:20,-72
BLE,1703391710611571214,DF:DF:EE:00:00:04,-55
BLE,1703391710803476244,D3:F4:55:AB:96:20,-71
BLE,1703391711144217376,DF:DF:EE:00:00:04,-53
BLE,1703391711186023902,DF:A6:DC:DC:2E:81,-71
BLE,1703391711186052818,DF:DF:EE:00:00:01,-71
BLE,1703391711380847024,D3:F4:55:AB:96:20,-68
BLE,1703391711576659551,D3:F4:55:AB:96:20,-72
BLE,1703391711604938522,DF:DF:EE:00:00:04,-51
BLE,1703391711763744969,D3:F4:55:AB:96:20,-68
BLE,1703391711954367306,D3:F4:55:AB:96:20,-70
BLE,1703391712146065422,DF:DF:EE:00:00:04,-59
BLE,1703391712193231303,DF:A6:DC:DC:2E:81,-72
BLE,1703391712193258136,DF:DF:EE:00:00:01,-72
BLE,1703391712612346838,DF:DF:EE:00:00:04,-72
BLE,1703391712722179508,D3:F4:55:AB:96:20,-71
BLE,1703391712912761094,D3:F4:55:AB:96:20,-66
BLE,1703391713199798295,DF:A6:DC:DC:2E:81,-60
BLE,1703391713199836919,DF:DF:EE:00:00:01,-60
BLE,1703391713683507304,D3:F4:55:AB:96:20,-56
BLE,1703391713877264939,D3:F4:55:AB:96:20,-82
BLE,1703391714073240881,D3:F4:55:AB:96:20,-56
BLE,1703391714202200209,DF:A6:DC:DC:2E:81,-73
BLE,1703391714202230583,DF:DF:EE:00:00:01,-73
BLE,1703391714263787843,D3:F4:55:AB:96:20,-66
BLE,1703391714846797976,D3:F4:55:AB:96:20,-66
BLE,1703391715036194868,D3:F4:55:AB:96:20,-71
BLE,1703391715147021610,DF:DF:EE:00:00:04,-52
BLE,1703391715208055917,DF:A6:DC:DC:2E:81,-72
BLE,1703391715208086458,DF:DF:EE:00:00:01,-72
BLE,1703391715229247010,D3:F4:55:AB:96:20,-68
BLE,1703391715613526648,D3:F4:55:AB:96:20,-66
BLE,1703391716390009168,D3:F4:55:AB:96:20,-72
BLE,1703391716585983902,D3:F4:55:AB:96:20,-71
BLE,1703391716601190396,DF:DF:EE:00:00:04,-51
BLE,1703391716779707411,D3:F4:55:AB:96:20,-68
BLE,1703391716978424406,D3:F4:55:AB:96:20,-72
BLE,1703391717148174937,DF:DF:EE:00:00:04,-52
BLE,1703391717164328671,D3:F4:55:AB:96:20,-68
BLE,1703391717552377600,D3:F4:55:AB:96:20,-72
BLE,1703391717605853201,DF:DF:EE:00:00:04,-55
BLE,1703391718130589162,D3:F4:55:AB:96:20,-53
BLE,1703391718148511833,DF:DF:EE:00:00:04,-39
BLE,1703391718229050294,DF:A6:DC:DC:2E:81,-57
BLE,1703391718229077752,DF:DF:EE:00:00:01,-57
BLE,1703391718319550850,D3:F4:55:AB:96:20,-71
BLE,1703391718514911299,D3:F4:55:AB:96:20,-52
BLE,1703391718604694114,DF:DF:EE:00:00:04,-36
BLE,1703391719098987628,D3:F4:55:AB:96:20,-62
BLE,1703391719668173210,D3:F4:55:AB:96:20,-71
BLE,1703391720045008849,D3:F4:55:AB:96:20,-68
BLE,1703391720150604234,DF:DF:EE:00:00:04,-55
BLE,1703391720604940077,DF:DF:EE:00:00:04,-51
BLE,1703391720802714957,D3:F4:55:AB:96:20,-71
BLE,1703391720998858314,D3:F4:55:AB:96:20,-71
BLE,1703391721189992436,D3:F4:55:AB:96:20,-68
BLE,1703391721234908260,DF:A6:DC:DC:2E:81,-72
BLE,1703391721234937426,DF:DF:EE:00:00:01,-72
BLE,1703391721574934817,D3:F4:55:AB:96:20,-66
BLE,1703391721603846947,DF:DF:EE:00:00:04,-52
BLE,1703391721971548649,D3:F4:55:AB:96:20,-72
BLE,1703391722165111993,D3:F4:55:AB:96:20,-70
BLE,1703391722551877437,D3:F4:55:AB:96:20,-72
BLE,1703391722604361258,DF:DF:EE:00:00:04,-67
BLE,1703391722742184110,D3:F4:55:AB:96:20,-68
BLE,1703391722937523893,D3:F4:55:AB:96:20,-72
BLE,1703391723148703412,DF:DF:EE:00:00:04,-51
BLE,1703391723239991751,DF:A6:DC:DC:2E:81,-73
BLE,1703391723240018459,DF:DF:EE:00:00:01,-73
BLE,1703391723316220553,D3:F4:55:AB:96:20,-72
BLE,1703391723698947709,D3:F4:55:AB:96:20,-72
BLE,1703391723891955351,D3:F4:55:AB:96:20,-68
BLE,1703391724243568944,DF:A6:DC:DC:2E:81,-75
BLE,1703391724243599777,DF:DF:EE:00:00:01,-75
BLE,1703391724603317694,DF:DF:EE:00:00:04,-55
BLE,1703391724671300714,D3:F4:55:AB:96:20,-72
BLE,1703391726014573634,D3:F4:55:AB:96:20,-70
BLE,1703391726140821909,DF:DF:EE:00:00:04,-52
BLE,1703391726204316147,D3:F4:55:AB:96:20,-72
BLE,1703391726253673628,DF:A6:DC:DC:2E:81,-72
BLE,1703391726253699211,DF:DF:EE:00:00:01,-72
BLE,1703391726397959074,D3:F4:55:AB:96:20,-72
BLE,1703391726601616554,DF:DF:EE:00:00:04,-52
BLE,1703391727147910228,DF:DF:EE:00:00:04,-56
BLE,1703391727156690712,D3:F4:55:AB:96:20,-67
BLE,1703391727255673630,DF:A6:DC:DC:2E:81,-73
BLE,1703391727255701046,DF:DF:EE:00:00:01,-73
BLE,1703391727606314109,DF:DF:EE:00:00:04,-50
BLE,1703391727737754533,D3:F4:55:AB:96:20,-68
BLE,1703391727934679298,D3:F4:55:AB:96:20,-72
BLE,1703391728121107140,D3:F4:55:AB:96:20,-68
BLE,1703391728143367263,DF:DF:EE:00:00:04,-51
BLE,1703391728257598633,DF:A6:DC:DC:2E:81,-74
BLE,1703391728257630882,DF:DF:EE:00:00:01,-74
BLE,1703391728514864921,D3:F4:55:AB:96:20,-72
BLE,1703391728608165820,DF:DF:EE:00:00:04,-56
BLE,1703391728707007740,D3:F4:55:AB:96:20,-69
BLE,1703391729098866584,D3:F4:55:AB:96:20,-56
BLE,1703391730147736471,DF:DF:EE:00:00:04,-51
BLE,1703391730604928823,DF:DF:EE:00:00:04,-53
BLE,1703391730643653884,D3:F4:55:AB:96:20,-68
BLE,1703391731225490613,D3:F4:55:AB:96:20,-68
BLE,1703391731622464149,D3:F4:55:AB:96:20,-72
BLE,1703391732000142320,D3:F4:55:AB:96:20,-71
BLE,1703391732383400887,D3:F4:55:AB:96:20,-71
BLE,1703391732575785370,D3:F4:55:AB:96:20,-75
BLE,1703391732771447107,D3:F4:55:AB:96:20,-72
BLE,1703391732960893165,D3:F4:55:AB:96:20,-68
BLE,1703391733272655502,DF:A6:DC:DC:2E:81,-73
BLE,1703391733272688001,DF:DF:EE:00:00:01,-73
BLE,1703391733928705389,D3:F4:55:AB:96:20,-68
BLE,1703391734317360102,D3:F4:55:AB:96:20,-72
BLE,1703391734605170502,DF:DF:EE:00:00:04,-50
BLE,1703391734701538992,D3:F4:55:AB:96:20,-70
BLE,1703391734895985535,D3:F4:55:AB:96:20,-68
BLE,1703391735088794721,D3:F4:55:AB:96:20,-72
BLE,1703391735143694515,DF:DF:EE:00:00:04,-51
BLE,1703391735282761478,D3:F4:55:AB:96:20,-70
BLE,1703391735478844544,D3:F4:55:AB:96:20,-68
BLE,1703391735600891117,DF:DF:EE:00:00:04,-52
BLE,1703391736055052045,D3:F4:55:AB:96:20,-72
BLE,1703391736632427659,D3:F4:55:AB:96:20,-71
BLE,1703391737019530598,D3:F4:55:AB:96:20,-71
BLE,1703391737142541952,DF:DF:EE:00:00:04,-50
BLE,1703391737397577057,D3:F4:55:AB:96:20,-71
BLE,1703391737601325078,DF:DF:EE:00:00:04,-53
BLE,1703391737979623451,D3:F4:55:AB:96:20,-68
BLE,1703391738362173775,D3:F4:55:AB:96:20,-68
BLE,1703391738608487146,DF:DF:EE:00:00:04,-50
BLE,1703391738749764626,D3:F4:55:AB:96:20,-70
BLE,1703391739144726143,DF:DF:EE:00:00:04,-58
BLE,1703391739324968222,D3:F4:55:AB:96:20,-68
BLE,1703391739610649355,DF:DF:EE:00:00:04,-55
BLE,1703391739709050821,D3:F4:55:AB:96:20,-68
BLE,1703391739902360877,D3:F4:55:AB:96:20,-72
BLE,1703391740091003236,D3:F4:55:AB:96:20,-68
BLE,1703391740139728974,DF:DF:EE:00:00:04,-50
BLE,1703391740280950038,D3:F4:55:AB:96:20,-71
BLE,1703391741048397369,D3:F4:55:AB:96:20,-72
BLE,1703391741148496191,DF:DF:EE:00:00:04,-50
BLE,1703391741245229260,D3:F4:55:AB:96:20,-72
BLE,1703391741608417096,DF:DF:EE:00:00:04,-52
BLE,1703391741628953946,D3:F4:55:AB:96:20,-70
BLE,1703391741822189044,D3:F4:55:AB:96:20,-68
BLE,1703391742142201496,DF:DF:EE:00:00:04,-50
BLE,1703391742317577255,DF:A6:DC:DC:2E:81,-71
BLE,1703391742317608671,DF:DF:EE:00:00:01,-71
BLE,1703391742392882734,D3:F4:55:AB:96:20,-70
BLE,1703391742588503846,D3:F4:55:AB:96:20,-68
BLE,1703391742600481669,DF:DF:EE:00:00:04,-52
BLE,1703391742782853891,D3:F4:55:AB:96:20,-71
BLE,1703391742970177098,D3:F4:55:AB:96:20,-66
BLE,1703391743142855429,DF:DF:EE:00:00:04,-55
BLE,1703391743159078954,D3:F4:55:AB:96:20,-74
BLE,1703391743536547086,D3:F4:55:AB:96:20,-69
BLE,1703391743604254651,DF:DF:EE:00:00:04,-34
BLE,1703391744140972350,DF:DF:EE:00:00:04,-51
BLE,1703391744486598844,D3:F4:55:AB:96:20,-70
BLE,1703391744602941440,DF:DF:EE:00:00:04,-53
BLE,1703391744682309831,D3:F4:55:AB:96:20,-68
BLE,1703391745063202549,D3:F4:55:AB:96:20,-69
BLE,1703391745254865082,D3:F4:55:AB:96:20,-72
BLE,1703391745329017074,DF:A6:DC:DC:2E:81,-76
BLE,1703391745329045740,DF:DF:EE:00:00:01,-76
BLE,1703391745823562169,D3:F4:55:AB:96:20,-72
BLE,1703391746146840041,DF:DF:EE:00:00:04,-50
BLE,1703391746594302462,D3:F4:55:AB:96:20,-68
BLE,1703391746788596424,D3:F4:55:AB:96:20,-71
BLE,1703391746976583873,D3:F4:55:AB:96:20,-66
BLE,1703391747140334931,DF:DF:EE:00:00:04,-53
BLE,1703391747560353789,D3:F4:55:AB:96:20,-68
BLE,1703391747607337422,DF:DF:EE:00:00:04,-51
BLE,1703391748333947633,D3:F4:55:AB:96:20,-70
BLE,1703391748528828796,D3:F4:55:AB:96:20,-68
BLE,1703391748606073461,DF:DF:EE:00:00:04,-53
BLE,1703391748724995070,D3:F4:55:AB:96:20,-72
BLE,1703391748914755916,D3:F4:55:AB:96:20,-68
BLE,1703391749308668403,D3:F4:55:AB:96:20,-72
BLE,1703391749339322430,DF:A6:DC:DC:2E:81,-72
BLE,1703391749339356888,DF:DF:EE:00:00:01,-72
BLE,1703391749499261657,D3:F4:55:AB:96:20,-69
BLE,1703391749602393444,DF:DF:EE:00:00:04,-55
BLE,1703391749691971386,D3:F4:55:AB:96:20,-56
BLE,1703391749886135140,D3:F4:55:AB:96:20,-56
BLE,1703391750077277013,D3:F4:55:AB:96:20,-72
BLE,1703391750144135795,DF:DF:EE:00:00:04,-55
BLE,1703391750465881227,D3:F4:55:AB:96:20,-68
BLE,1703391750654842457,D3:F4:55:AB:96:20,-70
BLE,1703391750850420820,D3:F4:55:AB:96:20,-68
BLE,1703391751140336946,DF:DF:EE:00:00:04,-51
BLE,1703391751240741849,D3:F4:55:AB:96:20,-72
BLE,1703391751355727710,DF:A6:DC:DC:2E:81,-76
BLE,1703391751355755251,DF:DF:EE:00:00:01,-76
BLE,1703391751601060675,DF:DF:EE:00:00:04,-52
BLE,1703391751822339664,D3:F4:55:AB:96:20,-70
BLE,1703391752206161807,D3:F4:55:AB:96:20,-70
BLE,1703391752398688289,D3:F4:55:AB:96:20,-68
BLE,1703391752589559622,D3:F4:55:AB:96:20,-70
BLE,1703391752600302959,DF:DF:EE:00:00:04,-50
BLE,1703391752783693335,D3:F4:55:AB:96:20,-74
BLE,1703391753143893664,DF:DF:EE:00:00:04,-51
BLE,1703391753166860486,D3:F4:55:AB:96:20,-66
BLE,1703391753556426981,D3:F4:55:AB:96:20,-70
BLE,1703391753944262746,D3:F4:55:AB:96:20,-72
BLE,1703391754137749716,D3:F4:55:AB:96:20,-72
BLE,1703391754141348675,DF:DF:EE:00:00:04,-52
BLE,1703391754330849441,D3:F4:55:AB:96:20,-72
BLE,1703391754361105014,DF:A6:DC:DC:2E:81,-72
BLE,1703391754361131639,DF:DF:EE:00:00:01,-72
BLE,1703391754527973454,D3:F4:55:AB:96:20,-72
BLE,1703391754720843765,D3:F4:55:AB:96:20,-66
BLE,1703391755146331769,DF:DF:EE:00:00:04,-51
BLE,1703391755302151333,D3:F4:55:AB:96:20,-68
BLE,1703391755499282429,D3:F4:55:AB:96:20,-71
BLE,1703391755692741733,D3:F4:55:AB:96:20,-70
BLE,1703391755886453910,D3:F4:55:AB:96:20,-68
BLE,1703391756080268876,D3:F4:55:AB:96:20,-72
BLE,1703391756267876622,D3:F4:55:AB:96:20,-68
BLE,1703391756463192488,D3:F4:55:AB:96:20,-72
BLE,1703391756652523214,D3:F4:55:AB:96:20,-68
BLE,1703391757049321419,D3:F4:55:AB:96:20,-72
BLE,1703391757140236429,DF:DF:EE:00:00:04,-55
BLE,1703391757371359139,DF:A6:DC:DC:2E:81,-72
BLE,1703391757371405180,DF:DF:EE:00:00:01,-72
BLE,1703391757603201340,DF:DF:EE:00:00:04,-52
BLE,1703391757828019539,D3:F4:55:AB:96:20,-70
BLE,1703391758018103173,D3:F4:55:AB:96:20,-72
BLE,1703391758140027414,DF:DF:EE:00:00:04,-50
BLE,1703391758211873973,D3:F4:55:AB:96:20,-71
BLE,1703391758604669098,DF:DF:EE:00:00:04,-54
BLE,1703391758977209245,D3:F4:55:AB:96:20,-72
BLE,1703391759142270746,DF:DF:EE:00:00:04,-55
BLE,1703391759360615768,D3:F4:55:AB:96:20,-70
BLE,1703391759379975757,DF:A6:DC:DC:2E:81,-71
BLE,1703391759380002673,DF:DF:EE:00:00:01,-71
BLE,1703391759740770953,D3:F4:55:AB:96:20,-71
BLE,1703391760145763273,DF:DF:EE:00:00:04,-52
BLE,1703391760503485588,D3:F4:55:AB:96:20,-68
BLE,1703391760602669587,DF:DF:EE:00:00:04,-55
BLE,1703391760696342190,D3:F4:55:AB:96:20,-72
BLE,1703391760883867854,D3:F4:55:AB:96:20,-66
BLE,1703391761075668093,D3:F4:55:AB:96:20,-72
BLE,1703391761140468024,DF:DF:EE:00:00:04,-52
BLE,1703391761266939089,D3:F4:55:AB:96:20,-68
BLE,1703391761393172364,DF:A6:DC:DC:2E:81,-76
BLE,1703391761393201281,DF:DF:EE:00:00:01,-76
BLE,1703391761606278779,DF:DF:EE:00:00:04,-50
BLE,1703391762415853757,D3:F4:55:AB:96:20,-66
BLE,1703391762609295478,DF:DF:EE:00:00:04,-54
BLE,1703391762805040006,D3:F4:55:AB:96:20,-72
BLE,1703391763180357787,D3:F4:55:AB:96:20,-68
BLE,1703391763370756626,D3:F4:55:AB:96:20,-72
BLE,1703391763401428862,DF:A6:DC:DC:2E:81,-72
BLE,1703391763401458320,DF:DF:EE:00:00:01,-72
BLE,1703391763604160061,DF:DF:EE:00:00:04,-51
BLE,1703391763952233985,D3:F4:55:AB:96:20,-71
BLE,1703391764141102174,DF:DF:EE:00:00:04,-55
BLE,1703391764335440094,D3:F4:55:AB:96:20,-72
BLE,1703391764408142060,DF:A6:DC:DC:2E:81,-76
BLE,1703391764408169101,DF:DF:EE:00:00:01,-76
BLE,1703391764607950584,DF:DF:EE:00:00:04,-56
BLE,1703391764921429192,D3:F4:55:AB:96:20,-72
BLE,1703391765116028109,D3:F4:55:AB:96:20,-68
BLE,1703391765149349772,DF:DF:EE:00:00:04,-55
BLE,1703391765312754667,D3:F4:55:AB:96:20,-68
BLE,1703391765415085131,DF:A6:DC:DC:2E:81,-71
BLE,1703391765415112089,DF:DF:EE:00:00:01,-71
BLE,1703391765607652403,DF:DF:EE:00:00:04,-56
BLE,1703391765696628644,D3:F4:55:AB:96:20,-66
BLE,1703391765892262090,D3:F4:55:AB:96:20,-56
BLE,1703391766088538529,D3:F4:55:AB:96:20,-72
BLE,1703391766143880359,DF:DF:EE:00:00:04,-55
BLE,1703391766284676386,D3:F4:55:AB:96:20,-66
BLE,1703391766417788750,DF:A6:DC:DC:2E:81,-72
BLE,1703391766417859457,DF:DF:EE:00:00:01,-72
BLE,1703391766666694258,D3:F4:55:AB:96:20,-66
BLE,1703391766862174414,D3:F4:55:AB:96:20,-71
BLE,1703391767050546484,D3:F4:55:AB:96:20,-68
BLE,1703391767427399457,DF:A6:DC:DC:2E:81,-72
BLE,1703391767427428373,DF:DF:EE:00:00:01,-72
BLE,1703391767437873171,D3:F4:55:AB:96:20,-72
BLE,1703391767823990456,D3:F4:55:AB:96:20,-71
BLE,1703391768015683405,D3:F4:55:AB:96:20,-67
BLE,1703391768143397538,DF:DF:EE:00:00:04,-56
BLE,1703391768207717350,D3:F4:55:AB:96:20,-71
BLE,1703391768400108791,D3:F4:55:AB:96:20,-66
BLE,1703391768592054154,D3:F4:55:AB:96:20,-72
BLE,1703391768608295595,DF:DF:EE:00:00:04,-53
BLE,1703391768787158856,D3:F4:55:AB:96:20,-72
BLE,1703391768983635210,D3:F4:55:AB:96:20,-68
BLE,1703391769176076525,D3:F4:55:AB:96:20,-72
BLE,1703391769370210364,D3:F4:55:AB:96:20,-72
BLE,1703391769430482596,DF:A6:DC:DC:2E:81,-74
BLE,1703391769430507346,DF:DF:EE:00:00:01,-74
BLE,1703391769599506344,DF:DF:EE:00:00:04,-52
BLE,1703391769756541479,D3:F4:55:AB:96:20,-72
BLE,1703391770136583457,D3:F4:55:AB:96:20,-71
BLE,1703391770144032164,DF:DF:EE:00:00:04,-55
BLE,1703391770327441374,D3:F4:55:AB:96:20,-72
BLE,1703391770519876939,D3:F4:55:AB:96:20,-70
BLE,1703391770709542412,D3:F4:55:AB:96:20,-72
BLE,1703391770902996883,D3:F4:55:AB:96:20,-70
BLE,1703391771280241601,D3:F4:55:AB:96:20,-68
BLE,1703391771474003318,D3:F4:55:AB:96:20,-72
BLE,1703391771604969540,DF:DF:EE:00:00:04,-55
BLE,1703391771669131895,D3:F4:55:AB:96:20,-71
BLE,1703391771864044558,D3:F4:55:AB:96:20,-68
BLE,1703391772059586463,D3:F4:55:AB:96:20,-72
BLE,1703391772454088235,DF:A6:DC:DC:2E:81,-73
BLE,1703391772454123235,DF:DF:EE:00:00:01,-73
BLE,1703391772605949178,DF:DF:EE:00:00:04,-50
BLE,1703391772628365216,D3:F4:55:AB:96:20,-69
BLE,1703391773210800730,D3:F4:55:AB:96:20,-68
BLE,1703391773401199110,D3:F4:55:AB:96:20,-70
BLE,1703391773457923300,DF:A6:DC:DC:2E:81,-72
BLE,1703391773457949841,DF:DF:EE:00:00:01,-72
BLE,1703391773607490602,DF:DF:EE:00:00:04,-56
BLE,1703391773792120423,D3:F4:55:AB:96:20,-72
BLE,1703391773985536686,D3:F4:55:AB:96:20,-72
BLE,1703391774376036296,D3:F4:55:AB:96:20,-72
BLE,1703391774602224603,DF:DF:EE:00:00:04,-56
BLE,1703391774958490268,D3:F4:55:AB:96:20,-71
BLE,1703391775140279663,DF:DF:EE:00:00:04,-55
BLE,1703391775472179312,DF:A6:DC:DC:2E:81,-72
BLE,1703391775472207687,DF:DF:EE:00:00:01,-72
BLE,1703391775547284126,D3:F4:55:AB:96:20,-71
BLE,1703391775734519085,D3:F4:55:AB:96:20,-66
BLE,1703391776140304312,DF:DF:EE:00:00:04,-51
BLE,1703391776313294307,D3:F4:55:AB:96:20,-72
BLE,1703391776477142906,DF:A6:DC:DC:2E:81,-72
BLE,1703391776477174239,DF:DF:EE:00:00:01,-72
BLE,1703391776506933401,D3:F4:55:AB:96:20,-72
BLE,1703391776603282599,DF:DF:EE:00:00:04,-55
BLE,1703391776893990132,D3:F4:55:AB:96:20,-72
BLE,1703391777081125508,D3:F4:55:AB:96:20,-67
BLE,1703391777467171168,D3:F4:55:AB:96:20,-68
BLE,1703391777482551910,DF:A6:DC:DC:2E:81,-76
BLE,1703391777482578077,DF:DF:EE:00:00:01,-76
BLE,1703391777663376150,D3:F4:55:AB:96:20,-72
BLE,1703391777850212696,D3:F4:55:AB:96:20,-66
BLE,1703391778236978931,D3:F4:55:AB:96:20,-70
BLE,1703391778428261385,D3:F4:55:AB:96:20,-72
BLE,1703391778490697051,DF:A6:DC:DC:2E:81,-76
BLE,1703391778490724551,DF:DF:EE:00:00:01,-76
BLE,1703391778624080787,D3:F4:55:AB:96:20,-72
BLE,1703391778625417313,D3:F4:55:AB:96:20,-71
BLE,1703391778815263575,D3:F4:55:AB:96:20,-68
BLE,1703391779008395300,D3:F4:55:AB:96:20,-72
BLE,1703391779147784051,DF:DF:EE:00:00:04,-55
BLE,1703391779198724765,D3:F4:55:AB:96:20,-68
BLE,1703391779392117861,D3:F4:55:AB:96:20,-71
BLE,1703391779583108568,D3:F4:55:AB:96:20,-68
BLE,1703391779774964182,D3:F4:55:AB:96:20,-72
BLE,1703391780348539672,D3:F4:55:AB:96:20,-68
BLE,1703391780505630347,DF:A6:DC:DC:2E:81,-73
BLE,1703391780505665389,DF:DF:EE:00:00:01,-73
BLE,1703391780607860687,DF:DF:EE:00:00:04,-55
BLE,1703391780731558700,D3:F4:55:AB:96:20,-69
BLE,1703391780925281792,D3:F4:55:AB:96:20,-71
BLE,1703391781113178118,D3:F4:55:AB:96:20,-67
BLE,1703391781146303200,DF:DF:EE:00:00:04,-54
BLE,1703391781303024172,D3:F4:55:AB:96:20,-72
BLE,1703391781687180686,D3:F4:55:AB:96:20,-72
BLE,1703391781882471220,D3:F4:55:AB:96:20,-70
BLE,1703391782077099177,D3:F4:55:AB:96:20,-68
BLE,1703391782275984420,D3:F4:55:AB:96:20,-72
BLE,1703391782467161333,D3:F4:55:AB:96:20,-70
BLE,1703391782852579625,D3:F4:55:AB:96:20,-70
BLE,1703391783045494519,D3:F4:55:AB:96:20,-69
BLE,1703391783138481463,DF:DF:EE:00:00:04,-50
BLE,1703391783242044496,D3:F4:55:AB:96:20,-72
BLE,1703391783438255144,D3:F4:55:AB:96:20,-70
BLE,1703391783605438580,DF:DF:EE:00:00:04,-50
BLE,1703391783816195229,D3:F4:55:AB:96:20,-70
BLE,1703391784518860462,DF:A6:DC:DC:2E:81,-73
BLE,1703391784518897087,DF:DF:EE:00:00:01,-73
BLE,1703391785145157604,DF:DF:EE:00:00:04,-53
BLE,1703391785157730003,D3:F4:55:AB:96:20,-68
BLE,1703391785347370975,D3:F4:55:AB:96:20,-70
BLE,1703391785543478291,D3:F4:55:AB:96:20,-68
BLE,1703391785732207315,D3:F4:55:AB:96:20,-72
BLE,1703391786113297781,D3:F4:55:AB:96:20,-70
BLE,1703391786145635081,DF:DF:EE:00:00:04,-56
BLE,1703391786303658496,D3:F4:55:AB:96:20,-72
BLE,1703391786500939423,D3:F4:55:AB:96:20,-72
BLE,1703391786601795612,DF:DF:EE:00:00:04,-51
BLE,1703391787071232450,D3:F4:55:AB:96:20,-67
BLE,1703391787145952227,DF:DF:EE:00:00:04,-52
BLE,1703391787268582585,D3:F4:55:AB:96:20,-56
BLE,1703391787538890559,DF:A6:DC:DC:2E:81,-75
BLE,1703391787538920850,DF:DF:EE:00:00:01,-75
BLE,1703391787600031906,DF:DF:EE:00:00:04,-53
BLE,1703391787657397380,D3:F4:55:AB:96:20,-68
BLE,1703391787847431307,D3:F4:55:AB:96:20,-70
BLE,1703391788042275220,D3:F4:55:AB:96:20,-68
BLE,1703391788138723459,DF:DF:EE:00:00:04,-53
BLE,1703391788236158103,D3:F4:55:AB:96:20,-72
BLE,1703391788422074659,D3:F4:55:AB:96:20,-66
BLE,1703391788608491502,DF:DF:EE:00:00:04,-50
BLE,1703391788618797926,D3:F4:55:AB:96:20,-72
BLE,1703391788813623965,D3:F4:55:AB:96:20,-61
BLE,1703391789006000031,D3:F4:55:AB:96:20,-69
BLE,1703391789201094526,D3:F4:55:AB:96:20,-72
BLE,1703391789388478065,D3:F4:55:AB:96:20,-68
BLE,1703391789586519859,D3:F4:55:AB:96:20,-72
BLE,1703391789608010573,DF:DF:EE:00:00:04,-55
BLE,1703391789773554278,D3:F4:55:AB:96:20,-68
BLE,1703391789968084278,D3:F4:55:AB:96:20,-72
BLE,1703391790141068773,DF:DF:EE:00:00:04,-53
BLE,1703391790154339164,D3:F4:55:AB:96:20,-66
BLE,1703391790353000951,D3:F4:55:AB:96:20,-72
BLE,1703391790540710779,D3:F4:55:AB:96:20,-52
BLE,1703391790552375605,DF:A6:DC:DC:2E:81,-76
BLE,1703391790552400813,DF:DF:EE:00:00:01,-76
BLE,1703391790599730359,DF:DF:EE:00:00:04,-55
BLE,1703391790928630251,D3:F4:55:AB:96:20,-70
BLE,1703391791139773021,DF:DF:EE:00:00:04,-56
BLE,1703391791312193730,D3:F4:55:AB:96:20,-71
BLE,1703391791505562536,D3:F4:55:AB:96:20,-68
BLE,1703391791703637746,D3:F4:55:AB:96:20,-72
BLE,1703391791895111531,D3:F4:55:AB:96:20,-72
BLE,1703391792084395549,D3:F4:55:AB:96:20,-72
BLE,1703391792142784886,DF:DF:EE:00:00:04,-53
BLE,1703391792564874595,DF:A6:DC:DC:2E:81,-74
BLE,1703391792564916970,DF:DF:EE:00:00:01,-74
BLE,1703391792607303155,DF:DF:EE:00:00:04,-50
BLE,1703391792659062818,D3:F4:55:AB:96:20,-71
BLE,1703391792854041688,D3:F4:55:AB:96:20,-68
BLE,1703391793050168545,D3:F4:55:AB:96:20,-72
BLE,1703391793237260713,D3:F4:55:AB:96:20,-68
BLE,1703391793568150624,DF:A6:DC:DC:2E:81,-76
BLE,1703391793568180457,DF:DF:EE:00:00:01,-76
BLE,1703391793622098179,D3:F4:55:AB:96:20,-68
BLE,1703391793815648107,D3:F4:55:AB:96:20,-72
BLE,1703391794004642045,D3:F4:55:AB:96:20,-68
BLE,1703391794145265116,DF:DF:EE:00:00:04,-52
BLE,1703391794398481575,D3:F4:55:AB:96:20,-72
BLE,1703391794588638875,D3:F4:55:AB:96:20,-68
BLE,1703391794604125907,DF:DF:EE:00:00:04,-54
BLE,1703391794782322843,D3:F4:55:AB:96:20,-72
BLE,1703391794973097553,D3:F4:55:AB:96:20,-68
BLE,1703391795138560841,DF:DF:EE:00:00:04,-52
BLE,1703391795169399658,D3:F4:55:AB:96:20,-72
BLE,1703391795606964691,DF:DF:EE:00:00:04,-53
BLE,1703391795748911539,D3:F4:55:AB:96:20,-72
BLE,1703391795943749619,D3:F4:55:AB:96:20,-70
BLE,1703391796140679675,DF:DF:EE:00:00:04,-51
BLE,1703391796326818271,D3:F4:55:AB:96:20,-71
BLE,1703391796584478846,DF:A6:DC:DC:2E:81,-76
BLE,1703391796584512679,DF:DF:EE:00:00:01,-76
BLE,1703391796607526168,DF:DF:EE:00:00:04,-54
BLE,1703391796712616767,D3:F4:55:AB:96:20,-71
BLE,1703391797146830297,DF:DF:EE:00:00:04,-55
BLE,1703391797484448839,D3:F4:55:AB:96:20,-72
BLE,1703391797601285055,DF:DF:EE:00:00:04,-57
BLE,1703391797671265136,D3:F4:55:AB:96:20,-68
BLE,1703391798059811684,D3:F4:55:AB:96:20,-72
BLE,1703391798145041175,DF:DF:EE:00:00:04,-51
BLE,1703391798249508656,D3:F4:55:AB:96:20,-71
BLE,1703391798439165378,D3:F4:55:AB:96:20,-66
BLE,1703391798440603487,D3:F4:55:AB:96:20,-70
BLE,1703391798589497838,DF:A6:DC:DC:2E:81,-75
BLE,1703391798589534796,DF:DF:EE:00:00:01,-75
BLE,1703391798602446025,DF:DF:EE:00:00:04,-52
BLE,1703391799398236076,D3:F4:55:AB:96:20,-72
BLE,1703391799590682891,DF:A6:DC:DC:2E:81,-71
BLE,1703391799590711558,DF:DF:EE:00:00:01,-71
BLE,1703391799603245749,DF:DF:EE:00:00:04,-51
BLE,1703391800168357834,D3:F4:55:AB:96:20,-68
BLE,1703391800366731999,D3:F4:55:AB:96:20,-72
BLE,1703391800557960579,D3:F4:55:AB:96:20,-70
BLE,1703391801130038086,D3:F4:55:AB:96:20,-72
BLE,1703391801137132463,DF:DF:EE:00:00:04,-50
BLE,1703391801316275097,D3:F4:55:AB:96:20,-66
BLE,1703391801513942853,D3:F4:55:AB:96:20,-67
BLE,1703391801599872503,DF:DF:EE:00:00:04,-56
BLE,1703391801699849493,D3:F4:55:AB:96:20,-67
BLE,1703391801896201889,D3:F4:55:AB:96:20,-71
BLE,1703391802089974982,D3:F4:55:AB:96:20,-70
BLE,1703391802139906707,DF:DF:EE:00:00:04,-56
BLE,1703391802284476941,D3:F4:55:AB:96:20,-66
BLE,1703391802601250803,DF:DF:EE:00:00:04,-51
BLE,1703391802604182395,DF:A6:DC:DC:2E:81,-72
BLE,1703391802604208478,DF:DF:EE:00:00:01,-72
BLE,1703391802675020633,D3:F4:55:AB:96:20,-70
BLE,1703391803062454944,D3:F4:55:AB:96:20,-72
BLE,1703391803256454700,D3:F4:55:AB:96:20,-70
BLE,1703391803643441683,D3:F4:55:AB:96:20,-72
BLE,1703391803837533771,D3:F4:55:AB:96:20,-68
BLE,1703391804031197031,D3:F4:55:AB:96:20,-72
BLE,1703391804143198510,DF:DF:EE:00:00:04,-54
BLE,1703391804225168996,D3:F4:55:AB:96:20,-72
BLE,1703391804600052366,DF:DF:EE:00:00:04,-51
BLE,1703391804609510051,D3:F4:55:AB:96:20,-71
BLE,1703391804614974239,DF:A6:DC:DC:2E:81,-76
BLE,1703391804614999072,DF:DF:EE:00:00:01,-76
BLE,1703391805146229875,DF:DF:EE:00:00:04,-52
BLE,1703391805375303734,D3:F4:55:AB:96:20,-71
BLE,1703391805566401398,D3:F4:55:AB:96:20,-68
BLE,1703391805600137557,DF:DF:EE:00:00:04,-53
BLE,1703391805950021835,D3:F4:55:AB:96:20,-68
BLE,1703391806519844493,D3:F4:55:AB:96:20,-71
BLE,1703391806604080953,DF:DF:EE:00:00:04,-50
BLE,1703391806713712542,D3:F4:55:AB:96:20,-66
BLE,1703391806910043605,D3:F4:55:AB:96:20,-72
BLE,1703391807096390657,D3:F4:55:AB:96:20,-68
BLE,1703391807292653888,D3:F4:55:AB:96:20,-71
BLE,1703391807483404264,D3:F4:55:AB:96:20,-68
BLE,1703391807632223325,DF:A6:DC:DC:2E:81,-75
BLE,1703391807632252075,DF:DF:EE:00:00:01,-75
BLE,1703391807676073077,D3:F4:55:AB:96:20,-72
BLE,1703391807861417015,D3:F4:55:AB:96:20,-69
BLE,1703391808052510805,D3:F4:55:AB:96:20,-70
BLE,1703391808141581335,DF:DF:EE:00:00:04,-52
BLE,1703391808434969713,D3:F4:55:AB:96:20,-72
BLE,1703391808601113328,DF:DF:EE:00:00:04,-55
BLE,1703391808625848797,D3:F4:55:AB:96:20,-69
BLE,1703391808636101097,DF:A6:DC:DC:2E:81,-71
BLE,1703391808636126805,DF:DF:EE:00:00:01,-71
BLE,1703391809005921941,D3:F4:55:AB:96:20,-72
BLE,1703391809140112585,DF:DF:EE:00:00:04,-55
BLE,1703391809199617368,D3:F4:55:AB:96:20,-70
BLE,1703391809580147382,D3:F4:55:AB:96:20,-71
BLE,1703391809640486405,DF:A6:DC:DC:2E:81,-72
BLE,1703391809640512613,DF:DF:EE:00:00:01,-72
BLE,1703391809970609700,D3:F4:55:AB:96:20,-72
BLE,1703391810146201540,DF:DF:EE:00:00:04,-52
BLE,1703391810156267759,D3:F4:55:AB:96:20,-68
BLE,1703391810349410026,D3:F4:55:AB:96:20,-72
BLE,1703391810539813864,D3:F4:55:AB:96:20,-68
BLE,1703391810643390189,DF:A6:DC:DC:2E:81,-76
BLE,1703391810643417480,DF:DF:EE:00:00:01,-76
BLE,1703391810921884944,D3:F4:55:AB:96:20,-53
BLE,1703391811118835376,D3:F4:55:AB:96:20,-72
BLE,1703391811307550025,D3:F4:55:AB:96:20,-68
BLE,1703391811597153780,DF:DF:EE:00:00:04,-50
BLE,1703391811651871450,DF:A6:DC:DC:2E:81,-71
BLE,1703391811651898408,DF:DF:EE:00:00:01,-71
BLE,1703391812139106003,DF:DF:EE:00:00:04,-50
BLE,1703391812272179701,D3:F4:55:AB:96:20,-68
BLE,1703391812461196181,D3:F4:55:AB:96:20,-70
BLE,1703391812853089066,D3:F4:55:AB:96:20,-72
BLE,1703391813041540427,D3:F4:55:AB:96:20,-68
BLE,1703391813139055945,DF:DF:EE:00:00:04,-47
BLE,1703391813232904422,D3:F4:55:AB:96:20,-72
BLE,1703391813423118804,D3:F4:55:AB:96:20,-68
BLE,1703391813602473935,DF:DF:EE:00:00:04,-50
BLE,1703391813614177636,D3:F4:55:AB:96:20,-72
BLE,1703391813653564230,DF:A6:DC:DC:2E:81,-71
BLE,1703391813653590272,DF:DF:EE:00:00:01,-71
BLE,1703391813996015385,D3:F4:55:AB:96:20,-72
BLE,1703391814142840302,DF:DF:EE:00:00:04,-50
BLE,1703391814186339308,D3:F4:55:AB:96:20,-66
BLE,1703391814379080746,D3:F4:55:AB:96:20,-73
BLE,1703391814606528581,DF:DF:EE:00:00:04,-55
BLE,1703391814656073310,DF:A6:DC:DC:2E:81,-73
BLE,1703391814656099685,DF:DF:EE:00:00:01,-73
BLE,1703391814757930529,D3:F4:55:AB:96:20,-70
BLE,1703391815137638219,DF:DF:EE:00:00:04,-52
BLE,1703391815145433422,D3:F4:55:AB:96:20,-72
BLE,1703391815341597487,D3:F4:55:AB:96:20,-71
BLE,1703391815606368065,DF:DF:EE:00:00:04,-51
BLE,1703391815917239495,D3:F4:55:AB:96:20,-68
BLE,1703391816115136207,D3:F4:55:AB:96:20,-72
BLE,1703391816138493275,DF:DF:EE:00:00:04,-56
BLE,1703391816308925424,D3:F4:55:AB:96:20,-70
BLE,1703391816504063459,D3:F4:55:AB:96:20,-66
BLE,1703391816601305147,DF:DF:EE:00:00:04,-52
BLE,1703391816675045102,DF:A6:DC:DC:2E:81,-76
BLE,1703391816675074310,DF:DF:EE:00:00:01,-76
BLE,1703391817083843337,D3:F4:55:AB:96:20,-72
BLE,1703391817139211459,DF:DF:EE:00:00:04,-53
BLE,1703391817469781707,D3:F4:55:AB:96:20,-52
BLE,1703391817605397376,DF:DF:EE:00:00:04,-51
BLE,1703391817666538890,D3:F4:55:AB:96:20,-72
BLE,1703391817673630143,DF:A6:DC:DC:2E:81,-72
BLE,1703391817673655017,DF:DF:EE:00:00:01,-72
BLE,1703391817855997989,D3:F4:55:AB:96:20,-66
BLE,1703391818050492449,D3:F4:55:AB:96:20,-72
BLE,1703391818243824212,D3:F4:55:AB:96:20,-72
BLE,1703391818437543722,D3:F4:55:AB:96:20,-66
BLE,1703391818634043825,D3:F4:55:AB:96:20,-71
BLE,1703391818679825264,DF:A6:DC:DC:2E:81,-75
BLE,1703391818679854138,DF:DF:EE:00:00:01,-75
BLE,1703391818826613889,D3:F4:55:AB:96:20,-71
BLE,1703391819136476206,DF:DF:EE:00:00:04,-50
BLE,1703391819211389272,D3:F4:55:AB:96:20,-62
BLE,1703391819599277953,D3:F4:55:AB:96:20,-72
BLE,1703391819606295831,DF:DF:EE:00:00:04,-51
BLE,1703391819787711439,D3:F4:55:AB:96:20,-69
BLE,1703391820170113348,D3:F4:55:AB:96:20,-68
BLE,1703391820561592947,D3:F4:55:AB:96:20,-72
BLE,1703391820598588610,DF:DF:EE:00:00:04,-50
BLE,1703391820686161866,DF:A6:DC:DC:2E:81,-72
BLE,1703391820686188324,DF:DF:EE:00:00:01,-72
BLE,1703391821139232515,DF:DF:EE:00:00:04,-50
BLE,1703391821531703769,D3:F4:55:AB:96:20,-72
BLE,1703391821601628725,DF:DF:EE:00:00:04,-55
BLE,1703391821692794357,DF:A6:DC:DC:2E:81,-75
BLE,1703391821692820440,DF:DF:EE:00:00:01,-75
BLE,1703391821726394642,D3:F4:55:AB:96:20,-68
BLE,1703391821916001199,D3:F4:55:AB:96:20,-73
BLE,1703391822299549720,D3:F4:55:AB:96:20,-72
BLE,1703391822683118783,D3:F4:55:AB:96:20,-72
BLE,1703391822691830643,DF:A6:DC:DC:2E:81,-72
BLE,1703391822691860559,DF:DF:EE:00:00:01,-72
BLE,1703391822873467373,D3:F4:55:AB:96:20,-69
BLE,1703391823068597116,D3:F4:55:AB:96:20,-72
BLE,1703391823142729275,DF:DF:EE:00:00:04,-50
BLE,1703391823262937577,D3:F4:55:AB:96:20,-70
BLE,1703391823454211864,D3:F4:55:AB:96:20,-68
BLE,1703391823599298592,DF:DF:EE:00:00:04,-52
BLE,1703391823646516390,D3:F4:55:AB:96:20,-72
BLE,1703391823701431808,DF:A6:DC:DC:2E:81,-73
BLE,1703391823701457475,DF:DF:EE:00:00:01,-73
BLE,1703391824032087222,D3:F4:55:AB:96:20,-72
BLE,1703391824146732171,DF:DF:EE:00:00:04,-55
BLE,1703391824227660044,D3:F4:55:AB:96:20,-71
BLE,1703391824603628526,DF:DF:EE:00:00:04,-50
BLE,1703391824605773419,D3:F4:55:AB:96:20,-66
BLE,1703391824708036549,DF:A6:DC:DC:2E:81,-75
BLE,1703391824708063008,DF:DF:EE:00:00:01,-75
BLE,1703391824999972028,D3:F4:55:AB:96:20,-72
BLE,1703391825187829562,D3:F4:55:AB:96:20,-66
BLE,1703391825385861439,D3:F4:55:AB:96:20,-72
BLE,1703391825603099390,DF:DF:EE:00:00:04,-52
BLE,1703391825716045358,DF:A6:DC:DC:2E:81,-71
BLE,1703391825716073608,DF:DF:EE:00:00:01,-71
BLE,1703391825963047388,D3:F4:55:AB:96:20,-71
BLE,1703391826339260243,D3:F4:55:AB:96:20,-68
BLE,1703391826534272696,D3:F4:55:AB:96:20,-72
BLE,1703391826599087877,DF:DF:EE:00:00:04,-55
BLE,1703391826725020864,DF:A6:DC:DC:2E:81,-71
BLE,1703391826725048406,DF:DF:EE:00:00:01,-71
BLE,1703391826727871124,D3:F4:55:AB:96:20,-70
BLE,1703391827110806319,D3:F4:55:AB:96:20,-70
BLE,1703391827494633837,D3:F4:55:AB:96:20,-70
BLE,1703391827604117636,DF:DF:EE:00:00:04,-53
BLE,1703391827880328918,D3:F4:55:AB:96:20,-72
BLE,1703391828070346636,D3:F4:55:AB:96:20,-68
BLE,1703391828143749678,DF:DF:EE:00:00:04,-53
BLE,1703391828458737394,D3:F4:55:AB:96:20,-70
BLE,1703391828604280201,DF:DF:EE:00:00:04,-55
BLE,1703391828654389257,D3:F4:55:AB:96:20,-68
BLE,1703391828734995050,DF:A6:DC:DC:2E:81,-60
BLE,1703391828735023883,DF:DF:EE:00:00:01,-60
BLE,1703391828846449410,D3:F4:55:AB:96:20,-72
BLE,1703391829034595775,D3:F4:55:AB:96:20,-68
BLE,1703391829142888587,DF:DF:EE:00:00:04,-55
BLE,1703391829232882274,D3:F4:55:AB:96:20,-72
BLE,1703391829419919401,D3:F4:55:AB:96:20,-68
BLE,1703391829600607517,DF:DF:EE:00:00:04,-35
BLE,1703391829612117845,D3:F4:55:AB:96:20,-56
BLE,1703391829799245637,D3:F4:55:AB:96:20,-68
BLE,1703391829997554011,D3:F4:55:AB:96:20,-72
BLE,1703391830136265145,DF:DF:EE:00:00:04,-50
BLE,1703391830183389235,D3:F4:55:AB:96:20,-68
BLE,1703391830378137442,D3:F4:55:AB:96:20,-72
BLE,1703391830567994787,D3:F4:55:AB:96:20,-68
BLE,1703391830604133543,DF:DF:EE:00:00:04,-55
BLE,1703391830956645167,D3:F4:55:AB:96:20,-71
BLE,1703391831137551280,DF:DF:EE:00:00:04,-52
BLE,1703391831346758864,D3:F4:55:AB:96:20,-71
BLE,1703391831539335095,D3:F4:55:AB:96:20,-70
BLE,1703391831603888529,DF:DF:EE:00:00:04,-50
BLE,1703391831746265580,DF:A6:DC:DC:2E:81,-71
BLE,1703391831746300704,DF:DF:EE:00:00:01,-71
BLE,1703391831925317547,D3:F4:55:AB:96:20,-70
BLE,1703391832144528267,DF:DF:EE:00:00:04,-35
BLE,1703391832304960530,D3:F4:55:AB:96:20,-56
BLE,1703391832500542060,D3:F4:55:AB:96:20,-67
BLE,1703391832607161350,DF:DF:EE:00:00:04,-40
BLE,1703391832884745866,D3:F4:55:AB:96:20,-68
BLE,1703391833139328893,DF:DF:EE:00:00:04,-54
BLE,1703391833279293637,D3:F4:55:AB:96:20,-56
BLE,1703391833474181967,D3:F4:55:AB:96:20,-71
BLE,1703391833666323161,D3:F4:55:AB:96:20,-72
BLE,1703391833756667261,DF:A6:DC:DC:2E:81,-60
BLE,1703391833756694594,DF:DF:EE:00:00:01,-60
BLE,1703391833861658652,D3:F4:55:AB:96:20,-59
BLE,1703391834055827407,D3:F4:55:AB:96:20,-68
BLE,1703391834141219271,DF:DF:EE:00:00:04,-50
BLE,1703391834246814114,D3:F4:55:AB:96:20,-72
BLE,1703391834435078935,D3:F4:55:AB:96:20,-68
BLE,1703391834625569607,D3:F4:55:AB:96:20,-71
BLE,1703391834821402467,D3:F4:55:AB:96:20,-69
BLE,1703391835015198101,D3:F4:55:AB:96:20,-71
BLE,1703391835135653150,DF:DF:EE:00:00:04,-51
BLE,1703391835202014730,D3:F4:55:AB:96:20,-68
BLE,1703391835391309998,D3:F4:55:AB:96:20,-73
BLE,1703391835585595793,D3:F4:55:AB:96:20,-69
BLE,1703391835761745544,DF:A6:DC:DC:2E:81,-72
BLE,1703391835761773127,DF:DF:EE:00:00:01,-72
BLE,1703391835969640684,D3:F4:55:AB:96:20,-68
BLE,1703391836355152309,D3:F4:55:AB:96:20,-70
BLE,1703391836606502456,DF:DF:EE:00:00:04,-53
BLE,1703391836741955085,D3:F4:55:AB:96:20,-71
BLE,1703391836770746216,DF:A6:DC:DC:2E:81,-76
BLE,1703391836770773508,DF:DF:EE:00:00:01,-76
BLE,1703391836935478055,D3:F4:55:AB:96:20,-67
BLE,1703391837124757907,D3:F4:55:AB:96:20,-70
BLE,1703391837139388740,DF:DF:EE:00:00:04,-51
BLE,1703391837315170287,D3:F4:55:AB:96:20,-68
BLE,1703391837509240834,D3:F4:55:AB:96:20,-72
BLE,1703391837701978355,D3:F4:55:AB:96:20,-67
BLE,1703391837774312950,DF:A6:DC:DC:2E:81,-57
BLE,1703391837774344908,DF:DF:EE:00:00:01,-57
BLE,1703391838088587467,D3:F4:55:AB:96:20,-56
BLE,1703391838278186856,D3:F4:55:AB:96:20,-57
BLE,1703391838464272911,D3:F4:55:AB:96:20,-69
BLE,1703391838660165062,D3:F4:55:AB:96:20,-56
BLE,1703391838780522946,DF:A6:DC:DC:2E:81,-73
BLE,1703391838780549821,DF:DF:EE:00:00:01,-73
BLE,1703391838848272344,D3:F4:55:AB:96:20,-52
BLE,1703391839039219260,D3:F4:55:AB:96:20,-72
BLE,1703391839226130013,D3:F4:55:AB:96:20,-68
BLE,1703391839425505834,D3:F4:55:AB:96:20,-71
BLE,1703391839599431735,DF:DF:EE:00:00:04,-53
BLE,1703391839614891059,D3:F4:55:AB:96:20,-68
BLE,1703391839785257250,DF:A6:DC:DC:2E:81,-61
BLE,1703391839785283709,DF:DF:EE:00:00:01,-61
BLE,1703391839811876157,D3:F4:55:AB:96:20,-52
BLE,1703391840006528989,D3:F4:55:AB:96:20,-72
BLE,1703391840195305805,D3:F4:55:AB:96:20,-68
BLE,1703391840389040731,D3:F4:55:AB:96:20,-72
BLE,1703391840581998165,D3:F4:55:AB:96:20,-68
BLE,1703391840778960680,D3:F4:55:AB:96:20,-63
BLE,1703391840783497003,DF:A6:DC:DC:2E:81,-72
BLE,1703391840783522420,DF:DF:EE:00:00:01,-72
BLE,1703391840978004546,D3:F4:55:AB:96:20,-71
BLE,1703391841143354336,DF:DF:EE:00:00:04,-50
BLE,1703391841173134289,D3:F4:55:AB:96:20,-70
BLE,1703391841364460743,D3:F4:55:AB:96:20,-68
BLE,1703391841561007428,D3:F4:55:AB:96:20,-72
BLE,1703391841756469335,D3:F4:55:AB:96:20,-70
BLE,1703391842134640542,DF:DF:EE:00:00:04,-50
BLE,1703391842141574880,D3:F4:55:AB:96:20,-71
BLE,1703391842516982619,D3:F4:55:AB:96:20,-69
BLE,1703391842796855109,DF:A6:DC:DC:2E:81,-75
BLE,1703391842796888651,DF:DF:EE:00:00:01,-75
BLE,1703391843137638325,DF:DF:EE:00:00:04,-55
BLE,1703391843283979414,D3:F4:55:AB:96:20,-72
BLE,1703391843599499791,DF:DF:EE:00:00:04,-53
BLE,1703391843669898200,D3:F4:55:AB:96:20,-71
BLE,1703391843798676238,DF:A6:DC:DC:2E:81,-72
BLE,1703391843798705446,DF:DF:EE:00:00:01,-72
BLE,1703391843864911403,D3:F4:55:AB:96:20,-68
BLE,1703391844139340622,DF:DF:EE:00:00:04,-53
BLE,1703391844601524126,DF:DF:EE:00:00:04,-55
BLE,1703391844802850132,DF:A6:DC:DC:2E:81,-76
BLE,1703391844802878298,DF:DF:EE:00:00:01,-76
BLE,1703391844810578628,D3:F4:55:AB:96:20,-68
BLE,1703391845001583710,D3:F4:55:AB:96:20,-72
BLE,1703391845140831963,DF:DF:EE:00:00:04,-54
BLE,1703391845191604803,D3:F4:55:AB:96:20,-68
BLE,1703391845384510822,D3:F4:55:AB:96:20,-72
BLE,1703391845579905812,D3:F4:55:AB:96:20,-70
BLE,1703391845603267880,DF:DF:EE:00:00:04,-53
BLE,1703391845769675950,D3:F4:55:AB:96:20,-72
BLE,1703391845805866456,DF:A6:DC:DC:2E:81,-71
BLE,1703391845805894914,DF:DF:EE:00:00:01,-71
BLE,1703391845963123879,D3:F4:55:AB:96:20,-71
BLE,1703391846144104450,DF:DF:EE:00:00:04,-53
BLE,1703391846157287759,D3:F4:55:AB:96:20,-68
BLE,1703391846348612462,D3:F4:55:AB:96:20,-70
BLE,1703391846541204234,D3:F4:55:AB:96:20,-68
BLE,1703391846602052044,DF:DF:EE:00:00:04,-55
BLE,1703391846739402485,D3:F4:55:AB:96:20,-57
BLE,1703391846811752372,DF:A6:DC:DC:2E:81,-58
BLE,1703391846811779080,DF:DF:EE:00:00:01,-58
BLE,1703391846932020049,D3:F4:55:AB:96:20,-70
BLE,1703391847124048161,D3:F4:55:AB:96:20,-68
BLE,1703391847136537394,DF:DF:EE:00:00:04,-53
BLE,1703391847316922513,D3:F4:55:AB:96:20,-71
BLE,1703391847507150271,D3:F4:55:AB:96:20,-53
BLE,1703391847602054735,DF:DF:EE:00:00:04,-35
BLE,1703391847702271723,D3:F4:55:AB:96:20,-72
BLE,1703391847895139325,D3:F4:55:AB:96:20,-68
BLE,1703391847896532184,D3:F4:55:AB:96:20,-72
BLE,1703391848089299788,D3:F4:55:AB:96:20,-72
BLE,1703391848144934990,DF:DF:EE:00:00:04,-53
BLE,1703391848276873742,D3:F4:55:AB:96:20,-68
BLE,1703391848466998251,D3:F4:55:AB:96:20,-71
BLE,1703391848596929693,DF:DF:EE:00:00:04,-53
BLE,1703391848659023655,D3:F4:55:AB:96:20,-67
BLE,1703391848830877704,DF:A6:DC:DC:2E:81,-75
BLE,1703391848830905829,DF:DF:EE:00:00:01,-75
BLE,1703391848850635188,D3:F4:55:AB:96:20,-72
BLE,1703391849046002012,D3:F4:55:AB:96:20,-71
BLE,1703391849142935870,DF:DF:EE:00:00:04,-55
BLE,1703391849239558565,D3:F4:55:AB:96:20,-68
BLE,1703391849438977969,D3:F4:55:AB:96:20,-72
BLE,1703391849604009845,DF:DF:EE:00:00:04,-51
BLE,1703391849630671376,D3:F4:55:AB:96:20,-71
BLE,1703391849820666720,D3:F4:55:AB:96:20,-72
BLE,1703391849832004341,DF:A6:DC:DC:2E:81,-71
BLE,1703391849832030757,DF:DF:EE:00:00:01,-71
BLE,1703391850008462213,D3:F4:55:AB:96:20,-68
BLE,1703391850140336425,DF:DF:EE:00:00:04,-50
BLE,1703391850199632835,D3:F4:55:AB:96:20,-56
BLE,1703391850386590754,D3:F4:55:AB:96:20,-68
BLE,1703391850578405619,D3:F4:55:AB:96:20,-71
BLE,1703391850599105384,DF:DF:EE:00:00:04,-53
BLE,1703391850837010100,DF:A6:DC:DC:2E:81,-72
BLE,1703391850837038308,DF:DF:EE:00:00:01,-72
BLE,1703391850964334614,D3:F4:55:AB:96:20,-72
BLE,1703391851141561602,DF:DF:EE:00:00:04,-52
BLE,1703391851159402816,D3:F4:55:AB:96:20,-70
BLE,1703391851352312960,D3:F4:55:AB:96:20,-72
BLE,1703391851602160541,DF:DF:EE:00:00:04,-51
BLE,1703391851734698536,D3:F4:55:AB:96:20,-72
BLE,1703391851921602040,D3:F4:55:AB:96:20,-68
BLE,1703391852142209578,DF:DF:EE:00:00:04,-51
BLE,1703391852309423971,D3:F4:55:AB:96:20,-70
BLE,1703391852595463683,DF:DF:EE:00:00:04,-51
BLE,1703391852899433649,D3:F4:55:AB:96:20,-72
BLE,1703391853090871893,D3:F4:55:AB:96:20,-66
BLE,1703391853282333345,D3:F4:55:AB:96:20,-72
BLE,1703391853472873932,D3:F4:55:AB:96:20,-67
BLE,1703391853849679197,DF:A6:DC:DC:2E:81,-76
BLE,1703391853849707030,DF:DF:EE:00:00:01,-76
BLE,1703391853856923615,D3:F4:55:AB:96:20,-66
BLE,1703391854051597780,D3:F4:55:AB:96:20,-57
BLE,1703391854243236063,D3:F4:55:AB:96:20,-71
BLE,1703391854434838389,D3:F4:55:AB:96:20,-72
BLE,1703391854596028809,DF:DF:EE:00:00:04,-51
BLE,1703391854632200648,D3:F4:55:AB:96:20,-71
BLE,1703391854819268109,D3:F4:55:AB:96:20,-68
BLE,1703391854853530928,DF:A6:DC:DC:2E:81,-72
BLE,1703391854853558303,DF:DF:EE:00:00:01,-72
BLE,1703391855140081842,DF:DF:EE:00:00:04,-51
BLE,1703391855141690116,DF:DF:EE:00:00:04,-53
BLE,1703391855398213579,D3:F4:55:AB:96:20,-56
BLE,1703391855600303535,DF:DF:EE:00:00:04,-56
BLE,1703391855971631362,D3:F4:55:AB:96:20,-68
BLE,1703391856142002053,DF:DF:EE:00:00:04,-55
BLE,1703391856163321853,D3:F4:55:AB:96:20,-72
BLE,1703391856358052726,D3:F4:55:AB:96:20,-56
BLE,1703391856548355483,D3:F4:55:AB:96:20,-72
BLE,1703391856602385994,DF:DF:EE:00:00:04,-50
BLE,1703391856735454192,D3:F4:55:AB:96:20,-68
BLE,1703391856864561644,DF:A6:DC:DC:2E:81,-75
BLE,1703391856864592227,DF:DF:EE:00:00:01,-75
BLE,1703391857129407679,D3:F4:55:AB:96:20,-72
BLE,1703391857137585420,DF:DF:EE:00:00:04,-50
BLE,1703391857517691647,D3:F4:55:AB:96:20,-71
BLE,1703391857602998762,DF:DF:EE:00:00:04,-55
BLE,1703391857707071081,D3:F4:55:AB:96:20,-70
BLE,1703391857865166661,DF:A6:DC:DC:2E:81,-71
BLE,1703391857865193411,DF:DF:EE:00:00:01,-71
BLE,1703391857902372531,D3:F4:55:AB:96:20,-68
BLE,1703391858096442745,D3:F4:55:AB:96:20,-67
BLE,1703391858138486142,DF:DF:EE:00:00:04,-53
BLE,1703391858485087750,D3:F4:55:AB:96:20,-72
BLE,1703391858604164732,DF:DF:EE:00:00:04,-50
BLE,1703391858671594133,D3:F4:55:AB:96:20,-65
BLE,1703391858871862235,DF:A6:DC:DC:2E:81,-72
BLE,1703391858871894776,DF:DF:EE:00:00:01,-72
BLE,1703391859058926320,D3:F4:55:AB:96:20,-70
BLE,1703391859139761028,DF:DF:EE:00:00:04,-50
BLE,1703391859436720324,D3:F4:55:AB:96:20,-68
BLE,1703391859598535362,DF:DF:EE:00:00:04,-52
BLE,1703391859632381311,D3:F4:55:AB:96:20,-71
BLE,1703391859826684147,D3:F4:55:AB:96:20,-73
BLE,1703391859879013845,DF:A6:DC:DC:2E:81,-76
BLE,1703391859879060011,DF:DF:EE:00:00:01,-76
BLE,1703391860022949503,D3:F4:55:AB:96:20,-52
BLE,1703391860139223892,DF:DF:EE:00:00:04,-52
BLE,1703391860219821518,D3:F4:55:AB:96:20,-68
BLE,1703391860409211702,D3:F4:55:AB:96:20,-70
BLE,1703391860604209114,DF:DF:EE:00:00:04,-51
BLE,1703391860993047575,D3:F4:55:AB:96:20,-71
BLE,1703391861143579867,DF:DF:EE:00:00:04,-50
BLE,1703391861182378385,D3:F4:55:AB:96:20,-71
BLE,1703391861368753686,D3:F4:55:AB:96:20,-68
BLE,1703391861562373822,D3:F4:55:AB:96:20,-72
BLE,1703391861603736019,DF:DF:EE:00:00:04,-52
BLE,1703391861748990453,D3:F4:55:AB:96:20,-53
BLE,1703391861887368383,DF:A6:DC:DC:2E:81,-71
BLE,1703391861887395882,DF:DF:EE:00:00:01,-71
BLE,1703391861939759496,D3:F4:55:AB:96:20,-70
BLE,1703391862132665724,D3:F4:55:AB:96:20,-68
BLE,1703391862137380003,DF:DF:EE:00:00:04,-50
BLE,1703391862331039514,D3:F4:55:AB:96:20,-72
BLE,1703391862523630369,D3:F4:55:AB:96:20,-72
BLE,1703391862596889954,DF:DF:EE:00:00:04,-54
BLE,1703391862913625734,D3:F4:55:AB:96:20,-72
BLE,1703391863496529951,D3:F4:55:AB:96:20,-71
BLE,1703391863602001296,DF:DF:EE:00:00:04,-53
BLE,1703391863688141652,D3:F4:55:AB:96:20,-52
BLE,1703391864074658556,D3:F4:55:AB:96:20,-70
BLE,1703391864137582009,DF:DF:EE:00:00:04,-51
BLE,1703391864266914582,D3:F4:55:AB:96:20,-71
BLE,1703391864460623509,D3:F4:55:AB:96:20,-70
BLE,1703391864654348935,D3:F4:55:AB:96:20,-68
BLE,1703391864849038767,D3:F4:55:AB:96:20,-72
BLE,1703391864903930477,DF:A6:DC:DC:2E:81,-72
BLE,1703391864903956810,DF:DF:EE:00:00:01,-72
BLE,1703391865144852117,DF:DF:EE:00:00:04,-56
BLE,1703391865226025071,D3:F4:55:AB:96:20,-71
BLE,1703391865609283221,D3:F4:55:AB:96:20,-71
BLE,1703391865989754611,D3:F4:55:AB:96:20,-71
BLE,1703391866136868483,DF:DF:EE:00:00:04,-51
BLE,1703391866378499782,D3:F4:55:AB:96:20,-72
BLE,1703391866570011525,D3:F4:55:AB:96:20,-52
BLE,1703391866604415509,DF:DF:EE:00:00:04,-55
BLE,1703391866918679734,DF:A6:DC:DC:2E:81,-76
BLE,1703391866918713067,DF:DF:EE:00:00:01,-76
BLE,1703391866957718041,D3:F4:55:AB:96:20,-71
BLE,1703391867136186640,DF:DF:EE:00:00:04,-53
BLE,1703391867341219646,D3:F4:55:AB:96:20,-70
BLE,1703391867603355587,DF:DF:EE:00:00:04,-51
BLE,1703391867716498387,D3:F4:55:AB:96:20,-67
BLE,1703391867910634016,D3:F4:55:AB:96:20,-72
BLE,1703391867919360251,DF:A6:DC:DC:2E:81,-72
BLE,1703391867919384750,DF:DF:EE:00:00:01,-72
BLE,1703391868137521733,DF:DF:EE:00:00:04,-55
BLE,1703391868293673460,D3:F4:55:AB:96:20,-72
BLE,1703391868487430219,D3:F4:55:AB:96:20,-71
BLE,1703391868595337078,DF:DF:EE:00:00:04,-51
BLE,1703391868679704370,D3:F4:55:AB:96:20,-68
BLE,1703391868926899940,DF:A6:DC:DC:2E:81,-72
BLE,1703391868926933773,DF:DF:EE:00:00:01,-72
BLE,1703391869066947017,D3:F4:55:AB:96:20,-68
BLE,1703391869133617927,DF:DF:EE:00:00:04,-50
BLE,1703391869264497358,D3:F4:55:AB:96:20,-53
BLE,1703391869463720722,D3:F4:55:AB:96:20,-71
BLE,1703391869846264921,D3:F4:55:AB:96:20,-72
BLE,1703391869936171234,DF:A6:DC:DC:2E:81,-75
BLE,1703391869936196775,DF:DF:EE:00:00:01,-75
BLE,1703391870032433683,D3:F4:55:AB:96:20,-68
BLE,1703391870226954600,D3:F4:55:AB:96:20,-56
BLE,1703391870413463608,D3:F4:55:AB:96:20,-68
BLE,1703391870604389566,DF:DF:EE:00:00:04,-53
BLE,1703391870802252195,D3:F4:55:AB:96:20,-70
BLE,1703391870941629822,DF:A6:DC:DC:2E:81,-71
BLE,1703391870941657155,DF:DF:EE:00:00:01,-71
BLE,1703391870991966709,D3:F4:55:AB:96:20,-72
BLE,1703391871140084194,DF:DF:EE:00:00:04,-52
BLE,1703391871181310143,D3:F4:55:AB:96:20,-52
BLE,1703391871567544342,D3:F4:55:AB:96:20,-72
BLE,1703391871757486978,D3:F4:55:AB:96:20,-71
BLE,1703391871946959869,D3:F4:55:AB:96:20,-68
BLE,1703391871949479382,DF:A6:DC:DC:2E:81,-71
BLE,1703391871949506965,DF:DF:EE:00:00:01,-71
BLE,1703391872326927931,D3:F4:55:AB:96:20,-67
BLE,1703391872523319077,D3:F4:55:AB:96:20,-72
BLE,1703391872603773289,DF:DF:EE:00:00:04,-53
BLE,1703391872910661889,D3:F4:55:AB:96:20,-68
BLE,1703391873604562138,DF:DF:EE:00:00:04,-56
BLE,1703391873866056462,D3:F4:55:AB:96:20,-71
BLE,1703391873957263135,DF:A6:DC:DC:2E:81,-72
BLE,1703391873957291801,DF:DF:EE:00:00:01,-72
BLE,1703391874055021400,D3:F4:55:AB:96:20,-72
BLE,1703391874140858759,DF:DF:EE:00:00:04,-56
BLE,1703391874243230014,D3:F4:55:AB:96:20,-68
BLE,1703391874597514826,DF:DF:EE:00:00:04,-51
BLE,1703391874624436270,D3:F4:55:AB:96:20,-68
BLE,1703391874961998647,DF:A6:DC:DC:2E:81,-72
BLE,1703391874962031980,DF:DF:EE:00:00:01,-72
BLE,1703391875402613938,D3:F4:55:AB:96:20,-72
BLE,1703391875595230043,D3:F4:55:AB:96:20,-70
BLE,1703391875785172304,D3:F4:55:AB:96:20,-71
BLE,1703391875967086406,DF:A6:DC:DC:2E:81,-75
BLE,1703391875967114864,DF:DF:EE:00:00:01,-75
BLE,1703391875974787693,D3:F4:55:AB:96:20,-68
BLE,1703391876143763775,DF:DF:EE:00:00:04,-39
BLE,1703391876169160362,D3:F4:55:AB:96:20,-57
BLE,1703391876365360968,D3:F4:55:AB:96:20,-70
BLE,1703391876559503265,D3:F4:55:AB:96:20,-67
BLE,1703391876599639143,DF:DF:EE:00:00:04,-50
BLE,1703391876976164702,DF:A6:DC:DC:2E:81,-75
BLE,1703391876976194077,DF:DF:EE:00:00:01,-75
BLE,1703391877140776001,D3:F4:55:AB:96:20,-67
BLE,1703391877329863979,D3:F4:55:AB:96:20,-70
BLE,1703391877526033086,D3:F4:55:AB:96:20,-68
BLE,1703391877595145260,DF:DF:EE:00:00:04,-50
BLE,1703391877978214745,DF:A6:DC:DC:2E:81,-58
BLE,1703391877978263786,DF:DF:EE:00:00:01,-58
BLE,1703391877979622063,DF:A6:DC:DC:2E:81,-57
BLE,1703391877979648854,DF:DF:EE:00:00:01,-57
BLE,1703391878108675473,D3:F4:55:AB:96:20,-68
BLE,1703391878141325894,DF:DF:EE:00:00:04,-53
BLE,1703391878299847595,D3:F4:55:AB:96:20,-71
BLE,1703391878491344754,D3:F4:55:AB:96:20,-68
BLE,1703391878885773194,D3:F4:55:AB:96:20,-70
BLE,1703391879077881305,D3:F4:55:AB:96:20,-68
BLE,1703391879274913361,D3:F4:55:AB:96:20,-72
BLE,1703391879469578526,D3:F4:55:AB:96:20,-71
BLE,1703391879852722594,D3:F4:55:AB:96:20,-71
BLE,1703391879992119803,DF:A6:DC:DC:2E:81,-75
BLE,1703391879992167720,DF:DF:EE:00:00:01,-75
BLE,1703391880239066084,D3:F4:55:AB:96:20,-56
BLE,1703391880424998182,D3:F4:55:AB:96:20,-68
BLE,1703391880595749202,DF:DF:EE:00:00:04,-51
BLE,1703391880622673688,D3:F4:55:AB:96:20,-72
BLE,1703391880808649619,D3:F4:55:AB:96:20,-68
BLE,1703391880998811752,DF:A6:DC:DC:2E:81,-72
BLE,1703391880998850460,DF:DF:EE:00:00:01,-72
BLE,1703391881002441628,D3:F4:55:AB:96:20,-72
BLE,1703391881140256438,DF:DF:EE:00:00:04,-55
BLE,1703391881194999859,D3:F4:55:AB:96:20,-68
BLE,1703391881585763715,D3:F4:55:AB:96:20,-62
BLE,1703391881604874290,DF:DF:EE:00:00:04,-54
BLE,1703391881972773864,D3:F4:55:AB:96:20,-72
BLE,1703391882002102781,DF:A6:DC:DC:2E:81,-72
BLE,1703391882002130739,DF:DF:EE:00:00:01,-72
BLE,1703391882138264444,DF:DF:EE:00:00:04,-51
BLE,1703391882159695492,D3:F4:55:AB:96:20,-68
BLE,1703391882552127080,D3:F4:55:AB:96:20,-71
BLE,1703391882595508921,DF:DF:EE:00:00:04,-52
BLE,1703391883130361433,D3:F4:55:AB:96:20,-68
BLE,1703391883142588128,DF:DF:EE:00:00:04,-55
BLE,1703391883512255932,D3:F4:55:AB:96:20,-68
BLE,1703391883899197873,D3:F4:55:AB:96:20,-70
BLE,1703391884011313559,DF:A6:DC:DC:2E:81,-71
BLE,1703391884011350975,DF:DF:EE:00:00:01,-71
BLE,1703391884090142623,D3:F4:55:AB:96:20,-72
BLE,1703391884140654883,DF:DF:EE:00:00:04,-50
BLE,1703391884281369952,D3:F4:55:AB:96:20,-71
BLE,1703391884475358875,D3:F4:55:AB:96:20,-66
BLE,1703391884595167932,DF:DF:EE:00:00:04,-53
BLE,1703391884670331829,D3:F4:55:AB:96:20,-72
BLE,1703391884863295597,D3:F4:55:AB:96:20,-68
BLE,1703391885143836288,DF:DF:EE:00:00:04,-55
BLE,1703391885245221054,D3:F4:55:AB:96:20,-68
BLE,1703391885438456735,D3:F4:55:AB:96:20,-72
BLE,1703391885603690152,DF:DF:EE:00:00:04,-51
BLE,1703391885631510794,D3:F4:55:AB:96:20,-72
BLE,1703391885825995503,D3:F4:55:AB:96:20,-68
BLE,1703391886017854701,D3:F4:55:AB:96:20,-71
BLE,1703391886023463762,DF:A6:DC:DC:2E:81,-75
BLE,1703391886023490845,DF:DF:EE:00:00:01,-75
BLE,1703391886136316231,DF:DF:EE:00:00:04,-39
BLE,1703391886211366254,D3:F4:55:AB:96:20,-68
BLE,1703391886407880024,D3:F4:55:AB:96:20,-72
BLE,1703391886598463944,DF:DF:EE:00:00:04,-52
BLE,1703391886601683824,D3:F4:55:AB:96:20,-71
BLE,1703391886793751561,D3:F4:55:AB:96:20,-68
BLE,1703391886993382045,D3:F4:55:AB:96:20,-72
BLE,1703391887030212085,DF:A6:DC:DC:2E:81,-71
BLE,1703391887030241751,DF:DF:EE:00:00:01,-71
BLE,1703391887137305911,DF:DF:EE:00:00:04,-52
BLE,1703391887188374706,D3:F4:55:AB:96:20,-71
BLE,1703391887568176812,D3:F4:55:AB:96:20,-70
BLE,1703391887599668205,DF:DF:EE:00:00:04,-55
BLE,1703391887760075801,D3:F4:55:AB:96:20,-68
BLE,1703391887959641994,D3:F4:55:AB:96:20,-72
BLE,1703391888032892079,DF:A6:DC:DC:2E:81,-72
BLE,1703391888032920079,DF:DF:EE:00:00:01,-72
BLE,1703391888137884262,DF:DF:EE:00:00:04,-56
BLE,1703391888151337276,D3:F4:55:AB:96:20,-72
BLE,1703391888535118879,D3:F4:55:AB:96:20,-71
BLE,1703391888597322423,DF:DF:EE:00:00:04,-50
BLE,1703391888912253348,D3:F4:55:AB:96:20,-52
BLE,1703391889038900619,DF:A6:DC:DC:2E:81,-60
BLE,1703391889038930577,DF:DF:EE:00:00:01,-60
BLE,1703391889103870340,D3:F4:55:AB:96:20,-56
BLE,1703391889142175030,DF:DF:EE:00:00:04,-52
BLE,1703391889481534512,D3:F4:55:AB:96:20,-56
BLE,1703391889598715723,DF:DF:EE:00:00:04,-55
BLE,1703391889674102242,D3:F4:55:AB:96:20,-68
BLE,1703391889866982595,D3:F4:55:AB:96:20,-73
BLE,1703391890036856583,DF:A6:DC:DC:2E:81,-72
BLE,1703391890036910249,DF:DF:EE:00:00:01,-72
BLE,1703391890252700008,D3:F4:55:AB:96:20,-72
BLE,1703391890448619993,D3:F4:55:AB:96:20,-56
BLE,1703391890596537772,DF:DF:EE:00:00:04,-50
BLE,1703391890640712146,D3:F4:55:AB:96:20,-66
BLE,1703391890838160030,D3:F4:55:AB:96:20,-72
BLE,1703391891032878070,D3:F4:55:AB:96:20,-70
BLE,1703391891134848871,DF:DF:EE:00:00:04,-50
BLE,1703391891221656344,D3:F4:55:AB:96:20,-71
BLE,1703391891409665335,D3:F4:55:AB:96:20,-68
BLE,1703391891597125332,DF:DF:EE:00:00:04,-50
BLE,1703391891602773935,D3:F4:55:AB:96:20,-72
BLE,1703391891984094856,D3:F4:55:AB:96:20,-72
BLE,1703391892045300953,DF:A6:DC:DC:2E:81,-71
BLE,1703391892045328203,DF:DF:EE:00:00:01,-71
BLE,1703391892141632360,DF:DF:EE:00:00:04,-56
BLE,1703391892171539396,D3:F4:55:AB:96:20,-68
BLE,1703391892360411835,D3:F4:55:AB:96:20,-70
BLE,1703391892599113126,DF:DF:EE:00:00:04,-50
BLE,1703391892742793953,D3:F4:55:AB:96:20,-71
BLE,1703391893054911161,DF:A6:DC:DC:2E:81,-72
BLE,1703391893054939952,DF:DF:EE:00:00:01,-72
BLE,1703391893138930665,DF:DF:EE:00:00:04,-50
BLE,1703391893311837578,D3:F4:55:AB:96:20,-73
BLE,1703391893599034318,DF:DF:EE:00:00:04,-52
BLE,1703391893888921819,D3:F4:55:AB:96:20,-71
BLE,1703391894058465978,DF:A6:DC:DC:2E:81,-76
BLE,1703391894058497353,DF:DF:EE:00:00:01,-76
BLE,1703391894139515642,DF:DF:EE:00:00:04,-53
BLE,1703391894278939892,D3:F4:55:AB:96:20,-74
BLE,1703391894656641105,D3:F4:55:AB:96:20,-70
BLE,1703391894847844685,D3:F4:55:AB:96:20,-78
BLE,1703391895037014996,D3:F4:55:AB:96:20,-70
BLE,1703391895065172010,DF:A6:DC:DC:2E:81,-76
BLE,1703391895065200926,DF:DF:EE:00:00:01,-76
BLE,1703391895135806792,DF:DF:EE:00:00:04,-54
BLE,1703391895233589432,D3:F4:55:AB:96:20,-68
BLE,1703391895431092482,D3:F4:55:AB:96:20,-72
BLE,1703391895604873426,DF:DF:EE:00:00:04,-55
BLE,1703391895622655099,D3:F4:55:AB:96:20,-71
BLE,1703391896006111372,D3:F4:55:AB:96:20,-70
BLE,1703391896071214258,DF:A6:DC:DC:2E:81,-71
BLE,1703391896071245382,DF:DF:EE:00:00:01,-71
BLE,1703391896144871422,DF:DF:EE:00:00:04,-55
BLE,1703391896197631990,D3:F4:55:AB:96:20,-52
BLE,1703391896387382711,D3:F4:55:AB:96:20,-71
BLE,1703391896578213045,D3:F4:55:AB:96:20,-72
BLE,1703391896599220098,DF:DF:EE:00:00:04,-55
BLE,1703391896772918251,D3:F4:55:AB:96:20,-71
BLE,1703391896965376984,D3:F4:55:AB:96:20,-53
BLE,1703391897072981429,DF:A6:DC:DC:2E:81,-75
BLE,1703391897073012095,DF:DF:EE:00:00:01,-75
BLE,1703391897348791340,D3:F4:55:AB:96:20,-68
BLE,1703391897596850025,DF:DF:EE:00:00:04,-50
BLE,1703391897736872227,D3:F4:55:AB:96:20,-71
BLE,1703391897932402216,D3:F4:55:AB:96:20,-52
BLE,1703391898126976841,D3:F4:55:AB:96:20,-71
BLE,1703391898137335848,DF:DF:EE:00:00:04,-50
BLE,1703391898314843583,D3:F4:55:AB:96:20,-68
BLE,1703391898510831400,D3:F4:55:AB:96:20,-72
BLE,1703391898600386842,DF:DF:EE:00:00:04,-55
BLE,1703391898704409828,D3:F4:55:AB:96:20,-70
BLE,1703391898900472103,D3:F4:55:AB:96:20,-68
BLE,1703391899076122984,DF:A6:DC:DC:2E:81,-75
BLE,1703391899076153484,DF:DF:EE:00:00:01,-75
BLE,1703391899134066160,DF:DF:EE:00:00:04,-53
BLE,1703391899477442721,D3:F4:55:AB:96:20,-72
BLE,1703391899604090075,DF:DF:EE:00:00:04,-52
BLE,1703391899671566392,D3:F4:55:AB:96:20,-70
BLE,1703391900084617579,DF:A6:DC:DC:2E:81,-75
BLE,1703391900084665620,DF:DF:EE:00:00:01,-75
BLE,1703391900142896043,DF:DF:EE:00:00:04,-53
BLE,1703391900603657271,DF:DF:EE:00:00:04,-54
BLE,1703391900631276291,D3:F4:55:AB:96:20,-68
BLE,1703391900821772712,D3:F4:55:AB:96:20,-71
BLE,1703391901090297539,DF:A6:DC:DC:2E:81,-71
BLE,1703391901090366330,DF:DF:EE:00:00:01,-71
BLE,1703391901134348373,DF:DF:EE:00:00:04,-54
BLE,1703391901205438357,D3:F4:55:AB:96:20,-71
BLE,1703391901403165238,D3:F4:55:AB:96:20,-72
BLE,1703391901597981818,D3:F4:55:AB:96:20,-69
BLE,1703391901786659510,D3:F4:55:AB:96:20,-56
BLE,1703391902095068218,DF:A6:DC:DC:2E:81,-72
BLE,1703391902095125926,DF:DF:EE:00:00:01,-72
BLE,1703391902178730727,D3:F4:55:AB:96:20,-72
BLE,1703391902364992196,D3:F4:55:AB:96:20,-52
BLE,1703391902752929168,D3:F4:55:AB:96:20,-70
BLE,1703391902942941303,D3:F4:55:AB:96:20,-72
BLE,1703391903130095470,D3:F4:55:AB:96:20,-69
BLE,1703391903138765830,DF:DF:EE:00:00:04,-53
BLE,1703391903324720344,D3:F4:55:AB:96:20,-71
BLE,1703391903514174027,D3:F4:55:AB:96:20,-68
BLE,1703391904107618833,DF:A6:DC:DC:2E:81,-57
BLE,1703391904107656749,DF:DF:EE:00:00:01,-57
BLE,1703391904288225491,D3:F4:55:AB:96:20,-70
BLE,1703391904482403871,D3:F4:55:AB:96:20,-68
BLE,1703391904600510697,DF:DF:EE:00:00:04,-52
BLE,1703391904676877788,D3:F4:55:AB:96:20,-72
BLE,1703391904872181113,D3:F4:55:AB:96:20,-70
BLE,1703391905115582976,DF:A6:DC:DC:2E:81,-57
BLE,1703391905115626017,DF:DF:EE:00:00:01,-57
BLE,1703391905137470394,DF:DF:EE:00:00:04,-52
BLE,1703391905256246796,D3:F4:55:AB:96:20,-56
BLE,1703391905445943726,D3:F4:55:AB:96:20,-68
BLE,1703391905635496283,D3:F4:55:AB:96:20,-70
BLE,1703391906020045835,D3:F4:55:AB:96:20,-71
BLE,1703391906139740851,DF:DF:EE:00:00:04,-39
BLE,1703391906210097261,D3:F4:55:AB:96:20,-52
BLE,1703391906403024196,D3:F4:55:AB:96:20,-57
BLE,1703391906596577957,D3:F4:55:AB:96:20,-52
BLE,1703391906600562829,DF:DF:EE:00:00:04,-48
BLE,1703391906789002607,D3:F4:55:AB:96:20,-56
BLE,1703391906977559300,D3:F4:55:AB:96:20,-52
BLE,1703391907119393232,DF:A6:DC:DC:2E:81,-72
BLE,1703391907119430565,DF:DF:EE:00:00:01,-72
BLE,1703391907142537302,DF:DF:EE:00:00:04,-36
BLE,1703391907174341316,D3:F4:55:AB:96:20,-72
BLE,1703391907366064890,D3:F4:55:AB:96:20,-56
BLE,1703391907556198399,D3:F4:55:AB:96:20,-56
BLE,1703391907600517437,DF:DF:EE:00:00:04,-56
BLE,1703391907940217707,D3:F4:55:AB:96:20,-72
BLE,1703391908123058090,DF:A6:DC:DC:2E:81,-58
BLE,1703391908123105922,DF:DF:EE:00:00:01,-58
BLE,1703391908141931334,DF:DF:EE:00:00:04,-39
BLE,1703391908514681186,D3:F4:55:AB:96:20,-70
BLE,1703391908598271196,DF:DF:EE:00:00:04,-50
BLE,1703391908708735734,D3:F4:55:AB:96:20,-52
BLE,1703391908898887242,D3:F4:55:AB:96:20,-71
BLE,1703391909094272441,D3:F4:55:AB:96:20,-68
BLE,1703391909128484094,DF:A6:DC:DC:2E:81,-76
BLE,1703391909128510052,DF:DF:EE:00:00:01,-76
BLE,1703391909475717111,D3:F4:55:AB:96:20,-68
BLE,1703391909595608376,DF:DF:EE:00:00:04,-52
BLE,1703391909670479484,D3:F4:55:AB:96:20,-72
BLE,1703391909859964750,D3:F4:55:AB:96:20,-68
BLE,1703391910137454975,DF:A6:DC:DC:2E:81,-71
BLE,1703391910137500475,DF:DF:EE:00:00:01,-71
BLE,1703391910142692249,DF:DF:EE:00:00:04,-55
BLE,1703391910626295927,D3:F4:55:AB:96:20,-69
BLE,1703391911015643841,D3:F4:55:AB:96:20,-71
BLE,1703391911146529564,DF:A6:DC:DC:2E:81,-71
BLE,1703391911146563313,DF:DF:EE:00:00:01,-71
BLE,1703391911396108231,D3:F4:55:AB:96:20,-56
BLE,1703391911590592398,D3:F4:55:AB:96:20,-52
BLE,1703391911600980947,DF:DF:EE:00:00:04,-54
BLE,1703391911981926582,D3:F4:55:AB:96:20,-56
BLE,1703391912135756627,DF:DF:EE:00:00:04,-53
BLE,1703391912177473570,D3:F4:55:AB:96:20,-52
BLE,1703391912570664733,D3:F4:55:AB:96:20,-73
BLE,1703391912596695395,DF:DF:EE:00:00:04,-40
BLE,1703391912757595777,D3:F4:55:AB:96:20,-52
BLE,1703391912953157724,D3:F4:55:AB:96:20,-72
BLE,1703391913137759129,DF:DF:EE:00:00:04,-39
BLE,1703391913148886253,D3:F4:55:AB:96:20,-71
BLE,1703391913157384448,DF:A6:DC:DC:2E:81,-76
BLE,1703391913157410073,DF:DF:EE:00:00:01,-76
BLE,1703391913340213415,D3:F4:55:AB:96:20,-57
BLE,1703391913726735486,D3:F4:55:AB:96:20,-67
BLE,1703391913921443692,D3:F4:55:AB:96:20,-72
BLE,1703391914112635647,D3:F4:55:AB:96:20,-66
BLE,1703391914155709658,DF:A6:DC:DC:2E:81,-72
BLE,1703391914155739325,DF:DF:EE:00:00:01,-72
BLE,1703391914303654104,D3:F4:55:AB:96:20,-56
BLE,1703391914494006610,D3:F4:55:AB:96:20,-68
BLE,1703391914596934525,DF:DF:EE:00:00:04,-54
BLE,1703391914690217591,D3:F4:55:AB:96:20,-72
BLE,1703391914878563204,D3:F4:55:AB:96:20,-69
BLE,1703391915075569259,D3:F4:55:AB:96:20,-68
BLE,1703391915141051558,DF:DF:EE:00:00:04,-55
BLE,1703391915264883652,D3:F4:55:AB:96:20,-70
BLE,1703391915603391018,DF:DF:EE:00:00:04,-53
BLE,1703391915650726856,D3:F4:55:AB:96:20,-71
BLE,1703391915844512198,D3:F4:55:AB:96:20,-66
BLE,1703391916137066961,DF:DF:EE:00:00:04,-34
BLE,1703391916166405711,DF:A6:DC:DC:2E:81,-57
BLE,1703391916166432586,DF:DF:EE:00:00:01,-57
BLE,1703391916240153957,D3:F4:55:AB:96:20,-57
BLE,1703391916425591061,D3:F4:55:AB:96:20,-69
BLE,1703391916600224704,DF:DF:EE:00:00:04,-55
BLE,1703391916618099043,D3:F4:55:AB:96:20,-71
BLE,1703391916808451965,D3:F4:55:AB:96:20,-68
BLE,1703391916999070552,D3:F4:55:AB:96:20,-71
BLE,1703391917134047186,DF:DF:EE:00:00:04,-52
BLE,1703391917193703051,D3:F4:55:AB:96:20,-68
BLE,1703391917385233085,D3:F4:55:AB:96:20,-72
BLE,1703391917581586482,D3:F4:55:AB:96:20,-70
BLE,1703391917598415207,DF:DF:EE:00:00:04,-50
BLE,1703391917775201117,D3:F4:55:AB:96:20,-68
BLE,1703391917964182889,D3:F4:55:AB:96:20,-71
BLE,1703391918160348329,D3:F4:55:AB:96:20,-68
BLE,1703391918176510187,DF:A6:DC:DC:2E:81,-75
BLE,1703391918176538479,DF:DF:EE:00:00:01,-75
BLE,1703391918349089104,D3:F4:55:AB:96:20,-72
BLE,1703391918538055375,D3:F4:55:AB:96:20,-72
BLE,1703391918594509235,DF:DF:EE:00:00:04,-52
BLE,1703391918730636773,D3:F4:55:AB:96:20,-70
BLE,1703391918925256189,D3:F4:55:AB:96:20,-68
BLE,1703391919123346399,D3:F4:55:AB:96:20,-72
BLE,1703391919141101239,DF:DF:EE:00:00:04,-55
BLE,1703391919183975961,DF:A6:DC:DC:2E:81,-72
BLE,1703391919184003377,DF:DF:EE:00:00:01,-72
BLE,1703391919309107165,D3:F4:55:AB:96:20,-68
BLE,1703391919693736050,D3:F4:55:AB:96:20,-68
BLE,1703391919695278032,D3:F4:55:AB:96:20,-72
BLE,1703391919886372863,D3:F4:55:AB:96:20,-72
BLE,1703391920072510625,D3:F4:55:AB:96:20,-68
BLE,1703391920139400074,DF:DF:EE:00:00:04,-50
BLE,1703391920186015254,DF:A6:DC:DC:2E:81,-72
BLE,1703391920186045253,DF:DF:EE:00:00:01,-72
BLE,1703391920269362516,D3:F4:55:AB:96:20,-71
BLE,1703391920455231823,D3:F4:55:AB:96:20,-52
BLE,1703391920600402467,DF:DF:EE:00:00:04,-52
BLE,1703391920649405619,D3:F4:55:AB:96:20,-72
BLE,1703391920835803712,D3:F4:55:AB:96:20,-68
BLE,1703391921031441949,D3:F4:55:AB:96:20,-72
BLE,1703391921137299790,DF:DF:EE:00:00:04,-52
BLE,1703391921220672218,D3:F4:55:AB:96:20,-68
BLE,1703391921417073614,D3:F4:55:AB:96:20,-71
BLE,1703391921612637478,D3:F4:55:AB:96:20,-57
BLE,1703391921802736320,D3:F4:55:AB:96:20,-68
BLE,1703391921995902461,D3:F4:55:AB:96:20,-71
BLE,1703391922186216717,D3:F4:55:AB:96:20,-68
BLE,1703391922202921111,DF:A6:DC:DC:2E:81,-75
BLE,1703391922202948652,DF:DF:EE:00:00:01,-75
BLE,1703391922377498588,D3:F4:55:AB:96:20,-71
BLE,1703391922595255616,DF:DF:EE:00:00:04,-51
BLE,1703391922760641531,D3:F4:55:AB:96:20,-71
BLE,1703391922953066930,D3:F4:55:AB:96:20,-52
BLE,1703391923139814894,DF:DF:EE:00:00:04,-52
BLE,1703391923148966831,D3:F4:55:AB:96:20,-72
BLE,1703391923202434808,DF:A6:DC:DC:2E:81,-58
BLE,1703391923202463974,DF:DF:EE:00:00:01,-58
BLE,1703391923529091475,D3:F4:55:AB:96:20,-72
BLE,1703391923720630551,D3:F4:55:AB:96:20,-52
BLE,1703391924109725010,D3:F4:55:AB:96:20,-56
BLE,1703391924135913671,DF:DF:EE:00:00:04,-56
BLE,1703391924490000568,D3:F4:55:AB:96:20,-56
BLE,1703391924603225325,DF:DF:EE:00:00:04,-66
BLE,1703391924683074710,D3:F4:55:AB:96:20,-52
BLE,1703391925209513652,DF:A6:DC:DC:2E:81,-71
BLE,1703391925209556443,DF:DF:EE:00:00:01,-71
BLE,1703391925256835906,D3:F4:55:AB:96:20,-71
BLE,1703391925452798849,D3:F4:55:AB:96:20,-68
BLE,1703391925600307133,DF:DF:EE:00:00:04,-56
BLE,1703391925649008497,D3:F4:55:AB:96:20,-71
BLE,1703391925845361643,D3:F4:55:AB:96:20,-56
BLE,1703391926033430758,D3:F4:55:AB:96:20,-68
BLE,1703391926142880391,DF:DF:EE:00:00:04,-55
BLE,1703391926212885055,DF:A6:DC:DC:2E:81,-72
BLE,1703391926212916179,DF:DF:EE:00:00:01,-72
BLE,1703391926232942702,D3:F4:55:AB:96:20,-72
BLE,1703391926421604352,D3:F4:55:AB:96:20,-68
BLE,1703391926595956832,DF:DF:EE:00:00:04,-50
BLE,1703391926614522663,D3:F4:55:AB:96:20,-72
BLE,1703391926800639633,D3:F4:55:AB:96:20,-68
BLE,1703391926995701169,D3:F4:55:AB:96:20,-71
BLE,1703391927182617090,D3:F4:55:AB:96:20,-68
BLE,1703391927222484095,DF:A6:DC:DC:2E:81,-75
BLE,1703391927222510512,DF:DF:EE:00:00:01,-75
BLE,1703391927566629772,D3:F4:55:AB:96:20,-68
BLE,1703391927603625853,DF:DF:EE:00:00:04,-56
BLE,1703391927756328453,D3:F4:55:AB:96:20,-70
BLE,1703391927948578187,D3:F4:55:AB:96:20,-52
BLE,1703391928140836380,DF:DF:EE:00:00:04,-55
BLE,1703391928146271652,D3:F4:55:AB:96:20,-72
BLE,1703391928340441573,D3:F4:55:AB:96:20,-71
BLE,1703391928599752588,DF:DF:EE:00:00:04,-51
BLE,1703391928725516369,D3:F4:55:AB:96:20,-72
BLE,1703391928915453588,D3:F4:55:AB:96:20,-68
BLE,1703391929105486389,D3:F4:55:AB:96:20,-71
BLE,1703391929137994645,DF:DF:EE:00:00:04,-50
BLE,1703391929228669658,DF:A6:DC:DC:2E:81,-72
BLE,1703391929228698116,DF:DF:EE:00:00:01,-72
BLE,1703391929299639644,D3:F4:55:AB:96:20,-68
BLE,1703391929488262128,D3:F4:55:AB:96:20,-71
BLE,1703391929600475813,DF:DF:EE:00:00:04,-53
BLE,1703391929685838885,D3:F4:55:AB:96:20,-72
BLE,1703391929880908255,D3:F4:55:AB:96:20,-69
BLE,1703391930075595086,D3:F4:55:AB:96:20,-72
BLE,1703391930140694139,DF:DF:EE:00:00:04,-53
BLE,1703391930231203779,DF:A6:DC:DC:2E:81,-71
BLE,1703391930231236986,DF:DF:EE:00:00:01,-71
BLE,1703391930270982202,D3:F4:55:AB:96:20,-70
BLE,1703391930465970739,D3:F4:55:AB:96:20,-68
BLE,1703391930596401425,DF:DF:EE:00:00:04,-56
BLE,1703391930663175292,D3:F4:55:AB:96:20,-71
BLE,1703391930852360853,D3:F4:55:AB:96:20,-68
BLE,1703391931045375912,D3:F4:55:AB:96:20,-72
BLE,1703391931138354149,DF:DF:EE:00:00:04,-55
BLE,1703391931428062069,D3:F4:55:AB:96:20,-72
BLE,1703391931595912080,DF:DF:EE:00:00:04,-34
BLE,1703391931618427825,D3:F4:55:AB:96:20,-68
BLE,1703391932006727167,D3:F4:55:AB:96:20,-71
BLE,1703391932135316416,DF:DF:EE:00:00:04,-51
BLE,1703391932240389182,DF:A6:DC:DC:2E:81,-60
BLE,1703391932240419931,DF:DF:EE:00:00:01,-60
BLE,1703391932396063207,D3:F4:55:AB:96:20,-72
BLE,1703391932591943233,D3:F4:55:AB:96:20,-71
BLE,1703391932599325774,DF:DF:EE:00:00:04,-55
BLE,1703391932782991273,D3:F4:55:AB:96:20,-67
BLE,1703391932982271303,D3:F4:55:AB:96:20,-71
BLE,1703391933136085682,DF:DF:EE:00:00:04,-56
BLE,1703391933169192140,D3:F4:55:AB:96:20,-68
BLE,1703391933242970135,DF:A6:DC:DC:2E:81,-72
BLE,1703391933242998343,DF:DF:EE:00:00:01,-72
BLE,1703391933363281478,D3:F4:55:AB:96:20,-72
BLE,1703391933555508755,D3:F4:55:AB:96:20,-70
BLE,1703391933593491782,DF:DF:EE:00:00:04,-51
BLE,1703391933930448916,D3:F4:55:AB:96:20,-68
BLE,1703391934121773119,D3:F4:55:AB:96:20,-71
BLE,1703391934142116221,DF:DF:EE:00:00:04,-54
BLE,1703391934247995645,DF:A6:DC:DC:2E:81,-73
BLE,1703391934248025644,DF:DF:EE:00:00:01,-73
BLE,1703391934314004395,D3:F4:55:AB:96:20,-69
BLE,1703391934503037500,D3:F4:55:AB:96:20,-70
BLE,1703391934598015797,DF:DF:EE:00:00:04,-55
BLE,1703391934697533167,D3:F4:55:AB:96:20,-68
BLE,1703391934895987956,D3:F4:55:AB:96:20,-72
BLE,1703391935081855638,D3:F4:55:AB:96:20,-69
BLE,1703391935139857272,DF:DF:EE:00:00:04,-56
BLE,1703391935250817846,DF:A6:DC:DC:2E:81,-60
BLE,1703391935250849679,DF:DF:EE:00:00:01,-60
BLE,1703391935476017623,D3:F4:55:AB:96:20,-57
BLE,1703391935601736821,DF:DF:EE:00:00:04,-50
BLE,1703391935663620618,D3:F4:55:AB:96:20,-68
BLE,1703391935856101725,D3:F4:55:AB:96:20,-71
BLE,1703391936053121781,D3:F4:55:AB:96:20,-70
BLE,1703391936140468331,DF:DF:EE:00:00:04,-51
BLE,1703391936253375050,DF:A6:DC:DC:2E:81,-72
BLE,1703391936253402133,DF:DF:EE:00:00:01,-72
BLE,1703391936436426972,D3:F4:55:AB:96:20,-70
BLE,1703391936597343270,DF:DF:EE:00:00:04,-52
BLE,1703391936819241793,D3:F4:55:AB:96:20,-70
BLE,1703391937014030416,D3:F4:55:AB:96:20,-68
BLE,1703391937135877866,DF:DF:EE:00:00:04,-52
BLE,1703391937211775463,D3:F4:55:AB:96:20,-72
BLE,1703391937262481179,DF:A6:DC:DC:2E:81,-72
BLE,1703391937262508137,DF:DF:EE:00:00:01,-72
BLE,1703391937400523529,D3:F4:55:AB:96:20,-68
BLE,1703391937594810865,D3:F4:55:AB:96:20,-71
BLE,1703391937601472331,DF:DF:EE:00:00:04,-51
BLE,1703391937785548659,D3:F4:55:AB:96:20,-71
BLE,1703391937978772591,D3:F4:55:AB:96:20,-72
BLE,1703391938175984102,D3:F4:55:AB:96:20,-72
BLE,1703391938269556915,DF:A6:DC:DC:2E:81,-76
BLE,1703391938269588665,DF:DF:EE:00:00:01,-76
BLE,1703391938371182720,D3:F4:55:AB:96:20,-70
BLE,1703391938593759735,DF:DF:EE:00:00:04,-51
BLE,1703391938755679022,D3:F4:55:AB:96:20,-56
BLE,1703391939131785295,DF:DF:EE:00:00:04,-51
BLE,1703391939137280899,D3:F4:55:AB:96:20,-70
BLE,1703391939270801176,DF:A6:DC:DC:2E:81,-57
BLE,1703391939270832717,DF:DF:EE:00:00:01,-57
BLE,1703391939327801487,D3:F4:55:AB:96:20,-72
BLE,1703391939518534989,D3:F4:55:AB:96:20,-70
BLE,1703391939906797873,D3:F4:55:AB:96:20,-62
BLE,1703391940272263017,DF:A6:DC:DC:2E:81,-76
BLE,1703391940272306850,DF:DF:EE:00:00:01,-76
BLE,1703391940283545514,D3:F4:55:AB:96:20,-70
BLE,1703391940472529244,D3:F4:55:AB:96:20,-56
BLE,1703391940594067031,DF:DF:EE:00:00:04,-57
BLE,1703391940662765751,D3:F4:55:AB:96:20,-52
BLE,1703391940855915892,D3:F4:55:AB:96:20,-80
BLE,1703391941048086669,D3:F4:55:AB:96:20,-70
BLE,1703391941132199298,DF:DF:EE:00:00:04,-51
BLE,1703391941237574644,D3:F4:55:AB:96:20,-56
BLE,1703391941271518133,DF:A6:DC:DC:2E:81,-71
BLE,1703391941271544050,DF:DF:EE:00:00:01,-71
BLE,1703391941425347679,D3:F4:55:AB:96:20,-66
BLE,1703391941811791918,D3:F4:55:AB:96:20,-68
BLE,1703391942141168762,DF:DF:EE:00:00:04,-56
BLE,1703391942189661629,D3:F4:55:AB:96:20,-68
BLE,1703391942381602950,D3:F4:55:AB:96:20,-71
BLE,1703391942383143266,D3:F4:55:AB:96:20,-72
BLE,1703391942578400841,D3:F4:55:AB:96:20,-70
BLE,1703391942598739652,DF:DF:EE:00:00:04,-51
BLE,1703391942768257228,D3:F4:55:AB:96:20,-71
BLE,1703391942961370453,D3:F4:55:AB:96:20,-70
BLE,1703391943133717872,DF:DF:EE:00:00:04,-51
BLE,1703391943344624603,D3:F4:55:AB:96:20,-72
BLE,1703391943598652511,DF:DF:EE:00:00:04,-56
BLE,1703391943724457500,D3:F4:55:AB:96:20,-52
BLE,1703391943725786443,D3:F4:55:AB:96:20,-56
BLE,1703391944113214629,D3:F4:55:AB:96:20,-57
BLE,1703391944305078451,D3:F4:55:AB:96:20,-68
BLE,1703391944502435586,D3:F4:55:AB:96:20,-72
BLE,1703391944545650221,DF:A6:DC:DC:2E:81,-75
BLE,1703391944545678054,DF:DF:EE:00:00:01,-75
BLE,1703391944596041815,DF:DF:EE:00:00:04,-50
BLE,1703391944689456422,D3:F4:55:AB:96:20,-68
BLE,1703391944884446042,D3:F4:55:AB:96:20,-72
BLE,1703391945077526767,D3:F4:55:AB:96:20,-70
BLE,1703391945135797106,DF:DF:EE:00:00:04,-51
BLE,1703391945462457315,D3:F4:55:AB:96:20,-71
BLE,1703391945544365426,DF:A6:DC:DC:2E:81,-73
BLE,1703391945544393218,DF:DF:EE:00:00:01,-73
BLE,1703391945601662859,DF:DF:EE:00:00:04,-56
BLE,1703391946137596901,DF:DF:EE:00:00:04,-53
BLE,1703391946228637868,D3:F4:55:AB:96:20,-71
BLE,1703391946547087962,DF:A6:DC:DC:2E:81,-75
BLE,1703391946547119545,DF:DF:EE:00:00:01,-75
BLE,1703391946613936786,D3:F4:55:AB:96:20,-72
BLE,1703391946801102037,D3:F4:55:AB:96:20,-68
BLE,1703391946991567084,D3:F4:55:AB:96:20,-71
BLE,1703391947139852900,DF:DF:EE:00:00:04,-50
BLE,1703391947372719591,D3:F4:55:AB:96:20,-70
BLE,1703391947569209652,D3:F4:55:AB:96:20,-68
BLE,1703391947592340390,DF:DF:EE:00:00:04,-50
BLE,1703391947763124659,D3:F4:55:AB:96:20,-72
BLE,1703391947956086678,D3:F4:55:AB:96:20,-70
BLE,1703391948139888175,DF:DF:EE:00:00:04,-53
BLE,1703391948348382225,D3:F4:55:AB:96:20,-72
BLE,1703391948541244244,D3:F4:55:AB:96:20,-70
BLE,1703391948548860824,DF:A6:DC:DC:2E:81,-75
BLE,1703391948548886741,DF:DF:EE:00:00:01,-75
BLE,1703391948594158227,DF:DF:EE:00:00:04,-56
BLE,1703391948730786468,D3:F4:55:AB:96:20,-71
BLE,1703391948921439595,D3:F4:55:AB:96:20,-66
BLE,1703391949118279653,D3:F4:55:AB:96:20,-67
BLE,1703391949134023516,DF:DF:EE:00:00:04,-54
BLE,1703391949317687348,D3:F4:55:AB:96:20,-72
BLE,1703391949503478864,D3:F4:55:AB:96:20,-68
BLE,1703391949547577780,DF:A6:DC:DC:2E:81,-72
BLE,1703391949547603613,DF:DF:EE:00:00:01,-72
BLE,1703391949592469896,DF:DF:EE:00:00:04,-50
BLE,1703391949888801074,D3:F4:55:AB:96:20,-53
BLE,1703391950080839394,D3:F4:55:AB:96:20,-72
BLE,1703391950135057945,DF:DF:EE:00:00:04,-51
BLE,1703391950275356186,D3:F4:55:AB:96:20,-70
BLE,1703391950468683034,D3:F4:55:AB:96:20,-68
BLE,1703391950546056364,DF:A6:DC:DC:2E:81,-72
BLE,1703391950546084363,DF:DF:EE:00:00:01,-72
BLE,1703391950593279619,DF:DF:EE:00:00:04,-52
BLE,1703391950658612378,D3:F4:55:AB:96:20,-58
BLE,1703391951041379242,D3:F4:55:AB:96:20,-70
BLE,1703391951137775397,DF:DF:EE:00:00:04,-56
BLE,1703391951233691017,D3:F4:55:AB:96:20,-68
BLE,1703391951426299706,D3:F4:55:AB:96:20,-71
BLE,1703391951597579220,DF:DF:EE:00:00:04,-51
BLE,1703391951620515835,D3:F4:55:AB:96:20,-68
BLE,1703391951817099145,D3:F4:55:AB:96:20,-71
BLE,1703391952134534250,DF:DF:EE:00:00:04,-50
BLE,1703391952200787915,D3:F4:55:AB:96:20,-69
BLE,1703391952390035642,D3:F4:55:AB:96:20,-70
BLE,1703391952549085212,DF:A6:DC:DC:2E:81,-71
BLE,1703391952549114087,DF:DF:EE:00:00:01,-71
BLE,1703391952585054637,D3:F4:55:AB:96:20,-68
BLE,1703391952596085387,DF:DF:EE:00:00:04,-52
BLE,1703391952780506502,D3:F4:55:AB:96:20,-72
BLE,1703391952971354002,D3:F4:55:AB:96:20,-69
BLE,1703391953136575169,DF:DF:EE:00:00:04,-52
BLE,1703391953138269191,DF:DF:EE:00:00:04,-56
BLE,1703391953161523719,D3:F4:55:AB:96:20,-71
BLE,1703391953353979159,D3:F4:55:AB:96:20,-68
BLE,1703391953547951583,DF:A6:DC:DC:2E:81,-76
BLE,1703391953547981624,DF:DF:EE:00:00:01,-76
BLE,1703391953741339221,D3:F4:55:AB:96:20,-70
BLE,1703391954117610825,D3:F4:55:AB:96:20,-68
BLE,1703391954136566568,DF:DF:EE:00:00:04,-51
BLE,1703391954508002061,D3:F4:55:AB:96:20,-71
BLE,1703391954598344994,DF:DF:EE:00:00:04,-52
BLE,1703391954888760197,D3:F4:55:AB:96:20,-70
BLE,1703391955137620831,DF:DF:EE:00:00:04,-53
BLE,1703391955265592420,D3:F4:55:AB:96:20,-53
BLE,1703391955460734705,D3:F4:55:AB:96:20,-72
BLE,1703391955548920413,DF:A6:DC:DC:2E:81,-75
BLE,1703391955548947412,DF:DF:EE:00:00:01,-75
BLE,1703391955600578076,DF:DF:EE:00:00:04,-51
BLE,1703391955646079976,D3:F4:55:AB:96:20,-68
BLE,1703391955843321571,D3:F4:55:AB:96:20,-71
BLE,1703391956233960804,D3:F4:55:AB:96:20,-68
BLE,1703391956548724023,DF:A6:DC:DC:2E:81,-72
BLE,1703391956548759397,DF:DF:EE:00:00:01,-72
BLE,1703391956597072474,DF:DF:EE:00:00:04,-52
BLE,1703391956616375047,D3:F4:55:AB:96:20,-68
BLE,1703391957005108926,D3:F4:55:AB:96:20,-72
BLE,1703391957387165256,D3:F4:55:AB:96:20,-70
BLE,1703391957543884727,DF:A6:DC:DC:2E:81,-71
BLE,1703391957543914394,DF:DF:EE:00:00:01,-71
BLE,1703391957595992261,DF:DF:EE:00:00:04,-55
BLE,1703391957770401031,D3:F4:55:AB:96:20,-70
BLE,1703391957963481340,D3:F4:55:AB:96:20,-68
BLE,1703391958138021859,DF:DF:EE:00:00:04,-54
BLE,1703391958154676961,D3:F4:55:AB:96:20,-71
BLE,1703391958351200189,D3:F4:55:AB:96:20,-72
BLE,1703391958541644319,D3:F4:55:AB:96:20,-72
BLE,1703391958547185506,DF:A6:DC:DC:2E:81,-58
BLE,1703391958547211381,DF:DF:EE:00:00:01,-58
BLE,1703391958601309933,DF:DF:EE:00:00:04,-37
BLE,1703391958730234512,D3:F4:55:AB:96:20,-68
BLE,1703391958919315407,D3:F4:55:AB:96:20,-71
BLE,1703391959110375947,D3:F4:55:AB:96:20,-68
BLE,1703391959308960235,D3:F4:55:AB:96:20,-72
BLE,1703391959496617938,D3:F4:55:AB:96:20,-68
BLE,1703391959551766854,DF:A6:DC:DC:2E:81,-76
BLE,1703391959551793812,DF:DF:EE:00:00:01,-76
BLE,1703391959601424082,DF:DF:EE:00:00:04,-55
BLE,1703391959691559267,D3:F4:55:AB:96:20,-72
BLE,1703391959886254849,D3:F4:55:AB:96:20,-71
BLE,1703391960077302389,D3:F4:55:AB:96:20,-68
BLE,1703391960132468429,DF:DF:EE:00:00:04,-53
BLE,1703391960268424928,D3:F4:55:AB:96:20,-71
BLE,1703391960458476979,D3:F4:55:AB:96:20,-68
BLE,1703391960549406613,DF:A6:DC:DC:2E:81,-72
BLE,1703391960549471363,DF:DF:EE:00:00:01,-72
BLE,1703391960654343464,D3:F4:55:AB:96:20,-71
BLE,1703391960842967823,D3:F4:55:AB:96:20,-68
BLE,1703391961034712105,D3:F4:55:AB:96:20,-70
BLE,1703391961226664176,D3:F4:55:AB:96:20,-68
BLE,1703391961423486609,D3:F4:55:AB:96:20,-72
BLE,1703391961540298700,DF:A6:DC:DC:2E:81,-72
BLE,1703391961540324783,DF:DF:EE:00:00:01,-72
BLE,1703391961595028829,DF:DF:EE:00:00:04,-53
BLE,1703391961612250966,D3:F4:55:AB:96:20,-68
BLE,1703391961613588410,D3:F4:55:AB:96:20,-56
BLE,1703391961997675133,D3:F4:55:AB:96:20,-71
BLE,1703391962387749873,D3:F4:55:AB:96:20,-72
BLE,1703391962545948494,DF:A6:DC:DC:2E:81,-75
BLE,1703391962545980702,DF:DF:EE:00:00:01,-75
BLE,1703391962574757875,D3:F4:55:AB:96:20,-68
BLE,1703391962594382027,DF:DF:EE:00:00:04,-55
BLE,1703391962771601682,D3:F4:55:AB:96:20,-72
BLE,1703391962963717460,D3:F4:55:AB:96:20,-70
BLE,1703391963154013008,D3:F4:55:AB:96:20,-72
BLE,1703391963346442324,D3:F4:55:AB:96:20,-71
BLE,1703391963542345892,D3:F4:55:AB:96:20,-69
BLE,1703391963543812251,DF:A6:DC:DC:2E:81,-72
BLE,1703391963543837792,DF:DF:EE:00:00:01,-72
BLE,1703391963595170668,DF:DF:EE:00:00:04,-53
BLE,1703391963741467882,D3:F4:55:AB:96:20,-72
BLE,1703391963933135123,D3:F4:55:AB:96:20,-71
BLE,1703391964310274634,D3:F4:55:AB:96:20,-52
BLE,1703391964544169146,DF:A6:DC:DC:2E:81,-71
BLE,1703391964544202104,DF:DF:EE:00:00:01,-71
BLE,1703391964699036472,D3:F4:55:AB:96:20,-71
BLE,1703391964889552309,D3:F4:55:AB:96:20,-72
BLE,1703391965082412995,D3:F4:55:AB:96:20,-70
BLE,1703391965135719474,DF:DF:EE:00:00:04,-56
BLE,1703391965468982358,D3:F4:55:AB:96:20,-72
BLE,1703391965546089107,DF:A6:DC:DC:2E:81,-73
BLE,1703391965546122482,DF:DF:EE:00:00:01,-73
BLE,1703391965593253614,DF:DF:EE:00:00:04,-50
BLE,1703391965664073102,D3:F4:55:AB:96:20,-72
BLE,1703391966054178090,D3:F4:55:AB:96:20,-71
BLE,1703391966133395983,DF:DF:EE:00:00:04,-34
BLE,1703391966243301860,D3:F4:55:AB:96:20,-68
BLE,1703391966434258360,D3:F4:55:AB:96:20,-71
BLE,1703391966544831688,DF:A6:DC:DC:2E:81,-71
BLE,1703391966544858438,DF:DF:EE:00:00:01,-71
BLE,1703391966599826397,DF:DF:EE:00:00:04,-55
BLE,1703391966824133809,D3:F4:55:AB:96:20,-70
BLE,1703391967017754695,D3:F4:55:AB:96:20,-71
BLE,1703391967135032281,DF:DF:EE:00:00:04,-55
BLE,1703391967212871064,D3:F4:55:AB:96:20,-69
BLE,1703391967406437825,D3:F4:55:AB:96:20,-71
BLE,1703391967543561144,DF:A6:DC:DC:2E:81,-75
BLE,1703391967543587727,DF:DF:EE:00:00:01,-75
BLE,1703391967590964856,DF:DF:EE:00:00:04,-51
BLE,1703391967600665787,D3:F4:55:AB:96:20,-70
BLE,1703391967791705619,D3:F4:55:AB:96:20,-72
BLE,1703391967986619365,D3:F4:55:AB:96:20,-71
BLE,1703391968133225034,DF:DF:EE:00:00:04,-50
BLE,1703391968547842495,DF:A6:DC:DC:2E:81,-71
BLE,1703391968547877994,DF:DF:EE:00:00:01,-71
BLE,1703391968560359436,D3:F4:55:AB:96:20,-67
BLE,1703391968600527605,DF:DF:EE:00:00:04,-55
BLE,1703391968752276424,D3:F4:55:AB:96:20,-70
BLE,1703391968946526803,D3:F4:55:AB:96:20,-67
BLE,1703391969138718080,DF:DF:EE:00:00:04,-55
BLE,1703391969143610358,D3:F4:55:AB:96:20,-68
BLE,1703391969333495036,D3:F4:55:AB:96:20,-71
BLE,1703391969548578844,DF:A6:DC:DC:2E:81,-72
BLE,1703391969548609469,DF:DF:EE:00:00:01,-72
BLE,1703391969599162687,DF:DF:EE:00:00:04,-50
BLE,1703391969714214923,D3:F4:55:AB:96:20,-70
BLE,1703391969905391628,D3:F4:55:AB:96:20,-72
BLE,1703391970093578825,D3:F4:55:AB:96:20,-68
BLE,1703391970286872548,D3:F4:55:AB:96:20,-72
BLE,1703391970481549296,D3:F4:55:AB:96:20,-70
BLE,1703391970540323671,DF:A6:DC:DC:2E:81,-72
BLE,1703391970540353296,DF:DF:EE:00:00:01,-72
BLE,1703391970596076205,DF:DF:EE:00:00:04,-52
BLE,1703391970675488345,D3:F4:55:AB:96:20,-68
BLE,1703391970865205775,D3:F4:55:AB:96:20,-56
BLE,1703391971053988716,D3:F4:55:AB:96:20,-72
BLE,1703391971133334565,DF:DF:EE:00:00:04,-52
BLE,1703391971249947366,D3:F4:55:AB:96:20,-70
BLE,1703391971438534268,D3:F4:55:AB:96:20,-68
BLE,1703391971541995635,DF:A6:DC:DC:2E:81,-71
BLE,1703391971542024218,DF:DF:EE:00:00:01,-71
BLE,1703391971543625866,DF:A6:DC:DC:2E:81,-75
BLE,1703391971543651241,DF:DF:EE:00:00:01,-75
BLE,1703391971599032488,DF:DF:EE:00:00:04,-50
BLE,1703391971631991488,D3:F4:55:AB:96:20,-71
BLE,1703391972012954664,D3:F4:55:AB:96:20,-56
BLE,1703391972544396049,DF:A6:DC:DC:2E:81,-58
BLE,1703391972544446673,DF:DF:EE:00:00:01,-58
BLE,1703391972602346308,DF:DF:EE:00:00:04,-55
BLE,1703391972968693691,D3:F4:55:AB:96:20,-68
BLE,1703391973131781215,DF:DF:EE:00:00:04,-51
BLE,1703391973164161431,D3:F4:55:AB:96:20,-72
BLE,1703391973352348503,D3:F4:55:AB:96:20,-52
BLE,1703391973547908700,DF:A6:DC:DC:2E:81,-76
BLE,1703391973547936158,DF:DF:EE:00:00:01,-76
BLE,1703391973742873446,D3:F4:55:AB:96:20,-71
BLE,1703391974122200224,D3:F4:55:AB:96:20,-68
BLE,1703391974134608499,DF:DF:EE:00:00:04,-55
BLE,1703391974515428677,D3:F4:55:AB:96:20,-72
BLE,1703391974547091526,DF:A6:DC:DC:2E:81,-58
BLE,1703391974547118317,DF:DF:EE:00:00:01,-58
BLE,1703391974591837185,DF:DF:EE:00:00:04,-35
BLE,1703391974704287200,D3:F4:55:AB:96:20,-68
BLE,1703391975095381219,D3:F4:55:AB:96:20,-70
BLE,1703391975139308679,DF:DF:EE:00:00:04,-53
BLE,1703391975289071187,D3:F4:55:AB:96:20,-68
BLE,1703391975599019211,DF:DF:EE:00:00:04,-55
BLE,1703391975864197910,D3:F4:55:AB:96:20,-72
BLE,1703391976053733008,D3:F4:55:AB:96:20,-68
BLE,1703391976135400956,DF:DF:EE:00:00:04,-55
BLE,1703391976244623842,D3:F4:55:AB:96:20,-71
BLE,1703391976566914725,DF:A6:DC:DC:2E:81,-75
BLE,1703391976566946308,DF:DF:EE:00:00:01,-75
BLE,1703391976596164601,DF:DF:EE:00:00:04,-51
BLE,1703391976629558139,D3:F4:55:AB:96:20,-71
BLE,1703391976817429090,D3:F4:55:AB:96:20,-68
BLE,1703391977015514175,D3:F4:55:AB:96:20,-72
BLE,1703391977394940993,D3:F4:55:AB:96:20,-71
BLE,1703391977568037404,DF:A6:DC:DC:2E:81,-71
BLE,1703391977568075362,DF:DF:EE:00:00:01,-71
BLE,1703391977582978734,D3:F4:55:AB:96:20,-68
BLE,1703391977597762733,DF:DF:EE:00:00:04,-56
BLE,1703391977782413762,D3:F4:55:AB:96:20,-72
BLE,1703391977967827658,D3:F4:55:AB:96:20,-68
BLE,1703391978131841963,DF:DF:EE:00:00:04,-52
BLE,1703391978161632083,D3:F4:55:AB:96:20,-72
BLE,1703391978357508110,D3:F4:55:AB:96:20,-71
BLE,1703391978738067832,D3:F4:55:AB:96:20,-70
BLE,1703391978928206215,D3:F4:55:AB:96:20,-72
BLE,1703391979119414420,D3:F4:55:AB:96:20,-72
BLE,1703391979132511271,DF:DF:EE:00:00:04,-55
BLE,1703391979308408358,D3:F4:55:AB:96:20,-71
BLE,1703391979501884162,D3:F4:55:AB:96:20,-70
BLE,1703391979574269715,DF:A6:DC:DC:2E:81,-71
BLE,1703391979574301507,DF:DF:EE:00:00:01,-71
BLE,1703391979594278780,DF:DF:EE:00:00:04,-53
BLE,1703391979892761100,D3:F4:55:AB:96:20,-72
BLE,1703391980086548401,D3:F4:55:AB:96:20,-70
BLE,1703391980136688332,DF:DF:EE:00:00:04,-53
BLE,1703391980279293630,D3:F4:55:AB:96:20,-72
BLE,1703391980475016492,D3:F4:55:AB:96:20,-72
BLE,1703391980575952013,DF:A6:DC:DC:2E:81,-73
BLE,1703391980575978887,DF:DF:EE:00:00:01,-73
BLE,1703391980665649703,D3:F4:55:AB:96:20,-52
BLE,1703391980856310747,D3:F4:55:AB:96:20,-70
BLE,1703391981047276330,D3:F4:55:AB:96:20,-52
BLE,1703391981132207782,DF:DF:EE:00:00:04,-55
BLE,1703391981239090902,D3:F4:55:AB:96:20,-62
BLE,1703391981430450980,D3:F4:55:AB:96:20,-68
BLE,1703391981620459240,D3:F4:55:AB:96:20,-70
BLE,1703391981814763993,D3:F4:55:AB:96:20,-68
BLE,1703391982008721167,D3:F4:55:AB:96:20,-72
BLE,1703391982385992635,D3:F4:55:AB:96:20,-70
BLE,1703391982581631497,D3:F4:55:AB:96:20,-68
BLE,1703391982586271695,DF:A6:DC:DC:2E:81,-72
BLE,1703391982586297028,DF:DF:EE:00:00:01,-72
BLE,1703391982596902616,DF:DF:EE:00:00:04,-54
BLE,1703391982964978188,D3:F4:55:AB:96:20,-53
BLE,1703391983157603377,D3:F4:55:AB:96:20,-72
BLE,1703391983347201433,D3:F4:55:AB:96:20,-52
BLE,1703391983599254280,DF:DF:EE:00:00:04,-53
BLE,1703391983739186775,D3:F4:55:AB:96:20,-72
BLE,1703391984118874049,D3:F4:55:AB:96:20,-71
BLE,1703391984501303333,D3:F4:55:AB:96:20,-71
BLE,1703391984599387720,DF:A6:DC:DC:2E:81,-75
BLE,1703391984599414220,DF:DF:EE:00:00:01,-75
BLE,1703391984886944831,D3:F4:55:AB:96:20,-72
BLE,1703391985076647803,D3:F4:55:AB:96:20,-68
BLE,1703391985137586028,DF:DF:EE:00:00:04,-55
BLE,1703391985269456615,D3:F4:55:AB:96:20,-72
BLE,1703391985464367611,D3:F4:55:AB:96:20,-70
BLE,1703391985601318348,DF:DF:EE:00:00:04,-53
BLE,1703391985655504899,D3:F4:55:AB:96:20,-71
BLE,1703391985848169671,D3:F4:55:AB:96:20,-70
BLE,1703391986131687286,DF:DF:EE:00:00:04,-51
BLE,1703391986231353488,D3:F4:55:AB:96:20,-70
BLE,1703391986426753395,D3:F4:55:AB:96:20,-68
BLE,1703391986600497215,DF:DF:EE:00:00:04,-55
BLE,1703391986611911210,DF:A6:DC:DC:2E:81,-71
BLE,1703391986611937543,DF:DF:EE:00:00:01,-71
BLE,1703391986621470935,D3:F4:55:AB:96:20,-72
BLE,1703391986807379283,D3:F4:55:AB:96:20,-69
BLE,1703391987001327290,D3:F4:55:AB:96:20,-71
BLE,1703391987134000660,DF:DF:EE:00:00:04,-53
BLE,1703391987196896737,D3:F4:55:AB:96:20,-70
BLE,1703391987388289107,D3:F4:55:AB:96:20,-72
BLE,1703391987576957298,D3:F4:55:AB:96:20,-67
BLE,1703391987614022044,DF:A6:DC:DC:2E:81,-61
BLE,1703391987614047252,DF:DF:EE:00:00:01,-61
BLE,1703391987965204100,D3:F4:55:AB:96:20,-56
BLE,1703391988353423985,D3:F4:55:AB:96:20,-72
BLE,1703391988543004500,D3:F4:55:AB:96:20,-68
BLE,1703391988599179404,DF:DF:EE:00:00:04,-55
BLE,1703391988622040020,DF:A6:DC:DC:2E:81,-76
BLE,1703391988622066894,DF:DF:EE:00:00:01,-76
BLE,1703391988732389892,D3:F4:55:AB:96:20,-71
BLE,1703391989112383037,D3:F4:55:AB:96:20,-71
BLE,1703391989306379461,D3:F4:55:AB:96:20,-66
BLE,1703391989502316653,D3:F4:55:AB:96:20,-72
BLE,1703391989622017711,DF:A6:DC:DC:2E:81,-72
BLE,1703391989622046628,DF:DF:EE:00:00:01,-72
BLE,1703391989691277092,D3:F4:55:AB:96:20,-68
BLE,1703391989882090051,D3:F4:55:AB:96:20,-56
BLE,1703391990074005081,D3:F4:55:AB:96:20,-66
BLE,1703391990133397532,DF:DF:EE:00:00:04,-55
BLE,1703391990468600186,D3:F4:55:AB:96:20,-72
BLE,1703391990657728789,D3:F4:55:AB:96:20,-68
BLE,1703391990849474946,D3:F4:55:AB:96:20,-71
BLE,1703391991036703612,D3:F4:55:AB:96:20,-68
BLE,1703391991138966910,DF:DF:EE:00:00:04,-53
BLE,1703391991227118159,D3:F4:55:AB:96:20,-58
BLE,1703391991806327877,D3:F4:55:AB:96:20,-68
BLE,1703391991897157263,DF:A6:DC:DC:2E:81,-73
BLE,1703391991897211054,DF:DF:EE:00:00:01,-73
BLE,1703391991995122526,D3:F4:55:AB:96:20,-71
BLE,1703391992187869921,D3:F4:55:AB:96:20,-68
BLE,1703391992385128016,D3:F4:55:AB:96:20,-71
BLE,1703391992572786594,D3:F4:55:AB:96:20,-52
BLE,1703391992574203244,D3:F4:55:AB:96:20,-56
BLE,1703391992593263320,DF:DF:EE:00:00:04,-51
BLE,1703391992765963985,D3:F4:55:AB:96:20,-72
BLE,1703391992900362084,DF:A6:DC:DC:2E:81,-76
BLE,1703391992900395167,DF:DF:EE:00:00:01,-76
BLE,1703391992954526219,D3:F4:55:AB:96:20,-68
BLE,1703391993131872498,DF:DF:EE:00:00:04,-50
BLE,1703391993148055689,D3:F4:55:AB:96:20,-71
BLE,1703391993334857236,D3:F4:55:AB:96:20,-68
BLE,1703391993596438475,DF:DF:EE:00:00:04,-56
BLE,1703391993730658910,D3:F4:55:AB:96:20,-72
BLE,1703391993903436199,DF:A6:DC:DC:2E:81,-71
BLE,1703391993903466573,DF:DF:EE:00:00:01,-71
BLE,1703391993924040173,D3:F4:55:AB:96:20,-70
BLE,1703391994135653771,DF:DF:EE:00:00:04,-40
BLE,1703391994308714932,D3:F4:55:AB:96:20,-71
BLE,1703391994502821146,D3:F4:55:AB:96:20,-68
BLE,1703391994594555396,DF:DF:EE:00:00:04,-36
BLE,1703391994691568087,D3:F4:55:AB:96:20,-70
BLE,1703391994904651043,DF:A6:DC:DC:2E:81,-75
BLE,1703391994904687459,DF:DF:EE:00:00:01,-75
BLE,1703391995081493202,D3:F4:55:AB:96:20,-72
BLE,1703391995268422164,D3:F4:55:AB:96:20,-68
BLE,1703391995465781882,D3:F4:55:AB:96:20,-72
BLE,1703391995598052589,DF:DF:EE:00:00:04,-55
BLE,1703391995656273012,D3:F4:55:AB:96:20,-70
BLE,1703391995851567212,D3:F4:55:AB:96:20,-69
BLE,1703391995897700730,DF:A6:DC:DC:2E:81,-72
BLE,1703391995897726980,DF:DF:EE:00:00:01,-72
BLE,1703391996050231499,D3:F4:55:AB:96:20,-72
BLE,1703391996137295927,DF:DF:EE:00:00:04,-55
BLE,1703391996235697727,D3:F4:55:AB:96:20,-68
BLE,1703391996429598276,D3:F4:55:AB:96:20,-82
BLE,1703391996599008686,DF:DF:EE:00:00:04,-51
BLE,1703391996625988255,D3:F4:55:AB:96:20,-70
BLE,1703391996820327466,D3:F4:55:AB:96:20,-68
BLE,1703391996897070012,DF:A6:DC:DC:2E:81,-57
BLE,1703391996897096970,DF:DF:EE:00:00:01,-57
BLE,1703391997137911070,DF:DF:EE:00:00:04,-50
BLE,1703391997212254434,D3:F4:55:AB:96:20,-71
BLE,1703391997593464607,D3:F4:55:AB:96:20,-70
BLE,1703391997595683582,DF:DF:EE:00:00:04,-53
BLE,1703391997789533882,D3:F4:55:AB:96:20,-68
BLE,1703391997897442574,DF:A6:DC:DC:2E:81,-76
BLE,1703391997897486240,DF:DF:EE:00:00:01,-76
BLE,1703391997983293183,D3:F4:55:AB:96:20,-72
BLE,1703391998136726608,DF:DF:EE:00:00:04,-53
BLE,1703391998367822485,D3:F4:55:AB:96:20,-71
BLE,1703391998555455897,D3:F4:55:AB:96:20,-52
BLE,1703391998938716171,D3:F4:55:AB:96:20,-67
BLE,1703391999130950531,DF:DF:EE:00:00:04,-55
BLE,1703391999322767396,D3:F4:55:AB:96:20,-68
BLE,1703391999714062621,D3:F4:55:AB:96:20,-71
BLE,1703391999899243852,DF:A6:DC:DC:2E:81,-75
BLE,1703391999899273685,DF:DF:EE:00:00:01,-75
BLE,1703391999905863527,D3:F4:55:AB:96:20,-68
BLE,1703392000131710672,DF:DF:EE:00:00:04,-51
BLE,1703392000295010485,D3:F4:55:AB:96:20,-71
BLE,1703392000596704394,DF:DF:EE:00:00:04,-56
BLE,1703392000871867271,D3:F4:55:AB:96:20,-68
BLE,1703392000902168635,DF:A6:DC:DC:2E:81,-72
BLE,1703392000902194177,DF:DF:EE:00:00:01,-72
BLE,1703392001060816126,D3:F4:55:AB:96:20,-70
BLE,1703392001134157627,DF:DF:EE:00:00:04,-56
BLE,1703392001251890499,D3:F4:55:AB:96:20,-68
BLE,1703392001442507336,D3:F4:55:AB:96:20,-70
BLE,1703392001592294427,DF:DF:EE:00:00:04,-51
BLE,1703392001824350502,D3:F4:55:AB:96:20,-71
BLE,1703392001897967166,DF:A6:DC:DC:2E:81,-76
BLE,1703392001897993832,DF:DF:EE:00:00:01,-76
BLE,1703392002014539885,D3:F4:55:AB:96:20,-72
BLE,1703392002208571557,D3:F4:55:AB:96:20,-71
BLE,1703392002399903969,D3:F4:55:AB:96:20,-68
BLE,1703392002590666512,D3:F4:55:AB:96:20,-71
BLE,1703392002594498344,DF:DF:EE:00:00:04,-56
BLE,1703392002903234673,DF:A6:DC:DC:2E:81,-72
BLE,1703392002903265214,DF:DF:EE:00:00:01,-72
BLE,1703392003139127453,DF:DF:EE:00:00:04,-55
BLE,1703392003164860703,D3:F4:55:AB:96:20,-68
BLE,1703392003550454451,D3:F4:55:AB:96:20,-68
BLE,1703392003900162357,DF:A6:DC:DC:2E:81,-76
BLE,1703392003900221731,DF:DF:EE:00:00:01,-76
BLE,1703392003942066548,D3:F4:55:AB:96:20,-71
BLE,1703392004132495303,D3:F4:55:AB:96:20,-68
BLE,1703392004134284283,DF:DF:EE:00:00:04,-51
BLE,1703392004327919169,D3:F4:55:AB:96:20,-71
BLE,1703392004590815560,DF:DF:EE:00:00:04,-52
BLE,1703392004707240155,D3:F4:55:AB:96:20,-71
BLE,1703392004899427307,D3:F4:55:AB:96:20,-68
BLE,1703392004900711709,DF:A6:DC:DC:2E:81,-73
BLE,1703392004900737959,DF:DF:EE:00:00:01,-73
BLE,1703392005088185373,D3:F4:55:AB:96:20,-56
BLE,1703392005139737579,DF:DF:EE:00:00:04,-54
BLE,1703392005282301544,D3:F4:55:AB:96:20,-68
BLE,1703392005472416803,D3:F4:55:AB:96:20,-71
BLE,1703392005598375248,DF:DF:EE:00:00:04,-50
BLE,1703392005665054867,D3:F4:55:AB:96:20,-68
BLE,1703392005861994215,D3:F4:55:AB:96:20,-72
BLE,1703392005894854467,DF:A6:DC:DC:2E:81,-71
BLE,1703392005894879675,DF:DF:EE:00:00:01,-71
BLE,1703392006435496580,D3:F4:55:AB:96:20,-56
BLE,1703392006595192226,DF:DF:EE:00:00:04,-53
BLE,1703392006623907317,D3:F4:55:AB:96:20,-71
BLE,1703392006811731185,D3:F4:55:AB:96:20,-68
BLE,1703392006896411182,DF:A6:DC:DC:2E:81,-76
BLE,1703392006896439348,DF:DF:EE:00:00:01,-76
BLE,1703392007008520034,D3:F4:55:AB:96:20,-72
BLE,1703392007137631236,DF:DF:EE:00:00:04,-53
BLE,1703392007199696656,D3:F4:55:AB:96:20,-70
BLE,1703392007388868092,D3:F4:55:AB:96:20,-56
BLE,1703392007577258912,D3:F4:55:AB:96:20,-68
BLE,1703392007770166598,D3:F4:55:AB:96:20,-72
BLE,1703392007901236527,DF:A6:DC:DC:2E:81,-73
BLE,1703392007901263651,DF:DF:EE:00:00:01,-73
BLE,1703392008130858545,DF:DF:EE:00:00:04,-40
BLE,1703392008341079201,D3:F4:55:AB:96:20,-66
BLE,1703392008539281743,D3:F4:55:AB:96:20,-72
BLE,1703392008591251695,DF:DF:EE:00:00:04,-51
BLE,1703392008731678684,D3:F4:55:AB:96:20,-70
BLE,1703392008901995334,DF:A6:DC:DC:2E:81,-72
BLE,1703392008902024376,DF:DF:EE:00:00:01,-72
BLE,1703392009112004117,D3:F4:55:AB:96:20,-72
BLE,1703392009135171521,DF:DF:EE:00:00:04,-52
BLE,1703392009307411524,D3:F4:55:AB:96:20,-53
BLE,1703392009497440492,D3:F4:55:AB:96:20,-70
BLE,1703392009885165175,D3:F4:55:AB:96:20,-72
BLE,1703392009893629412,DF:A6:DC:DC:2E:81,-72
BLE,1703392009893658370,DF:DF:EE:00:00:01,-72
BLE,1703392010074897813,D3:F4:55:AB:96:20,-68
BLE,1703392010135173337,DF:DF:EE:00:00:04,-54
BLE,1703392010272469737,D3:F4:55:AB:96:20,-71
BLE,1703392010467102028,D3:F4:55:AB:96:20,-71
BLE,1703392010589272058,DF:DF:EE:00:00:04,-50
BLE,1703392010661670070,D3:F4:55:AB:96:20,-68
BLE,1703392010899890282,DF:A6:DC:DC:2E:81,-75
BLE,1703392010899924199,DF:DF:EE:00:00:01,-75
BLE,1703392011044273519,D3:F4:55:AB:96:20,-68
BLE,1703392011132384560,DF:DF:EE:00:00:04,-50
BLE,1703392011239853715,D3:F4:55:AB:96:20,-57
BLE,1703392011429753185,D3:F4:55:AB:96:20,-70
BLE,1703392011811855306,D3:F4:55:AB:96:20,-70
BLE,1703392011894812656,DF:A6:DC:DC:2E:81,-72
BLE,1703392011894839948,DF:DF:EE:00:00:01,-72
BLE,1703392012002182938,D3:F4:55:AB:96:20,-72
BLE,1703392012132156254,DF:DF:EE:00:00:04,-53
BLE,1703392012190946670,D3:F4:55:AB:96:20,-66
BLE,1703392012383756398,D3:F4:55:AB:96:20,-72
BLE,1703392012573639993,D3:F4:55:AB:96:20,-68
BLE,1703392012899296880,DF:A6:DC:DC:2E:81,-75
BLE,1703392012899325505,DF:DF:EE:00:00:01,-75
BLE,1703392012962817659,D3:F4:55:AB:96:20,-71
BLE,1703392013131863032,DF:DF:EE:00:00:04,-50
BLE,1703392013155646429,D3:F4:55:AB:96:20,-67
BLE,1703392013351343666,D3:F4:55:AB:96:20,-72
BLE,1703392013541069137,D3:F4:55:AB:96:20,-68
BLE,1703392013593239837,DF:DF:EE:00:00:04,-52
BLE,1703392013733986323,D3:F4:55:AB:96:20,-72
BLE,1703392013922410851,D3:F4:55:AB:96:20,-69
BLE,1703392014135042187,DF:DF:EE:00:00:04,-52
BLE,1703392014310962607,D3:F4:55:AB:96:20,-56
BLE,1703392014505633689,D3:F4:55:AB:96:20,-68
BLE,1703392014594870801,DF:DF:EE:00:00:04,-50
BLE,1703392014703175780,D3:F4:55:AB:96:20,-71
BLE,1703392014894925687,DF:A6:DC:DC:2E:81,-71
BLE,1703392014894958604,DF:DF:EE:00:00:01,-71
BLE,1703392015085039196,D3:F4:55:AB:96:20,-72
BLE,1703392015134795923,DF:DF:EE:00:00:04,-50
BLE,1703392015278626207,D3:F4:55:AB:96:20,-71
BLE,1703392015474040989,D3:F4:55:AB:96:20,-68
BLE,1703392015589400846,DF:DF:EE:00:00:04,-51
BLE,1703392015672232656,D3:F4:55:AB:96:20,-72
BLE,1703392015864764679,D3:F4:55:AB:96:20,-56
BLE,1703392016058229150,D3:F4:55:AB:96:20,-69
BLE,1703392016134144538,DF:DF:EE:00:00:04,-53
BLE,1703392016248410658,D3:F4:55:AB:96:20,-70
BLE,1703392016443662817,D3:F4:55:AB:96:20,-52
BLE,1703392016597545237,DF:DF:EE:00:00:04,-50
BLE,1703392016830689841,D3:F4:55:AB:96:20,-70
BLE,1703392016897442791,DF:A6:DC:DC:2E:81,-71
BLE,1703392016897468833,DF:DF:EE:00:00:01,-71
BLE,1703392017131164263,DF:DF:EE:00:00:04,-56
BLE,1703392017211919763,D3:F4:55:AB:96:20,-70
BLE,1703392017594818459,D3:F4:55:AB:96:20,-72
BLE,1703392017783937812,D3:F4:55:AB:96:20,-72
BLE,1703392017898661844,DF:A6:DC:DC:2E:81,-75
BLE,1703392017898688635,DF:DF:EE:00:00:01,-75
BLE,1703392017978276232,D3:F4:55:AB:96:20,-72
BLE,1703392018131266287,DF:DF:EE:00:00:04,-51
BLE,1703392018172441944,D3:F4:55:AB:96:20,-53
BLE,1703392018368797841,D3:F4:55:AB:96:20,-72
BLE,1703392018555776635,D3:F4:55:AB:96:20,-52
BLE,1703392018751608371,D3:F4:55:AB:96:20,-56
BLE,1703392018901996080,DF:A6:DC:DC:2E:81,-72
BLE,1703392018902025038,DF:DF:EE:00:00:01,-72
BLE,1703392018947860518,D3:F4:55:AB:96:20,-71
BLE,1703392019596911985,DF:DF:EE:00:00:04,-53
BLE,1703392019706880528,D3:F4:55:AB:96:20,-68
BLE,1703392019899927670,DF:A6:DC:DC:2E:81,-76
BLE,1703392019899957670,DF:DF:EE:00:00:01,-76
BLE,1703392020087408917,D3:F4:55:AB:96:20,-68
BLE,1703392020483503796,D3:F4:55:AB:96:20,-72
BLE,1703392020673956926,D3:F4:55:AB:96:20,-68
BLE,1703392020867469313,D3:F4:55:AB:96:20,-71
BLE,1703392020890078723,DF:A6:DC:DC:2E:81,-75
BLE,1703392020890106973,DF:DF:EE:00:00:01,-75
BLE,1703392021063580129,D3:F4:55:AB:96:20,-70
BLE,1703392021137862744,DF:DF:EE:00:00:04,-55
BLE,1703392021597473736,DF:DF:EE:00:00:04,-50
BLE,1703392021645755146,D3:F4:55:AB:96:20,-70
BLE,1703392021836275900,D3:F4:55:AB:96:20,-72
BLE,1703392021897127293,DF:A6:DC:DC:2E:81,-72
BLE,1703392021897180751,DF:DF:EE:00:00:01,-72
BLE,1703392022027566312,D3:F4:55:AB:96:20,-71
BLE,1703392022135958165,DF:DF:EE:00:00:04,-46
BLE,1703392022217444282,D3:F4:55:AB:96:20,-72
BLE,1703392022412500735,D3:F4:55:AB:96:20,-70
BLE,1703392022600660682,DF:DF:EE:00:00:04,-56
BLE,1703392022606363701,D3:F4:55:AB:96:20,-68
BLE,1703392022797053995,D3:F4:55:AB:96:20,-71
BLE,1703392022898773840,DF:A6:DC:DC:2E:81,-73
BLE,1703392022898805340,DF:DF:EE:00:00:01,-73
BLE,1703392022992933688,D3:F4:55:AB:96:20,-67
BLE,1703392023130192297,DF:DF:EE:00:00:04,-53
BLE,1703392023187044610,D3:F4:55:AB:96:20,-57
BLE,1703392023381105032,D3:F4:55:AB:96:20,-71
BLE,1703392023576254443,D3:F4:55:AB:96:20,-69
BLE,1703392023767518938,D3:F4:55:AB:96:20,-72
BLE,1703392023960231501,D3:F4:55:AB:96:20,-68
BLE,1703392024132412963,DF:DF:EE:00:00:04,-55
BLE,1703392024345470587,D3:F4:55:AB:96:20,-56
BLE,1703392024588835949,DF:DF:EE:00:00:04,-50
BLE,1703392024728787111,D3:F4:55:AB:96:20,-70
BLE,1703392024910041345,DF:A6:DC:DC:2E:81,-71
BLE,1703392024910071720,DF:DF:EE:00:00:01,-71
BLE,1703392025107760643,D3:F4:55:AB:96:20,-67
BLE,1703392025135759116,DF:DF:EE:00:00:04,-52
BLE,1703392025302320768,D3:F4:55:AB:96:20,-72
BLE,1703392025499904150,D3:F4:55:AB:96:20,-72
BLE,1703392025590924034,DF:DF:EE:00:00:04,-56
BLE,1703392025879895920,D3:F4:55:AB:96:20,-71
BLE,1703392025912045972,DF:A6:DC:DC:2E:81,-72
BLE,1703392025912074222,DF:DF:EE:00:00:01,-72
BLE,1703392026077436970,D3:F4:55:AB:96:20,-70
BLE,1703392026461372154,D3:F4:55:AB:96:20,-71
BLE,1703392026591941088,DF:DF:EE:00:00:04,-50
BLE,1703392026847610728,D3:F4:55:AB:96:20,-73
BLE,1703392026918661880,DF:A6:DC:DC:2E:81,-75
BLE,1703392026918693879,DF:DF:EE:00:00:01,-75
BLE,1703392027042565973,D3:F4:55:AB:96:20,-68
BLE,1703392027130152063,DF:DF:EE:00:00:04,-51
BLE,1703392027236804394,D3:F4:55:AB:96:20,-72
BLE,1703392027425753791,D3:F4:55:AB:96:20,-68
BLE,1703392027592585397,DF:DF:EE:00:00:04,-56
BLE,1703392027622105354,D3:F4:55:AB:96:20,-68
BLE,1703392027815785156,D3:F4:55:AB:96:20,-71
BLE,1703392027919262939,DF:A6:DC:DC:2E:81,-71
BLE,1703392027919317272,DF:DF:EE:00:00:01,-71
BLE,1703392028394981581,D3:F4:55:AB:96:20,-70
BLE,1703392028774434483,D3:F4:55:AB:96:20,-68
BLE,1703392028921698936,DF:A6:DC:DC:2E:81,-76
BLE,1703392028921727353,DF:DF:EE:00:00:01,-76
BLE,1703392028967336002,D3:F4:55:AB:96:20,-71
BLE,1703392029156363981,D3:F4:55:AB:96:20,-68
BLE,1703392029350532402,D3:F4:55:AB:96:20,-59
BLE,1703392029537562404,D3:F4:55:AB:96:20,-69
BLE,1703392029595612995,DF:DF:EE:00:00:04,-55
BLE,1703392029732425818,D3:F4:55:AB:96:20,-71
BLE,1703392029918952575,D3:F4:55:AB:96:20,-68
BLE,1703392029926341575,DF:A6:DC:DC:2E:81,-71
BLE,1703392029926367450,DF:DF:EE:00:00:01,-71
BLE,1703392030113295453,D3:F4:55:AB:96:20,-72
BLE,1703392030309651724,D3:F4:55:AB:96:20,-71
BLE,1703392030505121255,D3:F4:55:AB:96:20,-68
BLE,1703392030695788133,D3:F4:55:AB:96:20,-70
BLE,1703392030888633944,D3:F4:55:AB:96:20,-68
BLE,1703392031082202789,D3:F4:55:AB:96:20,-72
BLE,1703392031598938465,DF:DF:EE:00:00:04,-55
BLE,1703392031653979424,D3:F4:55:AB:96:20,-68
BLE,1703392031933459127,DF:A6:DC:DC:2E:81,-71
BLE,1703392031933490293,DF:DF:EE:00:00:01,-71
BLE,1703392032045224941,D3:F4:55:AB:96:20,-71
BLE,1703392032135455417,DF:DF:EE:00:00:04,-53
BLE,1703392032235840361,D3:F4:55:AB:96:20,-68
BLE,1703392032433080164,D3:F4:55:AB:96:20,-72
BLE,1703392032597394757,DF:DF:EE:00:00:04,-51
BLE,1703392032628930483,D3:F4:55:AB:96:20,-70
BLE,1703392032821928417,D3:F4:55:AB:96:20,-68
BLE,1703392032941944097,DF:A6:DC:DC:2E:81,-71
BLE,1703392032941979221,DF:DF:EE:00:00:01,-71
BLE,1703392033018353979,D3:F4:55:AB:96:20,-72
BLE,1703392033212538484,D3:F4:55:AB:96:20,-57
BLE,1703392033405421628,D3:F4:55:AB:96:20,-68
BLE,1703392033589014710,DF:DF:EE:00:00:04,-50
BLE,1703392033597144701,D3:F4:55:AB:96:20,-71
BLE,1703392033787228919,D3:F4:55:AB:96:20,-68
BLE,1703392033950981935,DF:A6:DC:DC:2E:81,-72
BLE,1703392033951037643,DF:DF:EE:00:00:01,-72
BLE,1703392034132347127,DF:DF:EE:00:00:04,-53
BLE,1703392034178130982,D3:F4:55:AB:96:20,-72
BLE,1703392034370090720,D3:F4:55:AB:96:20,-72
BLE,1703392034556449188,D3:F4:55:AB:96:20,-68
BLE,1703392034594705545,DF:DF:EE:00:00:04,-55
BLE,1703392034750124990,D3:F4:55:AB:96:20,-72
BLE,1703392034943737542,D3:F4:55:AB:96:20,-70
BLE,1703392035333447702,D3:F4:55:AB:96:20,-72
BLE,1703392035527169920,D3:F4:55:AB:96:20,-72
BLE,1703392035589796834,DF:DF:EE:00:00:04,-51
BLE,1703392035719326281,D3:F4:55:AB:96:20,-72
BLE,1703392035910262155,D3:F4:55:AB:96:20,-70
BLE,1703392035959044268,DF:A6:DC:DC:2E:81,-72
BLE,1703392035959070268,DF:DF:EE:00:00:01,-72
BLE,1703392036104986278,D3:F4:55:AB:96:20,-68
BLE,1703392036127832477,DF:DF:EE:00:00:04,-50
BLE,1703392036302014500,D3:F4:55:AB:96:20,-72
BLE,1703392036491365601,D3:F4:55:AB:96:20,-68
BLE,1703392036589446113,DF:DF:EE:00:00:04,-53
BLE,1703392036682875802,D3:F4:55:AB:96:20,-72
BLE,1703392036961487348,DF:A6:DC:DC:2E:81,-58
BLE,1703392036961519765,DF:DF:EE:00:00:01,-58
BLE,1703392037067767767,D3:F4:55:AB:96:20,-72
BLE,1703392037129648898,DF:DF:EE:00:00:04,-53
BLE,1703392037254272817,D3:F4:55:AB:96:20,-67
BLE,1703392037449067022,D3:F4:55:AB:96:20,-72
BLE,1703392037595482902,DF:DF:EE:00:00:04,-51
BLE,1703392037597162175,DF:DF:EE:00:00:04,-52
BLE,1703392037642921364,D3:F4:55:AB:96:20,-70
BLE,1703392037835242389,D3:F4:55:AB:96:20,-72
BLE,1703392037965008500,DF:A6:DC:DC:2E:81,-76
BLE,1703392037965042666,DF:DF:EE:00:00:01,-76
BLE,1703392038027518790,D3:F4:55:AB:96:20,-70
BLE,1703392038131756982,DF:DF:EE:00:00:04,-35
BLE,1703392038216979098,D3:F4:55:AB:96:20,-72
BLE,1703392038408175678,D3:F4:55:AB:96:20,-72
BLE,1703392038592888706,DF:DF:EE:00:00:04,-53
BLE,1703392038600934073,D3:F4:55:AB:96:20,-72
BLE,1703392038790670045,D3:F4:55:AB:96:20,-70
BLE,1703392038963887829,DF:A6:DC:DC:2E:81,-72
BLE,1703392038963918745,DF:DF:EE:00:00:01,-72
BLE,1703392038980361183,D3:F4:55:AB:96:20,-72
BLE,1703392039132016629,DF:DF:EE:00:00:04,-53
BLE,1703392039169030542,D3:F4:55:AB:96:20,-68
BLE,1703392039365167732,D3:F4:55:AB:96:20,-72
BLE,1703392039553445720,D3:F4:55:AB:96:20,-68
BLE,1703392039595078748,DF:DF:EE:00:00:04,-50
BLE,1703392039744889381,D3:F4:55:AB:96:20,-72
BLE,1703392039941223985,D3:F4:55:AB:96:20,-71
BLE,1703392039967874933,DF:A6:DC:DC:2E:81,-61
BLE,1703392039967907058,DF:DF:EE:00:00:01,-61
BLE,1703392040322647573,D3:F4:55:AB:96:20,-70
BLE,1703392040598600107,DF:DF:EE:00:00:04,-55
BLE,1703392040710473837,D3:F4:55:AB:96:20,-72
BLE,1703392040904790799,D3:F4:55:AB:96:20,-70
BLE,1703392040975062293,DF:A6:DC:DC:2E:81,-73
BLE,1703392040975089209,DF:DF:EE:00:00:01,-73
BLE,1703392041126731446,DF:DF:EE:00:00:04,-50
BLE,1703392041490247362,D3:F4:55:AB:96:20,-71
BLE,1703392041590503724,DF:DF:EE:00:00:04,-55
BLE,1703392042076102879,D3:F4:55:AB:96:20,-70
BLE,1703392042461316756,D3:F4:55:AB:96:20,-70
BLE,1703392042594735575,DF:DF:EE:00:00:04,-52
BLE,1703392042654816643,D3:F4:55:AB:96:20,-68
BLE,1703392042852297444,D3:F4:55:AB:96:20,-72
BLE,1703392042979937745,DF:A6:DC:DC:2E:81,-71
BLE,1703392042979968244,DF:DF:EE:00:00:01,-71
BLE,1703392043044510054,D3:F4:55:AB:96:20,-70
BLE,1703392043132866342,DF:DF:EE:00:00:04,-53
BLE,1703392043423655792,D3:F4:55:AB:96:20,-68
BLE,1703392043616516103,D3:F4:55:AB:96:20,-72
BLE,1703392043810273654,D3:F4:55:AB:96:20,-71
BLE,1703392043979790396,DF:A6:DC:DC:2E:81,-72
BLE,1703392043979819687,DF:DF:EE:00:00:01,-72
BLE,1703392044135182799,DF:DF:EE:00:00:04,-39
BLE,1703392044197991544,D3:F4:55:AB:96:20,-72
BLE,1703392044386170992,D3:F4:55:AB:96:20,-68
BLE,1703392044579839919,D3:F4:55:AB:96:20,-71
BLE,1703392044590003387,DF:DF:EE:00:00:04,-51
BLE,1703392044776144566,D3:F4:55:AB:96:20,-70
BLE,1703392044967480144,D3:F4:55:AB:96:20,-72
BLE,1703392044984990153,DF:A6:DC:DC:2E:81,-76
BLE,1703392044985020195,DF:DF:EE:00:00:01,-76
BLE,1703392045129467597,DF:DF:EE:00:00:04,-50
BLE,1703392045156165794,D3:F4:55:AB:96:20,-68
BLE,1703392045348676317,D3:F4:55:AB:96:20,-72
BLE,1703392045537337467,D3:F4:55:AB:96:20,-67
BLE,1703392045597520701,DF:DF:EE:00:00:04,-55
BLE,1703392045731094476,D3:F4:55:AB:96:20,-56
BLE,1703392045923898996,D3:F4:55:AB:96:20,-71
BLE,1703392046117796712,D3:F4:55:AB:96:20,-52
BLE,1703392046135414846,DF:DF:EE:00:00:04,-40
BLE,1703392046314449855,D3:F4:55:AB:96:20,-72
BLE,1703392046508628776,D3:F4:55:AB:96:20,-70
BLE,1703392046595642664,DF:DF:EE:00:00:04,-51
BLE,1703392046987949419,DF:A6:DC:DC:2E:81,-75
BLE,1703392046987985669,DF:DF:EE:00:00:01,-75
BLE,1703392047134235259,DF:DF:EE:00:00:04,-51
BLE,1703392047270574253,D3:F4:55:AB:96:20,-52
BLE,1703392047464654342,D3:F4:55:AB:96:20,-72
BLE,1703392047596510470,DF:DF:EE:00:00:04,-55
BLE,1703392047651148100,D3:F4:55:AB:96:20,-68
BLE,1703392047842929381,D3:F4:55:AB:96:20,-72
BLE,1703392047994956114,DF:A6:DC:DC:2E:81,-72
BLE,1703392047994984155,DF:DF:EE:00:00:01,-72
BLE,1703392048034370625,D3:F4:55:AB:96:20,-68
BLE,1703392048129288423,DF:DF:EE:00:00:04,-53
BLE,1703392048426261677,D3:F4:55:AB:96:20,-70
BLE,1703392048618771950,D3:F4:55:AB:96:20,-52
BLE,1703392048814147816,D3:F4:55:AB:96:20,-72
BLE,1703392049002413804,DF:A6:DC:DC:2E:81,-72
BLE,1703392049002442470,DF:DF:EE:00:00:01,-72
BLE,1703392049007127626,D3:F4:55:AB:96:20,-71
BLE,1703392049200523430,D3:F4:55:AB:96:20,-68
BLE,1703392049395920213,D3:F4:55:AB:96:20,-56
BLE,1703392049586935419,D3:F4:55:AB:96:20,-66
BLE,1703392049598019419,DF:DF:EE:00:00:04,-56
BLE,1703392049781690167,D3:F4:55:AB:96:20,-72
BLE,1703392049975339928,D3:F4:55:AB:96:20,-70
BLE,1703392050006712030,DF:A6:DC:DC:2E:81,-75
BLE,1703392050006738196,DF:DF:EE:00:00:01,-75
BLE,1703392050169077437,D3:F4:55:AB:96:20,-68
BLE,1703392050359083655,D3:F4:55:AB:96:20,-56
BLE,1703392050742893007,D3:F4:55:AB:96:20,-71
BLE,1703392050932716978,D3:F4:55:AB:96:20,-68
BLE,1703392051009961101,DF:A6:DC:DC:2E:81,-73
BLE,1703392051009989559,DF:DF:EE:00:00:01,-73
BLE,1703392051122914236,D3:F4:55:AB:96:20,-71
BLE,1703392051131948925,DF:DF:EE:00:00:04,-54
BLE,1703392051507356080,D3:F4:55:AB:96:20,-71
BLE,1703392051587714543,DF:DF:EE:00:00:04,-51
BLE,1703392051887021896,D3:F4:55:AB:96:20,-70
BLE,1703392052076907074,D3:F4:55:AB:96:20,-72
BLE,1703392052266188717,D3:F4:55:AB:96:20,-68
BLE,1703392052460546470,D3:F4:55:AB:96:20,-72
BLE,1703392052591211736,DF:DF:EE:00:00:04,-55
BLE,1703392052646754731,D3:F4:55:AB:96:20,-68
BLE,1703392052839439961,D3:F4:55:AB:96:20,-72
BLE,1703392053019606207,DF:A6:DC:DC:2E:81,-76
BLE,1703392053019639582,DF:DF:EE:00:00:01,-76
BLE,1703392053034652078,D3:F4:55:AB:96:20,-70
BLE,1703392053224188135,D3:F4:55:AB:96:20,-72
BLE,1703392053415762377,D3:F4:55:AB:96:20,-70
BLE,1703392053595910166,DF:DF:EE:00:00:04,-53
BLE,1703392053605512390,D3:F4:55:AB:96:20,-72
BLE,1703392053800482677,D3:F4:55:AB:96:20,-70
BLE,1703392053990252357,D3:F4:55:AB:96:20,-72
BLE,1703392054023297898,DF:A6:DC:DC:2E:81,-71
BLE,1703392054023324981,DF:DF:EE:00:00:01,-71
BLE,1703392054136865318,DF:DF:EE:00:00:04,-53
BLE,1703392054566000363,D3:F4:55:AB:96:20,-70
BLE,1703392054590723750,DF:DF:EE:00:00:04,-52
BLE,1703392054755037010,D3:F4:55:AB:96:20,-72
BLE,1703392054945561139,D3:F4:55:AB:96:20,-70
BLE,1703392055030075554,DF:A6:DC:DC:2E:81,-58
BLE,1703392055030104846,DF:DF:EE:00:00:01,-58
BLE,1703392055136926217,DF:DF:EE:00:00:04,-56
BLE,1703392055325029832,D3:F4:55:AB:96:20,-68
BLE,1703392055515462128,D3:F4:55:AB:96:20,-72
BLE,1703392055594332067,DF:DF:EE:00:00:04,-51
BLE,1703392055897868621,D3:F4:55:AB:96:20,-72
BLE,1703392056037494328,DF:A6:DC:DC:2E:81,-76
BLE,1703392056037522703,DF:DF:EE:00:00:01,-76
BLE,1703392056132732497,DF:DF:EE:00:00:04,-50
BLE,1703392056483911178,D3:F4:55:AB:96:20,-72
BLE,1703392056588911819,DF:DF:EE:00:00:04,-53
BLE,1703392056860517487,D3:F4:55:AB:96:20,-70
BLE,1703392057046412210,DF:A6:DC:DC:2E:81,-76
BLE,1703392057046440460,DF:DF:EE:00:00:01,-76
BLE,1703392057244199340,D3:F4:55:AB:96:20,-70
BLE,1703392057440212157,D3:F4:55:AB:96:20,-68
BLE,1703392057596378843,DF:DF:EE:00:00:04,-50
BLE,1703392057633114176,D3:F4:55:AB:96:20,-71
BLE,1703392057822459568,D3:F4:55:AB:96:20,-68
BLE,1703392058016012496,D3:F4:55:AB:96:20,-57
BLE,1703392058045571494,DF:A6:DC:DC:2E:81,-59
BLE,1703392058045600410,DF:DF:EE:00:00:01,-59
BLE,1703392058203380036,D3:F4:55:AB:96:20,-69
BLE,1703392058396736508,D3:F4:55:AB:96:20,-72
BLE,1703392058587623717,D3:F4:55:AB:96:20,-66
BLE,1703392058592568619,DF:DF:EE:00:00:04,-53
BLE,1703392058968343687,D3:F4:55:AB:96:20,-67
BLE,1703392059055715237,DF:A6:DC:DC:2E:81,-72
BLE,1703392059055744903,DF:DF:EE:00:00:01,-72
BLE,1703392059132213535,DF:DF:EE:00:00:04,-53
BLE,1703392059157341542,D3:F4:55:AB:96:20,-71
BLE,1703392059538259385,D3:F4:55:AB:96:20,-70
BLE,1703392059595714024,DF:DF:EE:00:00:04,-50
BLE,1703392059921905822,D3:F4:55:AB:96:20,-72
BLE,1703392060065627024,DF:A6:DC:DC:2E:81,-76
BLE,1703392060065673232,DF:DF:EE:00:00:01,-76
BLE,1703392060301917967,D3:F4:55:AB:96:20,-71
BLE,1703392060596795495,DF:DF:EE:00:00:04,-53
BLE,1703392060691412504,D3:F4:55:AB:96:20,-72
BLE,1703392060886818453,D3:F4:55:AB:96:20,-70
BLE,1703392061074191243,DF:A6:DC:DC:2E:81,-76
BLE,1703392061074226909,DF:DF:EE:00:00:01,-76
BLE,1703392061127249099,DF:DF:EE:00:00:04,-51
BLE,1703392061270648721,D3:F4:55:AB:96:20,-57
BLE,1703392061460772188,D3:F4:55:AB:96:20,-72
BLE,1703392061590570257,DF:DF:EE:00:00:04,-56
BLE,1703392061651719063,D3:F4:55:AB:96:20,-71
BLE,1703392062040870729,D3:F4:55:AB:96:20,-72
BLE,1703392062072057584,DF:A6:DC:DC:2E:81,-72
BLE,1703392062072086542,DF:DF:EE:00:00:01,-72
BLE,1703392062132062569,DF:DF:EE:00:00:04,-55
BLE,1703392062236445551,D3:F4:55:AB:96:20,-56
BLE,1703392062591939266,DF:DF:EE:00:00:04,-50
BLE,1703392062622695750,D3:F4:55:AB:96:20,-71
BLE,1703392062814320159,D3:F4:55:AB:96:20,-69
BLE,1703392063005510947,D3:F4:55:AB:96:20,-57
BLE,1703392063078422703,DF:A6:DC:DC:2E:81,-60
BLE,1703392063078456577,DF:DF:EE:00:00:01,-60
BLE,1703392063133302996,DF:DF:EE:00:00:04,-51
BLE,1703392063203043621,D3:F4:55:AB:96:20,-70
BLE,1703392063393889289,D3:F4:55:AB:96:20,-72
BLE,1703392063582406065,D3:F4:55:AB:96:20,-68
BLE,1703392063592726115,DF:DF:EE:00:00:04,-55
BLE,1703392063773280191,D3:F4:55:AB:96:20,-72
BLE,1703392063968240978,D3:F4:55:AB:96:20,-70
BLE,1703392064080583494,DF:A6:DC:DC:2E:81,-71
BLE,1703392064080623535,DF:DF:EE:00:00:01,-71
BLE,1703392064133474019,DF:DF:EE:00:00:04,-55
BLE,1703392064354815382,D3:F4:55:AB:96:20,-71
BLE,1703392064545452593,D3:F4:55:AB:96:20,-68
BLE,1703392064595783855,DF:DF:EE:00:00:04,-50
BLE,1703392064737003710,D3:F4:55:AB:96:20,-72
BLE,1703392064929980228,D3:F4:55:AB:96:20,-68
BLE,1703392065120216319,D3:F4:55:AB:96:20,-71
BLE,1703392065132696219,DF:DF:EE:00:00:04,-51
BLE,1703392065315601810,D3:F4:55:AB:96:20,-68
BLE,1703392065511505503,D3:F4:55:AB:96:20,-72
BLE,1703392065592677540,DF:DF:EE:00:00:04,-52
BLE,1703392065707848524,D3:F4:55:AB:96:20,-72
BLE,1703392066086128481,D3:F4:55:AB:96:20,-70
BLE,1703392066091175298,DF:A6:DC:DC:2E:81,-76
BLE,1703392066091201423,DF:DF:EE:00:00:01,-76
BLE,1703392066130327229,DF:DF:EE:00:00:04,-53
BLE,1703392066463388448,D3:F4:55:AB:96:20,-53
BLE,1703392066590136427,DF:DF:EE:00:00:04,-55
BLE,1703392066660795750,D3:F4:55:AB:96:20,-69
BLE,1703392066860531649,D3:F4:55:AB:96:20,-72
BLE,1703392067054416115,D3:F4:55:AB:96:20,-71
BLE,1703392067096598386,DF:A6:DC:DC:2E:81,-57
BLE,1703392067096627011,DF:DF:EE:00:00:01,-57
BLE,1703392067129014477,DF:DF:EE:00:00:04,-40
BLE,1703392067248322997,D3:F4:55:AB:96:20,-67
BLE,1703392067444283815,D3:F4:55:AB:96:20,-72
BLE,1703392067591623059,DF:DF:EE:00:00:04,-53
BLE,1703392067630837114,D3:F4:55:AB:96:20,-68
BLE,1703392067821446534,D3:F4:55:AB:96:20,-70
BLE,1703392068013269357,D3:F4:55:AB:96:20,-67
BLE,1703392068098064061,DF:A6:DC:DC:2E:81,-75
BLE,1703392068098093186,DF:DF:EE:00:00:01,-75
BLE,1703392068127780349,DF:DF:EE:00:00:04,-51
BLE,1703392068401522492,D3:F4:55:AB:96:20,-72
BLE,1703392068594071556,DF:DF:EE:00:00:04,-56
BLE,1703392068791874269,D3:F4:55:AB:96:20,-72
BLE,1703392068983576385,D3:F4:55:AB:96:20,-65
BLE,1703392069096191565,DF:A6:DC:DC:2E:81,-72
BLE,1703392069096222773,DF:DF:EE:00:00:01,-72
BLE,1703392069132044908,DF:DF:EE:00:00:04,-55
BLE,1703392069174425969,D3:F4:55:AB:96:20,-71
BLE,1703392069553145420,D3:F4:55:AB:96:20,-71
BLE,1703392069588258813,DF:DF:EE:00:00:04,-50
BLE,1703392069747071719,D3:F4:55:AB:96:20,-68
BLE,1703392069943716820,D3:F4:55:AB:96:20,-72
BLE,1703392070099966172,DF:A6:DC:DC:2E:81,-76
BLE,1703392070100010921,DF:DF:EE:00:00:01,-76
BLE,1703392070324799453,D3:F4:55:AB:96:20,-72
BLE,1703392070516824774,D3:F4:55:AB:96:20,-70
BLE,1703392070592843578,DF:DF:EE:00:00:04,-56
BLE,1703392070900883706,D3:F4:55:AB:96:20,-71
BLE,1703392071096595110,D3:F4:55:AB:96:20,-68
BLE,1703392071101934549,DF:A6:DC:DC:2E:81,-71
BLE,1703392071101963174,DF:DF:EE:00:00:01,-71
BLE,1703392071127422218,DF:DF:EE:00:00:04,-52
BLE,1703392071293555999,D3:F4:55:AB:96:20,-71
BLE,1703392071487233843,D3:F4:55:AB:96:20,-70
BLE,1703392071591801114,DF:DF:EE:00:00:04,-45
BLE,1703392071867546484,D3:F4:55:AB:96:20,-71
BLE,1703392072058611024,D3:F4:55:AB:96:20,-71
BLE,1703392072128734353,DF:DF:EE:00:00:04,-50
BLE,1703392072249778979,D3:F4:55:AB:96:20,-70
BLE,1703392072590317739,DF:DF:EE:00:00:04,-53
BLE,1703392072640386129,D3:F4:55:AB:96:20,-56
BLE,1703392072830820134,D3:F4:55:AB:96:20,-52
BLE,1703392073021689926,D3:F4:55:AB:96:20,-72
BLE,1703392073113780464,DF:A6:DC:DC:2E:81,-75
BLE,1703392073113851880,DF:DF:EE:00:00:01,-75
BLE,1703392073595690786,DF:DF:EE:00:00:04,-51
BLE,1703392073607954480,D3:F4:55:AB:96:20,-71
BLE,1703392073798009531,D3:F4:55:AB:96:20,-68
BLE,1703392073990731510,D3:F4:55:AB:96:20,-72
BLE,1703392074120325873,DF:A6:DC:DC:2E:81,-71
BLE,1703392074120357581,DF:DF:EE:00:00:01,-71
BLE,1703392074131749410,DF:DF:EE:00:00:04,-50
BLE,1703392074184266314,D3:F4:55:AB:96:20,-70
BLE,1703392074373013796,D3:F4:55:AB:96:20,-71
BLE,1703392074569406109,D3:F4:55:AB:96:20,-70
BLE,1703392074595940224,DF:DF:EE:00:00:04,-55
BLE,1703392074761149641,D3:F4:55:AB:96:20,-68
BLE,1703392074956226551,D3:F4:55:AB:96:20,-71
BLE,1703392075125639754,DF:A6:DC:DC:2E:81,-72
BLE,1703392075125681753,DF:DF:EE:00:00:01,-72
BLE,1703392075137933656,DF:DF:EE:00:00:04,-55
BLE,1703392075144175210,D3:F4:55:AB:96:20,-68
BLE,1703392075342846080,D3:F4:55:AB:96:20,-57
BLE,1703392075528456140,D3:F4:55:AB:96:20,-69
BLE,1703392075593395028,DF:DF:EE:00:00:04,-50
BLE,1703392075912173868,D3:F4:55:AB:96:20,-68
BLE,1703392076100850101,D3:F4:55:AB:96:20,-73
BLE,1703392076129328028,DF:DF:EE:00:00:04,-55
BLE,1703392076295402060,D3:F4:55:AB:96:20,-67
BLE,1703392076485929730,D3:F4:55:AB:96:20,-72
BLE,1703392076588190403,DF:DF:EE:00:00:04,-50
BLE,1703392076673502685,D3:F4:55:AB:96:20,-68
BLE,1703392076864469892,D3:F4:55:AB:96:20,-70
BLE,1703392077053518871,D3:F4:55:AB:96:20,-72
BLE,1703392077133495339,DF:A6:DC:DC:2E:81,-71
BLE,1703392077133526255,DF:DF:EE:00:00:01,-71
BLE,1703392077248001331,D3:F4:55:AB:96:20,-62
BLE,1703392077444080480,D3:F4:55:AB:96:20,-68
BLE,1703392077445450965,D3:F4:55:AB:96:20,-72
BLE,1703392077592662502,DF:DF:EE:00:00:04,-39
BLE,1703392077637996071,D3:F4:55:AB:96:20,-72
BLE,1703392077831830204,D3:F4:55:AB:96:20,-72
BLE,1703392078023003451,D3:F4:55:AB:96:20,-68
BLE,1703392078130895684,DF:DF:EE:00:00:04,-56
BLE,1703392078409673437,D3:F4:55:AB:96:20,-68
BLE,1703392078591065961,DF:DF:EE:00:00:04,-50
BLE,1703392078787991226,D3:F4:55:AB:96:20,-68
BLE,1703392078983350842,D3:F4:55:AB:96:20,-71
BLE,1703392079366040082,D3:F4:55:AB:96:20,-72
BLE,1703392079588913885,DF:DF:EE:00:00:04,-52
BLE,1703392079744513703,D3:F4:55:AB:96:20,-70
BLE,1703392079933341851,D3:F4:55:AB:96:20,-72
BLE,1703392080120349728,D3:F4:55:AB:96:20,-52
BLE,1703392080135211851,DF:DF:EE:00:00:04,-40
BLE,1703392080145407652,DF:A6:DC:DC:2E:81,-57
BLE,1703392080145433402,DF:DF:EE:00:00:01,-57
BLE,1703392080316738666,D3:F4:55:AB:96:20,-56
BLE,1703392080507298045,D3:F4:55:AB:96:20,-71
BLE,1703392080597285357,DF:DF:EE:00:00:04,-53
BLE,1703392080702069626,D3:F4:55:AB:96:20,-68
BLE,1703392081087278420,D3:F4:55:AB:96:20,-68
BLE,1703392081131036590,DF:DF:EE:00:00:04,-50
BLE,1703392081152293557,DF:A6:DC:DC:2E:81,-72
BLE,1703392081152317807,DF:DF:EE:00:00:01,-72
BLE,1703392081480845286,D3:F4:55:AB:96:20,-72
BLE,1703392081594525038,DF:DF:EE:00:00:04,-55
BLE,1703392081670169054,D3:F4:55:AB:96:20,-53
BLE,1703392081867299400,D3:F4:55:AB:96:20,-71
BLE,1703392082062451851,D3:F4:55:AB:96:20,-56
BLE,1703392082130853158,DF:DF:EE:00:00:04,-53
BLE,1703392082157133902,DF:A6:DC:DC:2E:81,-60
BLE,1703392082157162860,DF:DF:EE:00:00:01,-60
BLE,1703392082442133334,D3:F4:55:AB:96:20,-71
BLE,1703392082593682947,DF:DF:EE:00:00:04,-51
BLE,1703392082636744375,D3:F4:55:AB:96:20,-68
BLE,1703392082830925129,D3:F4:55:AB:96:20,-72
BLE,1703392083023033365,D3:F4:55:AB:96:20,-68
BLE,1703392083128993621,DF:DF:EE:00:00:04,-56
BLE,1703392083164714632,DF:A6:DC:DC:2E:81,-73
BLE,1703392083164740965,DF:DF:EE:00:00:01,-73
BLE,1703392083586058391,DF:DF:EE:00:00:04,-51
BLE,1703392083796756625,D3:F4:55:AB:96:20,-71
BLE,1703392083993663681,D3:F4:55:AB:96:20,-70
BLE,1703392084131936362,DF:DF:EE:00:00:04,-53
BLE,1703392084168501614,DF:A6:DC:DC:2E:81,-71
BLE,1703392084168532113,DF:DF:EE:00:00:01,-71
BLE,1703392084184617056,D3:F4:55:AB:96:20,-72
BLE,1703392084379763757,D3:F4:55:AB:96:20,-56
BLE,1703392084574331382,D3:F4:55:AB:96:20,-68
BLE,1703392084593469123,DF:DF:EE:00:00:04,-51
BLE,1703392084769736748,D3:F4:55:AB:96:20,-71
BLE,1703392084963438799,D3:F4:55:AB:96:20,-70
BLE,1703392085134947644,DF:DF:EE:00:00:04,-50
BLE,1703392085173883077,DF:A6:DC:DC:2E:81,-75
BLE,1703392085173921327,DF:DF:EE:00:00:01,-75
BLE,1703392085350715737,D3:F4:55:AB:96:20,-72
BLE,1703392085540864828,D3:F4:55:AB:96:20,-68
BLE,1703392085592261453,DF:DF:EE:00:00:04,-52
BLE,1703392085735824991,D3:F4:55:AB:96:20,-56
BLE,1703392085930255409,D3:F4:55:AB:96:20,-72
BLE,1703392086131859787,DF:DF:EE:00:00:04,-52
BLE,1703392086176253700,DF:A6:DC:DC:2E:81,-63
BLE,1703392086176281200,DF:DF:EE:00:00:01,-63
BLE,1703392086312120574,D3:F4:55:AB:96:20,-70
BLE,1703392086594289538,DF:DF:EE:00:00:04,-54
BLE,1703392086690880067,D3:F4:55:AB:96:20,-68
BLE,1703392087080325855,D3:F4:55:AB:96:20,-70
BLE,1703392087128778013,DF:DF:EE:00:00:04,-55
BLE,1703392087183328519,DF:A6:DC:DC:2E:81,-74
BLE,1703392087183358269,DF:DF:EE:00:00:01,-74
BLE,1703392087272425341,D3:F4:55:AB:96:20,-68
BLE,1703392087462346435,D3:F4:55:AB:96:20,-71
BLE,1703392087848992047,D3:F4:55:AB:96:20,-71
BLE,1703392088135564169,DF:DF:EE:00:00:04,-53
BLE,1703392088808454240,D3:F4:55:AB:96:20,-58
BLE,1703392089129053393,DF:DF:EE:00:00:04,-53
BLE,1703392089130654166,DF:DF:EE:00:00:04,-54
BLE,1703392089192222759,D3:F4:55:AB:96:20,-70
BLE,1703392089570981627,D3:F4:55:AB:96:20,-68
BLE,1703392089592315843,DF:DF:EE:00:00:04,-51
BLE,1703392089764927384,D3:F4:55:AB:96:20,-57
BLE,1703392089957494698,D3:F4:55:AB:96:20,-72
BLE,1703392090136195711,DF:DF:EE:00:00:04,-52
BLE,1703392090196213072,DF:A6:DC:DC:2E:81,-73
BLE,1703392090196245363,DF:DF:EE:00:00:01,-73
BLE,1703392090341144218,D3:F4:55:AB:96:20,-70
BLE,1703392090593121192,DF:DF:EE:00:00:04,-54
BLE,1703392090729927847,D3:F4:55:AB:96:20,-72
BLE,1703392091111230061,D3:F4:55:AB:96:20,-72
BLE,1703392091128275534,DF:DF:EE:00:00:04,-52
BLE,1703392091204960247,DF:A6:DC:DC:2E:81,-76
BLE,1703392091204986955,DF:DF:EE:00:00:01,-76
BLE,1703392091298693016,D3:F4:55:AB:96:20,-68
BLE,1703392091487687121,D3:F4:55:AB:96:20,-70
BLE,1703392091594819572,DF:DF:EE:00:00:04,-51
BLE,1703392091676972098,D3:F4:55:AB:96:20,-72
BLE,1703392091870894855,D3:F4:55:AB:96:20,-71
BLE,1703392092208210318,DF:A6:DC:DC:2E:81,-71
BLE,1703392092208245609,DF:DF:EE:00:00:01,-71
BLE,1703392092593923523,DF:DF:EE:00:00:04,-53
BLE,1703392092836046942,D3:F4:55:AB:96:20,-70
BLE,1703392093032283506,D3:F4:55:AB:96:20,-68
BLE,1703392093231938198,D3:F4:55:AB:96:20,-72
BLE,1703392093813752845,D3:F4:55:AB:96:20,-72
BLE,1703392094000771014,D3:F4:55:AB:96:20,-68
BLE,1703392094129461011,DF:DF:EE:00:00:04,-55
BLE,1703392094197093993,D3:F4:55:AB:96:20,-72
BLE,1703392094221257178,DF:A6:DC:DC:2E:81,-75
BLE,1703392094221282802,DF:DF:EE:00:00:01,-75
BLE,1703392094390000679,D3:F4:55:AB:96:20,-56
BLE,1703392094592731461,DF:DF:EE:00:00:04,-54
BLE,1703392094774414482,D3:F4:55:AB:96:20,-71
BLE,1703392095132536918,DF:DF:EE:00:00:04,-53
BLE,1703392095153631136,D3:F4:55:AB:96:20,-62
BLE,1703392095346897568,D3:F4:55:AB:96:20,-71
BLE,1703392095539880044,D3:F4:55:AB:96:20,-70
BLE,1703392095594208261,DF:DF:EE:00:00:04,-55
BLE,1703392095919744107,D3:F4:55:AB:96:20,-71
BLE,1703392096115019016,D3:F4:55:AB:96:20,-66
BLE,1703392096133465307,DF:DF:EE:00:00:04,-73
BLE,1703392096228286605,DF:A6:DC:DC:2E:81,-72
BLE,1703392096228321855,DF:DF:EE:00:00:01,-72
BLE,1703392096306469010,D3:F4:55:AB:96:20,-70
BLE,1703392096503892185,D3:F4:55:AB:96:20,-70
BLE,1703392096594237243,DF:DF:EE:00:00:04,-53
BLE,1703392097127047487,DF:DF:EE:00:00:04,-51
BLE,1703392097233782651,DF:A6:DC:DC:2E:81,-76
BLE,1703392097233874358,DF:DF:EE:00:00:01,-76
BLE,1703392097460122415,D3:F4:55:AB:96:20,-72
BLE,1703392097656034941,D3:F4:55:AB:96:20,-71
BLE,1703392098132706073,DF:DF:EE:00:00:04,-55
BLE,1703392098233226057,DF:A6:DC:DC:2E:81,-72
BLE,1703392098233254098,DF:DF:EE:00:00:01,-72
BLE,1703392098237056763,D3:F4:55:AB:96:20,-70
BLE,1703392098591551115,DF:DF:EE:00:00:04,-51
BLE,1703392098622106351,D3:F4:55:AB:96:20,-71
BLE,1703392098816029817,D3:F4:55:AB:96:20,-66
BLE,1703392099131247947,DF:DF:EE:00:00:04,-51
BLE,1703392099237542866,DF:A6:DC:DC:2E:81,-75
BLE,1703392099237570407,DF:DF:EE:00:00:01,-75
BLE,1703392099578819076,D3:F4:55:AB:96:20,-68
BLE,1703392099588847878,DF:DF:EE:00:00:04,-53
BLE,1703392099778020981,D3:F4:55:AB:96:20,-72
BLE,1703392099964325950,D3:F4:55:AB:96:20,-67
BLE,1703392100351323182,D3:F4:55:AB:96:20,-70
BLE,1703392100737970919,D3:F4:55:AB:96:20,-70
BLE,1703392100930066072,D3:F4:55:AB:96:20,-68
BLE,1703392101251672588,DF:A6:DC:DC:2E:81,-72
BLE,1703392101251706796,DF:DF:EE:00:00:01,-72
BLE,1703392101588277059,DF:DF:EE:00:00:04,-52
BLE,1703392101876507371,D3:F4:55:AB:96:20,-68
BLE,1703392102069902926,D3:F4:55:AB:96:20,-72
BLE,1703392102264624132,D3:F4:55:AB:96:20,-70
BLE,1703392102460434660,D3:F4:55:AB:96:20,-68
BLE,1703392102651783321,D3:F4:55:AB:96:20,-71
BLE,1703392102653314554,D3:F4:55:AB:96:20,-72
BLE,1703392102841704082,D3:F4:55:AB:96:20,-69
BLE,1703392103032666081,D3:F4:55:AB:96:20,-72
BLE,1703392103128278621,DF:DF:EE:00:00:04,-54
BLE,1703392103422337450,D3:F4:55:AB:96:20,-72
BLE,1703392103594629995,DF:DF:EE:00:00:04,-52
BLE,1703392103608487587,D3:F4:55:AB:96:20,-67
BLE,1703392104196195875,D3:F4:55:AB:96:20,-68
BLE,1703392104268978424,DF:A6:DC:DC:2E:81,-73
BLE,1703392104269005298,DF:DF:EE:00:00:01,-73
BLE,1703392104388927437,D3:F4:55:AB:96:20,-72
BLE,1703392104577164551,D3:F4:55:AB:96:20,-68
BLE,1703392104591823301,DF:DF:EE:00:00:04,-56
BLE,1703392104966505090,D3:F4:55:AB:96:20,-71
BLE,1703392105356234250,D3:F4:55:AB:96:20,-72
BLE,1703392105589310854,DF:DF:EE:00:00:04,-50
BLE,1703392105740047393,D3:F4:55:AB:96:20,-72
BLE,1703392105925106251,D3:F4:55:AB:96:20,-68
BLE,1703392106133680800,DF:DF:EE:00:00:04,-52
BLE,1703392106589187880,DF:DF:EE:00:00:04,-52
BLE,1703392106698443723,D3:F4:55:AB:96:20,-70
BLE,1703392107084742464,D3:F4:55:AB:96:20,-72
BLE,1703392107086043324,D3:F4:55:AB:96:20,-73
BLE,1703392107133393703,DF:DF:EE:00:00:04,-55
BLE,1703392107286394050,DF:A6:DC:DC:2E:81,-72
BLE,1703392107286420050,DF:DF:EE:00:00:01,-72
BLE,1703392107589736815,DF:DF:EE:00:00:04,-52
BLE,1703392107660820800,D3:F4:55:AB:96:20,-68
BLE,1703392107851180306,D3:F4:55:AB:96:20,-72
BLE,1703392108041465479,D3:F4:55:AB:96:20,-67
BLE,1703392108133401728,DF:DF:EE:00:00:04,-51
BLE,1703392108294850103,DF:A6:DC:DC:2E:81,-71
BLE,1703392108294879020,DF:DF:EE:00:00:01,-71
BLE,1703392108596445805,DF:DF:EE:00:00:04,-55
BLE,1703392109196401579,D3:F4:55:AB:96:20,-70
BLE,1703392109302986161,DF:A6:DC:DC:2E:81,-72
BLE,1703392109303012119,DF:DF:EE:00:00:01,-72
BLE,1703392109388768645,D3:F4:55:AB:96:20,-68
BLE,1703392109580495969,D3:F4:55:AB:96:20,-73
BLE,1703392109594097398,DF:DF:EE:00:00:04,-51
BLE,1703392109771535801,D3:F4:55:AB:96:20,-68
BLE,1703392110306078275,DF:A6:DC:DC:2E:81,-61
BLE,1703392110306114775,DF:DF:EE:00:00:01,-61
BLE,1703392110352648455,D3:F4:55:AB:96:20,-71
BLE,1703392110545409892,D3:F4:55:AB:96:20,-70
BLE,1703392110596128025,DF:DF:EE:00:00:04,-55
BLE,1703392110738420868,D3:F4:55:AB:96:20,-68
BLE,1703392111308636604,DF:A6:DC:DC:2E:81,-71
BLE,1703392111308672645,DF:DF:EE:00:00:01,-71
BLE,1703392111324889753,D3:F4:55:AB:96:20,-67
BLE,1703392111894416955,D3:F4:55:AB:96:20,-71
BLE,1703392112129066500,DF:DF:EE:00:00:04,-54
BLE,1703392112277329817,D3:F4:55:AB:96:20,-70
BLE,1703392112472703725,D3:F4:55:AB:96:20,-68
BLE,1703392112586102521,DF:DF:EE:00:00:04,-50
BLE,1703392112661794704,D3:F4:55:AB:96:20,-70
BLE,1703392112857885270,D3:F4:55:AB:96:20,-68
BLE,1703392113134085635,DF:DF:EE:00:00:04,-52
BLE,1703392113247783802,D3:F4:55:AB:96:20,-72
BLE,1703392113627314911,D3:F4:55:AB:96:20,-70
BLE,1703392113817577168,D3:F4:55:AB:96:20,-72
BLE,1703392114126055375,DF:DF:EE:00:00:04,-53
BLE,1703392114197622855,D3:F4:55:AB:96:20,-56
BLE,1703392114317691617,DF:A6:DC:DC:2E:81,-72
BLE,1703392114317720533,DF:DF:EE:00:00:01,-72
BLE,1703392114386605501,D3:F4:55:AB:96:20,-68
BLE,1703392114590281065,DF:DF:EE:00:00:04,-52
BLE,1703392114766096819,D3:F4:55:AB:96:20,-68
BLE,1703392115339254522,D3:F4:55:AB:96:20,-70
BLE,1703392115587825034,DF:DF:EE:00:00:04,-52
BLE,1703392115914475326,D3:F4:55:AB:96:20,-68
BLE,1703392116106120776,D3:F4:55:AB:96:20,-70
BLE,1703392116324780002,DF:A6:DC:DC:2E:81,-72
BLE,1703392116324811335,DF:DF:EE:00:00:01,-72
BLE,1703392116492815803,D3:F4:55:AB:96:20,-72
BLE,1703392116589207168,DF:DF:EE:00:00:04,-50
BLE,1703392116679336520,D3:F4:55:AB:96:20,-68
BLE,1703392117130088028,DF:DF:EE:00:00:04,-51
BLE,1703392117253551669,D3:F4:55:AB:96:20,-71
BLE,1703392117447307428,D3:F4:55:AB:96:20,-68
BLE,1703392117590532427,DF:DF:EE:00:00:04,-50
BLE,1703392117834235078,D3:F4:55:AB:96:20,-72
BLE,1703392118023901967,D3:F4:55:AB:96:20,-73
BLE,1703392118337964152,DF:A6:DC:DC:2E:81,-75
BLE,1703392118338006235,DF:DF:EE:00:00:01,-75
BLE,1703392118406889161,D3:F4:55:AB:96:20,-72
BLE,1703392118593049923,DF:DF:EE:00:00:04,-51
BLE,1703392118595172857,D3:F4:55:AB:96:20,-66
BLE,1703392118986686997,D3:F4:55:AB:96:20,-70
BLE,1703392119127015696,DF:DF:EE:00:00:04,-56
BLE,1703392119176658174,D3:F4:55:AB:96:20,-68
BLE,1703392119337954135,DF:A6:DC:DC:2E:81,-73
BLE,1703392119337985010,DF:DF:EE:00:00:01,-73
BLE,1703392119369615026,D3:F4:55:AB:96:20,-70
BLE,1703392119589418781,DF:DF:EE:00:00:04,-52
BLE,1703392119945426073,D3:F4:55:AB:96:20,-68
BLE,1703392120140485776,D3:F4:55:AB:96:20,-72
BLE,1703392120333618959,D3:F4:55:AB:96:20,-71
BLE,1703392120341658826,DF:A6:DC:DC:2E:81,-75
BLE,1703392120341685742,DF:DF:EE:00:00:01,-75
BLE,1703392120717095689,D3:F4:55:AB:96:20,-72
BLE,1703392120910189956,D3:F4:55:AB:96:20,-68
BLE,1703392121099169478,D3:F4:55:AB:96:20,-73
BLE,1703392121126676207,DF:DF:EE:00:00:04,-55
BLE,1703392121488176896,D3:F4:55:AB:96:20,-72
BLE,1703392121675199731,D3:F4:55:AB:96:20,-53
BLE,1703392121874429387,D3:F4:55:AB:96:20,-72
BLE,1703392122063671905,D3:F4:55:AB:96:20,-71
BLE,1703392122126761481,DF:DF:EE:00:00:04,-51
BLE,1703392122252985215,D3:F4:55:AB:96:20,-72
BLE,1703392122353975110,DF:A6:DC:DC:2E:81,-72
BLE,1703392122354005527,DF:DF:EE:00:00:01,-72
BLE,1703392122443152681,D3:F4:55:AB:96:20,-68
BLE,1703392122826807535,D3:F4:55:AB:96:20,-67
BLE,1703392123130341215,DF:DF:EE:00:00:04,-55
BLE,1703392123361604048,DF:A6:DC:DC:2E:81,-72
BLE,1703392123361635006,DF:DF:EE:00:00:01,-72
BLE,1703392123589187799,DF:DF:EE:00:00:04,-50
BLE,1703392123792947652,D3:F4:55:AB:96:20,-66
BLE,1703392123987818815,D3:F4:55:AB:96:20,-72
BLE,1703392124183393346,D3:F4:55:AB:96:20,-70
BLE,1703392124367742920,DF:A6:DC:DC:2E:81,-76
BLE,1703392124367772461,DF:DF:EE:00:00:01,-76
BLE,1703392124374691008,D3:F4:55:AB:96:20,-68
BLE,1703392124595941788,DF:DF:EE:00:00:04,-55
BLE,1703392124764100879,D3:F4:55:AB:96:20,-71
BLE,1703392124953777268,D3:F4:55:AB:96:20,-72
BLE,1703392125132908193,DF:DF:EE:00:00:04,-55
BLE,1703392125338005615,D3:F4:55:AB:96:20,-72
BLE,1703392125368795349,DF:A6:DC:DC:2E:81,-72
BLE,1703392125368827140,DF:DF:EE:00:00:01,-72
BLE,1703392125525263698,D3:F4:55:AB:96:20,-68
BLE,1703392125589998338,DF:DF:EE:00:00:04,-51
BLE,1703392125906489038,D3:F4:55:AB:96:20,-67
BLE,1703392126101730988,D3:F4:55:AB:96:20,-72
BLE,1703392126127515362,DF:DF:EE:00:00:04,-56
BLE,1703392126295282583,D3:F4:55:AB:96:20,-71
BLE,1703392126490415785,D3:F4:55:AB:96:20,-68
BLE,1703392126684205585,D3:F4:55:AB:96:20,-72
BLE,1703392126880069404,D3:F4:55:AB:96:20,-71
BLE,1703392127130535061,DF:DF:EE:00:00:04,-53
BLE,1703392127263032890,D3:F4:55:AB:96:20,-70
BLE,1703392127451882705,D3:F4:55:AB:96:20,-71
BLE,1703392127591940699,DF:DF:EE:00:00:04,-50
BLE,1703392127639477576,D3:F4:55:AB:96:20,-68
BLE,1703392128229151675,D3:F4:55:AB:96:20,-73
BLE,1703392128614363094,D3:F4:55:AB:96:20,-72
BLE,1703392129001305494,D3:F4:55:AB:96:20,-72
BLE,1703392129123793978,DF:DF:EE:00:00:04,-51
BLE,1703392129388086395,DF:A6:DC:DC:2E:81,-76
BLE,1703392129388118020,DF:DF:EE:00:00:01,-76
BLE,1703392129588064667,D3:F4:55:AB:96:20,-72
BLE,1703392129591345380,DF:DF:EE:00:00:04,-55
BLE,1703392130160638085,D3:F4:55:AB:96:20,-69
BLE,1703392130393033489,DF:A6:DC:DC:2E:81,-72
BLE,1703392130393068488,DF:DF:EE:00:00:01,-72
BLE,1703392130551217818,D3:F4:55:AB:96:20,-70
BLE,1703392130590165085,DF:DF:EE:00:00:04,-50
BLE,1703392130936362905,D3:F4:55:AB:96:20,-71
BLE,1703392131123828361,D3:F4:55:AB:96:20,-68
BLE,1703392131312718508,D3:F4:55:AB:96:20,-72
BLE,1703392131399772229,DF:A6:DC:DC:2E:81,-72
BLE,1703392131399798937,DF:DF:EE:00:00:01,-72
BLE,1703392131589902695,DF:DF:EE:00:00:04,-54
BLE,1703392132078577315,D3:F4:55:AB:96:20,-72
BLE,1703392132130096189,DF:DF:EE:00:00:04,-69
BLE,1703392132408004535,DF:A6:DC:DC:2E:81,-74
BLE,1703392132408035284,DF:DF:EE:00:00:01,-74
BLE,1703392132468587680,D3:F4:55:AB:96:20,-71
BLE,1703392132658076280,D3:F4:55:AB:96:20,-68
BLE,1703392133038200507,D3:F4:55:AB:96:20,-52
BLE,1703392133126925208,DF:DF:EE:00:00:04,-50
BLE,1703392133421866485,D3:F4:55:AB:96:20,-66
BLE,1703392133592645922,DF:DF:EE:00:00:04,-56
BLE,1703392133615774451,D3:F4:55:AB:96:20,-72
BLE,1703392134193209564,D3:F4:55:AB:96:20,-72
BLE,1703392134387724272,D3:F4:55:AB:96:20,-68
BLE,1703392134423954278,DF:A6:DC:DC:2E:81,-76
BLE,1703392134423980153,DF:DF:EE:00:00:01,-76
BLE,1703392134585517277,D3:F4:55:AB:96:20,-72
BLE,1703392134591313420,DF:DF:EE:00:00:04,-50
BLE,1703392134773892764,D3:F4:55:AB:96:20,-68
BLE,1703392135155690889,D3:F4:55:AB:96:20,-66
BLE,1703392135429281200,DF:A6:DC:DC:2E:81,-73
BLE,1703392135429316075,DF:DF:EE:00:00:01,-73
BLE,1703392135550073663,D3:F4:55:AB:96:20,-72
BLE,1703392135591732982,DF:DF:EE:00:00:04,-52
BLE,1703392135740183005,D3:F4:55:AB:96:20,-67
BLE,1703392136130170453,D3:F4:55:AB:96:20,-71
BLE,1703392136131524105,DF:DF:EE:00:00:04,-53
BLE,1703392136434029463,DF:A6:DC:DC:2E:81,-72
BLE,1703392136434062004,DF:DF:EE:00:00:01,-72
BLE,1703392136513086815,D3:F4:55:AB:96:20,-72
BLE,1703392136593892107,DF:DF:EE:00:00:04,-50
BLE,1703392136895144354,D3:F4:55:AB:96:20,-71
BLE,1703392137864653183,D3:F4:55:AB:96:20,-72
BLE,1703392138055631307,D3:F4:55:AB:96:20,-66
BLE,1703392138251876455,D3:F4:55:AB:96:20,-72
BLE,1703392138440866393,D3:F4:55:AB:96:20,-67
BLE,1703392138449679293,DF:A6:DC:DC:2E:81,-71
BLE,1703392138449705001,DF:DF:EE:00:00:01,-71
BLE,1703392138588066180,DF:DF:EE:00:00:04,-56
BLE,1703392138832661779,D3:F4:55:AB:96:20,-72
BLE,1703392138834000306,D3:F4:55:AB:96:20,-71
BLE,1703392139406517349,D3:F4:55:AB:96:20,-68
BLE,1703392139453077195,DF:A6:DC:DC:2E:81,-72
BLE,1703392139453104528,DF:DF:EE:00:00:01,-72
BLE,1703392139593191397,DF:DF:EE:00:00:04,-63
BLE,1703392139983307469,D3:F4:55:AB:96:20,-72
BLE,1703392140124385159,DF:DF:EE:00:00:04,-50
BLE,1703392140587453445,DF:DF:EE:00:00:04,-52
BLE,1703392140589029760,DF:DF:EE:00:00:04,-55
BLE,1703392140755638286,D3:F4:55:AB:96:20,-68
BLE,1703392141133542538,DF:DF:EE:00:00:04,-55
BLE,1703392141460682575,DF:A6:DC:DC:2E:81,-71
BLE,1703392141460715658,DF:DF:EE:00:00:01,-71
BLE,1703392141523316989,D3:F4:55:AB:96:20,-69
BLE,1703392141594529389,DF:DF:EE:00:00:04,-52
BLE,1703392141718224568,D3:F4:55:AB:96:20,-71
BLE,1703392142105292925,D3:F4:55:AB:96:20,-68
BLE,1703392142299411138,D3:F4:55:AB:96:20,-72
BLE,1703392142464142102,DF:A6:DC:DC:2E:81,-71
BLE,1703392142464175977,DF:DF:EE:00:00:01,-71
BLE,1703392142489793561,D3:F4:55:AB:96:20,-66
BLE,1703392142588867520,DF:DF:EE:00:00:04,-52
BLE,1703392142682042212,D3:F4:55:AB:96:20,-56
BLE,1703392143067250173,D3:F4:55:AB:96:20,-73
BLE,1703392143128289897,DF:DF:EE:00:00:04,-53
BLE,1703392143262086295,D3:F4:55:AB:96:20,-71
BLE,1703392143456186134,D3:F4:55:AB:96:20,-68
BLE,1703392143467416714,DF:A6:DC:DC:2E:81,-73
BLE,1703392143467443464,DF:DF:EE:00:00:01,-73
BLE,1703392143593227870,DF:DF:EE:00:00:04,-51
BLE,1703392143844049273,D3:F4:55:AB:96:20,-70
BLE,1703392144033366207,D3:F4:55:AB:96:20,-71
BLE,1703392144131589051,DF:DF:EE:00:00:04,-50
BLE,1703392144223037805,D3:F4:55:AB:96:20,-68
BLE,1703392144467554404,DF:A6:DC:DC:2E:81,-72
BLE,1703392144467582654,DF:DF:EE:00:00:01,-72
BLE,1703392144606530993,D3:F4:55:AB:96:20,-68
BLE,1703392144995422704,D3:F4:55:AB:96:20,-71
BLE,1703392145130913416,DF:DF:EE:00:00:04,-52
BLE,1703392145765307674,D3:F4:55:AB:96:20,-72
BLE,1703392145959712468,D3:F4:55:AB:96:20,-71
BLE,1703392146343731317,D3:F4:55:AB:96:20,-72
BLE,1703392146478409039,DF:A6:DC:DC:2E:81,-71
BLE,1703392146478438205,DF:DF:EE:00:00:01,-71
BLE,1703392146593985643,DF:DF:EE:00:00:04,-53
BLE,1703392146727503920,D3:F4:55:AB:96:20,-71
BLE,1703392146920853600,D3:F4:55:AB:96:20,-68
BLE,1703392147116643044,D3:F4:55:AB:96:20,-71
BLE,1703392147127919583,DF:DF:EE:00:00:04,-50
BLE,1703392147303393716,D3:F4:55:AB:96:20,-68
BLE,1703392147590643331,DF:DF:EE:00:00:04,-55
BLE,1703392147693007336,D3:F4:55:AB:96:20,-70
BLE,1703392147889005278,D3:F4:55:AB:96:20,-52
BLE,1703392148082201210,D3:F4:55:AB:96:20,-72
BLE,1703392148129191052,DF:DF:EE:00:00:04,-55
BLE,1703392148269589958,D3:F4:55:AB:96:20,-68
BLE,1703392148491565022,DF:A6:DC:DC:2E:81,-76
BLE,1703392148491593730,DF:DF:EE:00:00:01,-76
BLE,1703392148587170062,DF:DF:EE:00:00:04,-51
BLE,1703392148839677362,D3:F4:55:AB:96:20,-70
BLE,1703392149030457530,D3:F4:55:AB:96:20,-72
BLE,1703392149132548080,DF:DF:EE:00:00:04,-52
BLE,1703392149224204331,D3:F4:55:AB:96:20,-70
BLE,1703392149492221622,DF:A6:DC:DC:2E:81,-71
BLE,1703392149492254497,DF:DF:EE:00:00:01,-71
BLE,1703392149586708758,DF:DF:EE:00:00:04,-53
BLE,1703392149608312430,D3:F4:55:AB:96:20,-72
BLE,1703392149803190676,D3:F4:55:AB:96:20,-67
BLE,1703392150130870790,DF:DF:EE:00:00:04,-55
BLE,1703392150498071747,DF:A6:DC:DC:2E:81,-72
BLE,1703392150498107330,DF:DF:EE:00:00:01,-72
BLE,1703392150565102361,D3:F4:55:AB:96:20,-67
BLE,1703392150762893700,D3:F4:55:AB:96:20,-71
BLE,1703392151130175739,DF:DF:EE:00:00:04,-50
BLE,1703392151339211992,D3:F4:55:AB:96:20,-71
BLE,1703392151530338780,D3:F4:55:AB:96:20,-71
BLE,1703392151588348789,DF:DF:EE:00:00:04,-53
BLE,1703392151908466947,D3:F4:55:AB:96:20,-72
BLE,1703392152126166351,DF:DF:EE:00:00:04,-52
BLE,1703392152486768716,D3:F4:55:AB:96:20,-70
BLE,1703392152515458641,DF:A6:DC:DC:2E:81,-75
BLE,1703392152515486265,DF:DF:EE:00:00:01,-75
BLE,1703392152587241701,DF:DF:EE:00:00:04,-55
BLE,1703392152870789733,D3:F4:55:AB:96:20,-72
BLE,1703392153066016933,D3:F4:55:AB:96:20,-67
BLE,1703392153258569498,D3:F4:55:AB:96:20,-71
BLE,1703392153454352317,D3:F4:55:AB:96:20,-70
BLE,1703392153519719492,DF:A6:DC:DC:2E:81,-72
BLE,1703392153519749492,DF:DF:EE:00:00:01,-72
BLE,1703392153589600199,DF:DF:EE:00:00:04,-52
BLE,1703392153838257835,D3:F4:55:AB:96:20,-70
BLE,1703392154032358923,D3:F4:55:AB:96:20,-68
BLE,1703392154123621804,DF:DF:EE:00:00:04,-51
BLE,1703392154222658555,D3:F4:55:AB:96:20,-72
BLE,1703392154521728702,DF:A6:DC:DC:2E:81,-76
BLE,1703392154521759827,DF:DF:EE:00:00:01,-76
BLE,1703392154586990961,DF:DF:EE:00:00:04,-55
BLE,1703392154607219857,D3:F4:55:AB:96:20,-71
BLE,1703392154794702812,D3:F4:55:AB:96:20,-66
BLE,1703392155177125805,D3:F4:55:AB:96:20,-68
BLE,1703392155374925185,D3:F4:55:AB:96:20,-71
BLE,1703392155529663137,DF:A6:DC:DC:2E:81,-75
BLE,1703392155529692095,DF:DF:EE:00:00:01,-75
BLE,1703392155570852377,D3:F4:55:AB:96:20,-70
BLE,1703392155590982524,DF:DF:EE:00:00:04,-52
BLE,1703392155766444824,D3:F4:55:AB:96:20,-68
BLE,1703392156123622562,DF:DF:EE:00:00:04,-50
BLE,1703392156590546345,DF:DF:EE:00:00:04,-55
BLE,1703392156917130180,D3:F4:55:AB:96:20,-70
BLE,1703392157113598033,D3:F4:55:AB:96:20,-68
BLE,1703392157305446689,D3:F4:55:AB:96:20,-72
BLE,1703392157494858998,D3:F4:55:AB:96:20,-69
BLE,1703392157683907602,D3:F4:55:AB:96:20,-70
BLE,1703392157876695164,D3:F4:55:AB:96:20,-68
BLE,1703392158067630538,D3:F4:55:AB:96:20,-72
BLE,1703392158127544191,DF:DF:EE:00:00:04,-44
BLE,1703392158448538215,D3:F4:55:AB:96:20,-70
BLE,1703392158541681324,DF:A6:DC:DC:2E:81,-73
BLE,1703392158541710115,DF:DF:EE:00:00:01,-73
BLE,1703392158588111589,DF:DF:EE:00:00:04,-53
BLE,1703392158837266927,D3:F4:55:AB:96:20,-73
BLE,1703392159126148857,DF:DF:EE:00:00:04,-52
BLE,1703392159228970898,D3:F4:55:AB:96:20,-68
BLE,1703392159547732572,DF:A6:DC:DC:2E:81,-71
BLE,1703392159547763071,DF:DF:EE:00:00:01,-71
BLE,1703392159591188203,DF:DF:EE:00:00:04,-50
BLE,1703392159610079406,D3:F4:55:AB:96:20,-68
BLE,1703392159996272606,D3:F4:55:AB:96:20,-68
BLE,1703392160185356043,D3:F4:55:AB:96:20,-71
BLE,1703392160377416488,D3:F4:55:AB:96:20,-68
BLE,1703392160566353010,D3:F4:55:AB:96:20,-72
BLE,1703392160760642055,D3:F4:55:AB:96:20,-68
BLE,1703392161126810315,DF:DF:EE:00:00:04,-52
BLE,1703392161145644935,D3:F4:55:AB:96:20,-68
BLE,1703392161146979253,D3:F4:55:AB:96:20,-71
BLE,1703392161533670572,D3:F4:55:AB:96:20,-70
BLE,1703392161555254660,DF:A6:DC:DC:2E:81,-73
BLE,1703392161555285285,DF:DF:EE:00:00:01,-73
BLE,1703392161592307740,DF:DF:EE:00:00:04,-51
BLE,1703392161919090156,D3:F4:55:AB:96:20,-72
BLE,1703392162111027186,D3:F4:55:AB:96:20,-67
BLE,1703392162696119920,D3:F4:55:AB:96:20,-66
BLE,1703392162887750661,D3:F4:55:AB:96:20,-72
BLE,1703392163075032619,D3:F4:55:AB:96:20,-68
BLE,1703392163273746655,D3:F4:55:AB:96:20,-72
BLE,1703392163560290653,DF:A6:DC:DC:2E:81,-71
BLE,1703392163560323444,DF:DF:EE:00:00:01,-71
BLE,1703392163848166718,D3:F4:55:AB:96:20,-70
BLE,1703392164037250947,D3:F4:55:AB:96:20,-71
BLE,1703392164125681693,DF:DF:EE:00:00:04,-55
BLE,1703392164429341955,D3:F4:55:AB:96:20,-69
BLE,1703392164591513989,DF:DF:EE:00:00:04,-53
BLE,1703392164619731169,D3:F4:55:AB:96:20,-71
BLE,1703392164810731793,D3:F4:55:AB:96:20,-67
BLE,1703392165003593062,D3:F4:55:AB:96:20,-72
BLE,1703392165124410691,DF:DF:EE:00:00:04,-51
BLE,1703392165192319962,D3:F4:55:AB:96:20,-69
BLE,1703392165384539488,D3:F4:55:AB:96:20,-72
BLE,1703392165572636353,DF:A6:DC:DC:2E:81,-72
BLE,1703392165572666853,DF:DF:EE:00:00:01,-72
BLE,1703392165576033648,D3:F4:55:AB:96:20,-66
BLE,1703392165958150728,D3:F4:55:AB:96:20,-69
BLE,1703392166345987367,D3:F4:55:AB:96:20,-71
BLE,1703392167121254401,D3:F4:55:AB:96:20,-72
BLE,1703392167317074970,D3:F4:55:AB:96:20,-72
BLE,1703392167590439242,DF:DF:EE:00:00:04,-55
BLE,1703392167702512470,D3:F4:55:AB:96:20,-71
BLE,1703392167894718455,D3:F4:55:AB:96:20,-68
BLE,1703392168084969712,D3:F4:55:AB:96:20,-72
BLE,1703392168272498042,D3:F4:55:AB:96:20,-69
BLE,1703392168463207044,D3:F4:55:AB:96:20,-70
BLE,1703392168589735233,DF:DF:EE:00:00:04,-51
BLE,1703392168655765025,D3:F4:55:AB:96:20,-68
BLE,1703392169037294528,D3:F4:55:AB:96:20,-69
BLE,1703392169127257257,DF:DF:EE:00:00:04,-50
BLE,1703392170006966189,D3:F4:55:AB:96:20,-68
BLE,1703392170124753310,DF:DF:EE:00:00:04,-53
BLE,1703392170585431123,D3:F4:55:AB:96:20,-72
BLE,1703392170780727656,D3:F4:55:AB:96:20,-70
BLE,1703392170976630016,D3:F4:55:AB:96:20,-66
BLE,1703392171358581014,D3:F4:55:AB:96:20,-67
BLE,1703392171548169529,D3:F4:55:AB:96:20,-72
BLE,1703392171549566179,D3:F4:55:AB:96:20,-71
BLE,1703392171933769402,D3:F4:55:AB:96:20,-72
BLE,1703392172122356845,DF:DF:EE:00:00:04,-51
BLE,1703392172513038910,D3:F4:55:AB:96:20,-71
BLE,1703392172587018821,DF:DF:EE:00:00:04,-54
BLE,1703392172894552538,D3:F4:55:AB:96:20,-70
BLE,1703392173127084857,DF:DF:EE:00:00:04,-55
BLE,1703392173474615079,D3:F4:55:AB:96:20,-68
BLE,1703392174439266505,D3:F4:55:AB:96:20,-68
BLE,1703392174589493342,DF:DF:EE:00:00:04,-56
BLE,1703392175020090246,D3:F4:55:AB:96:20,-73
BLE,1703392175206214592,D3:F4:55:AB:96:20,-68
BLE,1703392175399333983,D3:F4:55:AB:96:20,-71
BLE,1703392175593859483,DF:DF:EE:00:00:04,-52
BLE,1703392175595967210,D3:F4:55:AB:96:20,-72
BLE,1703392175784469653,D3:F4:55:AB:96:20,-72
BLE,1703392175854543775,DF:A6:DC:DC:2E:81,-72
BLE,1703392175854571316,DF:DF:EE:00:00:01,-72
BLE,1703392175972519311,D3:F4:55:AB:96:20,-68
BLE,1703392176129659360,DF:DF:EE:00:00:04,-50
BLE,1703392176162703110,D3:F4:55:AB:96:20,-71
BLE,1703392176359328670,D3:F4:55:AB:96:20,-62
BLE,1703392176553922711,D3:F4:55:AB:96:20,-69
BLE,1703392176592499773,DF:DF:EE:00:00:04,-54
BLE,1703392176748309713,D3:F4:55:AB:96:20,-71
BLE,1703392176856411820,DF:A6:DC:DC:2E:81,-71
BLE,1703392176856442736,DF:DF:EE:00:00:01,-71
BLE,1703392176942452760,D3:F4:55:AB:96:20,-70
BLE,1703392177132467186,D3:F4:55:AB:96:20,-72
BLE,1703392177133398009,DF:DF:EE:00:00:04,-55
BLE,1703392177318006205,D3:F4:55:AB:96:20,-68
BLE,1703392177587897392,DF:DF:EE:00:00:04,-51
BLE,1703392177708081653,D3:F4:55:AB:96:20,-70
BLE,1703392177857890577,DF:A6:DC:DC:2E:81,-71
BLE,1703392177857918910,DF:DF:EE:00:00:01,-71
BLE,1703392177899779894,D3:F4:55:AB:96:20,-72
BLE,1703392178472705641,D3:F4:55:AB:96:20,-70
BLE,1703392178587535462,DF:DF:EE:00:00:04,-52
BLE,1703392178668629084,D3:F4:55:AB:96:20,-66
BLE,1703392179125165527,DF:DF:EE:00:00:04,-52
BLE,1703392179240619091,D3:F4:55:AB:96:20,-70
BLE,1703392179434281352,D3:F4:55:AB:96:20,-68
BLE,1703392180214014210,D3:F4:55:AB:96:20,-72
BLE,1703392180403818055,D3:F4:55:AB:96:20,-69
BLE,1703392180592227083,DF:DF:EE:00:00:04,-52
BLE,1703392180597963685,D3:F4:55:AB:96:20,-72
BLE,1703392180858142982,DF:A6:DC:DC:2E:81,-56
BLE,1703392180858170315,DF:DF:EE:00:00:01,-56
BLE,1703392180986016614,D3:F4:55:AB:96:20,-69
BLE,1703392181125157034,DF:DF:EE:00:00:04,-50
BLE,1703392181176279412,D3:F4:55:AB:96:20,-71
BLE,1703392181367812155,D3:F4:55:AB:96:20,-68
BLE,1703392181562832900,D3:F4:55:AB:96:20,-72
BLE,1703392181754610182,D3:F4:55:AB:96:20,-66
BLE,1703392181856317402,DF:A6:DC:DC:2E:81,-76
BLE,1703392181856344943,DF:DF:EE:00:00:01,-76
BLE,1703392181945130769,D3:F4:55:AB:96:20,-71
BLE,1703392182330296106,D3:F4:55:AB:96:20,-71
BLE,1703392182852913840,DF:A6:DC:DC:2E:81,-74
BLE,1703392182852942090,DF:DF:EE:00:00:01,-74
BLE,1703392182909043578,D3:F4:55:AB:96:20,-72
BLE,1703392183130373191,DF:DF:EE:00:00:04,-52
BLE,1703392183285959425,D3:F4:55:AB:96:20,-66
BLE,1703392183476377305,D3:F4:55:AB:96:20,-72
BLE,1703392183587299046,DF:DF:EE:00:00:04,-55
BLE,1703392183664472920,D3:F4:55:AB:96:20,-68
BLE,1703392183858935380,D3:F4:55:AB:96:20,-72
BLE,1703392184048505687,D3:F4:55:AB:96:20,-68
BLE,1703392184122616054,DF:DF:EE:00:00:04,-53
BLE,1703392184436280244,D3:F4:55:AB:96:20,-70
BLE,1703392184588424683,DF:DF:EE:00:00:04,-50
BLE,1703392184820495008,D3:F4:55:AB:96:20,-71
BLE,1703392184859703271,DF:A6:DC:DC:2E:81,-72
BLE,1703392184859732020,DF:DF:EE:00:00:01,-72
BLE,1703392185126404327,DF:DF:EE:00:00:04,-51
BLE,1703392185580272092,D3:F4:55:AB:96:20,-68
BLE,1703392185772333287,D3:F4:55:AB:96:20,-72
BLE,1703392185861750522,DF:A6:DC:DC:2E:81,-75
BLE,1703392185861778355,DF:DF:EE:00:00:01,-75
BLE,1703392186589019767,DF:DF:EE:00:00:04,-51
BLE,1703392186738903650,D3:F4:55:AB:96:20,-71
BLE,1703392187123629574,D3:F4:55:AB:96:20,-72
BLE,1703392187309060053,D3:F4:55:AB:96:20,-66
BLE,1703392188130028026,DF:DF:EE:00:00:04,-53
BLE,1703392188264139171,D3:F4:55:AB:96:20,-71
BLE,1703392188590004930,DF:DF:EE:00:00:04,-51
BLE,1703392188650246663,D3:F4:55:AB:96:20,-72
BLE,1703392188860575193,DF:A6:DC:DC:2E:81,-73
BLE,1703392188860603484,DF:DF:EE:00:00:01,-73
BLE,1703392189034419386,D3:F4:55:AB:96:20,-71
BLE,1703392189222982913,D3:F4:55:AB:96:20,-68
BLE,1703392189588313683,DF:DF:EE:00:00:04,-53
BLE,1703392189800122195,D3:F4:55:AB:96:20,-72
BLE,1703392190128053848,DF:DF:EE:00:00:04,-52
BLE,1703392190375212584,D3:F4:55:AB:96:20,-70
BLE,1703392190566689203,D3:F4:55:AB:96:20,-72
BLE,1703392190859164216,DF:A6:DC:DC:2E:81,-75
BLE,1703392190859195841,DF:DF:EE:00:00:01,-75
BLE,1703392190946361560,D3:F4:55:AB:96:20,-72
BLE,1703392191122014649,DF:DF:EE:00:00:04,-53
BLE,1703392191142299711,D3:F4:55:AB:96:20,-71
BLE,1703392191331031319,D3:F4:55:AB:96:20,-72
BLE,1703392191526890929,D3:F4:55:AB:96:20,-70
BLE,1703392191587291910,DF:DF:EE:00:00:04,-50
BLE,1703392191718115342,D3:F4:55:AB:96:20,-68
BLE,1703392191916711421,D3:F4:55:AB:96:20,-73
BLE,1703392192110734844,D3:F4:55:AB:96:20,-70
BLE,1703392192130469370,DF:DF:EE:00:00:04,-53
BLE,1703392192302728290,D3:F4:55:AB:96:20,-67
BLE,1703392192495447810,D3:F4:55:AB:96:20,-70
BLE,1703392192689114279,D3:F4:55:AB:96:20,-68
BLE,1703392192881584553,D3:F4:55:AB:96:20,-71
BLE,1703392193071796977,D3:F4:55:AB:96:20,-68
BLE,1703392193263365386,D3:F4:55:AB:96:20,-72
BLE,1703392193453029567,D3:F4:55:AB:96:20,-68
BLE,1703392193585393231,DF:DF:EE:00:00:04,-51
BLE,1703392193839925175,D3:F4:55:AB:96:20,-70
BLE,1703392194129939592,DF:DF:EE:00:00:04,-51
BLE,1703392194223191825,D3:F4:55:AB:96:20,-71
BLE,1703392194413263459,D3:F4:55:AB:96:20,-72
BLE,1703392194602367479,D3:F4:55:AB:96:20,-68
BLE,1703392194995699515,D3:F4:55:AB:96:20,-72
BLE,1703392195378481712,D3:F4:55:AB:96:20,-71
BLE,1703392195564991137,D3:F4:55:AB:96:20,-68
BLE,1703392196122900179,DF:DF:EE:00:00:04,-55
BLE,1703392196152503301,D3:F4:55:AB:96:20,-68
BLE,1703392196587538947,DF:DF:EE:00:00:04,-53
BLE,1703392196860318476,DF:A6:DC:DC:2E:81,-71
BLE,1703392196860351892,DF:DF:EE:00:00:01,-71
BLE,1703392197118449796,D3:F4:55:AB:96:20,-68
BLE,1703392197312881339,D3:F4:55:AB:96:20,-72
BLE,1703392197586928853,DF:DF:EE:00:00:04,-56
BLE,1703392197689472773,D3:F4:55:AB:96:20,-72
BLE,1703392197856504419,DF:A6:DC:DC:2E:81,-76
BLE,1703392197856533168,DF:DF:EE:00:00:01,-76
BLE,1703392198122602607,DF:DF:EE:00:00:04,-56
BLE,1703392198455005834,D3:F4:55:AB:96:20,-72
BLE,1703392198581615147,DF:DF:EE:00:00:04,-51
BLE,1703392198649252712,D3:F4:55:AB:96:20,-67
BLE,1703392199129194515,DF:DF:EE:00:00:04,-52
BLE,1703392199233466415,D3:F4:55:AB:96:20,-67
BLE,1703392199626279539,D3:F4:55:AB:96:20,-71
BLE,1703392199821936694,D3:F4:55:AB:96:20,-68
BLE,1703392199855580437,DF:A6:DC:DC:2E:81,-76
BLE,1703392199855608436,DF:DF:EE:00:00:01,-76
BLE,1703392200014823296,D3:F4:55:AB:96:20,-71
BLE,1703392200126777692,DF:DF:EE:00:00:04,-66
BLE,1703392200200635895,D3:F4:55:AB:96:20,-68
BLE,1703392200398835062,D3:F4:55:AB:96:20,-72
BLE,1703392200586775637,D3:F4:55:AB:96:20,-68
BLE,1703392200970019246,D3:F4:55:AB:96:20,-66
BLE,1703392201127580124,DF:DF:EE:00:00:04,-51
BLE,1703392201162546102,D3:F4:55:AB:96:20,-72
BLE,1703392201347634460,D3:F4:55:AB:96:20,-52
BLE,1703392201546018041,D3:F4:55:AB:96:20,-72
BLE,1703392201588830014,DF:DF:EE:00:00:04,-56
BLE,1703392201870076071,DF:A6:DC:DC:2E:81,-72
BLE,1703392201870110571,DF:DF:EE:00:00:01,-72
BLE,1703392201933280979,D3:F4:55:AB:96:20,-69
BLE,1703392202128268766,D3:F4:55:AB:96:20,-71
BLE,1703392202507075800,D3:F4:55:AB:96:20,-70
BLE,1703392203123731634,DF:DF:EE:00:00:04,-56
BLE,1703392203276036197,D3:F4:55:AB:96:20,-72
BLE,1703392203465754043,D3:F4:55:AB:96:20,-66
BLE,1703392203591427617,DF:DF:EE:00:00:04,-55
BLE,1703392203661913192,D3:F4:55:AB:96:20,-72
BLE,1703392204126019882,DF:DF:EE:00:00:04,-53
BLE,1703392204242523935,D3:F4:55:AB:96:20,-72
BLE,1703392204438855998,D3:F4:55:AB:96:20,-72
BLE,1703392204590686816,DF:DF:EE:00:00:04,-50
BLE,1703392205011290001,D3:F4:55:AB:96:20,-72
BLE,1703392205390331490,D3:F4:55:AB:96:20,-72
BLE,1703392205577754279,D3:F4:55:AB:96:20,-68
BLE,1703392205583760920,DF:DF:EE:00:00:04,-50
BLE,1703392205766964507,D3:F4:55:AB:96:20,-71
BLE,1703392205881076837,DF:A6:DC:DC:2E:81,-72
BLE,1703392205881105711,DF:DF:EE:00:00:01,-72
BLE,1703392206122067893,DF:DF:EE:00:00:04,-50
BLE,1703392206155668720,D3:F4:55:AB:96:20,-71
BLE,1703392206583262325,DF:DF:EE:00:00:04,-54
BLE,1703392206884502864,DF:A6:DC:DC:2E:81,-72
BLE,1703392206884547114,DF:DF:EE:00:00:01,-72
BLE,1703392207113576806,D3:F4:55:AB:96:20,-66
BLE,1703392207125762792,DF:DF:EE:00:00:04,-55
BLE,1703392207592077166,DF:DF:EE:00:00:04,-52
BLE,1703392207878553206,D3:F4:55:AB:96:20,-68
BLE,1703392208124540372,DF:DF:EE:00:00:04,-50
BLE,1703392208460751848,D3:F4:55:AB:96:20,-68
BLE,1703392208586942291,DF:DF:EE:00:00:04,-55
BLE,1703392209039499446,D3:F4:55:AB:96:20,-71
BLE,1703392209122718168,DF:DF:EE:00:00:04,-52
BLE,1703392209227171190,D3:F4:55:AB:96:20,-66
BLE,1703392209416331918,D3:F4:55:AB:96:20,-72
BLE,1703392209591446973,DF:DF:EE:00:00:04,-52
BLE,1703392209802096207,D3:F4:55:AB:96:20,-71
BLE,1703392209996454125,D3:F4:55:AB:96:20,-70
BLE,1703392210126982686,DF:DF:EE:00:00:04,-51
BLE,1703392210383046154,D3:F4:55:AB:96:20,-72
BLE,1703392210580450330,D3:F4:55:AB:96:20,-70
BLE,1703392211123345127,DF:DF:EE:00:00:04,-52
BLE,1703392211543379151,D3:F4:55:AB:96:20,-68
BLE,1703392211585557339,DF:DF:EE:00:00:04,-50
BLE,1703392211738266647,D3:F4:55:AB:96:20,-71
BLE,1703392211904470177,DF:A6:DC:DC:2E:81,-73
BLE,1703392211904498385,DF:DF:EE:00:00:01,-73
BLE,1703392212119042617,D3:F4:55:AB:96:20,-71
BLE,1703392212310190739,D3:F4:55:AB:96:20,-67
BLE,1703392212500246623,D3:F4:55:AB:96:20,-72
BLE,1703392212591543379,DF:DF:EE:00:00:04,-55
BLE,1703392212689494225,D3:F4:55:AB:96:20,-66
BLE,1703392212914593128,DF:A6:DC:DC:2E:81,-58
BLE,1703392212914620878,DF:DF:EE:00:00:01,-58
BLE,1703392213074310149,D3:F4:55:AB:96:20,-66
BLE,1703392213120627998,DF:DF:EE:00:00:04,-35
BLE,1703392213455662320,D3:F4:55:AB:96:20,-68
BLE,1703392213589601134,DF:DF:EE:00:00:04,-51
BLE,1703392213647771473,D3:F4:55:AB:96:20,-72
BLE,1703392213839417256,D3:F4:55:AB:96:20,-66
BLE,1703392213918189862,DF:A6:DC:DC:2E:81,-76
BLE,1703392213918240987,DF:DF:EE:00:00:01,-76
BLE,1703392214030795709,D3:F4:55:AB:96:20,-72
BLE,1703392214125225012,DF:DF:EE:00:00:04,-55
BLE,1703392214218589619,D3:F4:55:AB:96:20,-68
BLE,1703392214416533623,D3:F4:55:AB:96:20,-72
BLE,1703392214581868329,DF:DF:EE:00:00:04,-50
BLE,1703392214610811501,D3:F4:55:AB:96:20,-70
BLE,1703392214919588579,DF:A6:DC:DC:2E:81,-72
BLE,1703392214919621246,DF:DF:EE:00:00:01,-72
BLE,1703392215121323665,DF:DF:EE:00:00:04,-50
BLE,1703392215194622249,D3:F4:55:AB:96:20,-72
BLE,1703392215384333429,D3:F4:55:AB:96:20,-72
BLE,1703392215574033693,D3:F4:55:AB:96:20,-66
BLE,1703392215585643228,DF:DF:EE:00:00:04,-55
BLE,1703392215765721434,D3:F4:55:AB:96:20,-72
BLE,1703392215959820356,D3:F4:55:AB:96:20,-71
BLE,1703392216121238565,DF:DF:EE:00:00:04,-52
BLE,1703392216745370981,D3:F4:55:AB:96:20,-70
BLE,1703392216937766214,D3:F4:55:AB:96:20,-72
BLE,1703392217120275392,DF:DF:EE:00:00:04,-50
BLE,1703392217330280592,D3:F4:55:AB:96:20,-71
BLE,1703392217586064231,DF:DF:EE:00:00:04,-54
BLE,1703392217709209166,D3:F4:55:AB:96:20,-67
BLE,1703392217941605320,DF:A6:DC:DC:2E:81,-57
BLE,1703392217941635986,DF:DF:EE:00:00:01,-57
BLE,1703392218096616061,D3:F4:55:AB:96:20,-71
BLE,1703392218481010989,D3:F4:55:AB:96:20,-70
BLE,1703392218947706692,DF:A6:DC:DC:2E:81,-72
BLE,1703392218947740400,DF:DF:EE:00:00:01,-72
BLE,1703392219057852400,D3:F4:55:AB:96:20,-65
BLE,1703392219123481489,DF:DF:EE:00:00:04,-50
BLE,1703392219248392362,D3:F4:55:AB:96:20,-72
BLE,1703392219438252499,D3:F4:55:AB:96:20,-68
BLE,1703392219823751082,D3:F4:55:AB:96:20,-66
BLE,1703392219955843083,DF:A6:DC:DC:2E:81,-72
BLE,1703392219955901707,DF:DF:EE:00:00:01,-72
BLE,1703392220218517518,D3:F4:55:AB:96:20,-72
BLE,1703392220405721476,D3:F4:55:AB:96:20,-68
BLE,1703392220585401937,DF:DF:EE:00:00:04,-59
BLE,1703392220600166769,D3:F4:55:AB:96:20,-71
BLE,1703392220991224206,D3:F4:55:AB:96:20,-68
BLE,1703392221129063891,DF:DF:EE:00:00:04,-50
BLE,1703392221184094766,D3:F4:55:AB:96:20,-71
BLE,1703392221374764144,D3:F4:55:AB:96:20,-68
BLE,1703392221564825362,D3:F4:55:AB:96:20,-70
BLE,1703392221583585524,DF:DF:EE:00:00:04,-53
BLE,1703392221760489224,D3:F4:55:AB:96:20,-68
BLE,1703392221956546707,D3:F4:55:AB:96:20,-71
BLE,1703392222345395835,D3:F4:55:AB:96:20,-68
BLE,1703392222537618820,D3:F4:55:AB:96:20,-72
BLE,1703392222730851293,D3:F4:55:AB:96:20,-70
BLE,1703392223120895783,D3:F4:55:AB:96:20,-72
BLE,1703392223312239986,D3:F4:55:AB:96:20,-68
BLE,1703392223589979917,DF:DF:EE:00:00:04,-52
BLE,1703392223695108307,D3:F4:55:AB:96:20,-66
BLE,1703392224076809350,D3:F4:55:AB:96:20,-53
BLE,1703392224461592066,D3:F4:55:AB:96:20,-66
BLE,1703392224657958462,D3:F4:55:AB:96:20,-66
BLE,1703392225122756269,DF:DF:EE:00:00:04,-55
BLE,1703392225240111896,D3:F4:55:AB:96:20,-72
BLE,1703392225583532206,DF:DF:EE:00:00:04,-50
BLE,1703392225973332073,DF:A6:DC:DC:2E:81,-71
BLE,1703392225973387031,DF:DF:EE:00:00:01,-71
BLE,1703392226124601606,DF:DF:EE:00:00:04,-51
BLE,1703392226200580911,D3:F4:55:AB:96:20,-71
BLE,1703392226580098228,D3:F4:55:AB:96:20,-70
BLE,1703392226975524031,DF:A6:DC:DC:2E:81,-72
BLE,1703392226975560573,DF:DF:EE:00:00:01,-72
BLE,1703392227127290642,DF:DF:EE:00:00:04,-55
BLE,1703392227347123939,D3:F4:55:AB:96:20,-73
BLE,1703392227538349102,D3:F4:55:AB:96:20,-68
BLE,1703392227586829885,DF:DF:EE:00:00:04,-50
BLE,1703392227729990385,D3:F4:55:AB:96:20,-72
BLE,1703392228118501517,D3:F4:55:AB:96:20,-72
BLE,1703392228304268575,D3:F4:55:AB:96:20,-68
BLE,1703392228500766636,D3:F4:55:AB:96:20,-72
BLE,1703392228686196615,D3:F4:55:AB:96:20,-52
BLE,1703392228882162182,D3:F4:55:AB:96:20,-72
BLE,1703392229070832707,D3:F4:55:AB:96:20,-68
BLE,1703392229131066190,DF:DF:EE:00:00:04,-54
BLE,1703392229587300303,DF:DF:EE:00:00:04,-51
BLE,1703392229639477753,D3:F4:55:AB:96:20,-71
BLE,1703392229992618745,DF:A6:DC:DC:2E:81,-74
BLE,1703392229992644244,DF:DF:EE:00:00:01,-74
BLE,1703392230024676964,D3:F4:55:AB:96:20,-72
BLE,1703392230128187372,DF:DF:EE:00:00:04,-51
BLE,1703392230218470306,D3:F4:55:AB:96:20,-52
BLE,1703392230414186251,D3:F4:55:AB:96:20,-72
BLE,1703392230600209307,D3:F4:55:AB:96:20,-68
BLE,1703392230984814441,D3:F4:55:AB:96:20,-66
BLE,1703392231128824390,DF:DF:EE:00:00:04,-52
BLE,1703392231179511940,D3:F4:55:AB:96:20,-72
BLE,1703392231368506794,D3:F4:55:AB:96:20,-68
BLE,1703392232001147864,DF:A6:DC:DC:2E:81,-71
BLE,1703392232001202821,DF:DF:EE:00:00:01,-71
BLE,1703392232324758482,D3:F4:55:AB:96:20,-71
BLE,1703392232588593029,DF:DF:EE:00:00:04,-52
BLE,1703392232903187458,D3:F4:55:AB:96:20,-72
BLE,1703392233128117697,DF:DF:EE:00:00:04,-52
BLE,1703392233281206585,D3:F4:55:AB:96:20,-68
BLE,1703392233671514488,D3:F4:55:AB:96:20,-70
BLE,1703392233673051262,D3:F4:55:AB:96:20,-71
BLE,1703392234010506890,DF:A6:DC:DC:2E:81,-75
BLE,1703392234010537723,DF:DF:EE:00:00:01,-75
BLE,1703392234447350182,D3:F4:55:AB:96:20,-68
BLE,1703392234583603135,DF:DF:EE:00:00:04,-51
BLE,1703392235016339973,DF:A6:DC:DC:2E:81,-71
BLE,1703392235016370473,DF:DF:EE:00:00:01,-71
BLE,1703392235121191700,DF:DF:EE:00:00:04,-60
BLE,1703392235225593307,D3:F4:55:AB:96:20,-71
BLE,1703392235587142036,DF:DF:EE:00:00:04,-39
BLE,1703392235806101676,D3:F4:55:AB:96:20,-71
BLE,1703392236181480540,D3:F4:55:AB:96:20,-74
BLE,1703392236377287568,D3:F4:55:AB:96:20,-88
BLE,1703392236563722160,D3:F4:55:AB:96:20,-53
BLE,1703392236583746516,DF:DF:EE:00:00:04,-50
BLE,1703392236757332296,D3:F4:55:AB:96:20,-56
BLE,1703392237330890744,D3:F4:55:AB:96:20,-69
BLE,1703392237523216603,D3:F4:55:AB:96:20,-56
BLE,1703392237591523327,DF:DF:EE:00:00:04,-73
BLE,1703392237710395228,D3:F4:55:AB:96:20,-68
BLE,1703392237903708451,D3:F4:55:AB:96:20,-72
BLE,1703392238034440258,DF:A6:DC:DC:2E:81,-71
BLE,1703392238034473591,DF:DF:EE:00:00:01,-71
BLE,1703392238096116392,D3:F4:55:AB:96:20,-69
BLE,1703392238130055340,DF:DF:EE:00:00:04,-55
BLE,1703392238288940078,D3:F4:55:AB:96:20,-72
BLE,1703392238671167906,D3:F4:55:AB:96:20,-72
BLE,1703392238863841844,D3:F4:55:AB:96:20,-71
BLE,1703392239037459832,DF:A6:DC:DC:2E:81,-72
BLE,1703392239037492623,DF:DF:EE:00:00:01,-72
BLE,1703392239056657781,D3:F4:55:AB:96:20,-71
BLE,1703392239126193783,DF:DF:EE:00:00:04,-51
BLE,1703392239242384131,D3:F4:55:AB:96:20,-68
BLE,1703392239436249847,D3:F4:55:AB:96:20,-72
BLE,1703392239632263248,D3:F4:55:AB:96:20,-72
BLE,1703392240020794712,D3:F4:55:AB:96:20,-72
BLE,1703392240121368321,DF:DF:EE:00:00:04,-51
BLE,1703392240208763912,D3:F4:55:AB:96:20,-68
BLE,1703392240403790615,D3:F4:55:AB:96:20,-72
BLE,1703392240584545480,DF:DF:EE:00:00:04,-39
BLE,1703392240599489061,D3:F4:55:AB:96:20,-61
BLE,1703392241047574308,DF:A6:DC:DC:2E:81,-62
BLE,1703392241047606683,DF:DF:EE:00:00:01,-62
BLE,1703392241122454500,DF:DF:EE:00:00:04,-40
BLE,1703392241377471689,D3:F4:55:AB:96:20,-74
BLE,1703392241762665150,D3:F4:55:AB:96:20,-67
BLE,1703392242054869208,DF:A6:DC:DC:2E:81,-58
BLE,1703392242054906666,DF:DF:EE:00:00:01,-58
BLE,1703392242120168759,DF:DF:EE:00:00:04,-51
BLE,1703392242148772976,D3:F4:55:AB:96:20,-62
BLE,1703392242532363580,D3:F4:55:AB:96:20,-62
BLE,1703392242588726732,DF:DF:EE:00:00:04,-66
BLE,1703392242726301337,D3:F4:55:AB:96:20,-68
BLE,1703392243124528609,DF:DF:EE:00:00:04,-56
BLE,1703392243885265308,D3:F4:55:AB:96:20,-72
BLE,1703392244077600291,D3:F4:55:AB:96:20,-68
BLE,1703392244120763718,DF:DF:EE:00:00:04,-50
BLE,1703392244268953078,D3:F4:55:AB:96:20,-72
BLE,1703392244461519100,D3:F4:55:AB:96:20,-68
BLE,1703392244857510481,D3:F4:55:AB:96:20,-72
BLE,1703392245043840407,D3:F4:55:AB:96:20,-68
BLE,1703392245124265036,DF:DF:EE:00:00:04,-52
BLE,1703392245242436570,D3:F4:55:AB:96:20,-71
BLE,1703392245432015710,D3:F4:55:AB:96:20,-68
BLE,1703392245818848361,D3:F4:55:AB:96:20,-70
BLE,1703392246010837181,D3:F4:55:AB:96:20,-68
BLE,1703392246200222615,D3:F4:55:AB:96:20,-72
BLE,1703392246589162242,D3:F4:55:AB:96:20,-72
BLE,1703392246592011335,DF:DF:EE:00:00:04,-56
BLE,1703392246780791942,D3:F4:55:AB:96:20,-68
BLE,1703392246969535675,D3:F4:55:AB:96:20,-72
BLE,1703392247356203078,D3:F4:55:AB:96:20,-71
BLE,1703392247548709143,D3:F4:55:AB:96:20,-71
BLE,1703392247933702356,D3:F4:55:AB:96:20,-73
BLE,1703392248126453960,D3:F4:55:AB:96:20,-68
BLE,1703392248318862610,D3:F4:55:AB:96:20,-71
BLE,1703392248511335967,D3:F4:55:AB:96:20,-68
BLE,1703392248591335225,DF:DF:EE:00:00:04,-55
BLE,1703392248896384888,D3:F4:55:AB:96:20,-66
BLE,1703392249281348518,D3:F4:55:AB:96:20,-71
BLE,1703392249470102584,D3:F4:55:AB:96:20,-57
BLE,1703392249588342950,DF:DF:EE:00:00:04,-35
BLE,1703392249660073595,D3:F4:55:AB:96:20,-68
BLE,1703392250432726908,D3:F4:55:AB:96:20,-70
BLE,1703392250582459125,DF:DF:EE:00:00:04,-51
BLE,1703392250822848605,D3:F4:55:AB:96:20,-72
BLE,1703392251019574247,D3:F4:55:AB:96:20,-72
BLE,1703392251102074519,DF:A6:DC:DC:2E:81,-72
BLE,1703392251102100310,DF:DF:EE:00:00:01,-72
BLE,1703392251213519962,D3:F4:55:AB:96:20,-68
BLE,1703392251582213694,DF:DF:EE:00:00:04,-52
BLE,1703392251583693802,DF:DF:EE:00:00:04,-55
BLE,1703392251986112610,D3:F4:55:AB:96:20,-72
BLE,1703392252104735263,DF:A6:DC:DC:2E:81,-76
BLE,1703392252104766055,DF:DF:EE:00:00:01,-76
BLE,1703392252176447699,D3:F4:55:AB:96:20,-68
BLE,1703392252559142731,D3:F4:55:AB:96:20,-69
BLE,1703392252586320256,DF:DF:EE:00:00:04,-51
BLE,1703392252756419116,D3:F4:55:AB:96:20,-71
BLE,1703392252945021642,D3:F4:55:AB:96:20,-68
BLE,1703392253108498079,DF:A6:DC:DC:2E:81,-71
BLE,1703392253108526537,DF:DF:EE:00:00:01,-71
BLE,1703392253526291628,D3:F4:55:AB:96:20,-68
BLE,1703392253588904709,DF:DF:EE:00:00:04,-55
BLE,1703392253910957637,D3:F4:55:AB:96:20,-67
BLE,1703392254113691419,DF:A6:DC:DC:2E:81,-72
BLE,1703392254113721544,DF:DF:EE:00:00:01,-72
BLE,1703392254128832706,DF:DF:EE:00:00:04,-55
BLE,1703392254587304127,DF:DF:EE:00:00:04,-50
BLE,1703392254862701876,D3:F4:55:AB:96:20,-70
BLE,1703392255052602221,D3:F4:55:AB:96:20,-71
BLE,1703392255116889116,DF:A6:DC:DC:2E:81,-76
BLE,1703392255116927990,DF:DF:EE:00:00:01,-76
BLE,1703392255127192999,DF:DF:EE:00:00:04,-50
BLE,1703392255246507561,D3:F4:55:AB:96:20,-70
BLE,1703392255590214535,DF:DF:EE:00:00:04,-56
BLE,1703392255821512535,D3:F4:55:AB:96:20,-68
BLE,1703392256018212011,D3:F4:55:AB:96:20,-72
BLE,1703392256205260221,D3:F4:55:AB:96:20,-68
BLE,1703392256589402111,D3:F4:55:AB:96:20,-66
BLE,1703392256976403051,D3:F4:55:AB:96:20,-71
BLE,1703392257123176927,DF:DF:EE:00:00:04,-56
BLE,1703392257738622567,D3:F4:55:AB:96:20,-68
BLE,1703392258313967328,D3:F4:55:AB:96:20,-73
BLE,1703392258507285759,D3:F4:55:AB:96:20,-71
BLE,1703392258701687344,D3:F4:55:AB:96:20,-68
BLE,1703392259124197840,DF:DF:EE:00:00:04,-55
BLE,1703392259147717948,DF:A6:DC:DC:2E:81,-75
BLE,1703392259147743864,DF:DF:EE:00:00:01,-75
BLE,1703392259469192132,D3:F4:55:AB:96:20,-68
BLE,1703392259580216705,DF:DF:EE:00:00:04,-51
BLE,1703392259663671633,D3:F4:55:AB:96:20,-71
BLE,1703392259857770222,D3:F4:55:AB:96:20,-70
BLE,1703392260244432125,D3:F4:55:AB:96:20,-73
BLE,1703392260583872064,DF:DF:EE:00:00:04,-54
BLE,1703392260631075361,D3:F4:55:AB:96:20,-72
BLE,1703392260819033478,D3:F4:55:AB:96:20,-68
BLE,1703392261212063767,D3:F4:55:AB:96:20,-70
BLE,1703392261601168517,D3:F4:55:AB:96:20,-72
BLE,1703392261791143277,D3:F4:55:AB:96:20,-70
BLE,1703392262166935803,DF:A6:DC:DC:2E:81,-59
BLE,1703392262166981428,DF:DF:EE:00:00:01,-59
BLE,1703392262184110775,D3:F4:55:AB:96:20,-72
BLE,1703392262372705718,D3:F4:55:AB:96:20,-68
BLE,1703392262761323682,D3:F4:55:AB:96:20,-72
BLE,1703392263138647024,D3:F4:55:AB:96:20,-68
BLE,1703392263171629733,DF:A6:DC:DC:2E:81,-76
BLE,1703392263171658399,DF:DF:EE:00:00:01,-76
BLE,1703392263517905303,D3:F4:55:AB:96:20,-68
BLE,1703392263583962845,DF:DF:EE:00:00:04,-51
BLE,1703392263898865229,D3:F4:55:AB:96:20,-68
BLE,1703392264123615219,DF:DF:EE:00:00:04,-50
BLE,1703392264282402667,D3:F4:55:AB:96:20,-68
BLE,1703392264477972447,D3:F4:55:AB:96:20,-71
BLE,1703392264589024728,DF:DF:EE:00:00:04,-55
BLE,1703392264663333885,D3:F4:55:AB:96:20,-68
BLE,1703392264862616123,D3:F4:55:AB:96:20,-72
BLE,1703392265050331534,D3:F4:55:AB:96:20,-66
BLE,1703392265123121208,DF:DF:EE:00:00:04,-53
BLE,1703392265436413985,D3:F4:55:AB:96:20,-70
BLE,1703392265631646603,D3:F4:55:AB:96:20,-69
BLE,1703392265821411865,D3:F4:55:AB:96:20,-72
BLE,1703392266174259027,DF:A6:DC:DC:2E:81,-73
BLE,1703392266174294610,DF:DF:EE:00:00:01,-73
BLE,1703392266202646330,D3:F4:55:AB:96:20,-70
BLE,1703392266394811982,D3:F4:55:AB:96:20,-72
BLE,1703392266585908396,DF:DF:EE:00:00:04,-52
BLE,1703392266779322368,D3:F4:55:AB:96:20,-78
BLE,1703392266976684669,D3:F4:55:AB:96:20,-72
BLE,1703392267121241195,DF:DF:EE:00:00:04,-50
BLE,1703392267171262336,D3:F4:55:AB:96:20,-70
BLE,1703392267556118967,D3:F4:55:AB:96:20,-71
BLE,1703392267582790581,DF:DF:EE:00:00:04,-55
BLE,1703392267747116591,D3:F4:55:AB:96:20,-68
BLE,1703392267938051382,D3:F4:55:AB:96:20,-71
BLE,1703392268190615057,DF:A6:DC:DC:2E:81,-76
BLE,1703392268190658474,DF:DF:EE:00:00:01,-76
BLE,1703392268317785989,D3:F4:55:AB:96:20,-71
BLE,1703392268588192295,DF:DF:EE:00:00:04,-53
BLE,1703392268896222007,D3:F4:55:AB:96:20,-68
BLE,1703392269122172067,DF:DF:EE:00:00:04,-51
BLE,1703392269197115800,DF:A6:DC:DC:2E:81,-71
BLE,1703392269197149883,DF:DF:EE:00:00:01,-71
BLE,1703392269281087097,D3:F4:55:AB:96:20,-66
BLE,1703392269668025955,D3:F4:55:AB:96:20,-70
BLE,1703392270046319411,D3:F4:55:AB:96:20,-68
BLE,1703392270429437396,D3:F4:55:AB:96:20,-68
BLE,1703392270589044751,DF:DF:EE:00:00:04,-52
BLE,1703392270814340027,D3:F4:55:AB:96:20,-71
BLE,1703392271195949987,D3:F4:55:AB:96:20,-71
BLE,1703392271391788723,D3:F4:55:AB:96:20,-65
BLE,1703392271586240974,DF:DF:EE:00:00:04,-74
BLE,1703392271776302817,D3:F4:55:AB:96:20,-69
BLE,1703392272161227281,D3:F4:55:AB:96:20,-66
BLE,1703392272203718257,DF:A6:DC:DC:2E:81,-71
BLE,1703392272203750798,DF:DF:EE:00:00:01,-71
BLE,1703392272354925041,D3:F4:55:AB:96:20,-72
BLE,1703392272550480280,D3:F4:55:AB:96:20,-71
BLE,1703392273123920271,DF:DF:EE:00:00:04,-51
BLE,1703392273322530016,D3:F4:55:AB:96:20,-72
BLE,1703392273578689526,DF:DF:EE:00:00:04,-51
BLE,1703392273710386739,D3:F4:55:AB:96:20,-68
BLE,1703392273904359454,D3:F4:55:AB:96:20,-72
BLE,1703392274123875213,DF:DF:EE:00:00:04,-52
BLE,1703392274213222907,DF:A6:DC:DC:2E:81,-71
BLE,1703392274213256948,DF:DF:EE:00:00:01,-71
BLE,1703392274286545241,D3:F4:55:AB:96:20,-72
BLE,1703392274475727886,D3:F4:55:AB:96:20,-66
BLE,1703392274859739152,D3:F4:55:AB:96:20,-67
BLE,1703392275120737856,DF:DF:EE:00:00:04,-56
BLE,1703392275255282496,D3:F4:55:AB:96:20,-71
BLE,1703392275442768743,D3:F4:55:AB:96:20,-68
BLE,1703392275578487452,DF:DF:EE:00:00:04,-50
BLE,1703392275632546380,D3:F4:55:AB:96:20,-72
BLE,1703392276019575987,D3:F4:55:AB:96:20,-72
BLE,1703392276118964026,DF:DF:EE:00:00:04,-50
BLE,1703392276585845227,DF:DF:EE:00:00:04,-55
BLE,1703392276594161007,D3:F4:55:AB:96:20,-66
BLE,1703392277222508000,DF:A6:DC:DC:2E:81,-68
BLE,1703392277222548625,DF:DF:EE:00:00:01,-68
BLE,1703392277371918263,D3:F4:55:AB:96:20,-71
BLE,1703392277561180240,D3:F4:55:AB:96:20,-66
BLE,1703392277580534770,DF:DF:EE:00:00:04,-51
BLE,1703392277755027706,D3:F4:55:AB:96:20,-72
BLE,1703392277949331376,D3:F4:55:AB:96:20,-70
BLE,1703392278144431369,D3:F4:55:AB:96:20,-52
BLE,1703392278333916302,D3:F4:55:AB:96:20,-72
BLE,1703392278586451977,DF:DF:EE:00:00:04,-54
BLE,1703392278720812494,D3:F4:55:AB:96:20,-72
BLE,1703392278906721884,D3:F4:55:AB:96:20,-66
BLE,1703392279292235050,D3:F4:55:AB:96:20,-68
BLE,1703392279481025990,D3:F4:55:AB:96:20,-62
BLE,1703392279582153051,DF:DF:EE:00:00:04,-51
BLE,1703392279675929945,D3:F4:55:AB:96:20,-68
BLE,1703392279865161213,D3:F4:55:AB:96:20,-70
BLE,1703392280056936453,D3:F4:55:AB:96:20,-68
BLE,1703392280124609977,DF:DF:EE:00:00:04,-50
BLE,1703392280446502657,D3:F4:55:AB:96:20,-70
BLE,1703392280582337406,DF:DF:EE:00:00:04,-53
BLE,1703392280640449289,D3:F4:55:AB:96:20,-68
BLE,1703392280835455867,D3:F4:55:AB:96:20,-72
BLE,1703392281026420408,D3:F4:55:AB:96:20,-67
BLE,1703392281123204934,DF:DF:EE:00:00:04,-52
BLE,1703392281242982283,DF:A6:DC:DC:2E:81,-75
BLE,1703392281243011366,DF:DF:EE:00:00:01,-75
BLE,1703392281413889010,D3:F4:55:AB:96:20,-72
BLE,1703392282125147270,DF:DF:EE:00:00:04,-50
BLE,1703392282245599695,DF:A6:DC:DC:2E:81,-71
BLE,1703392282245632861,DF:DF:EE:00:00:01,-71
BLE,1703392282562668012,D3:F4:55:AB:96:20,-71
BLE,1703392282579776276,DF:DF:EE:00:00:04,-51
BLE,1703392282581430133,DF:DF:EE:00:00:04,-53
BLE,1703392282758212668,D3:F4:55:AB:96:20,-68
BLE,1703392283119397277,DF:DF:EE:00:00:04,-50
BLE,1703392283148934566,D3:F4:55:AB:96:20,-71
BLE,1703392283342034916,D3:F4:55:AB:96:20,-68
BLE,1703392283532378464,D3:F4:55:AB:96:20,-70
BLE,1703392283583099180,DF:DF:EE:00:00:04,-55
BLE,1703392283912340526,D3:F4:55:AB:96:20,-71
BLE,1703392284104303264,D3:F4:55:AB:96:20,-52
BLE,1703392284255836919,DF:A6:DC:DC:2E:81,-76
BLE,1703392284255869377,DF:DF:EE:00:00:01,-76
BLE,1703392284301453068,D3:F4:55:AB:96:20,-73
BLE,1703392284496555437,D3:F4:55:AB:96:20,-71
BLE,1703392284580931771,DF:DF:EE:00:00:04,-50
BLE,1703392284690636442,D3:F4:55:AB:96:20,-69
BLE,1703392284880173958,D3:F4:55:AB:96:20,-70
BLE,1703392285072339652,D3:F4:55:AB:96:20,-68
BLE,1703392285124998179,DF:DF:EE:00:00:04,-52
BLE,1703392285256493228,DF:A6:DC:DC:2E:81,-71
BLE,1703392285256526644,DF:DF:EE:00:00:01,-71
BLE,1703392285268895129,D3:F4:55:AB:96:20,-72
BLE,1703392286124325586,DF:DF:EE:00:00:04,-54
BLE,1703392286265752314,DF:A6:DC:DC:2E:81,-73
BLE,1703392286265789730,DF:DF:EE:00:00:01,-73
BLE,1703392286424365264,D3:F4:55:AB:96:20,-68
BLE,1703392286811772033,D3:F4:55:AB:96:20,-70
BLE,1703392287005171463,D3:F4:55:AB:96:20,-72
BLE,1703392287120917316,DF:DF:EE:00:00:04,-34
BLE,1703392287190768232,D3:F4:55:AB:96:20,-68
BLE,1703392287383252338,D3:F4:55:AB:96:20,-71
BLE,1703392287584392014,DF:DF:EE:00:00:04,-55
BLE,1703392287771913469,D3:F4:55:AB:96:20,-68
BLE,1703392287961879604,D3:F4:55:AB:96:20,-70
BLE,1703392288122244909,DF:DF:EE:00:00:04,-53
BLE,1703392288152013904,D3:F4:55:AB:96:20,-72
BLE,1703392288280168908,DF:A6:DC:DC:2E:81,-72
BLE,1703392288280200241,DF:DF:EE:00:00:01,-72
BLE,1703392288341926874,D3:F4:55:AB:96:20,-72
BLE,1703392288586491265,DF:DF:EE:00:00:04,-51
BLE,1703392288928504424,D3:F4:55:AB:96:20,-70
BLE,1703392289120180124,D3:F4:55:AB:96:20,-72
BLE,1703392289284978170,DF:A6:DC:DC:2E:81,-74
BLE,1703392289285007461,DF:DF:EE:00:00:01,-74
BLE,1703392289305993098,D3:F4:55:AB:96:20,-53
BLE,1703392290082112372,D3:F4:55:AB:96:20,-72
BLE,1703392290287210336,DF:A6:DC:DC:2E:81,-76
BLE,1703392290287250919,DF:DF:EE:00:00:01,-76
BLE,1703392290467305208,D3:F4:55:AB:96:20,-72
BLE,1703392290582236195,DF:DF:EE:00:00:04,-55
BLE,1703392290659731358,D3:F4:55:AB:96:20,-72
BLE,1703392290853838196,D3:F4:55:AB:96:20,-68
BLE,1703392291124335584,DF:DF:EE:00:00:04,-50
BLE,1703392291238101584,D3:F4:55:AB:96:20,-66
BLE,1703392291294046074,DF:A6:DC:DC:2E:81,-71
BLE,1703392291294071782,DF:DF:EE:00:00:01,-71
BLE,1703392291584416737,DF:DF:EE:00:00:04,-53
BLE,1703392291816311480,D3:F4:55:AB:96:20,-73
BLE,1703392292005681080,D3:F4:55:AB:96:20,-68
BLE,1703392292117355563,DF:DF:EE:00:00:04,-50
BLE,1703392292584338471,DF:DF:EE:00:00:04,-39
BLE,1703392292783074840,D3:F4:55:AB:96:20,-72
BLE,1703392293308561667,DF:A6:DC:DC:2E:81,-71
BLE,1703392293308603000,DF:DF:EE:00:00:01,-71
BLE,1703392293359656837,D3:F4:55:AB:96:20,-70
BLE,1703392293578453437,DF:DF:EE:00:00:04,-50
BLE,1703392294127352540,DF:DF:EE:00:00:04,-52
BLE,1703392294131802740,D3:F4:55:AB:96:20,-72
BLE,1703392294516972660,D3:F4:55:AB:96:20,-57
BLE,1703392294586634952,DF:DF:EE:00:00:04,-39
BLE,1703392294712320151,D3:F4:55:AB:96:20,-71
BLE,1703392294902577491,D3:F4:55:AB:96:20,-67
BLE,1703392295121773503,DF:DF:EE:00:00:04,-56
BLE,1703392295325234819,DF:A6:DC:DC:2E:81,-70
BLE,1703392295325261319,DF:DF:EE:00:00:01,-70
BLE,1703392295482537283,D3:F4:55:AB:96:20,-72
BLE,1703392295580777460,DF:DF:EE:00:00:04,-50
BLE,1703392296120304753,DF:DF:EE:00:00:04,-35
BLE,1703392296454602042,D3:F4:55:AB:96:20,-72
BLE,1703392296648452258,D3:F4:55:AB:96:20,-71
BLE,1703392296839978543,D3:F4:55:AB:96:20,-53
BLE,1703392297031368787,D3:F4:55:AB:96:20,-56
BLE,1703392297127063867,DF:DF:EE:00:00:04,-39
BLE,1703392297987448102,D3:F4:55:AB:96:20,-52
BLE,1703392298122124365,DF:DF:EE:00:00:04,-36
BLE,1703392298569310206,D3:F4:55:AB:96:20,-72
BLE,1703392298585620271,DF:DF:EE:00:00:04,-48
BLE,1703392299345243399,DF:A6:DC:DC:2E:81,-57
BLE,1703392299345284065,DF:DF:EE:00:00:01,-57
BLE,1703392300350583529,DF:A6:DC:DC:2E:81,-58
BLE,1703392300350623987,DF:DF:EE:00:00:01,-58
BLE,1703392300470597792,D3:F4:55:AB:96:20,-71
BLE,1703392300584682039,DF:DF:EE:00:00:04,-56
BLE,1703392300848442753,D3:F4:55:AB:96:20,-66
BLE,1703392301122281728,DF:DF:EE:00:00:04,-48
BLE,1703392301241634790,D3:F4:55:AB:96:20,-57
BLE,1703392301809087516,D3:F4:55:AB:96:20,-71
BLE,1703392301995011073,D3:F4:55:AB:96:20,-52
BLE,1703392302125332385,DF:DF:EE:00:00:04,-62
BLE,1703392302190866183,D3:F4:55:AB:96:20,-75
BLE,1703392302355392982,DF:A6:DC:DC:2E:81,-59
BLE,1703392302355409524,DF:DF:EE:00:00:01,-59
BLE,1703392302378487387,D3:F4:55:AB:96:20,-52
BLE,1703392302570300001,D3:F4:55:AB:96:20,-56
BLE,1703392302584611714,DF:DF:EE:00:00:04,-54
BLE,1703392302954839470,D3:F4:55:AB:96:20,-72
BLE,1703392303141185230,D3:F4:55:AB:96:20,-62
BLE,1703392303360418700,DF:A6:DC:DC:2E:81,-61
BLE,1703392303360453866,DF:DF:EE:00:00:01,-61
BLE,1703392303524670835,D3:F4:55:AB:96:20,-66
BLE,1703392303584094994,DF:DF:EE:00:00:04,-40
BLE,1703392303718231263,D3:F4:55:AB:96:20,-56
BLE,1703392303909937296,D3:F4:55:AB:96:20,-62
BLE,1703392304104593503,D3:F4:55:AB:96:20,-67
BLE,1703392304294886677,D3:F4:55:AB:96:20,-71
BLE,1703392304360398558,DF:A6:DC:DC:2E:81,-58
BLE,1703392304360422766,DF:DF:EE:00:00:01,-58
BLE,1703392304870784307,D3:F4:55:AB:96:20,-67
BLE,1703392305449367198,D3:F4:55:AB:96:20,-56
BLE,1703392305641904846,D3:F4:55:AB:96:20,-52
BLE,1703392306031020179,D3:F4:55:AB:96:20,-56
BLE,1703392306222443423,D3:F4:55:AB:96:20,-52
BLE,1703392306369888583,DF:A6:DC:DC:2E:81,-73
BLE,1703392306369906999,DF:DF:EE:00:00:01,-73
BLE,1703392306419698059,D3:F4:55:AB:96:20,-57
BLE,1703392306607828590,D3:F4:55:AB:96:20,-63
BLE,1703392307001639204,D3:F4:55:AB:96:20,-56
BLE,1703392307197069652,D3:F4:55:AB:96:20,-57
BLE,1703392307369498487,DF:A6:DC:DC:2E:81,-58
BLE,1703392307369537111,DF:DF:EE:00:00:01,-58
BLE,1703392307391710776,D3:F4:55:AB:96:20,-66
BLE,1703392307580551425,DF:DF:EE:00:00:04,-54
BLE,1703392307588801164,D3:F4:55:AB:96:20,-72
BLE,1703392307972642974,D3:F4:55:AB:96:20,-72
BLE,1703392308160093138,D3:F4:55:AB:96:20,-66
BLE,1703392308355609294,D3:F4:55:AB:96:20,-67
BLE,1703392308542334425,D3:F4:55:AB:96:20,-67
BLE,1703392308584564820,DF:DF:EE:00:00:04,-36
BLE,1703392308930414686,D3:F4:55:AB:96:20,-71
BLE,1703392309308523020,D3:F4:55:AB:96:20,-67
BLE,1703392309373625073,DF:A6:DC:DC:2E:81,-72
BLE,1703392309373664530,DF:DF:EE:00:00:01,-72
BLE,1703392309501161708,D3:F4:55:AB:96:20,-70
BLE,1703392309578528622,DF:DF:EE:00:00:04,-35
BLE,1703392309691015387,D3:F4:55:AB:96:20,-52
BLE,1703392310072315642,D3:F4:55:AB:96:20,-53
BLE,1703392310265649989,D3:F4:55:AB:96:20,-72
BLE,1703392311124952986,DF:DF:EE:00:00:04,-56
BLE,1703392311577244394,DF:DF:EE:00:00:04,-50
BLE,1703392311600547921,D3:F4:55:AB:96:20,-72
BLE,1703392311795256836,D3:F4:55:AB:96:20,-72
BLE,1703392312178385779,D3:F4:55:AB:96:20,-71
BLE,1703392312366816932,D3:F4:55:AB:96:20,-53
BLE,1703392312751898353,D3:F4:55:AB:96:20,-68
BLE,1703392313126133855,DF:DF:EE:00:00:04,-57
BLE,1703392313335824225,D3:F4:55:AB:96:20,-66
BLE,1703392313584822149,DF:DF:EE:00:00:04,-52
BLE,1703392313725861423,D3:F4:55:AB:96:20,-72
BLE,1703392313921773741,D3:F4:55:AB:96:20,-83
BLE,1703392314303999986,D3:F4:55:AB:96:20,-52
BLE,1703392315066238293,D3:F4:55:AB:96:20,-66
BLE,1703392315402288062,DF:A6:DC:DC:2E:81,-58
BLE,1703392315402352561,DF:DF:EE:00:00:01,-58
BLE,1703392315449931646,D3:F4:55:AB:96:20,-67
BLE,1703392315642582667,D3:F4:55:AB:96:20,-56
BLE,1703392316216174490,D3:F4:55:AB:96:20,-69
BLE,1703392316584510685,DF:DF:EE:00:00:04,-53
BLE,1703392316800106362,D3:F4:55:AB:96:20,-68
BLE,1703392317125873415,DF:DF:EE:00:00:04,-65
BLE,1703392317189539359,D3:F4:55:AB:96:20,-71
BLE,1703392317405204328,DF:A6:DC:DC:2E:81,-72
BLE,1703392317405251161,DF:DF:EE:00:00:01,-72
BLE,1703392317565411468,D3:F4:55:AB:96:20,-67
BLE,1703392317954235179,D3:F4:55:AB:96:20,-56
BLE,1703392318122011442,DF:DF:EE:00:00:04,-56
BLE,1703392318144704309,D3:F4:55:AB:96:20,-80
BLE,1703392318415063990,DF:A6:DC:DC:2E:81,-77
BLE,1703392318415120073,DF:DF:EE:00:00:01,-77
BLE,1703392318527678087,D3:F4:55:AB:96:20,-90
BLE,1703392318713620685,D3:F4:55:AB:96:20,-66
BLE,1703392320440527501,D3:F4:55:AB:96:20,-67
BLE,1703392320582946967,DF:DF:EE:00:00:04,-35
BLE,1703392320637036062,D3:F4:55:AB:96:20,-67
BLE,1703392321120803863,DF:DF:EE:00:00:04,-34
BLE,1703392321425079659,DF:A6:DC:DC:2E:81,-60
BLE,1703392321425121408,DF:DF:EE:00:00:01,-60
BLE,1703392321583564485,DF:DF:EE:00:00:04,-40
BLE,1703392321782484936,D3:F4:55:AB:96:20,-72
BLE,1703392322122964071,DF:DF:EE:00:00:04,-50
BLE,1703392322163796858,D3:F4:55:AB:96:20,-56
BLE,1703392322431191364,DF:A6:DC:DC:2E:81,-57
BLE,1703392322431228072,DF:DF:EE:00:00:01,-57
BLE,1703392322549996724,D3:F4:55:AB:96:20,-72
BLE,1703392322581544824,DF:DF:EE:00:00:04,-65
BLE,1703392322744934095,D3:F4:55:AB:96:20,-56
BLE,1703392322937459493,D3:F4:55:AB:96:20,-72
BLE,1703392323121876400,DF:DF:EE:00:00:04,-45
BLE,1703392323323884773,D3:F4:55:AB:96:20,-52
BLE,1703392323513339040,D3:F4:55:AB:96:20,-71
BLE,1703392323580725441,DF:DF:EE:00:00:04,-42
BLE,1703392323707127340,D3:F4:55:AB:96:20,-52
BLE,1703392324126534455,DF:DF:EE:00:00:04,-40
BLE,1703392324280153753,D3:F4:55:AB:96:20,-56
BLE,1703392324444819675,DF:A6:DC:DC:2E:81,-76
BLE,1703392324444879550,DF:DF:EE:00:00:01,-76
BLE,1703392324470203762,D3:F4:55:AB:96:20,-52
BLE,1703392324582156367,DF:DF:EE:00:00:04,-52
BLE,1703392325118768026,DF:DF:EE:00:00:04,-62
BLE,1703392325235220454,D3:F4:55:AB:96:20,-52
BLE,1703392325585562269,DF:DF:EE:00:00:04,-54
BLE,1703392325587107460,DF:DF:EE:00:00:04,-41
BLE,1703392325620264625,D3:F4:55:AB:96:20,-66
BLE,1703392326003512900,D3:F4:55:AB:96:20,-68
BLE,1703392326124442361,DF:DF:EE:00:00:04,-54
BLE,1703392326198411521,D3:F4:55:AB:96:20,-57
BLE,1703392326772611629,D3:F4:55:AB:96:20,-56
BLE,1703392326962542182,D3:F4:55:AB:96:20,-56
BLE,1703392327156212150,D3:F4:55:AB:96:20,-72
BLE,1703392327350072866,D3:F4:55:AB:96:20,-77
BLE,1703392327463625869,DF:A6:DC:DC:2E:81,-72
BLE,1703392327463667285,DF:DF:EE:00:00:01,-72
BLE,1703392327585236947,DF:DF:EE:00:00:04,-43
BLE,1703392327735401534,D3:F4:55:AB:96:20,-67
BLE,1703392327928240679,D3:F4:55:AB:96:20,-67
BLE,1703392328313282725,D3:F4:55:AB:96:20,-82
BLE,1703392328473070828,DF:A6:DC:DC:2E:81,-83
BLE,1703392328473117869,DF:DF:EE:00:00:01,-83
BLE,1703392328581035269,DF:DF:EE:00:00:04,-51
BLE,1703392328892442276,D3:F4:55:AB:96:20,-72
BLE,1703392329274506023,D3:F4:55:AB:96:20,-56
BLE,1703392329467570790,D3:F4:55:AB:96:20,-67
BLE,1703392329580361593,DF:DF:EE:00:00:04,-34
BLE,1703392329854708646,D3:F4:55:AB:96:20,-57
BLE,1703392330047576999,D3:F4:55:AB:96:20,-67
BLE,1703392330120295215,DF:DF:EE:00:00:04,-34
BLE,1703392330475554891,DF:A6:DC:DC:2E:81,-61
BLE,1703392330475600349,DF:DF:EE:00:00:01,-61
BLE,1703392330617204991,D3:F4:55:AB:96:20,-75
BLE,1703392330810913626,D3:F4:55:AB:96:20,-72
BLE,1703392331005923579,D3:F4:55:AB:96:20,-56
BLE,1703392331124064072,DF:DF:EE:00:00:04,-55
BLE,1703392331197575737,D3:F4:55:AB:96:20,-67
BLE,1703392331581013468,DF:DF:EE:00:00:04,-51
BLE,1703392331585922246,D3:F4:55:AB:96:20,-66
BLE,1703392331775896381,D3:F4:55:AB:96:20,-72
BLE,1703392331964224327,D3:F4:55:AB:96:20,-53
BLE,1703392332736500770,D3:F4:55:AB:96:20,-71
BLE,1703392333487248249,DF:A6:DC:DC:2E:81,-76
BLE,1703392333487283082,DF:DF:EE:00:00:01,-76
BLE,1703392333501554961,D3:F4:55:AB:96:20,-72
BLE,1703392333884148285,D3:F4:55:AB:96:20,-56
BLE,1703392334120537561,DF:DF:EE:00:00:04,-39
BLE,1703392334272277672,D3:F4:55:AB:96:20,-70
BLE,1703392334465569228,D3:F4:55:AB:96:20,-52
BLE,1703392334486616655,DF:A6:DC:DC:2E:81,-59
BLE,1703392334486651030,DF:DF:EE:00:00:01,-59
BLE,1703392334587657800,DF:DF:EE:00:00:04,-55
BLE,1703392334658515579,D3:F4:55:AB:96:20,-57
BLE,1703392335492360740,DF:A6:DC:DC:2E:81,-76
BLE,1703392335492409448,DF:DF:EE:00:00:01,-76
BLE,1703392335825095046,D3:F4:55:AB:96:20,-57
BLE,1703392336017456655,D3:F4:55:AB:96:20,-67
BLE,1703392336119251416,DF:DF:EE:00:00:04,-50
BLE,1703392336207570664,D3:F4:55:AB:96:20,-56
BLE,1703392336397291218,D3:F4:55:AB:96:20,-52
BLE,1703392336501701867,DF:A6:DC:DC:2E:81,-61
BLE,1703392336501739783,DF:DF:EE:00:00:01,-61
BLE,1703392336580612096,DF:DF:EE:00:00:04,-35
BLE,1703392336594578813,D3:F4:55:AB:96:20,-72
BLE,1703392336781539565,D3:F4:55:AB:96:20,-52
BLE,1703392336975423281,D3:F4:55:AB:96:20,-72
BLE,1703392337117236588,DF:DF:EE:00:00:04,-50
BLE,1703392337356855327,D3:F4:55:AB:96:20,-72
BLE,1703392337499375709,DF:A6:DC:DC:2E:81,-58
BLE,1703392337499406167,DF:DF:EE:00:00:01,-58
BLE,1703392337545572935,D3:F4:55:AB:96:20,-66
BLE,1703392337739000781,D3:F4:55:AB:96:20,-56
BLE,1703392337929095040,D3:F4:55:AB:96:20,-66
BLE,1703392338316890264,D3:F4:55:AB:96:20,-56
BLE,1703392338503951890,DF:A6:DC:DC:2E:81,-61
BLE,1703392338503996348,DF:DF:EE:00:00:01,-61
BLE,1703392338506185740,D3:F4:55:AB:96:20,-56
BLE,1703392339076734639,D3:F4:55:AB:96:20,-62
BLE,1703392339272547125,D3:F4:55:AB:96:20,-72
BLE,1703392339466820253,D3:F4:55:AB:96:20,-56
BLE,1703392339502671013,DF:A6:DC:DC:2E:81,-72
BLE,1703392339502718304,DF:DF:EE:00:00:01,-72
BLE,1703392339582129528,DF:DF:EE:00:00:04,-55
BLE,1703392339660019644,D3:F4:55:AB:96:20,-68
BLE,1703392340052558938,D3:F4:55:AB:96:20,-56
BLE,1703392340116084050,DF:DF:EE:00:00:04,-53
BLE,1703392340623878870,D3:F4:55:AB:96:20,-68
BLE,1703392340821154089,D3:F4:55:AB:96:20,-57
BLE,1703392341011418096,D3:F4:55:AB:96:20,-66
BLE,1703392341120717606,DF:DF:EE:00:00:04,-29
BLE,1703392341587248769,DF:DF:EE:00:00:04,-40
BLE,1703392341783208878,D3:F4:55:AB:96:20,-56
BLE,1703392341976884846,D3:F4:55:AB:96:20,-52
BLE,1703392342115934310,DF:DF:EE:00:00:04,-35
BLE,1703392342358603347,D3:F4:55:AB:96:20,-52
BLE,1703392342557130677,D3:F4:55:AB:96:20,-67
BLE,1703392343133680925,D3:F4:55:AB:96:20,-70
BLE,1703392343583492944,DF:DF:EE:00:00:04,-54
BLE,1703392343902670321,D3:F4:55:AB:96:20,-72
BLE,1703392344090393149,D3:F4:55:AB:96:20,-52
BLE,1703392344116119065,DF:DF:EE:00:00:04,-50
BLE,1703392344580562252,DF:DF:EE:00:00:04,-39
BLE,1703392345120730371,DF:DF:EE:00:00:04,-50
BLE,1703392345540659771,DF:A6:DC:DC:2E:81,-72
BLE,1703392345540735145,DF:DF:EE:00:00:01,-72
BLE,1703392345579837285,DF:DF:EE:00:00:04,-45
BLE,1703392345629404472,D3:F4:55:AB:96:20,-56
BLE,1703392345817939165,D3:F4:55:AB:96:20,-72
BLE,1703392346119784073,DF:DF:EE:00:00:04,-50
BLE,1703392346784094699,D3:F4:55:AB:96:20,-72
BLE,1703392347167705637,D3:F4:55:AB:96:20,-72
BLE,1703392347578377809,DF:DF:EE:00:00:04,-46
BLE,1703392347747846719,D3:F4:55:AB:96:20,-72
BLE,1703392348121670351,DF:DF:EE:00:00:04,-46
BLE,1703392348319898517,D3:F4:55:AB:96:20,-63
BLE,1703392348905158916,D3:F4:55:AB:96:20,-67
BLE,1703392349125483290,DF:DF:EE:00:00:04,-51
BLE,1703392349559974317,DF:A6:DC:DC:2E:81,-72
BLE,1703392349560014608,DF:DF:EE:00:00:01,-72
BLE,1703392349582756892,DF:DF:EE:00:00:04,-34
BLE,1703392350452233648,D3:F4:55:AB:96:20,-73
BLE,1703392350645668869,D3:F4:55:AB:96:20,-62
BLE,1703392350841947058,D3:F4:55:AB:96:20,-52
BLE,1703392351033688256,D3:F4:55:AB:96:20,-56
BLE,1703392351035081366,D3:F4:55:AB:96:20,-57
BLE,1703392351418647220,D3:F4:55:AB:96:20,-72
BLE,1703392352574866097,D3:F4:55:AB:96:20,-67
BLE,1703392353537963790,D3:F4:55:AB:96:20,-68
BLE,1703392354110174004,D3:F4:55:AB:96:20,-57
BLE,1703392354123265355,DF:DF:EE:00:00:04,-40
BLE,1703392354301440749,D3:F4:55:AB:96:20,-72
BLE,1703392355123404003,DF:DF:EE:00:00:04,-30
BLE,1703392355462050951,D3:F4:55:AB:96:20,-73
BLE,1703392356039401148,D3:F4:55:AB:96:20,-66
BLE,1703392356122054960,DF:DF:EE:00:00:04,-55
BLE,1703392356231368386,D3:F4:55:AB:96:20,-56
BLE,1703392356426313798,D3:F4:55:AB:96:20,-66
BLE,1703392356580483215,DF:DF:EE:00:00:04,-45
BLE,1703392357585545015,D3:F4:55:AB:96:20,-80
BLE,1703392357772008149,D3:F4:55:AB:96:20,-52
BLE,1703392357966482317,D3:F4:55:AB:96:20,-73
BLE,1703392358577616130,DF:DF:EE:00:00:04,-66
BLE,1703392358928900518,D3:F4:55:AB:96:20,-56
BLE,1703392359118058121,DF:DF:EE:00:00:04,-56
BLE,1703392359120070764,D3:F4:55:AB:96:20,-62
BLE,1703392359315741710,D3:F4:55:AB:96:20,-72
BLE,1703392359591383123,DF:A6:DC:DC:2E:81,-71
BLE,1703392359591415040,DF:DF:EE:00:00:01,-71
BLE,1703392359705535619,D3:F4:55:AB:96:20,-52
BLE,1703392359902071055,D3:F4:55:AB:96:20,-72
BLE,1703392360292379792,D3:F4:55:AB:96:20,-66
BLE,1703392360591332898,DF:A6:DC:DC:2E:81,-73
BLE,1703392360591369440,DF:DF:EE:00:00:01,-73
BLE,1703392360676278518,D3:F4:55:AB:96:20,-57
BLE,1703392360870112901,D3:F4:55:AB:96:20,-56
BLE,1703392361121584297,DF:DF:EE:00:00:04,-67
BLE,1703392361439019902,D3:F4:55:AB:96:20,-53
BLE,1703392361595762206,DF:A6:DC:DC:2E:81,-68
BLE,1703392361595825497,DF:DF:EE:00:00:01,-68
BLE,1703392362976731365,D3:F4:55:AB:96:20,-71
BLE,1703392363580202765,DF:DF:EE:00:00:04,-45
BLE,1703392363943602432,D3:F4:55:AB:96:20,-71
BLE,1703392365117354651,DF:DF:EE:00:00:04,-53
BLE,1703392365289260367,D3:F4:55:AB:96:20,-62
BLE,1703392365480750193,D3:F4:55:AB:96:20,-72
BLE,1703392365617173811,DF:A6:DC:DC:2E:81,-76
BLE,1703392365617220061,DF:DF:EE:00:00:01,-76
BLE,1703392366054439182,D3:F4:55:AB:96:20,-66
BLE,1703392366120383017,DF:DF:EE:00:00:04,-52
BLE,1703392366615909934,DF:A6:DC:DC:2E:81,-73
BLE,1703392366615969641,DF:DF:EE:00:00:01,-73
BLE,1703392368117099728,DF:DF:EE:00:00:04,-40
BLE,1703392368159857034,D3:F4:55:AB:96:20,-72
BLE,1703392368548209626,D3:F4:55:AB:96:20,-68
BLE,1703392368934586366,D3:F4:55:AB:96:20,-52
BLE,1703392369123901509,DF:DF:EE:00:00:04,-53
BLE,1703392369126653228,D3:F4:55:AB:96:20,-73
BLE,1703392369314410388,D3:F4:55:AB:96:20,-53
BLE,1703392369699242270,D3:F4:55:AB:96:20,-52
BLE,1703392370843917528,D3:F4:55:AB:96:20,-52
BLE,1703392371032606969,D3:F4:55:AB:96:20,-56
BLE,1703392371120396681,DF:DF:EE:00:00:04,-53
BLE,1703392371886481361,DF:A6:DC:DC:2E:81,-62
BLE,1703392371886519277,DF:DF:EE:00:00:01,-62
BLE,1703392372120742993,DF:DF:EE:00:00:04,-56
BLE,1703392372189017344,D3:F4:55:AB:96:20,-67
BLE,1703392372565740901,D3:F4:55:AB:96:20,-57
BLE,1703392372577324519,DF:DF:EE:00:00:04,-35
BLE,1703392372759554701,D3:F4:55:AB:96:20,-67
BLE,1703392373123152449,DF:DF:EE:00:00:04,-52
BLE,1703392373143938713,D3:F4:55:AB:96:20,-52
BLE,1703392373334659590,D3:F4:55:AB:96:20,-68
BLE,1703392373523364531,D3:F4:55:AB:96:20,-52
BLE,1703392373583373809,DF:DF:EE:00:00:04,-56
BLE,1703392373886068456,DF:A6:DC:DC:2E:81,-58
BLE,1703392373886115997,DF:DF:EE:00:00:01,-58
BLE,1703392373904354499,D3:F4:55:AB:96:20,-52
BLE,1703392374100500522,D3:F4:55:AB:96:20,-72
BLE,1703392374122002112,DF:DF:EE:00:00:04,-40
BLE,1703392374290090621,D3:F4:55:AB:96:20,-65
BLE,1703392374485281822,D3:F4:55:AB:96:20,-72
BLE,1703392374676886230,D3:F4:55:AB:96:20,-57
BLE,1703392374872489552,D3:F4:55:AB:96:20,-52
BLE,1703392375069510191,D3:F4:55:AB:96:20,-72
BLE,1703392375116045579,DF:DF:EE:00:00:04,-74
BLE,1703392375833611101,D3:F4:55:AB:96:20,-68
BLE,1703392375890991366,DF:A6:DC:DC:2E:81,-57
BLE,1703392375891030241,DF:DF:EE:00:00:01,-57
BLE,1703392377001942548,D3:F4:55:AB:96:20,-57
BLE,1703392377121031822,DF:DF:EE:00:00:04,-44
BLE,1703392377570593261,D3:F4:55:AB:96:20,-52
BLE,1703392377586436247,DF:DF:EE:00:00:04,-66
BLE,1703392377956623504,D3:F4:55:AB:96:20,-52
BLE,1703392378538878562,D3:F4:55:AB:96:20,-52
BLE,1703392378730455887,D3:F4:55:AB:96:20,-56
BLE,1703392378888335470,DF:A6:DC:DC:2E:81,-57
BLE,1703392378888357428,DF:DF:EE:00:00:01,-57
BLE,1703392379116546713,DF:DF:EE:00:00:04,-66
BLE,1703392379313096066,D3:F4:55:AB:96:20,-71
BLE,1703392379689602042,D3:F4:55:AB:96:20,-69
BLE,1703392379890407013,DF:A6:DC:DC:2E:81,-58
BLE,1703392379890425846,DF:DF:EE:00:00:01,-58
BLE,1703392380267258069,D3:F4:55:AB:96:20,-57
BLE,1703392380579685731,DF:DF:EE:00:00:04,-66
BLE,1703392380893331838,DF:A6:DC:DC:2E:81,-76
BLE,1703392380893379004,DF:DF:EE:00:00:01,-76
BLE,1703392381114688492,DF:DF:EE:00:00:04,-41
BLE,1703392381615818054,D3:F4:55:AB:96:20,-57
BLE,1703392381804693077,D3:F4:55:AB:96:20,-82
BLE,1703392381995815991,D3:F4:55:AB:96:20,-57
BLE,1703392382116642703,DF:DF:EE:00:00:04,-50
BLE,1703392382184868803,D3:F4:55:AB:96:20,-67
BLE,1703392382961006827,D3:F4:55:AB:96:20,-71
BLE,1703392383121713753,DF:DF:EE:00:00:04,-65
BLE,1703392383578503943,DF:DF:EE:00:00:04,-46
BLE,1703392383736991561,D3:F4:55:AB:96:20,-52
BLE,1703392384516547421,D3:F4:55:AB:96:20,-57
BLE,1703392384712498114,D3:F4:55:AB:96:20,-71
BLE,1703392384892266073,DF:A6:DC:DC:2E:81,-57
BLE,1703392384892287323,DF:DF:EE:00:00:01,-57
BLE,1703392384908065602,D3:F4:55:AB:96:20,-68
BLE,1703392385301276431,D3:F4:55:AB:96:20,-71
BLE,1703392385496140886,D3:F4:55:AB:96:20,-52
BLE,1703392386122870647,DF:DF:EE:00:00:04,-35
BLE,1703392386266363810,D3:F4:55:AB:96:20,-71
BLE,1703392386645634797,D3:F4:55:AB:96:20,-72
BLE,1703392387023732964,D3:F4:55:AB:96:20,-68
BLE,1703392387413519081,D3:F4:55:AB:96:20,-56
BLE,1703392387802477500,D3:F4:55:AB:96:20,-73
BLE,1703392388376483401,D3:F4:55:AB:96:20,-75
BLE,1703392388567498483,D3:F4:55:AB:96:20,-73
BLE,1703392388577184123,DF:DF:EE:00:00:04,-34
BLE,1703392388754739275,D3:F4:55:AB:96:20,-52
BLE,1703392388891108935,DF:A6:DC:DC:2E:81,-59
BLE,1703392388891131768,DF:DF:EE:00:00:01,-59
BLE,1703392389115744052,DF:DF:EE:00:00:04,-35
BLE,1703392389139783112,D3:F4:55:AB:96:20,-67
BLE,1703392389529378315,D3:F4:55:AB:96:20,-71
BLE,1703392389910140369,D3:F4:55:AB:96:20,-71
BLE,1703392390893455666,DF:A6:DC:DC:2E:81,-58
BLE,1703392390893501290,DF:DF:EE:00:00:01,-58
BLE,1703392391118464237,DF:DF:EE:00:00:04,-52
BLE,1703392391637396972,D3:F4:55:AB:96:20,-68
BLE,1703392392021353781,D3:F4:55:AB:96:20,-68
BLE,1703392392121383562,DF:DF:EE:00:00:04,-73
BLE,1703392392581203009,DF:DF:EE:00:00:04,-66
BLE,1703392393376279152,D3:F4:55:AB:96:20,-71
BLE,1703392393569008089,D3:F4:55:AB:96:20,-78
BLE,1703392393584487413,DF:DF:EE:00:00:04,-55
BLE,1703392393894155815,DF:A6:DC:DC:2E:81,-61
BLE,1703392393894205148,DF:DF:EE:00:00:01,-61
BLE,1703392394118041899,DF:DF:EE:00:00:04,-54
BLE,1703392394723737732,D3:F4:55:AB:96:20,-56
BLE,1703392394892802647,DF:A6:DC:DC:2E:81,-78
BLE,1703392394892859021,DF:DF:EE:00:00:01,-78
BLE,1703392394918787852,D3:F4:55:AB:96:20,-52
BLE,1703392395299656987,D3:F4:55:AB:96:20,-68
BLE,1703392395581194542,DF:DF:EE:00:00:04,-37
BLE,1703392395683772086,D3:F4:55:AB:96:20,-52
BLE,1703392396066024080,D3:F4:55:AB:96:20,-66
BLE,1703392396116373717,DF:DF:EE:00:00:04,-35
BLE,1703392396833702492,D3:F4:55:AB:96:20,-52
BLE,1703392397023157175,D3:F4:55:AB:96:20,-72
BLE,1703392397120292864,DF:DF:EE:00:00:04,-66
BLE,1703392397575938192,DF:DF:EE:00:00:04,-35
BLE,1703392397591174144,D3:F4:55:AB:96:20,-72
BLE,1703392397783693834,D3:F4:55:AB:96:20,-71
BLE,1703392397888933723,DF:A6:DC:DC:2E:81,-68
BLE,1703392397888973431,DF:DF:EE:00:00:01,-68
BLE,1703392398116568556,DF:DF:EE:00:00:04,-65
BLE,1703392398167090649,D3:F4:55:AB:96:20,-71
BLE,1703392398361215946,D3:F4:55:AB:96:20,-53
BLE,1703392398554216422,D3:F4:55:AB:96:20,-71
BLE,1703392398932236756,D3:F4:55:AB:96:20,-56
BLE,1703392399128273656,D3:F4:55:AB:96:20,-53
BLE,1703392399524185870,D3:F4:55:AB:96:20,-70
BLE,1703392400117583968,DF:DF:EE:00:00:04,-35
BLE,1703392400281349568,D3:F4:55:AB:96:20,-71
BLE,1703392400585109162,DF:DF:EE:00:00:04,-55
BLE,1703392400855714590,D3:F4:55:AB:96:20,-57
BLE,1703392400910959172,DF:A6:DC:DC:2E:81,-57
BLE,1703392400910977505,DF:DF:EE:00:00:01,-57
BLE,1703392401041271609,D3:F4:55:AB:96:20,-67
BLE,1703392401118999602,DF:DF:EE:00:00:04,-53
BLE,1703392401120685416,DF:DF:EE:00:00:04,-57
BLE,1703392401238472788,D3:F4:55:AB:96:20,-70
BLE,1703392401425095461,D3:F4:55:AB:96:20,-68
BLE,1703392401582200969,DF:DF:EE:00:00:04,-65
BLE,1703392401812126610,D3:F4:55:AB:96:20,-56
BLE,1703392401914393116,DF:A6:DC:DC:2E:81,-60
BLE,1703392401914410865,DF:DF:EE:00:00:01,-60
BLE,1703392402121259684,DF:DF:EE:00:00:04,-34
BLE,1703392402194728392,D3:F4:55:AB:96:20,-62
BLE,1703392402569772135,D3:F4:55:AB:96:20,-66
BLE,1703392402923449829,DF:A6:DC:DC:2E:81,-60
BLE,1703392402923492620,DF:DF:EE:00:00:01,-60
BLE,1703392402961354566,D3:F4:55:AB:96:20,-73
BLE,1703392403117373128,DF:DF:EE:00:00:04,-53
BLE,1703392403350233527,D3:F4:55:AB:96:20,-72
BLE,1703392403928952166,DF:A6:DC:DC:2E:81,-57
BLE,1703392403928992499,DF:DF:EE:00:00:01,-57
BLE,1703392404310095423,D3:F4:55:AB:96:20,-71
BLE,1703392404932627233,DF:A6:DC:DC:2E:81,-59
BLE,1703392404932675940,DF:DF:EE:00:00:01,-59
BLE,1703392405071446782,D3:F4:55:AB:96:20,-52
BLE,1703392405114123464,DF:DF:EE:00:00:04,-50
BLE,1703392405456350580,D3:F4:55:AB:96:20,-56
BLE,1703392405841420542,D3:F4:55:AB:96:20,-72
BLE,1703392405937651492,DF:A6:DC:DC:2E:81,-61
BLE,1703392405937690241,DF:DF:EE:00:00:01,-61
BLE,1703392406117787906,DF:DF:EE:00:00:04,-56
BLE,1703392406418870113,D3:F4:55:AB:96:20,-52
BLE,1703392406614097980,D3:F4:55:AB:96:20,-57
BLE,1703392406802557216,D3:F4:55:AB:96:20,-67
BLE,1703392406996178644,D3:F4:55:AB:96:20,-67
BLE,1703392407183083772,D3:F4:55:AB:96:20,-66
BLE,1703392407767825510,D3:F4:55:AB:96:20,-66
BLE,1703392407960598697,D3:F4:55:AB:96:20,-67
BLE,1703392408338527533,D3:F4:55:AB:96:20,-62
BLE,1703392408579088552,DF:DF:EE:00:00:04,-52
BLE,1703392408728592063,D3:F4:55:AB:96:20,-73
BLE,1703392408953754216,DF:A6:DC:DC:2E:81,-76
BLE,1703392408953770716,DF:DF:EE:00:00:01,-76
BLE,1703392409307324495,D3:F4:55:AB:96:20,-57
BLE,1703392409501414417,D3:F4:55:AB:96:20,-66
BLE,1703392409881194814,D3:F4:55:AB:96:20,-53
BLE,1703392410649088640,D3:F4:55:AB:96:20,-53
BLE,1703392411226294005,D3:F4:55:AB:96:20,-73
BLE,1703392412000288762,D3:F4:55:AB:96:20,-69
BLE,1703392412196820864,D3:F4:55:AB:96:20,-57
BLE,1703392412965721095,D3:F4:55:AB:96:20,-66
BLE,1703392413121210747,DF:DF:EE:00:00:04,-46
BLE,1703392413162907441,D3:F4:55:AB:96:20,-72
BLE,1703392414129204139,D3:F4:55:AB:96:20,-72
BLE,1703392414576672311,DF:DF:EE:00:00:04,-56
BLE,1703392414705744762,D3:F4:55:AB:96:20,-71
BLE,1703392415116502142,DF:DF:EE:00:00:04,-56
BLE,1703392415473526256,D3:F4:55:AB:96:20,-72
BLE,1703392415851086429,D3:F4:55:AB:96:20,-71
BLE,1703392416228589019,D3:F4:55:AB:96:20,-67
BLE,1703392416584954432,DF:DF:EE:00:00:04,-71
BLE,1703392417119264243,DF:DF:EE:00:00:04,-39
BLE,1703392417192122249,D3:F4:55:AB:96:20,-57
BLE,1703392417379104460,D3:F4:55:AB:96:20,-69
BLE,1703392417579473269,DF:DF:EE:00:00:04,-35
BLE,1703392418146304877,D3:F4:55:AB:96:20,-71
BLE,1703392418335253566,D3:F4:55:AB:96:20,-56
BLE,1703392418528614621,D3:F4:55:AB:96:20,-56
BLE,1703392418576336579,DF:DF:EE:00:00:04,-52
BLE,1703392419114085517,DF:DF:EE:00:00:04,-52
BLE,1703392419579205238,DF:DF:EE:00:00:04,-51
BLE,1703392419875481042,D3:F4:55:AB:96:20,-67
BLE,1703392420014647879,DF:A6:DC:DC:2E:81,-57
BLE,1703392420014694254,DF:DF:EE:00:00:01,-57
BLE,1703392420119909518,DF:DF:EE:00:00:04,-35
BLE,1703392420264252963,D3:F4:55:AB:96:20,-57
BLE,1703392420581451904,DF:DF:EE:00:00:04,-53
BLE,1703392420840339465,D3:F4:55:AB:96:20,-66
BLE,1703392421030425766,D3:F4:55:AB:96:20,-71
BLE,1703392421118248228,DF:DF:EE:00:00:04,-53
BLE,1703392421226533832,D3:F4:55:AB:96:20,-52
BLE,1703392421579196496,DF:DF:EE:00:00:04,-73
BLE,1703392421810850450,D3:F4:55:AB:96:20,-67
BLE,1703392422019517040,DF:A6:DC:DC:2E:81,-72
BLE,1703392422019578956,DF:DF:EE:00:00:01,-72
BLE,1703392422199612496,D3:F4:55:AB:96:20,-56
BLE,1703392422395831935,D3:F4:55:AB:96:20,-53
BLE,1703392422586536854,D3:F4:55:AB:96:20,-72
BLE,1703392422781188103,D3:F4:55:AB:96:20,-71
BLE,1703392423576764489,DF:DF:EE:00:00:04,-73
BLE,1703392423936337991,D3:F4:55:AB:96:20,-72
BLE,1703392424694817674,D3:F4:55:AB:96:20,-71
BLE,1703392424890822324,D3:F4:55:AB:96:20,-53
BLE,1703392425026993612,DF:A6:DC:DC:2E:81,-71
BLE,1703392425027062111,DF:DF:EE:00:00:01,-71
BLE,1703392425114430995,DF:DF:EE:00:00:04,-35
BLE,1703392425854971297,D3:F4:55:AB:96:20,-79
BLE,1703392427000086842,D3:F4:55:AB:96:20,-73
BLE,1703392427767332341,D3:F4:55:AB:96:20,-72
BLE,1703392429048894504,DF:A6:DC:DC:2E:81,-70
BLE,1703392429048957586,DF:DF:EE:00:00:01,-70
BLE,1703392429509554608,D3:F4:55:AB:96:20,-57
BLE,1703392429901796323,D3:F4:55:AB:96:20,-57
BLE,1703392430290606035,D3:F4:55:AB:96:20,-67
BLE,1703392430485901235,D3:F4:55:AB:96:20,-56
BLE,1703392430578802805,DF:DF:EE:00:00:04,-67
BLE,1703392430676530238,D3:F4:55:AB:96:20,-52
BLE,1703392431061465243,DF:A6:DC:DC:2E:81,-57
BLE,1703392431061509618,DF:DF:EE:00:00:01,-57
BLE,1703392431063231848,D3:F4:55:AB:96:20,-56
BLE,1703392431119782707,DF:DF:EE:00:00:04,-72
BLE,1703392431256680653,D3:F4:55:AB:96:20,-65
BLE,1703392431641759532,D3:F4:55:AB:96:20,-66
BLE,1703392432580479960,DF:DF:EE:00:00:04,-62
BLE,1703392432991572919,D3:F4:55:AB:96:20,-52
BLE,1703392433075003639,DF:A6:DC:DC:2E:81,-76
BLE,1703392433075022722,DF:DF:EE:00:00:01,-76
BLE,1703392433188866972,D3:F4:55:AB:96:20,-68
BLE,1703392433376554008,D3:F4:55:AB:96:20,-66
BLE,1703392433566995013,D3:F4:55:AB:96:20,-56
BLE,1703392433576486947,DF:DF:EE:00:00:04,-35
BLE,1703392433755875577,D3:F4:55:AB:96:20,-66
BLE,1703392433946402040,D3:F4:55:AB:96:20,-56
BLE,1703392434121237097,DF:DF:EE:00:00:04,-37
BLE,1703392434136279676,D3:F4:55:AB:96:20,-52
BLE,1703392434334076931,D3:F4:55:AB:96:20,-72
BLE,1703392434529670461,D3:F4:55:AB:96:20,-73
BLE,1703392434906984429,D3:F4:55:AB:96:20,-52
BLE,1703392435099085206,D3:F4:55:AB:96:20,-72
BLE,1703392435483759882,D3:F4:55:AB:96:20,-72
BLE,1703392436057673159,D3:F4:55:AB:96:20,-56
BLE,1703392436119111462,DF:DF:EE:00:00:04,-34
BLE,1703392436251892330,D3:F4:55:AB:96:20,-52
BLE,1703392436449217632,D3:F4:55:AB:96:20,-73
BLE,1703392436637783658,D3:F4:55:AB:96:20,-62
BLE,1703392437019585533,D3:F4:55:AB:96:20,-75
BLE,1703392437112302981,DF:DF:EE:00:00:04,-35
BLE,1703392437113898296,DF:DF:EE:00:00:04,-54
BLE,1703392437215542059,D3:F4:55:AB:96:20,-71
BLE,1703392437601962048,D3:F4:55:AB:96:20,-67
BLE,1703392437790633698,D3:F4:55:AB:96:20,-56
BLE,1703392437986850721,D3:F4:55:AB:96:20,-52
BLE,1703392438378254112,D3:F4:55:AB:96:20,-56
BLE,1703392438753352562,D3:F4:55:AB:96:20,-52
BLE,1703392439141346825,D3:F4:55:AB:96:20,-56
BLE,1703392439335812910,D3:F4:55:AB:96:20,-67
BLE,1703392439578110784,DF:DF:EE:00:00:04,-56
BLE,1703392439724294917,D3:F4:55:AB:96:20,-71
BLE,1703392440104397894,D3:F4:55:AB:96:20,-67
BLE,1703392441069095278,D3:F4:55:AB:96:20,-68
BLE,1703392441579570109,DF:DF:EE:00:00:04,-39
BLE,1703392442416565317,D3:F4:55:AB:96:20,-66
BLE,1703392442613741829,D3:F4:55:AB:96:20,-68
BLE,1703392443579122580,DF:DF:EE:00:00:04,-63
BLE,1703392443778829563,D3:F4:55:AB:96:20,-71
BLE,1703392443970438513,D3:F4:55:AB:96:20,-53
BLE,1703392444134074448,DF:A6:DC:DC:2E:81,-72
BLE,1703392444134096864,DF:DF:EE:00:00:01,-72
BLE,1703392444361378409,D3:F4:55:AB:96:20,-71
BLE,1703392445117307204,DF:DF:EE:00:00:04,-51
BLE,1703392445137260811,DF:A6:DC:DC:2E:81,-62
BLE,1703392445137284269,DF:DF:EE:00:00:01,-62
BLE,1703392445578795591,DF:DF:EE:00:00:04,-48
BLE,1703392445709714230,D3:F4:55:AB:96:20,-71
BLE,1703392446092029141,D3:F4:55:AB:96:20,-71
BLE,1703392446147206723,DF:A6:DC:DC:2E:81,-77
BLE,1703392446147247472,DF:DF:EE:00:00:01,-77
BLE,1703392447119620560,DF:DF:EE:00:00:04,-52
BLE,1703392447245387800,D3:F4:55:AB:96:20,-71
BLE,1703392447625772482,D3:F4:55:AB:96:20,-73
BLE,1703392448118485098,DF:DF:EE:00:00:04,-53
BLE,1703392448587611565,D3:F4:55:AB:96:20,-52
BLE,1703392449117574800,DF:DF:EE:00:00:04,-39
BLE,1703392449170905486,D3:F4:55:AB:96:20,-66
BLE,1703392449364449956,D3:F4:55:AB:96:20,-70
BLE,1703392449559171704,D3:F4:55:AB:96:20,-56
BLE,1703392449573474125,DF:DF:EE:00:00:04,-35
BLE,1703392449753022212,D3:F4:55:AB:96:20,-52
BLE,1703392449945194989,D3:F4:55:AB:96:20,-73
BLE,1703392449946519099,D3:F4:55:AB:96:20,-72
BLE,1703392450120287502,DF:DF:EE:00:00:04,-67
BLE,1703392450142431417,D3:F4:55:AB:96:20,-56
BLE,1703392450160297506,DF:A6:DC:DC:2E:81,-72
BLE,1703392450160321006,DF:DF:EE:00:00:01,-72
BLE,1703392450719706615,D3:F4:55:AB:96:20,-52
BLE,1703392450917657410,D3:F4:55:AB:96:20,-72
BLE,1703392451113375646,D3:F4:55:AB:96:20,-56
BLE,1703392451164592065,DF:A6:DC:DC:2E:81,-61
BLE,1703392451164617106,DF:DF:EE:00:00:01,-61
BLE,1703392451579227775,DF:DF:EE:00:00:04,-51
BLE,1703392452257056165,D3:F4:55:AB:96:20,-73
BLE,1703392453618537754,D3:F4:55:AB:96:20,-72
BLE,1703392454117217843,DF:DF:EE:00:00:04,-51
BLE,1703392454177171621,DF:A6:DC:DC:2E:81,-77
BLE,1703392454177226954,DF:DF:EE:00:00:01,-77
BLE,1703392454961197264,D3:F4:55:AB:96:20,-56
BLE,1703392455183982568,DF:A6:DC:DC:2E:81,-57
BLE,1703392455184035901,DF:DF:EE:00:00:01,-57
BLE,1703392456866018768,D3:F4:55:AB:96:20,-68
BLE,1703392457188015447,DF:A6:DC:DC:2E:81,-72
BLE,1703392457188062655,DF:DF:EE:00:00:01,-72
BLE,1703392457252810211,D3:F4:55:AB:96:20,-71
BLE,1703392457642403164,D3:F4:55:AB:96:20,-72
BLE,1703392457834346527,D3:F4:55:AB:96:20,-53
BLE,1703392458026194892,D3:F4:55:AB:96:20,-73
BLE,1703392458787709123,D3:F4:55:AB:96:20,-73
BLE,1703392458981732713,D3:F4:55:AB:96:20,-66
BLE,1703392459112200190,DF:DF:EE:00:00:04,-51
BLE,1703392459371900242,D3:F4:55:AB:96:20,-73
BLE,1703392459567192651,D3:F4:55:AB:96:20,-62
BLE,1703392459578448940,DF:DF:EE:00:00:04,-55
BLE,1703392459760261001,D3:F4:55:AB:96:20,-57
BLE,1703392460120572286,DF:DF:EE:00:00:04,-39
BLE,1703392460530011931,D3:F4:55:AB:96:20,-67
BLE,1703392460912991292,D3:F4:55:AB:96:20,-66
BLE,1703392461117377889,DF:DF:EE:00:00:04,-35
BLE,1703392461216068810,DF:A6:DC:DC:2E:81,-72
BLE,1703392461216085018,DF:DF:EE:00:00:01,-72
BLE,1703392461295998028,D3:F4:55:AB:96:20,-66
BLE,1703392461491999637,D3:F4:55:AB:96:20,-72
BLE,1703392461688354616,D3:F4:55:AB:96:20,-57
BLE,1703392462267308462,D3:F4:55:AB:96:20,-66
BLE,1703392462843769377,D3:F4:55:AB:96:20,-72
BLE,1703392463113625731,DF:DF:EE:00:00:04,-55
BLE,1703392463604550825,D3:F4:55:AB:96:20,-57
BLE,1703392463793193184,D3:F4:55:AB:96:20,-66
BLE,1703392464110573248,DF:DF:EE:00:00:04,-45
BLE,1703392464575051684,DF:DF:EE:00:00:04,-50
BLE,1703392464761761690,D3:F4:55:AB:96:20,-53
BLE,1703392464951073417,D3:F4:55:AB:96:20,-71
BLE,1703392465147649185,D3:F4:55:AB:96:20,-83
BLE,1703392465529975179,D3:F4:55:AB:96:20,-52
BLE,1703392465925080028,D3:F4:55:AB:96:20,-68
BLE,1703392466238542345,DF:A6:DC:DC:2E:81,-76
BLE,1703392466238569970,DF:DF:EE:00:00:01,-76
BLE,1703392466890036034,D3:F4:55:AB:96:20,-57
BLE,1703392467237780211,DF:A6:DC:DC:2E:81,-58
BLE,1703392467237831544,DF:DF:EE:00:00:01,-58
BLE,1703392467267203961,D3:F4:55:AB:96:20,-71
BLE,1703392467574054770,DF:DF:EE:00:00:04,-45
BLE,1703392467642616533,D3:F4:55:AB:96:20,-63
BLE,1703392468112156037,DF:DF:EE:00:00:04,-46
BLE,1703392468246811759,DF:A6:DC:DC:2E:81,-59
BLE,1703392468246831592,DF:DF:EE:00:00:01,-59
BLE,1703392469255042190,DF:A6:DC:DC:2E:81,-60
BLE,1703392469255083398,DF:DF:EE:00:00:01,-60
BLE,1703392470115627672,DF:DF:EE:00:00:04,-36
BLE,1703392470521055820,D3:F4:55:AB:96:20,-52
BLE,1703392470712353774,D3:F4:55:AB:96:20,-71
BLE,1703392471110060843,DF:DF:EE:00:00:04,-59
BLE,1703392471578589900,DF:DF:EE:00:00:04,-35
BLE,1703392472055919190,D3:F4:55:AB:96:20,-63
BLE,1703392472118442106,DF:DF:EE:00:00:04,-45
BLE,1703392472250325317,D3:F4:55:AB:96:20,-72
BLE,1703392472266587591,DF:A6:DC:DC:2E:81,-61
BLE,1703392472266604007,DF:DF:EE:00:00:01,-61
BLE,1703392473117464391,DF:DF:EE:00:00:04,-38
BLE,1703392473219953978,D3:F4:55:AB:96:20,-67
BLE,1703392473265038925,DF:A6:DC:DC:2E:81,-58
BLE,1703392473265053133,DF:DF:EE:00:00:01,-58
BLE,1703392473414360355,D3:F4:55:AB:96:20,-56
BLE,1703392473575242945,DF:DF:EE:00:00:04,-56
BLE,1703392473800996925,D3:F4:55:AB:96:20,-57
BLE,1703392473996324249,D3:F4:55:AB:96:20,-56
BLE,1703392474376271353,D3:F4:55:AB:96:20,-71
BLE,1703392474764664695,D3:F4:55:AB:96:20,-57
BLE,1703392475278797609,DF:A6:DC:DC:2E:81,-57
BLE,1703392475278838192,DF:DF:EE:00:00:01,-57
BLE,1703392475724870338,D3:F4:55:AB:96:20,-71
BLE,1703392476115145492,D3:F4:55:AB:96:20,-72
BLE,1703392476695213324,D3:F4:55:AB:96:20,-71
BLE,1703392476887023522,D3:F4:55:AB:96:20,-52
BLE,1703392477113300287,DF:DF:EE:00:00:04,-36
BLE,1703392477467071147,D3:F4:55:AB:96:20,-70
BLE,1703392477857344967,D3:F4:55:AB:96:20,-53
BLE,1703392478119512408,DF:DF:EE:00:00:04,-40
BLE,1703392478238949261,D3:F4:55:AB:96:20,-65
BLE,1703392478428869355,D3:F4:55:AB:96:20,-71
BLE,1703392479393049369,D3:F4:55:AB:96:20,-71
BLE,1703392479581899934,DF:DF:EE:00:00:04,-62
BLE,1703392479583479708,D3:F4:55:AB:96:20,-57
BLE,1703392480113769772,DF:DF:EE:00:00:04,-53
BLE,1703392480549123123,D3:F4:55:AB:96:20,-56
BLE,1703392480573773301,DF:DF:EE:00:00:04,-56
BLE,1703392480742670217,D3:F4:55:AB:96:20,-71
BLE,1703392480933381511,D3:F4:55:AB:96:20,-72
BLE,1703392481312878579,D3:F4:55:AB:96:20,-57
BLE,1703392481690251087,D3:F4:55:AB:96:20,-71
BLE,1703392482070076067,D3:F4:55:AB:96:20,-57
BLE,1703392482120386288,DF:DF:EE:00:00:04,-53
BLE,1703392482122013311,DF:DF:EE:00:00:04,-55
BLE,1703392482460080057,D3:F4:55:AB:96:20,-70
BLE,1703392482580133111,DF:DF:EE:00:00:04,-35
BLE,1703392482838418055,D3:F4:55:AB:96:20,-71
BLE,1703392483112032658,DF:DF:EE:00:00:04,-40
BLE,1703392483227615804,D3:F4:55:AB:96:20,-72
BLE,1703392483317364869,DF:A6:DC:DC:2E:81,-71
BLE,1703392483317382827,DF:DF:EE:00:00:01,-71
BLE,1703392483417588606,D3:F4:55:AB:96:20,-63
BLE,1703392483574159871,DF:DF:EE:00:00:04,-51
BLE,1703392484110810446,DF:DF:EE:00:00:04,-46
BLE,1703392484320134695,DF:A6:DC:DC:2E:81,-72
BLE,1703392484320154653,DF:DF:EE:00:00:01,-72
BLE,1703392484385550619,D3:F4:55:AB:96:20,-68
BLE,1703392485114569595,DF:DF:EE:00:00:04,-64
BLE,1703392485926287381,D3:F4:55:AB:96:20,-72
BLE,1703392486114994531,D3:F4:55:AB:96:20,-52
BLE,1703392486117594043,DF:DF:EE:00:00:04,-69
BLE,1703392486309596906,D3:F4:55:AB:96:20,-71
BLE,1703392486506527045,D3:F4:55:AB:96:20,-56
BLE,1703392486581651984,DF:DF:EE:00:00:04,-63
BLE,1703392486700958005,D3:F4:55:AB:96:20,-52
BLE,1703392487096131270,D3:F4:55:AB:96:20,-56
BLE,1703392487114573019,DF:DF:EE:00:00:04,-54
BLE,1703392487286220862,D3:F4:55:AB:96:20,-52
BLE,1703392487329207541,DF:A6:DC:DC:2E:81,-71
BLE,1703392487329240999,DF:DF:EE:00:00:01,-71
BLE,1703392487679766729,D3:F4:55:AB:96:20,-70
BLE,1703392487867716429,D3:F4:55:AB:96:20,-66
BLE,1703392488250679957,D3:F4:55:AB:96:20,-52
BLE,1703392488580137342,DF:DF:EE:00:00:04,-50
BLE,1703392488634014773,D3:F4:55:AB:96:20,-67
BLE,1703392488823652328,D3:F4:55:AB:96:20,-56
BLE,1703392489120119005,DF:DF:EE:00:00:04,-39
BLE,1703392489203338602,D3:F4:55:AB:96:20,-71
BLE,1703392489577247816,DF:DF:EE:00:00:04,-48
BLE,1703392489583463246,D3:F4:55:AB:96:20,-66
BLE,1703392489780265096,D3:F4:55:AB:96:20,-63
BLE,1703392490548421002,D3:F4:55:AB:96:20,-67
BLE,1703392490929658424,D3:F4:55:AB:96:20,-68
BLE,1703392491314617722,D3:F4:55:AB:96:20,-68
BLE,1703392491507409242,D3:F4:55:AB:96:20,-57
BLE,1703392491696328431,D3:F4:55:AB:96:20,-53
BLE,1703392491890783099,D3:F4:55:AB:96:20,-72
BLE,1703392492112867620,DF:DF:EE:00:00:04,-72
BLE,1703392492347178252,DF:A6:DC:DC:2E:81,-72
BLE,1703392492347216751,DF:DF:EE:00:00:01,-72
BLE,1703392492571278666,DF:DF:EE:00:00:04,-52
BLE,1703392493113265765,DF:DF:EE:00:00:04,-51
BLE,1703392493247629073,D3:F4:55:AB:96:20,-52
BLE,1703392493352776546,DF:A6:DC:DC:2E:81,-76
BLE,1703392493352792129,DF:DF:EE:00:00:01,-76
BLE,1703392493635212549,D3:F4:55:AB:96:20,-71
BLE,1703392494115714803,DF:DF:EE:00:00:04,-40
BLE,1703392494576333408,DF:DF:EE:00:00:04,-51
BLE,1703392495116721941,DF:DF:EE:00:00:04,-50
BLE,1703392495365447868,DF:A6:DC:DC:2E:81,-58
BLE,1703392495365497534,DF:DF:EE:00:00:01,-58
BLE,1703392495367042058,D3:F4:55:AB:96:20,-56
BLE,1703392495570888620,DF:DF:EE:00:00:04,-53
BLE,1703392495943445641,D3:F4:55:AB:96:20,-72
BLE,1703392496110122791,DF:DF:EE:00:00:04,-53
BLE,1703392496327793737,D3:F4:55:AB:96:20,-67
BLE,1703392496368891812,DF:A6:DC:DC:2E:81,-72
BLE,1703392496368907604,DF:DF:EE:00:00:01,-72
BLE,1703392496577692609,DF:DF:EE:00:00:04,-50
BLE,1703392496710089814,D3:F4:55:AB:96:20,-52
BLE,1703392496901960387,D3:F4:55:AB:96:20,-57
BLE,1703392497097480709,D3:F4:55:AB:96:20,-67
BLE,1703392497865425867,D3:F4:55:AB:96:20,-71
BLE,1703392498120195059,DF:DF:EE:00:00:04,-39
BLE,1703392498382273834,DF:A6:DC:DC:2E:81,-57
BLE,1703392498382315834,DF:DF:EE:00:00:01,-57
BLE,1703392498445765697,D3:F4:55:AB:96:20,-65
BLE,1703392498578771521,DF:DF:EE:00:00:04,-51
BLE,1703392499025263120,D3:F4:55:AB:96:20,-72
BLE,1703392499216712072,D3:F4:55:AB:96:20,-57
BLE,1703392499977078816,D3:F4:55:AB:96:20,-63
BLE,1703392500117753719,DF:DF:EE:00:00:04,-53
BLE,1703392500169593173,D3:F4:55:AB:96:20,-56
BLE,1703392500361146207,D3:F4:55:AB:96:20,-66
BLE,1703392500387772905,DF:A6:DC:DC:2E:81,-57
BLE,1703392500387796529,DF:DF:EE:00:00:01,-57
BLE,1703392500573710002,DF:DF:EE:00:00:04,-73
BLE,1703392501115451103,DF:DF:EE:00:00:04,-39
BLE,1703392501127469175,D3:F4:55:AB:96:20,-71
BLE,1703392501896491488,D3:F4:55:AB:96:20,-73
BLE,1703392502089182301,D3:F4:55:AB:96:20,-52
BLE,1703392502109565528,DF:DF:EE:00:00:04,-45
BLE,1703392502398453458,DF:A6:DC:DC:2E:81,-61
BLE,1703392502398497082,DF:DF:EE:00:00:01,-61
BLE,1703392502579110490,DF:DF:EE:00:00:04,-41
BLE,1703392503396684877,DF:A6:DC:DC:2E:81,-68
BLE,1703392503396726835,DF:DF:EE:00:00:01,-68
BLE,1703392503618068281,D3:F4:55:AB:96:20,-66
BLE,1703392504390410056,D3:F4:55:AB:96:20,-71
BLE,1703392504405557593,DF:A6:DC:DC:2E:81,-73
BLE,1703392504405574884,DF:DF:EE:00:00:01,-73
BLE,1703392504960223089,D3:F4:55:AB:96:20,-57
BLE,1703392505111942575,DF:DF:EE:00:00:04,-54
BLE,1703392505155535205,D3:F4:55:AB:96:20,-71
BLE,1703392505347778315,D3:F4:55:AB:96:20,-71
BLE,1703392505413614443,DF:A6:DC:DC:2E:81,-70
BLE,1703392505413689733,DF:DF:EE:00:00:01,-70
BLE,1703392505535809431,D3:F4:55:AB:96:20,-69
BLE,1703392506304410998,D3:F4:55:AB:96:20,-56
BLE,1703392506689952997,D3:F4:55:AB:96:20,-72
BLE,1703392507429191523,DF:A6:DC:DC:2E:81,-72
BLE,1703392507429234190,DF:DF:EE:00:00:01,-72
BLE,1703392507454686276,D3:F4:55:AB:96:20,-71
BLE,1703392508029421044,D3:F4:55:AB:96:20,-53
BLE,1703392508226434099,D3:F4:55:AB:96:20,-56
BLE,1703392509184404059,D3:F4:55:AB:96:20,-71
BLE,1703392510116968224,DF:DF:EE:00:00:04,-74
BLE,1703392510723086345,D3:F4:55:AB:96:20,-72
BLE,1703392511113987699,DF:DF:EE:00:00:04,-66
BLE,1703392512267633813,D3:F4:55:AB:96:20,-56
BLE,1703392512452674588,DF:A6:DC:DC:2E:81,-77
BLE,1703392512452722588,DF:DF:EE:00:00:01,-77
BLE,1703392512463941294,D3:F4:55:AB:96:20,-67
BLE,1703392513455097544,DF:A6:DC:DC:2E:81,-72
BLE,1703392513455162001,DF:DF:EE:00:00:01,-72
BLE,1703392513624498829,D3:F4:55:AB:96:20,-57
BLE,1703392514383238134,D3:F4:55:AB:96:20,-73
BLE,1703392514461337581,DF:A6:DC:DC:2E:81,-76
BLE,1703392514461369247,DF:DF:EE:00:00:01,-76
BLE,1703392514758916078,D3:F4:55:AB:96:20,-52
BLE,1703392514950932482,D3:F4:55:AB:96:20,-73
BLE,1703392515112975976,DF:DF:EE:00:00:04,-55
BLE,1703392515327902953,D3:F4:55:AB:96:20,-71
BLE,1703392515468838437,DF:A6:DC:DC:2E:81,-76
BLE,1703392515468876186,DF:DF:EE:00:00:01,-76
BLE,1703392515521616546,D3:F4:55:AB:96:20,-52
BLE,1703392516467108273,DF:A6:DC:DC:2E:81,-73
BLE,1703392516467145814,DF:DF:EE:00:00:01,-73
BLE,1703392516480238540,D3:F4:55:AB:96:20,-72
BLE,1703392516571833543,DF:DF:EE:00:00:04,-40
BLE,1703392516668549861,D3:F4:55:AB:96:20,-52
BLE,1703392516857283553,D3:F4:55:AB:96:20,-57
BLE,1703392517051428932,D3:F4:55:AB:96:20,-62
BLE,1703392517114576465,DF:DF:EE:00:00:04,-72
BLE,1703392517246519176,D3:F4:55:AB:96:20,-67
BLE,1703392517434644749,D3:F4:55:AB:96:20,-52
BLE,1703392517819971501,D3:F4:55:AB:96:20,-52
BLE,1703392518015371991,D3:F4:55:AB:96:20,-71
BLE,1703392518403166048,D3:F4:55:AB:96:20,-52
BLE,1703392518476363592,DF:A6:DC:DC:2E:81,-57
BLE,1703392518476380133,DF:DF:EE:00:00:01,-57
BLE,1703392518595710529,D3:F4:55:AB:96:20,-72
BLE,1703392518981072488,D3:F4:55:AB:96:20,-72
BLE,1703392519367858432,D3:F4:55:AB:96:20,-68
BLE,1703392519483678700,DF:A6:DC:DC:2E:81,-58
BLE,1703392519483753449,DF:DF:EE:00:00:01,-58
BLE,1703392519560932282,D3:F4:55:AB:96:20,-56
BLE,1703392519578249460,DF:DF:EE:00:00:04,-48
BLE,1703392520114170919,DF:DF:EE:00:00:04,-51
BLE,1703392520335375241,D3:F4:55:AB:96:20,-67
BLE,1703392520491021058,DF:A6:DC:DC:2E:81,-77
BLE,1703392520491064683,DF:DF:EE:00:00:01,-77
BLE,1703392521100761262,D3:F4:55:AB:96:20,-67
BLE,1703392521685955287,D3:F4:55:AB:96:20,-64
BLE,1703392522069722014,D3:F4:55:AB:96:20,-67
BLE,1703392522264625510,D3:F4:55:AB:96:20,-72
BLE,1703392522498117860,DF:A6:DC:DC:2E:81,-73
BLE,1703392522498151943,DF:DF:EE:00:00:01,-73
BLE,1703392523620592786,D3:F4:55:AB:96:20,-66
BLE,1703392523817321762,D3:F4:55:AB:96:20,-62
BLE,1703392524006200743,D3:F4:55:AB:96:20,-67
BLE,1703392524589593621,D3:F4:55:AB:96:20,-70
BLE,1703392525107970612,DF:DF:EE:00:00:04,-45
BLE,1703392525353244245,D3:F4:55:AB:96:20,-67
BLE,1703392525571740765,DF:DF:EE:00:00:04,-69
BLE,1703392525737189179,D3:F4:55:AB:96:20,-67
BLE,1703392526113039954,DF:DF:EE:00:00:04,-40
BLE,1703392527458174895,D3:F4:55:AB:96:20,-72
BLE,1703392527570101749,DF:DF:EE:00:00:04,-53
BLE,1703392527836147355,D3:F4:55:AB:96:20,-57
BLE,1703392528407332913,D3:F4:55:AB:96:20,-73
BLE,1703392529181123422,D3:F4:55:AB:96:20,-53
BLE,1703392529575875650,D3:F4:55:AB:96:20,-67
BLE,1703392530118402867,DF:DF:EE:00:00:04,-55
BLE,1703392530344713840,D3:F4:55:AB:96:20,-73
BLE,1703392530538360100,DF:A6:DC:DC:2E:81,-57
BLE,1703392530538410766,DF:DF:EE:00:00:01,-57
BLE,1703392531114543144,D3:F4:55:AB:96:20,-53
BLE,1703392531117094823,DF:DF:EE:00:00:04,-41
BLE,1703392531307920490,D3:F4:55:AB:96:20,-72
BLE,1703392531543913312,DF:A6:DC:DC:2E:81,-59
BLE,1703392531543958478,DF:DF:EE:00:00:01,-59
BLE,1703392531578908540,DF:DF:EE:00:00:04,-62
BLE,1703392531694645143,D3:F4:55:AB:96:20,-72
BLE,1703392531879717459,D3:F4:55:AB:96:20,-52
BLE,1703392532072559395,D3:F4:55:AB:96:20,-92
BLE,1703392532262770194,D3:F4:55:AB:96:20,-69
BLE,1703392532549469523,DF:A6:DC:DC:2E:81,-75
BLE,1703392532549511273,DF:DF:EE:00:00:01,-75
BLE,1703392532573249503,DF:DF:EE:00:00:04,-56
BLE,1703392532845831451,D3:F4:55:AB:96:20,-52
BLE,1703392533035355675,D3:F4:55:AB:96:20,-56
BLE,1703392533414245000,D3:F4:55:AB:96:20,-67
BLE,1703392533548085064,DF:A6:DC:DC:2E:81,-72
BLE,1703392533548126813,DF:DF:EE:00:00:01,-72
BLE,1703392533568206794,DF:DF:EE:00:00:04,-45
BLE,1703392533604820670,D3:F4:55:AB:96:20,-56
BLE,1703392533791759131,D3:F4:55:AB:96:20,-52
BLE,1703392533988627230,D3:F4:55:AB:96:20,-57
BLE,1703392534176657679,D3:F4:55:AB:96:20,-66
BLE,1703392534551018513,DF:A6:DC:DC:2E:81,-70
BLE,1703392534551060555,DF:DF:EE:00:00:01,-70
BLE,1703392534758441326,D3:F4:55:AB:96:20,-66
BLE,1703392534955967125,D3:F4:55:AB:96:20,-57
BLE,1703392535149327181,D3:F4:55:AB:96:20,-57
BLE,1703392535345726160,D3:F4:55:AB:96:20,-52
BLE,1703392535556990970,DF:A6:DC:DC:2E:81,-57
BLE,1703392535557016762,DF:DF:EE:00:00:01,-57
BLE,1703392535567959596,DF:DF:EE:00:00:04,-34
BLE,1703392536110944224,DF:DF:EE:00:00:04,-34
BLE,1703392536311569155,D3:F4:55:AB:96:20,-53
BLE,1703392536563733543,DF:A6:DC:DC:2E:81,-58
BLE,1703392536563753335,DF:DF:EE:00:00:01,-58
BLE,1703392537473373343,D3:F4:55:AB:96:20,-57
BLE,1703392537662242825,D3:F4:55:AB:96:20,-66
BLE,1703392537858001894,D3:F4:55:AB:96:20,-57
BLE,1703392538047082748,D3:F4:55:AB:96:20,-53
BLE,1703392538433624111,D3:F4:55:AB:96:20,-57
BLE,1703392538575953829,DF:A6:DC:DC:2E:81,-60
BLE,1703392538575972120,DF:DF:EE:00:00:01,-60
BLE,1703392539113608851,DF:DF:EE:00:00:04,-53
BLE,1703392539404920545,D3:F4:55:AB:96:20,-56
BLE,1703392539575990520,DF:A6:DC:DC:2E:81,-58
BLE,1703392539576028311,DF:DF:EE:00:00:01,-58
BLE,1703392539784657318,D3:F4:55:AB:96:20,-57
BLE,1703392540174369103,D3:F4:55:AB:96:20,-68
BLE,1703392540586091846,DF:A6:DC:DC:2E:81,-72
BLE,1703392540586131554,DF:DF:EE:00:00:01,-72
BLE,1703392540941358897,D3:F4:55:AB:96:20,-57
BLE,1703392541108315710,DF:DF:EE:00:00:04,-35
BLE,1703392542113445427,DF:DF:EE:00:00:04,-40
BLE,1703392542291059994,D3:F4:55:AB:96:20,-57
BLE,1703392542598242591,DF:A6:DC:DC:2E:81,-57
BLE,1703392542598285965,DF:DF:EE:00:00:01,-57
BLE,1703392542867430869,D3:F4:55:AB:96:20,-56
BLE,1703392543057964998,D3:F4:55:AB:96:20,-67
BLE,1703392543443974325,D3:F4:55:AB:96:20,-52
BLE,1703392543642423531,D3:F4:55:AB:96:20,-72
BLE,1703392543831410594,D3:F4:55:AB:96:20,-53
BLE,1703392544025733222,D3:F4:55:AB:96:20,-72
BLE,1703392544406772897,D3:F4:55:AB:96:20,-73
BLE,1703392544573629086,DF:DF:EE:00:00:04,-52
BLE,1703392544595143425,D3:F4:55:AB:96:20,-52
BLE,1703392544600902152,DF:A6:DC:DC:2E:81,-57
BLE,1703392544600923610,DF:DF:EE:00:00:01,-57
BLE,1703392544977355337,D3:F4:55:AB:96:20,-68
BLE,1703392545117318623,DF:DF:EE:00:00:04,-52
BLE,1703392545367117205,D3:F4:55:AB:96:20,-56
BLE,1703392545605016921,DF:A6:DC:DC:2E:81,-58
BLE,1703392545605035921,DF:DF:EE:00:00:01,-58
BLE,1703392545753936898,D3:F4:55:AB:96:20,-57
BLE,1703392546117626353,DF:DF:EE:00:00:04,-55
BLE,1703392546328384211,D3:F4:55:AB:96:20,-53
BLE,1703392546520221450,D3:F4:55:AB:96:20,-72
BLE,1703392546577032472,DF:DF:EE:00:00:04,-51
BLE,1703392546610928795,DF:A6:DC:DC:2E:81,-71
BLE,1703392546610969337,DF:DF:EE:00:00:01,-71
BLE,1703392546906006988,D3:F4:55:AB:96:20,-67
BLE,1703392547862547589,D3:F4:55:AB:96:20,-56
BLE,1703392548057795665,D3:F4:55:AB:96:20,-53
BLE,1703392548108623546,DF:DF:EE:00:00:04,-54
BLE,1703392548440254490,D3:F4:55:AB:96:20,-52
BLE,1703392548575128418,DF:DF:EE:00:00:04,-45
BLE,1703392548622284299,DF:A6:DC:DC:2E:81,-72
BLE,1703392548622341798,DF:DF:EE:00:00:01,-72
BLE,1703392548827858882,D3:F4:55:AB:96:20,-56
BLE,1703392549023985698,D3:F4:55:AB:96:20,-67
BLE,1703392549218475407,D3:F4:55:AB:96:20,-56
BLE,1703392549624903627,DF:A6:DC:DC:2E:81,-60
BLE,1703392549624951293,DF:DF:EE:00:00:01,-60
BLE,1703392549783468869,D3:F4:55:AB:96:20,-72
BLE,1703392549971505777,D3:F4:55:AB:96:20,-52
BLE,1703392550107416192,DF:DF:EE:00:00:04,-46
BLE,1703392550167253805,D3:F4:55:AB:96:20,-82
BLE,1703392550573900022,DF:DF:EE:00:00:04,-56
BLE,1703392550625795475,DF:A6:DC:DC:2E:81,-58
BLE,1703392550625886599,DF:DF:EE:00:00:01,-58
BLE,1703392550741512828,D3:F4:55:AB:96:20,-71
BLE,1703392550931096176,D3:F4:55:AB:96:20,-67
BLE,1703392551118218886,D3:F4:55:AB:96:20,-52
BLE,1703392551568805272,DF:DF:EE:00:00:04,-34
BLE,1703392551634181863,DF:A6:DC:DC:2E:81,-73
BLE,1703392551634247612,DF:DF:EE:00:00:01,-73
BLE,1703392552083844009,D3:F4:55:AB:96:20,-53
BLE,1703392552279931492,D3:F4:55:AB:96:20,-72
BLE,1703392552473785208,D3:F4:55:AB:96:20,-57
BLE,1703392552866002631,D3:F4:55:AB:96:20,-70
BLE,1703392553113576321,DF:DF:EE:00:00:04,-52
BLE,1703392553241959114,D3:F4:55:AB:96:20,-57
BLE,1703392553568811946,DF:DF:EE:00:00:04,-45
BLE,1703392553651927752,DF:A6:DC:DC:2E:81,-61
BLE,1703392553651948002,DF:DF:EE:00:00:01,-61
BLE,1703392554013444566,D3:F4:55:AB:96:20,-56
BLE,1703392554114495752,DF:DF:EE:00:00:04,-45
BLE,1703392554396916838,D3:F4:55:AB:96:20,-57
BLE,1703392554589095157,D3:F4:55:AB:96:20,-71
BLE,1703392554650087714,DF:A6:DC:DC:2E:81,-58
BLE,1703392554650103548,DF:DF:EE:00:00:01,-58
BLE,1703392554785418512,D3:F4:55:AB:96:20,-68
BLE,1703392554978901607,D3:F4:55:AB:96:20,-57
BLE,1703392555113849659,DF:DF:EE:00:00:04,-50
BLE,1703392555551180195,D3:F4:55:AB:96:20,-53
BLE,1703392555653317911,DF:A6:DC:DC:2E:81,-76
BLE,1703392555653336161,DF:DF:EE:00:00:01,-76
BLE,1703392555938793295,D3:F4:55:AB:96:20,-56
BLE,1703392556322260318,D3:F4:55:AB:96:20,-71
BLE,1703392556517288813,D3:F4:55:AB:96:20,-52
BLE,1703392556575590234,DF:DF:EE:00:00:04,-51
BLE,1703392556707939065,D3:F4:55:AB:96:20,-71
BLE,1703392556898785774,D3:F4:55:AB:96:20,-52
BLE,1703392557091422588,D3:F4:55:AB:96:20,-56
BLE,1703392557284074818,D3:F4:55:AB:96:20,-78
BLE,1703392557480976083,D3:F4:55:AB:96:20,-57
BLE,1703392557676094910,D3:F4:55:AB:96:20,-72
BLE,1703392558111408094,DF:DF:EE:00:00:04,-56
BLE,1703392558443953111,D3:F4:55:AB:96:20,-73
BLE,1703392558573201561,DF:DF:EE:00:00:04,-47
BLE,1703392558640025302,D3:F4:55:AB:96:20,-56
BLE,1703392559019161040,D3:F4:55:AB:96:20,-66
BLE,1703392559574450029,DF:DF:EE:00:00:04,-63
BLE,1703392559599976906,D3:F4:55:AB:96:20,-67
BLE,1703392560109041878,DF:DF:EE:00:00:04,-66
BLE,1703392560176287865,D3:F4:55:AB:96:20,-68
BLE,1703392560371252360,D3:F4:55:AB:96:20,-72
BLE,1703392560567126137,D3:F4:55:AB:96:20,-52
BLE,1703392560573886060,DF:DF:EE:00:00:04,-54
BLE,1703392560950547827,D3:F4:55:AB:96:20,-66
BLE,1703392561108868363,DF:DF:EE:00:00:04,-35
BLE,1703392561143809591,D3:F4:55:AB:96:20,-57
BLE,1703392561340248904,D3:F4:55:AB:96:20,-56
BLE,1703392562107362030,DF:DF:EE:00:00:04,-53
BLE,1703392562111079613,D3:F4:55:AB:96:20,-72
BLE,1703392562298638192,D3:F4:55:AB:96:20,-52
BLE,1703392562571216598,DF:DF:EE:00:00:04,-46
BLE,1703392562683056537,D3:F4:55:AB:96:20,-67
BLE,1703392562876419467,D3:F4:55:AB:96:20,-56
BLE,1703392563063689842,D3:F4:55:AB:96:20,-67
BLE,1703392563255910285,D3:F4:55:AB:96:20,-71
BLE,1703392563568138908,DF:DF:EE:00:00:04,-65
BLE,1703392563701168939,DF:A6:DC:DC:2E:81,-72
BLE,1703392563701195939,DF:DF:EE:00:00:01,-72
BLE,1703392563824826411,D3:F4:55:AB:96:20,-68
BLE,1703392564016288238,D3:F4:55:AB:96:20,-56
BLE,1703392564110259713,DF:DF:EE:00:00:04,-54
BLE,1703392564400219922,D3:F4:55:AB:96:20,-56
BLE,1703392564777207976,D3:F4:55:AB:96:20,-65
BLE,1703392564968903425,D3:F4:55:AB:96:20,-73
BLE,1703392565353009315,D3:F4:55:AB:96:20,-68
BLE,1703392565573837851,DF:DF:EE:00:00:04,-53
BLE,1703392565709225647,DF:A6:DC:DC:2E:81,-72
BLE,1703392565709268980,DF:DF:EE:00:00:01,-72
BLE,1703392566319642385,D3:F4:55:AB:96:20,-72
BLE,1703392566510104724,D3:F4:55:AB:96:20,-66
BLE,1703392566576173599,DF:DF:EE:00:00:04,-51
BLE,1703392566703853024,D3:F4:55:AB:96:20,-57
BLE,1703392566711234357,DF:A6:DC:DC:2E:81,-58
BLE,1703392566711247066,DF:DF:EE:00:00:01,-58
BLE,1703392567279276327,D3:F4:55:AB:96:20,-57
BLE,1703392567661075035,D3:F4:55:AB:96:20,-71
BLE,1703392567853950345,D3:F4:55:AB:96:20,-68
BLE,1703392568044813929,D3:F4:55:AB:96:20,-73
BLE,1703392568238388607,D3:F4:55:AB:96:20,-52
BLE,1703392568573016600,DF:DF:EE:00:00:04,-55
BLE,1703392568819313555,D3:F4:55:AB:96:20,-67
BLE,1703392569006913176,D3:F4:55:AB:96:20,-53
BLE,1703392569113455425,DF:DF:EE:00:00:04,-62
BLE,1703392569198877080,D3:F4:55:AB:96:20,-56
BLE,1703392569388784174,D3:F4:55:AB:96:20,-52
BLE,1703392569566573115,DF:DF:EE:00:00:04,-51
BLE,1703392569727666745,DF:A6:DC:DC:2E:81,-73
BLE,1703392569727716536,DF:DF:EE:00:00:01,-73
BLE,1703392569965281131,D3:F4:55:AB:96:20,-56
BLE,1703392570115086472,DF:DF:EE:00:00:04,-54
BLE,1703392570154106029,D3:F4:55:AB:96:20,-68
BLE,1703392570550085202,D3:F4:55:AB:96:20,-72
BLE,1703392570746291850,D3:F4:55:AB:96:20,-71
BLE,1703392570935177997,D3:F4:55:AB:96:20,-57
BLE,1703392571112868272,DF:DF:EE:00:00:04,-41
BLE,1703392571120908723,D3:F4:55:AB:96:20,-68
BLE,1703392571318569354,D3:F4:55:AB:96:20,-57
BLE,1703392571506496221,D3:F4:55:AB:96:20,-67
BLE,1703392571574087370,DF:DF:EE:00:00:04,-45
BLE,1703392571742798914,DF:A6:DC:DC:2E:81,-76
BLE,1703392571742847080,DF:DF:EE:00:00:01,-76
BLE,1703392572083393923,D3:F4:55:AB:96:20,-57
BLE,1703392572111917058,DF:DF:EE:00:00:04,-35
BLE,1703392572274703252,D3:F4:55:AB:96:20,-71
BLE,1703392572466647865,D3:F4:55:AB:96:20,-67
BLE,1703392572853968677,D3:F4:55:AB:96:20,-68
BLE,1703392573047956766,D3:F4:55:AB:96:20,-62
BLE,1703392573116911525,DF:DF:EE:00:00:04,-51
BLE,1703392573236835289,D3:F4:55:AB:96:20,-69
BLE,1703392573570995705,DF:DF:EE:00:00:04,-34
BLE,1703392573626066663,D3:F4:55:AB:96:20,-56
BLE,1703392573752816516,DF:A6:DC:DC:2E:81,-73
BLE,1703392573752831308,DF:DF:EE:00:00:01,-73
BLE,1703392573820419290,D3:F4:55:AB:96:20,-67
BLE,1703392574392905626,D3:F4:55:AB:96:20,-57
BLE,1703392574582420141,D3:F4:55:AB:96:20,-72
BLE,1703392575113522988,DF:DF:EE:00:00:04,-53
BLE,1703392575569433647,DF:DF:EE:00:00:04,-40
BLE,1703392575740383456,D3:F4:55:AB:96:20,-56
BLE,1703392575759463031,DF:A6:DC:DC:2E:81,-74
BLE,1703392575759478323,DF:DF:EE:00:00:01,-74
BLE,1703392575935304827,D3:F4:55:AB:96:20,-52
BLE,1703392576316735206,D3:F4:55:AB:96:20,-66
BLE,1703392576507829204,D3:F4:55:AB:96:20,-56
BLE,1703392576576699006,DF:DF:EE:00:00:04,-52
BLE,1703392576887659643,D3:F4:55:AB:96:20,-56
BLE,1703392577105444462,DF:DF:EE:00:00:04,-45
BLE,1703392577267178293,D3:F4:55:AB:96:20,-63
BLE,1703392577659130678,D3:F4:55:AB:96:20,-67
BLE,1703392577772045146,DF:A6:DC:DC:2E:81,-76
BLE,1703392577772076896,DF:DF:EE:00:00:01,-76
BLE,1703392578224261180,D3:F4:55:AB:96:20,-72
BLE,1703392578412938705,D3:F4:55:AB:96:20,-52
BLE,1703392578569835341,DF:DF:EE:00:00:04,-36
BLE,1703392578605315438,D3:F4:55:AB:96:20,-72
BLE,1703392578770161734,DF:A6:DC:DC:2E:81,-58
BLE,1703392578770176192,DF:DF:EE:00:00:01,-58
BLE,1703392578791648157,D3:F4:55:AB:96:20,-52
BLE,1703392579111845314,DF:DF:EE:00:00:04,-51
BLE,1703392579113516753,DF:DF:EE:00:00:04,-52
BLE,1703392579371340160,D3:F4:55:AB:96:20,-56
BLE,1703392579774311295,DF:A6:DC:DC:2E:81,-60
BLE,1703392579774348336,DF:DF:EE:00:00:01,-60
BLE,1703392579956524185,D3:F4:55:AB:96:20,-67
BLE,1703392580340704116,D3:F4:55:AB:96:20,-72
BLE,1703392580779047349,DF:A6:DC:DC:2E:81,-71
BLE,1703392580779091640,DF:DF:EE:00:00:01,-71
BLE,1703392580915832421,D3:F4:55:AB:96:20,-71
BLE,1703392581299472984,D3:F4:55:AB:96:20,-73
BLE,1703392581494878807,D3:F4:55:AB:96:20,-53
BLE,1703392581574403905,DF:DF:EE:00:00:04,-39
BLE,1703392581689002187,D3:F4:55:AB:96:20,-72
BLE,1703392581884392761,D3:F4:55:AB:96:20,-56
BLE,1703392582268042282,D3:F4:55:AB:96:20,-71
BLE,1703392582792916116,DF:A6:DC:DC:2E:81,-76
BLE,1703392582792967490,DF:DF:EE:00:00:01,-76
BLE,1703392583107569961,DF:DF:EE:00:00:04,-55
BLE,1703392583232776831,D3:F4:55:AB:96:20,-57
BLE,1703392583566343045,DF:DF:EE:00:00:04,-52
BLE,1703392583624240472,D3:F4:55:AB:96:20,-72
BLE,1703392584011908988,D3:F4:55:AB:96:20,-68
BLE,1703392584597113346,D3:F4:55:AB:96:20,-67
BLE,1703392584984216952,D3:F4:55:AB:96:20,-67
BLE,1703392585109718611,DF:DF:EE:00:00:04,-50
BLE,1703392585557631110,D3:F4:55:AB:96:20,-72
BLE,1703392585568119783,DF:DF:EE:00:00:04,-51
BLE,1703392586327656412,D3:F4:55:AB:96:20,-72
BLE,1703392587095636778,D3:F4:55:AB:96:20,-67
BLE,1703392587480733866,D3:F4:55:AB:96:20,-67
BLE,1703392587862041371,D3:F4:55:AB:96:20,-67
BLE,1703392588576115224,DF:DF:EE:00:00:04,-56
BLE,1703392589018947073,D3:F4:55:AB:96:20,-57
BLE,1703392589210154278,D3:F4:55:AB:96:20,-52
BLE,1703392589569508907,DF:DF:EE:00:00:04,-51
BLE,1703392589596718140,D3:F4:55:AB:96:20,-53
BLE,1703392589792100672,D3:F4:55:AB:96:20,-59
BLE,1703392589982090058,D3:F4:55:AB:96:20,-56
BLE,1703392590178787867,D3:F4:55:AB:96:20,-66
BLE,1703392590569240810,D3:F4:55:AB:96:20,-57
BLE,1703392590576790224,DF:DF:EE:00:00:04,-65
BLE,1703392590947091479,D3:F4:55:AB:96:20,-52
BLE,1703392590948471214,D3:F4:55:AB:96:20,-56
BLE,1703392591115228154,DF:DF:EE:00:00:04,-40
BLE,1703392591334523124,D3:F4:55:AB:96:20,-57
BLE,1703392591526535027,D3:F4:55:AB:96:20,-67
BLE,1703392592112460919,DF:DF:EE:00:00:04,-35
BLE,1703392592483076462,D3:F4:55:AB:96:20,-73
BLE,1703392592678151623,D3:F4:55:AB:96:20,-52
BLE,1703392593106511719,DF:DF:EE:00:00:04,-45
BLE,1703392593450348691,D3:F4:55:AB:96:20,-57
BLE,1703392593830063381,D3:F4:55:AB:96:20,-56
BLE,1703392594023865640,D3:F4:55:AB:96:20,-62
BLE,1703392594215442132,D3:F4:55:AB:96:20,-71
BLE,1703392594843141549,DF:A6:DC:DC:2E:81,-72
BLE,1703392594843180382,DF:DF:EE:00:00:01,-72
BLE,1703392594979310587,D3:F4:55:AB:96:20,-71
BLE,1703392595106513435,DF:DF:EE:00:00:04,-46
BLE,1703392595357858999,D3:F4:55:AB:96:20,-67
BLE,1703392595358985653,D3:F4:55:AB:96:20,-71
BLE,1703392595550576311,D3:F4:55:AB:96:20,-56
BLE,1703392595743843659,D3:F4:55:AB:96:20,-56
BLE,1703392596111893232,DF:DF:EE:00:00:04,-51
BLE,1703392596320602238,D3:F4:55:AB:96:20,-68
BLE,1703392596511031868,D3:F4:55:AB:96:20,-57
BLE,1703392596567152148,DF:DF:EE:00:00:04,-45
BLE,1703392596899500417,D3:F4:55:AB:96:20,-67
BLE,1703392597088640270,D3:F4:55:AB:96:20,-66
BLE,1703392597284742586,D3:F4:55:AB:96:20,-72
BLE,1703392597473720275,D3:F4:55:AB:96:20,-62
BLE,1703392597574211051,DF:DF:EE:00:00:04,-56
BLE,1703392597858994527,DF:A6:DC:DC:2E:81,-57
BLE,1703392597859023860,DF:DF:EE:00:00:01,-57
BLE,1703392597860696132,D3:F4:55:AB:96:20,-71
BLE,1703392598111783366,DF:DF:EE:00:00:04,-50
BLE,1703392598252936305,D3:F4:55:AB:96:20,-73
BLE,1703392598570620574,DF:DF:EE:00:00:04,-36
BLE,1703392598826787917,D3:F4:55:AB:96:20,-57
BLE,1703392599022365155,D3:F4:55:AB:96:20,-68
BLE,1703392599403731993,D3:F4:55:AB:96:20,-52
BLE,1703392599593079011,D3:F4:55:AB:96:20,-71
BLE,1703392599788159671,D3:F4:55:AB:96:20,-52
BLE,1703392599863765147,DF:A6:DC:DC:2E:81,-57
BLE,1703392599863782938,DF:DF:EE:00:00:01,-57
BLE,1703392600112073537,DF:DF:EE:00:00:04,-53
BLE,1703392600366610064,D3:F4:55:AB:96:20,-74
BLE,1703392600553927771,D3:F4:55:AB:96:20,-53
BLE,1703392600573393384,DF:DF:EE:00:00:04,-50
BLE,1703392600865870897,DF:A6:DC:DC:2E:81,-73
BLE,1703392600865891480,DF:DF:EE:00:00:01,-73
BLE,1703392600934900697,D3:F4:55:AB:96:20,-66
BLE,1703392601326563127,D3:F4:55:AB:96:20,-71
BLE,1703392601520286928,D3:F4:55:AB:96:20,-52
BLE,1703392601566344780,DF:DF:EE:00:00:04,-65
BLE,1703392601904846271,D3:F4:55:AB:96:20,-63
BLE,1703392602290524519,D3:F4:55:AB:96:20,-62
BLE,1703392602486643834,D3:F4:55:AB:96:20,-62
BLE,1703392602568215200,DF:DF:EE:00:00:04,-73
BLE,1703392602681543289,D3:F4:55:AB:96:20,-72
BLE,1703392603260919088,D3:F4:55:AB:96:20,-72
BLE,1703392603452220458,D3:F4:55:AB:96:20,-53
BLE,1703392603570108953,DF:DF:EE:00:00:04,-36
BLE,1703392603642707421,D3:F4:55:AB:96:20,-56
BLE,1703392603837859956,D3:F4:55:AB:96:20,-66
BLE,1703392604807033997,D3:F4:55:AB:96:20,-66
BLE,1703392604893033646,DF:A6:DC:DC:2E:81,-72
BLE,1703392604893051062,DF:DF:EE:00:00:01,-72
BLE,1703392605199516250,D3:F4:55:AB:96:20,-73
BLE,1703392605387100788,D3:F4:55:AB:96:20,-52
BLE,1703392605574589202,DF:DF:EE:00:00:04,-53
BLE,1703392605780794361,D3:F4:55:AB:96:20,-57
BLE,1703392606110291246,DF:DF:EE:00:00:04,-34
BLE,1703392606156980258,D3:F4:55:AB:96:20,-67
BLE,1703392606537105360,D3:F4:55:AB:96:20,-52
BLE,1703392606574328562,DF:DF:EE:00:00:04,-62
BLE,1703392606906582166,DF:A6:DC:DC:2E:81,-57
BLE,1703392606906620957,DF:DF:EE:00:00:01,-57
BLE,1703392607115184174,DF:DF:EE:00:00:04,-40
BLE,1703392607300768109,D3:F4:55:AB:96:20,-66
BLE,1703392607573320307,DF:DF:EE:00:00:04,-45
BLE,1703392607875274005,D3:F4:55:AB:96:20,-56
BLE,1703392607916461245,DF:A6:DC:DC:2E:81,-73
BLE,1703392607916478245,DF:DF:EE:00:00:01,-73
BLE,1703392608109838675,DF:DF:EE:00:00:04,-35
BLE,1703392608260543590,D3:F4:55:AB:96:20,-56
BLE,1703392608450315978,D3:F4:55:AB:96:20,-66
BLE,1703392608574726815,DF:DF:EE:00:00:04,-39
BLE,1703392608645951882,D3:F4:55:AB:96:20,-57
BLE,1703392608838452322,D3:F4:55:AB:96:20,-56
BLE,1703392608919622526,DF:A6:DC:DC:2E:81,-58
BLE,1703392608919678858,DF:DF:EE:00:00:01,-58
BLE,1703392609217117566,D3:F4:55:AB:96:20,-52
BLE,1703392609407509321,D3:F4:55:AB:96:20,-72
BLE,1703392609924317914,DF:A6:DC:DC:2E:81,-61
BLE,1703392609924363747,DF:DF:EE:00:00:01,-61
BLE,1703392610113352018,DF:DF:EE:00:00:04,-50
BLE,1703392610370776180,D3:F4:55:AB:96:20,-57
BLE,1703392610566209336,D3:F4:55:AB:96:20,-67
BLE,1703392610758589361,D3:F4:55:AB:96:20,-56
BLE,1703392610922988037,DF:A6:DC:DC:2E:81,-58
BLE,1703392610923035203,DF:DF:EE:00:00:01,-58
BLE,1703392610948307749,D3:F4:55:AB:96:20,-63
BLE,1703392611112628259,DF:DF:EE:00:00:04,-53
BLE,1703392611141026437,D3:F4:55:AB:96:20,-57
BLE,1703392611334758113,D3:F4:55:AB:96:20,-56
BLE,1703392612102911228,D3:F4:55:AB:96:20,-57
BLE,1703392612109979897,DF:DF:EE:00:00:04,-40
BLE,1703392612297763808,D3:F4:55:AB:96:20,-68
BLE,1703392612493375837,D3:F4:55:AB:96:20,-70
BLE,1703392612874259889,D3:F4:55:AB:96:20,-56
BLE,1703392612933365510,DF:A6:DC:DC:2E:81,-73
BLE,1703392612933401968,DF:DF:EE:00:00:01,-73
BLE,1703392613444764164,D3:F4:55:AB:96:20,-67
BLE,1703392613638002637,D3:F4:55:AB:96:20,-70
BLE,1703392613826040503,D3:F4:55:AB:96:20,-74
BLE,1703392613937338781,DF:A6:DC:DC:2E:81,-72
BLE,1703392613937387281,DF:DF:EE:00:00:01,-72
BLE,1703392614015010608,D3:F4:55:AB:96:20,-57
BLE,1703392614398283966,D3:F4:55:AB:96:20,-73
BLE,1703392614982197672,D3:F4:55:AB:96:20,-56
BLE,1703392615174527697,D3:F4:55:AB:96:20,-53
BLE,1703392615369535775,D3:F4:55:AB:96:20,-70
BLE,1703392615943358345,D3:F4:55:AB:96:20,-52
BLE,1703392616113499289,DF:DF:EE:00:00:04,-55
BLE,1703392616336727172,D3:F4:55:AB:96:20,-72
BLE,1703392616908590890,D3:F4:55:AB:96:20,-67
BLE,1703392616954919155,DF:A6:DC:DC:2E:81,-59
BLE,1703392616954947572,DF:DF:EE:00:00:01,-59
BLE,1703392617105133409,D3:F4:55:AB:96:20,-70
BLE,1703392617874283887,D3:F4:55:AB:96:20,-52
BLE,1703392618069759085,D3:F4:55:AB:96:20,-89
BLE,1703392618827257654,D3:F4:55:AB:96:20,-71
BLE,1703392618967250106,DF:A6:DC:DC:2E:81,-72
BLE,1703392618967281773,DF:DF:EE:00:00:01,-72
BLE,1703392619210734843,D3:F4:55:AB:96:20,-71
BLE,1703392619791825580,D3:F4:55:AB:96:20,-53
BLE,1703392619968920445,DF:A6:DC:DC:2E:81,-73
BLE,1703392619968961028,DF:DF:EE:00:00:01,-73
BLE,1703392619982395834,D3:F4:55:AB:96:20,-72
BLE,1703392620361337616,D3:F4:55:AB:96:20,-71
BLE,1703392621106872987,DF:DF:EE:00:00:04,-76
BLE,1703392621514586735,D3:F4:55:AB:96:20,-72
BLE,1703392621699881923,D3:F4:55:AB:96:20,-67
BLE,1703392621891486207,D3:F4:55:AB:96:20,-57
BLE,1703392621984707357,DF:A6:DC:DC:2E:81,-76
BLE,1703392621984751731,DF:DF:EE:00:00:01,-76
BLE,1703392622084917345,D3:F4:55:AB:96:20,-52
BLE,1703392622112178743,DF:DF:EE:00:00:04,-52
BLE,1703392622983730268,DF:A6:DC:DC:2E:81,-73
BLE,1703392622983792642,DF:DF:EE:00:00:01,-73
BLE,1703392623052270740,D3:F4:55:AB:96:20,-67
BLE,1703392623111111572,DF:DF:EE:00:00:04,-57
BLE,1703392624198610812,D3:F4:55:AB:96:20,-67
BLE,1703392624994927148,DF:A6:DC:DC:2E:81,-72
BLE,1703392624994982106,DF:DF:EE:00:00:01,-72
BLE,1703392625106915585,DF:DF:EE:00:00:04,-54
BLE,1703392625370622342,D3:F4:55:AB:96:20,-67
BLE,1703392625946078144,D3:F4:55:AB:96:20,-57
BLE,1703392626135921989,D3:F4:55:AB:96:20,-67
BLE,1703392626574737550,DF:DF:EE:00:00:04,-50
BLE,1703392626913725369,D3:F4:55:AB:96:20,-72
BLE,1703392627099544927,D3:F4:55:AB:96:20,-63
BLE,1703392627108074746,DF:DF:EE:00:00:04,-38
BLE,1703392627289927391,D3:F4:55:AB:96:20,-71
BLE,1703392628113473168,DF:DF:EE:00:00:04,-36
BLE,1703392628250389114,D3:F4:55:AB:96:20,-68
BLE,1703392628443709836,D3:F4:55:AB:96:20,-67
BLE,1703392628567381558,DF:DF:EE:00:00:04,-50
BLE,1703392628833447538,D3:F4:55:AB:96:20,-63
BLE,1703392629217470804,D3:F4:55:AB:96:20,-52
BLE,1703392629598879600,D3:F4:55:AB:96:20,-53
BLE,1703392629795961905,D3:F4:55:AB:96:20,-89
BLE,1703392629984370224,D3:F4:55:AB:96:20,-67
BLE,1703392630108704646,DF:DF:EE:00:00:04,-40
BLE,1703392630377361055,D3:F4:55:AB:96:20,-56
BLE,1703392630760933702,D3:F4:55:AB:96:20,-57
BLE,1703392631107572059,DF:DF:EE:00:00:04,-36
BLE,1703392631572931319,DF:DF:EE:00:00:04,-56
BLE,1703392631719910859,D3:F4:55:AB:96:20,-71
BLE,1703392631908725882,D3:F4:55:AB:96:20,-70
BLE,1703392632007508511,DF:A6:DC:DC:2E:81,-59
BLE,1703392632007526219,DF:DF:EE:00:00:01,-59
BLE,1703392632111283416,DF:DF:EE:00:00:04,-56
BLE,1703392632571820522,DF:DF:EE:00:00:04,-51
BLE,1703392632864079580,D3:F4:55:AB:96:20,-68
BLE,1703392633013318761,DF:A6:DC:DC:2E:81,-60
BLE,1703392633013338344,DF:DF:EE:00:00:01,-60
BLE,1703392633054460628,D3:F4:55:AB:96:20,-72
BLE,1703392633243291609,D3:F4:55:AB:96:20,-66
BLE,1703392634021926105,DF:A6:DC:DC:2E:81,-77
BLE,1703392634021970146,DF:DF:EE:00:00:01,-77
BLE,1703392634105731654,DF:DF:EE:00:00:04,-52
BLE,1703392634567285040,DF:DF:EE:00:00:04,-63
BLE,1703392635020111650,DF:A6:DC:DC:2E:81,-58
BLE,1703392635020157400,DF:DF:EE:00:00:01,-58
BLE,1703392635383138863,D3:F4:55:AB:96:20,-68
BLE,1703392635766399763,D3:F4:55:AB:96:20,-53
BLE,1703392636104923462,DF:DF:EE:00:00:04,-52
BLE,1703392636572426989,DF:DF:EE:00:00:04,-35
BLE,1703392636927493542,D3:F4:55:AB:96:20,-73
BLE,1703392637038202327,DF:A6:DC:DC:2E:81,-60
BLE,1703392637038224202,DF:DF:EE:00:00:01,-60
BLE,1703392637707458731,D3:F4:55:AB:96:20,-71
BLE,1703392638084095039,D3:F4:55:AB:96:20,-67
BLE,1703392638667658082,D3:F4:55:AB:96:20,-53
BLE,1703392639105668361,DF:DF:EE:00:00:04,-54
BLE,1703392639243270341,D3:F4:55:AB:96:20,-71
BLE,1703392639565103479,DF:DF:EE:00:00:04,-36
BLE,1703392639629034795,D3:F4:55:AB:96:20,-57
BLE,1703392639816012423,D3:F4:55:AB:96:20,-53
BLE,1703392640106335753,DF:DF:EE:00:00:04,-35
BLE,1703392640395153475,D3:F4:55:AB:96:20,-93
BLE,1703392640572162215,DF:DF:EE:00:00:04,-55
BLE,1703392640780767598,D3:F4:55:AB:96:20,-52
BLE,1703392640975048059,D3:F4:55:AB:96:20,-70
BLE,1703392641057937327,DF:A6:DC:DC:2E:81,-58
BLE,1703392641057961326,DF:DF:EE:00:00:01,-58
BLE,1703392641166447387,D3:F4:55:AB:96:20,-83
BLE,1703392641357545718,D3:F4:55:AB:96:20,-70
BLE,1703392641552839043,D3:F4:55:AB:96:20,-71
BLE,1703392641568910902,DF:DF:EE:00:00:04,-45
BLE,1703392641935200911,D3:F4:55:AB:96:20,-56
BLE,1703392642127830641,D3:F4:55:AB:96:20,-57
BLE,1703392642517159847,D3:F4:55:AB:96:20,-66
BLE,1703392643106456117,DF:DF:EE:00:00:04,-53
BLE,1703392643571592962,DF:DF:EE:00:00:04,-35
BLE,1703392643669077189,D3:F4:55:AB:96:20,-57
BLE,1703392644046436198,D3:F4:55:AB:96:20,-52
BLE,1703392644112123994,DF:DF:EE:00:00:04,-51
BLE,1703392644563686118,DF:DF:EE:00:00:04,-34
BLE,1703392644622988029,D3:F4:55:AB:96:20,-56
BLE,1703392644812516252,D3:F4:55:AB:96:20,-74
BLE,1703392645079255725,DF:A6:DC:DC:2E:81,-73
BLE,1703392645079295933,DF:DF:EE:00:00:01,-73
BLE,1703392645110244373,DF:DF:EE:00:00:04,-54
BLE,1703392645965157169,D3:F4:55:AB:96:20,-71
BLE,1703392646107597803,DF:DF:EE:00:00:04,-40
BLE,1703392646158634765,D3:F4:55:AB:96:20,-53
BLE,1703392646352650230,D3:F4:55:AB:96:20,-56
BLE,1703392646540947051,D3:F4:55:AB:96:20,-53
BLE,1703392646924916693,D3:F4:55:AB:96:20,-52
BLE,1703392647090195233,DF:A6:DC:DC:2E:81,-58
BLE,1703392647090215983,DF:DF:EE:00:00:01,-58
BLE,1703392647112170192,DF:DF:EE:00:00:04,-52
BLE,1703392647305928326,D3:F4:55:AB:96:20,-53
BLE,1703392647496174000,D3:F4:55:AB:96:20,-71
BLE,1703392648074351188,D3:F4:55:AB:96:20,-52
BLE,1703392648092707729,DF:A6:DC:DC:2E:81,-58
BLE,1703392648092728312,DF:DF:EE:00:00:01,-58
BLE,1703392648110627609,DF:DF:EE:00:00:04,-66
BLE,1703392648267910157,D3:F4:55:AB:96:20,-72
BLE,1703392648569498068,DF:DF:EE:00:00:04,-65
BLE,1703392648650744479,D3:F4:55:AB:96:20,-56
BLE,1703392648840604199,D3:F4:55:AB:96:20,-52
BLE,1703392648842136806,D3:F4:55:AB:96:20,-56
BLE,1703392649108804446,DF:DF:EE:00:00:04,-34
BLE,1703392649225149792,D3:F4:55:AB:96:20,-56
BLE,1703392649603154210,D3:F4:55:AB:96:20,-67
BLE,1703392649984697171,D3:F4:55:AB:96:20,-52
BLE,1703392650105299761,DF:DF:EE:00:00:04,-53
BLE,1703392650935553295,D3:F4:55:AB:96:20,-56
BLE,1703392651110236813,DF:A6:DC:DC:2E:81,-58
BLE,1703392651110271312,DF:DF:EE:00:00:01,-58
BLE,1703392651510752808,D3:F4:55:AB:96:20,-70
BLE,1703392652109047351,DF:DF:EE:00:00:04,-52
BLE,1703392652115097157,DF:A6:DC:DC:2E:81,-60
BLE,1703392652115112407,DF:DF:EE:00:00:01,-60
BLE,1703392652282669880,D3:F4:55:AB:96:20,-62
BLE,1703392652566109663,DF:DF:EE:00:00:04,-56
BLE,1703392652663893011,D3:F4:55:AB:96:20,-68
BLE,1703392652857669353,D3:F4:55:AB:96:20,-56
BLE,1703392653122111394,DF:A6:DC:DC:2E:81,-57
BLE,1703392653122146185,DF:DF:EE:00:00:01,-57
BLE,1703392653564789036,DF:DF:EE:00:00:04,-46
BLE,1703392653809752339,D3:F4:55:AB:96:20,-53
BLE,1703392654103120092,DF:DF:EE:00:00:04,-57
BLE,1703392654129762373,DF:A6:DC:DC:2E:81,-72
BLE,1703392654129776415,DF:DF:EE:00:00:01,-72
BLE,1703392654567541237,DF:DF:EE:00:00:04,-55
BLE,1703392655158520280,D3:F4:55:AB:96:20,-52
BLE,1703392655562987689,DF:DF:EE:00:00:04,-46
BLE,1703392655739493435,D3:F4:55:AB:96:20,-56
BLE,1703392655927845214,D3:F4:55:AB:96:20,-67
BLE,1703392656307954816,D3:F4:55:AB:96:20,-52
BLE,1703392656497276417,D3:F4:55:AB:96:20,-56
BLE,1703392657139109716,DF:A6:DC:DC:2E:81,-71
BLE,1703392657139149507,DF:DF:EE:00:00:01,-71
BLE,1703392657642447503,D3:F4:55:AB:96:20,-71
BLE,1703392657831592189,D3:F4:55:AB:96:20,-67
BLE,1703392658022602229,D3:F4:55:AB:96:20,-56
BLE,1703392658604668289,D3:F4:55:AB:96:20,-67
BLE,1703392658798335050,D3:F4:55:AB:96:20,-56
BLE,1703392658990319037,D3:F4:55:AB:96:20,-56
BLE,1703392659180579169,D3:F4:55:AB:96:20,-57
BLE,1703392659373588062,D3:F4:55:AB:96:20,-56
BLE,1703392659571270068,DF:DF:EE:00:00:04,-50
BLE,1703392659950428890,D3:F4:55:AB:96:20,-67
BLE,1703392660146916951,D3:F4:55:AB:96:20,-57
BLE,1703392660342497939,D3:F4:55:AB:96:20,-71
BLE,1703392660572741659,DF:DF:EE:00:00:04,-56
BLE,1703392660727685276,D3:F4:55:AB:96:20,-71
BLE,1703392660919889511,D3:F4:55:AB:96:20,-66
BLE,1703392661107454257,DF:DF:EE:00:00:04,-53
BLE,1703392661890887323,D3:F4:55:AB:96:20,-52
BLE,1703392662104577064,DF:DF:EE:00:00:04,-55
BLE,1703392662563772477,DF:DF:EE:00:00:04,-50
BLE,1703392663040823521,D3:F4:55:AB:96:20,-56
BLE,1703392663105572619,DF:DF:EE:00:00:04,-66
BLE,1703392663107104810,DF:DF:EE:00:00:04,-39
BLE,1703392663169394603,DF:A6:DC:DC:2E:81,-59
BLE,1703392663169409270,DF:DF:EE:00:00:01,-59
BLE,1703392663570401176,DF:DF:EE:00:00:04,-73
BLE,1703392663814154618,D3:F4:55:AB:96:20,-72
BLE,1703392664189542691,D3:F4:55:AB:96:20,-71
BLE,1703392664573999369,DF:DF:EE:00:00:04,-54
BLE,1703392665105489003,DF:DF:EE:00:00:04,-36
BLE,1703392665182473004,DF:A6:DC:DC:2E:81,-57
BLE,1703392665182495004,DF:DF:EE:00:00:01,-57
BLE,1703392665565914485,DF:DF:EE:00:00:04,-53
BLE,1703392666104407623,DF:DF:EE:00:00:04,-52
BLE,1703392666182463529,DF:A6:DC:DC:2E:81,-72
BLE,1703392666182487778,DF:DF:EE:00:00:01,-72
BLE,1703392666496191176,D3:F4:55:AB:96:20,-72
BLE,1703392666567044663,DF:DF:EE:00:00:04,-50
BLE,1703392666681789361,D3:F4:55:AB:96:20,-52
BLE,1703392666872565862,D3:F4:55:AB:96:20,-67
BLE,1703392667251940765,D3:F4:55:AB:96:20,-57
BLE,1703392667628781404,D3:F4:55:AB:96:20,-52
BLE,1703392667630122014,D3:F4:55:AB:96:20,-56
BLE,1703392667823088449,D3:F4:55:AB:96:20,-56
BLE,1703392668186871944,DF:A6:DC:DC:2E:81,-58
BLE,1703392668186924319,DF:DF:EE:00:00:01,-58
BLE,1703392668202583099,D3:F4:55:AB:96:20,-57
BLE,1703392668566236763,DF:DF:EE:00:00:04,-63
BLE,1703392669110689250,DF:DF:EE:00:00:04,-50
BLE,1703392669162641786,D3:F4:55:AB:96:20,-57
BLE,1703392669545561898,D3:F4:55:AB:96:20,-56
BLE,1703392669739158367,D3:F4:55:AB:96:20,-53
BLE,1703392670503080404,D3:F4:55:AB:96:20,-66
BLE,1703392670570385516,DF:DF:EE:00:00:04,-52
BLE,1703392670695405763,D3:F4:55:AB:96:20,-71
BLE,1703392671202071929,DF:A6:DC:DC:2E:81,-72
BLE,1703392671202115970,DF:DF:EE:00:00:01,-72
BLE,1703392671563263913,DF:DF:EE:00:00:04,-51
BLE,1703392672237034848,D3:F4:55:AB:96:20,-67
BLE,1703392672431510224,D3:F4:55:AB:96:20,-57
BLE,1703392672818326459,D3:F4:55:AB:96:20,-57
BLE,1703392673202854886,D3:F4:55:AB:96:20,-67
BLE,1703392673213609847,DF:A6:DC:DC:2E:81,-72
BLE,1703392673213639639,DF:DF:EE:00:00:01,-72
BLE,1703392673570788085,DF:DF:EE:00:00:04,-47
BLE,1703392673587734059,D3:F4:55:AB:96:20,-68
BLE,1703392674104724608,DF:DF:EE:00:00:04,-52
BLE,1703392674165341586,D3:F4:55:AB:96:20,-57
BLE,1703392674220173506,DF:A6:DC:DC:2E:81,-71
BLE,1703392674220207422,DF:DF:EE:00:00:01,-71
BLE,1703392674359676339,D3:F4:55:AB:96:20,-56
BLE,1703392674554230922,D3:F4:55:AB:96:20,-69
BLE,1703392674565502544,DF:DF:EE:00:00:04,-52
BLE,1703392674940847117,D3:F4:55:AB:96:20,-66
BLE,1703392675230031877,DF:A6:DC:DC:2E:81,-72
BLE,1703392675230086459,DF:DF:EE:00:00:01,-72
BLE,1703392675903322651,D3:F4:55:AB:96:20,-67
BLE,1703392676106567844,DF:DF:EE:00:00:04,-67
BLE,1703392676234427310,DF:A6:DC:DC:2E:81,-71
BLE,1703392676234486726,DF:DF:EE:00:00:01,-71
BLE,1703392676678710142,D3:F4:55:AB:96:20,-56
BLE,1703392677104613349,DF:DF:EE:00:00:04,-53
BLE,1703392677254058945,D3:F4:55:AB:96:20,-67
BLE,1703392678104917912,DF:DF:EE:00:00:04,-71
BLE,1703392678419096513,D3:F4:55:AB:96:20,-57
BLE,1703392678799584569,D3:F4:55:AB:96:20,-68
BLE,1703392679107070371,DF:DF:EE:00:00:04,-53
BLE,1703392679508126319,DF:A6:DC:DC:2E:81,-72
BLE,1703392679508182193,DF:DF:EE:00:00:01,-72
BLE,1703392679565368127,D3:F4:55:AB:96:20,-56
BLE,1703392680138405456,D3:F4:55:AB:96:20,-63
BLE,1703392680335810299,D3:F4:55:AB:96:20,-52
BLE,1703392680569281649,DF:DF:EE:00:00:04,-52
BLE,1703392681875500198,D3:F4:55:AB:96:20,-71
BLE,1703392682065928578,D3:F4:55:AB:96:20,-57
BLE,1703392682252852915,D3:F4:55:AB:96:20,-66
BLE,1703392682506295038,DF:A6:DC:DC:2E:81,-58
BLE,1703392682506326371,DF:DF:EE:00:00:01,-58
BLE,1703392682563366432,DF:DF:EE:00:00:04,-45
BLE,1703392682643815227,D3:F4:55:AB:96:20,-56
BLE,1703392683562739881,DF:DF:EE:00:00:04,-53
BLE,1703392683593162577,D3:F4:55:AB:96:20,-73
BLE,1703392684112876720,DF:DF:EE:00:00:04,-67
BLE,1703392684164185512,D3:F4:55:AB:96:20,-53
BLE,1703392684357889355,D3:F4:55:AB:96:20,-67
BLE,1703392684513961417,DF:A6:DC:DC:2E:81,-70
BLE,1703392684513979084,DF:DF:EE:00:00:01,-70
BLE,1703392684548938729,D3:F4:55:AB:96:20,-66
BLE,1703392684746160532,D3:F4:55:AB:96:20,-66
BLE,1703392685327136937,D3:F4:55:AB:96:20,-73
BLE,1703392685517759940,D3:F4:55:AB:96:20,-56
BLE,1703392685564722491,DF:DF:EE:00:00:04,-38
BLE,1703392685708634066,D3:F4:55:AB:96:20,-72
BLE,1703392685894794828,D3:F4:55:AB:96:20,-53
BLE,1703392686088176466,D3:F4:55:AB:96:20,-72
BLE,1703392686509042189,DF:A6:DC:DC:2E:81,-57
BLE,1703392686509079730,DF:DF:EE:00:00:01,-57
BLE,1703392686569312255,DF:DF:EE:00:00:04,-35
BLE,1703392686658317911,D3:F4:55:AB:96:20,-52
BLE,1703392687430647103,D3:F4:55:AB:96:20,-56
BLE,1703392687506295036,DF:A6:DC:DC:2E:81,-61
BLE,1703392687506322828,DF:DF:EE:00:00:01,-61
BLE,1703392687810216295,D3:F4:55:AB:96:20,-52
BLE,1703392688003520851,D3:F4:55:AB:96:20,-72
BLE,1703392688101883943,DF:DF:EE:00:00:04,-35
BLE,1703392688393271261,D3:F4:55:AB:96:20,-52
BLE,1703392688570362542,DF:DF:EE:00:00:04,-50
BLE,1703392689106841286,DF:DF:EE:00:00:04,-41
BLE,1703392689511562942,DF:A6:DC:DC:2E:81,-76
BLE,1703392689511601650,DF:DF:EE:00:00:01,-76
BLE,1703392689550277045,D3:F4:55:AB:96:20,-56
BLE,1703392690314852825,D3:F4:55:AB:96:20,-56
BLE,1703392690506241653,DF:A6:DC:DC:2E:81,-72
BLE,1703392690506268319,DF:DF:EE:00:00:01,-72
BLE,1703392690701586102,D3:F4:55:AB:96:20,-56
BLE,1703392691090702269,D3:F4:55:AB:96:20,-68
BLE,1703392691288360067,D3:F4:55:AB:96:20,-56
BLE,1703392691476592722,D3:F4:55:AB:96:20,-53
BLE,1703392691507523204,DF:A6:DC:DC:2E:81,-73
BLE,1703392691507544037,DF:DF:EE:00:00:01,-73
BLE,1703392691563140865,DF:DF:EE:00:00:04,-50
BLE,1703392691861498478,D3:F4:55:AB:96:20,-68
BLE,1703392691862868629,D3:F4:55:AB:96:20,-71
BLE,1703392692446345090,D3:F4:55:AB:96:20,-52
BLE,1703392692636665346,D3:F4:55:AB:96:20,-73
BLE,1703392692826648190,D3:F4:55:AB:96:20,-52
BLE,1703392693971018784,D3:F4:55:AB:96:20,-67
BLE,1703392694167467929,D3:F4:55:AB:96:20,-70
BLE,1703392694361213272,D3:F4:55:AB:96:20,-56
BLE,1703392694551862900,D3:F4:55:AB:96:20,-72
BLE,1703392694738213368,D3:F4:55:AB:96:20,-52
BLE,1703392695111366466,DF:DF:EE:00:00:04,-50
BLE,1703392695128661811,D3:F4:55:AB:96:20,-56
BLE,1703392695520967192,D3:F4:55:AB:96:20,-57
BLE,1703392695569165770,DF:DF:EE:00:00:04,-35
BLE,1703392696488753957,D3:F4:55:AB:96:20,-57
BLE,1703392697061095711,D3:F4:55:AB:96:20,-56
BLE,1703392697255913041,D3:F4:55:AB:96:20,-67
BLE,1703392697506262908,DF:A6:DC:DC:2E:81,-58
BLE,1703392697506312949,DF:DF:EE:00:00:01,-58
BLE,1703392697638207660,D3:F4:55:AB:96:20,-63
BLE,1703392697836172080,D3:F4:55:AB:96:20,-56
BLE,1703392698023315956,D3:F4:55:AB:96:20,-62
BLE,1703392698219772684,D3:F4:55:AB:96:20,-71
BLE,1703392698414956510,D3:F4:55:AB:96:20,-71
BLE,1703392698509069442,DF:A6:DC:DC:2E:81,-71
BLE,1703392698509119275,DF:DF:EE:00:00:01,-71
BLE,1703392698790546664,D3:F4:55:AB:96:20,-66
BLE,1703392698982210780,D3:F4:55:AB:96:20,-71
BLE,1703392699102243793,DF:DF:EE:00:00:04,-34
BLE,1703392699177250941,D3:F4:55:AB:96:20,-56
BLE,1703392699566958726,DF:DF:EE:00:00:04,-52
BLE,1703392699949743298,D3:F4:55:AB:96:20,-72
BLE,1703392700146104778,D3:F4:55:AB:96:20,-56
BLE,1703392700339314668,D3:F4:55:AB:96:20,-66
BLE,1703392700511126051,DF:A6:DC:DC:2E:81,-61
BLE,1703392700511170676,DF:DF:EE:00:00:01,-61
BLE,1703392700530557748,D3:F4:55:AB:96:20,-73
BLE,1703392700567438496,DF:DF:EE:00:00:04,-36
BLE,1703392700909587529,D3:F4:55:AB:96:20,-56
BLE,1703392701098932588,D3:F4:55:AB:96:20,-57
BLE,1703392701284496065,D3:F4:55:AB:96:20,-67
BLE,1703392701513137720,DF:A6:DC:DC:2E:81,-72
BLE,1703392701513182553,DF:DF:EE:00:00:01,-72
BLE,1703392701572732752,DF:DF:EE:00:00:04,-73
BLE,1703392702110052611,DF:DF:EE:00:00:04,-73
BLE,1703392702248849161,D3:F4:55:AB:96:20,-57
BLE,1703392702438243845,D3:F4:55:AB:96:20,-71
BLE,1703392702815615103,D3:F4:55:AB:96:20,-52
BLE,1703392703203669948,D3:F4:55:AB:96:20,-57
BLE,1703392703583806842,D3:F4:55:AB:96:20,-53
BLE,1703392703777061190,D3:F4:55:AB:96:20,-67
BLE,1703392704504047272,DF:A6:DC:DC:2E:81,-59
BLE,1703392704504093313,DF:DF:EE:00:00:01,-59
BLE,1703392705103448427,DF:DF:EE:00:00:04,-41
BLE,1703392705117032939,D3:F4:55:AB:96:20,-71
BLE,1703392705561307688,DF:DF:EE:00:00:04,-51
BLE,1703392705694213180,D3:F4:55:AB:96:20,-67
BLE,1703392706101955802,DF:DF:EE:00:00:04,-52
BLE,1703392706267410090,D3:F4:55:AB:96:20,-73
BLE,1703392706461671052,D3:F4:55:AB:96:20,-52
BLE,1703392706843501552,D3:F4:55:AB:96:20,-66
BLE,1703392707041574137,D3:F4:55:AB:96:20,-62
BLE,1703392707231460481,D3:F4:55:AB:96:20,-56
BLE,1703392707426472893,D3:F4:55:AB:96:20,-53
BLE,1703392707562426225,DF:DF:EE:00:00:04,-35
BLE,1703392707620690188,D3:F4:55:AB:96:20,-67
BLE,1703392708202523751,D3:F4:55:AB:96:20,-73
BLE,1703392708393587707,D3:F4:55:AB:96:20,-52
BLE,1703392708501530399,DF:A6:DC:DC:2E:81,-76
BLE,1703392708501551274,DF:DF:EE:00:00:01,-76
BLE,1703392709109202752,DF:DF:EE:00:00:04,-56
BLE,1703392709541546761,D3:F4:55:AB:96:20,-66
BLE,1703392709567552674,DF:DF:EE:00:00:04,-51
BLE,1703392709926153229,D3:F4:55:AB:96:20,-67
BLE,1703392710104702327,DF:DF:EE:00:00:04,-52
BLE,1703392710322366148,D3:F4:55:AB:96:20,-72
BLE,1703392710707018824,D3:F4:55:AB:96:20,-57
BLE,1703392710903567885,D3:F4:55:AB:96:20,-57
BLE,1703392711094552425,D3:F4:55:AB:96:20,-66
BLE,1703392711106348083,DF:DF:EE:00:00:04,-37
BLE,1703392711284959514,D3:F4:55:AB:96:20,-56
BLE,1703392712048804761,D3:F4:55:AB:96:20,-57
BLE,1703392712103328142,DF:DF:EE:00:00:04,-64
BLE,1703392712439834281,D3:F4:55:AB:96:20,-57
BLE,1703392712563250838,DF:DF:EE:00:00:04,-53
BLE,1703392712625745754,D3:F4:55:AB:96:20,-52
BLE,1703392713014087846,D3:F4:55:AB:96:20,-57
BLE,1703392713530743690,DF:A6:DC:DC:2E:81,-57
BLE,1703392713530780898,DF:DF:EE:00:00:01,-57
BLE,1703392713982382772,D3:F4:55:AB:96:20,-56
BLE,1703392714537769385,DF:A6:DC:DC:2E:81,-58
BLE,1703392714537883176,DF:DF:EE:00:00:01,-58
BLE,1703392714563370136,D3:F4:55:AB:96:20,-67
BLE,1703392714760744729,D3:F4:55:AB:96:20,-53
BLE,1703392714956290052,D3:F4:55:AB:96:20,-72
BLE,1703392715110506551,DF:DF:EE:00:00:04,-53
BLE,1703392715145778901,D3:F4:55:AB:96:20,-78
BLE,1703392715334851046,D3:F4:55:AB:96:20,-73
BLE,1703392715814204022,DF:A6:DC:DC:2E:81,-72
BLE,1703392715814243188,DF:DF:EE:00:00:01,-72
BLE,1703392716682943537,D3:F4:55:AB:96:20,-71
BLE,1703392717066101063,D3:F4:55:AB:96:20,-73
BLE,1703392717105430783,DF:DF:EE:00:00:04,-46
BLE,1703392717260092778,D3:F4:55:AB:96:20,-52
BLE,1703392717457302206,D3:F4:55:AB:96:20,-73
BLE,1703392717568921606,DF:DF:EE:00:00:04,-41
BLE,1703392717654088306,D3:F4:55:AB:96:20,-56
BLE,1703392718035687433,D3:F4:55:AB:96:20,-57
BLE,1703392718423914734,D3:F4:55:AB:96:20,-83
BLE,1703392718611094526,D3:F4:55:AB:96:20,-67
BLE,1703392718806437559,D3:F4:55:AB:96:20,-56
BLE,1703392719104999754,DF:DF:EE:00:00:04,-36
BLE,1703392719577952802,D3:F4:55:AB:96:20,-66
BLE,1703392720101404444,DF:DF:EE:00:00:04,-52
BLE,1703392720532491718,D3:F4:55:AB:96:20,-71
BLE,1703392720564124942,DF:DF:EE:00:00:04,-74
BLE,1703392720724790244,D3:F4:55:AB:96:20,-65
BLE,1703392720809234160,DF:A6:DC:DC:2E:81,-61
BLE,1703392720809258910,DF:DF:EE:00:00:01,-61
BLE,1703392720917033353,D3:F4:55:AB:96:20,-57
BLE,1703392721102891577,DF:DF:EE:00:00:04,-73
BLE,1703392721110755529,D3:F4:55:AB:96:20,-52
BLE,1703392721303849088,D3:F4:55:AB:96:20,-70
BLE,1703392721498040342,D3:F4:55:AB:96:20,-56
BLE,1703392721883290302,D3:F4:55:AB:96:20,-56
BLE,1703392722106440728,DF:DF:EE:00:00:04,-52
BLE,1703392722269576460,D3:F4:55:AB:96:20,-56
BLE,1703392722562492802,DF:DF:EE:00:00:04,-73
BLE,1703392722652200575,D3:F4:55:AB:96:20,-57
BLE,1703392722816982246,DF:A6:DC:DC:2E:81,-58
BLE,1703392722817031037,DF:DF:EE:00:00:01,-58
BLE,1703392723102582505,DF:DF:EE:00:00:04,-73
BLE,1703392723223820629,D3:F4:55:AB:96:20,-53
BLE,1703392723416055113,D3:F4:55:AB:96:20,-67
BLE,1703392723814195553,DF:A6:DC:DC:2E:81,-57
BLE,1703392723814238844,DF:DF:EE:00:00:01,-57
BLE,1703392723987262547,D3:F4:55:AB:96:20,-50
BLE,1703392724568260410,DF:DF:EE:00:00:04,-50
BLE,1703392724759735445,D3:F4:55:AB:96:20,-72
BLE,1703392724815337064,DF:A6:DC:DC:2E:81,-60
BLE,1703392724815389814,DF:DF:EE:00:00:01,-60
BLE,1703392725101848062,DF:DF:EE:00:00:04,-41
BLE,1703392725564041066,DF:DF:EE:00:00:04,-34
BLE,1703392725900597538,D3:F4:55:AB:96:20,-52
BLE,1703392726856746977,D3:F4:55:AB:96:20,-56
BLE,1703392727047859224,D3:F4:55:AB:96:20,-52
BLE,1703392727567869905,DF:DF:EE:00:00:04,-66
BLE,1703392727625009548,D3:F4:55:AB:96:20,-57
BLE,1703392727813136496,D3:F4:55:AB:96:20,-53
BLE,1703392728004056121,D3:F4:55:AB:96:20,-56
BLE,1703392728199345821,D3:F4:55:AB:96:20,-68
BLE,1703392728564879630,DF:DF:EE:00:00:04,-54
BLE,1703392728781711669,D3:F4:55:AB:96:20,-66
BLE,1703392728818699875,DF:A6:DC:DC:2E:81,-76
BLE,1703392728818751207,DF:DF:EE:00:00:01,-76
BLE,1703392728979780505,D3:F4:55:AB:96:20,-72
BLE,1703392729110965849,DF:DF:EE:00:00:04,-63
BLE,1703392729166342720,D3:F4:55:AB:96:20,-52
BLE,1703392729358471873,D3:F4:55:AB:96:20,-67
BLE,1703392729545360168,D3:F4:55:AB:96:20,-58
BLE,1703392729744506200,D3:F4:55:AB:96:20,-72
BLE,1703392730121224715,D3:F4:55:AB:96:20,-90
BLE,1703392730311395973,D3:F4:55:AB:96:20,-66
BLE,1703392730507157835,D3:F4:55:AB:96:20,-72
BLE,1703392730693078725,D3:F4:55:AB:96:20,-67
BLE,1703392731075357177,D3:F4:55:AB:96:20,-52
BLE,1703392731460285100,D3:F4:55:AB:96:20,-52
BLE,1703392731812496477,DF:A6:DC:DC:2E:81,-76
BLE,1703392731812537435,DF:DF:EE:00:00:01,-76
BLE,1703392731840331203,D3:F4:55:AB:96:20,-53
BLE,1703392732564942978,DF:DF:EE:00:00:04,-65
BLE,1703392732998192894,D3:F4:55:AB:96:20,-57
BLE,1703392734106507523,DF:DF:EE:00:00:04,-76
BLE,1703392734146724024,D3:F4:55:AB:96:20,-73
BLE,1703392734336973948,D3:F4:55:AB:96:20,-66
BLE,1703392734814423154,DF:A6:DC:DC:2E:81,-72
BLE,1703392734814470362,DF:DF:EE:00:00:01,-72
BLE,1703392734923868912,D3:F4:55:AB:96:20,-52
BLE,1703392735117716545,D3:F4:55:AB:96:20,-71
BLE,1703392735309198455,D3:F4:55:AB:96:20,-52
BLE,1703392735883119899,D3:F4:55:AB:96:20,-57
BLE,1703392736074279646,D3:F4:55:AB:96:20,-74
BLE,1703392736102255078,DF:DF:EE:00:00:04,-53
BLE,1703392736813438714,DF:A6:DC:DC:2E:81,-73
BLE,1703392736813486256,DF:DF:EE:00:00:01,-73
BLE,1703392737039102195,D3:F4:55:AB:96:20,-52
BLE,1703392737810142193,D3:F4:55:AB:96:20,-71
BLE,1703392738111173568,DF:DF:EE:00:00:04,-69
BLE,1703392738193114971,D3:F4:55:AB:96:20,-71
BLE,1703392738566076405,DF:DF:EE:00:00:04,-36
BLE,1703392738581449814,D3:F4:55:AB:96:20,-57
BLE,1703392739105000621,DF:DF:EE:00:00:04,-71
BLE,1703392739163357375,D3:F4:55:AB:96:20,-57
BLE,1703392739355506403,D3:F4:55:AB:96:20,-52
BLE,1703392739548936041,D3:F4:55:AB:96:20,-57
BLE,1703392739571134914,DF:DF:EE:00:00:04,-39
BLE,1703392739736199290,D3:F4:55:AB:96:20,-69
BLE,1703392740106046425,DF:DF:EE:00:00:04,-53
BLE,1703392740511637988,D3:F4:55:AB:96:20,-56
BLE,1703392740562944198,DF:DF:EE:00:00:04,-74
BLE,1703392740894385227,D3:F4:55:AB:96:20,-57
BLE,1703392741106081908,DF:DF:EE:00:00:04,-72
BLE,1703392741665361227,D3:F4:55:AB:96:20,-56
BLE,1703392741859358066,D3:F4:55:AB:96:20,-62
BLE,1703392742239101173,D3:F4:55:AB:96:20,-62
BLE,1703392742430949620,D3:F4:55:AB:96:20,-72
BLE,1703392742566647913,DF:DF:EE:00:00:04,-56
BLE,1703392742621214461,D3:F4:55:AB:96:20,-58
BLE,1703392742813732400,DF:A6:DC:DC:2E:81,-77
BLE,1703392742813761150,DF:DF:EE:00:00:01,-77
BLE,1703392743397340151,D3:F4:55:AB:96:20,-82
BLE,1703392743566202860,DF:DF:EE:00:00:04,-65
BLE,1703392743586208341,D3:F4:55:AB:96:20,-52
BLE,1703392743812598605,DF:A6:DC:DC:2E:81,-58
BLE,1703392743812644437,DF:DF:EE:00:00:01,-58
BLE,1703392744104737622,DF:DF:EE:00:00:04,-34
BLE,1703392744163199500,D3:F4:55:AB:96:20,-72
BLE,1703392744564006659,DF:DF:EE:00:00:04,-38
BLE,1703392744743017627,D3:F4:55:AB:96:20,-71
BLE,1703392744939574938,D3:F4:55:AB:96:20,-52
BLE,1703392745106580501,DF:DF:EE:00:00:04,-66
BLE,1703392745129189369,D3:F4:55:AB:96:20,-57
BLE,1703392745566562071,DF:DF:EE:00:00:04,-51
BLE,1703392746086407421,D3:F4:55:AB:96:20,-62
BLE,1703392746474213019,D3:F4:55:AB:96:20,-56
BLE,1703392746559044390,DF:DF:EE:00:00:04,-65
BLE,1703392746669918256,D3:F4:55:AB:96:20,-66
BLE,1703392746807386113,DF:A6:DC:DC:2E:81,-73
BLE,1703392746807405279,DF:DF:EE:00:00:01,-73
BLE,1703392746866900604,D3:F4:55:AB:96:20,-72
BLE,1703392747251460989,D3:F4:55:AB:96:20,-66
BLE,1703392747562906245,DF:DF:EE:00:00:04,-56
BLE,1703392748108073016,DF:DF:EE:00:00:04,-57
BLE,1703392748215542671,D3:F4:55:AB:96:20,-72
BLE,1703392748795028344,D3:F4:55:AB:96:20,-56
BLE,1703392749099341181,DF:DF:EE:00:00:04,-36
BLE,1703392749554657888,D3:F4:55:AB:96:20,-56
BLE,1703392749565246810,DF:DF:EE:00:00:04,-72
BLE,1703392750518213410,D3:F4:55:AB:96:20,-52
BLE,1703392750827247361,DF:A6:DC:DC:2E:81,-76
BLE,1703392750827287485,DF:DF:EE:00:00:01,-76
BLE,1703392750904223737,D3:F4:55:AB:96:20,-71
BLE,1703392751102099449,DF:DF:EE:00:00:04,-36
BLE,1703392751490826995,D3:F4:55:AB:96:20,-57
BLE,1703392751687058601,D3:F4:55:AB:96:20,-52
BLE,1703392752070660289,D3:F4:55:AB:96:20,-53
BLE,1703392752104182242,DF:DF:EE:00:00:04,-65
BLE,1703392752459708790,D3:F4:55:AB:96:20,-57
BLE,1703392753039434543,D3:F4:55:AB:96:20,-67
BLE,1703392753428318796,D3:F4:55:AB:96:20,-73
BLE,1703392753569165197,DF:DF:EE:00:00:04,-42
BLE,1703392753814228332,D3:F4:55:AB:96:20,-68
BLE,1703392754002054367,D3:F4:55:AB:96:20,-66
BLE,1703392754385950051,D3:F4:55:AB:96:20,-67
BLE,1703392754567791154,DF:DF:EE:00:00:04,-36
BLE,1703392754775521380,D3:F4:55:AB:96:20,-71
BLE,1703392754845759624,DF:A6:DC:DC:2E:81,-74
BLE,1703392754845776499,DF:DF:EE:00:00:01,-74
BLE,1703392754971269449,D3:F4:55:AB:96:20,-53
BLE,1703392755355624837,D3:F4:55:AB:96:20,-53
BLE,1703392755558854155,DF:DF:EE:00:00:04,-65
BLE,1703392755740090848,D3:F4:55:AB:96:20,-52
BLE,1703392756515224217,D3:F4:55:AB:96:20,-57
BLE,1703392756563551876,DF:DF:EE:00:00:04,-73
BLE,1703392756705482599,D3:F4:55:AB:96:20,-52
BLE,1703392756860497548,DF:A6:DC:DC:2E:81,-71
BLE,1703392756860554589,DF:DF:EE:00:00:01,-71
BLE,1703392757101180066,DF:DF:EE:00:00:04,-50
BLE,1703392757284192822,D3:F4:55:AB:96:20,-67
BLE,1703392757670654727,D3:F4:55:AB:96:20,-67
BLE,1703392758056119393,D3:F4:55:AB:96:20,-67
BLE,1703392758567727003,DF:DF:EE:00:00:04,-55
BLE,1703392759022060805,D3:F4:55:AB:96:20,-52
BLE,1703392759413431862,D3:F4:55:AB:96:20,-73
BLE,1703392759559306748,DF:DF:EE:00:00:04,-50
BLE,1703392759800981089,D3:F4:55:AB:96:20,-57
BLE,1703392759865387899,DF:A6:DC:DC:2E:81,-72
BLE,1703392759865442274,DF:DF:EE:00:00:01,-72
BLE,1703392759988783540,D3:F4:55:AB:96:20,-53
BLE,1703392760102171920,DF:DF:EE:00:00:04,-35
BLE,1703392760182197303,D3:F4:55:AB:96:20,-57
BLE,1703392760569422158,DF:DF:EE:00:00:04,-72
BLE,1703392760865413924,DF:A6:DC:DC:2E:81,-72
BLE,1703392760865474298,DF:DF:EE:00:00:01,-72
BLE,1703392761105063578,DF:DF:EE:00:00:04,-47
BLE,1703392761150467813,D3:F4:55:AB:96:20,-73
BLE,1703392761562395304,DF:DF:EE:00:00:04,-35
BLE,1703392762104679941,DF:DF:EE:00:00:04,-51
BLE,1703392762567526646,DF:DF:EE:00:00:04,-56
BLE,1703392762871778359,DF:A6:DC:DC:2E:81,-72
BLE,1703392762871829233,DF:DF:EE:00:00:01,-72
BLE,1703392763077158153,D3:F4:55:AB:96:20,-57
BLE,1703392763104211304,DF:DF:EE:00:00:04,-52
BLE,1703392763564645745,DF:DF:EE:00:00:04,-51
BLE,1703392763849216931,D3:F4:55:AB:96:20,-57
BLE,1703392764102065645,DF:DF:EE:00:00:04,-68
BLE,1703392764564335814,DF:DF:EE:00:00:04,-53
BLE,1703392764803808471,D3:F4:55:AB:96:20,-67
BLE,1703392764887517604,DF:A6:DC:DC:2E:81,-76
BLE,1703392764887574187,DF:DF:EE:00:00:01,-76
BLE,1703392765104519641,DF:DF:EE:00:00:04,-53
BLE,1703392765750968137,D3:F4:55:AB:96:20,-66
BLE,1703392766334088560,D3:F4:55:AB:96:20,-52
BLE,1703392766523412995,D3:F4:55:AB:96:20,-71
BLE,1703392766716677884,D3:F4:55:AB:96:20,-53
BLE,1703392767110363499,D3:F4:55:AB:96:20,-56
BLE,1703392767303434016,D3:F4:55:AB:96:20,-67
BLE,1703392767561870249,DF:DF:EE:00:00:04,-40
BLE,1703392767878076869,D3:F4:55:AB:96:20,-72
BLE,1703392767910931204,DF:A6:DC:DC:2E:81,-71
BLE,1703392767910944829,DF:DF:EE:00:00:01,-71
BLE,1703392768564156915,DF:DF:EE:00:00:04,-36
BLE,1703392768636237430,D3:F4:55:AB:96:20,-56
BLE,1703392769100334912,DF:DF:EE:00:00:04,-35
BLE,1703392769566418205,DF:DF:EE:00:00:04,-56
BLE,1703392769778449882,D3:F4:55:AB:96:20,-52
BLE,1703392769925349590,DF:A6:DC:DC:2E:81,-60
BLE,1703392769925366715,DF:DF:EE:00:00:01,-60
BLE,1703392769971999102,D3:F4:55:AB:96:20,-72
BLE,1703392770159447641,D3:F4:55:AB:96:20,-66
BLE,1703392770354842965,D3:F4:55:AB:96:20,-56
BLE,1703392770566087734,DF:DF:EE:00:00:04,-35
BLE,1703392770736530633,D3:F4:55:AB:96:20,-57
BLE,1703392770925312573,DF:A6:DC:DC:2E:81,-72
BLE,1703392770925336990,DF:DF:EE:00:00:01,-72
BLE,1703392770926524143,D3:F4:55:AB:96:20,-66
BLE,1703392771104618955,DF:DF:EE:00:00:04,-35
BLE,1703392771506977596,D3:F4:55:AB:96:20,-66
BLE,1703392771928131482,DF:A6:DC:DC:2E:81,-60
BLE,1703392771928185857,DF:DF:EE:00:00:01,-60
BLE,1703392772655522643,D3:F4:55:AB:96:20,-66
BLE,1703392772928117882,DF:A6:DC:DC:2E:81,-71
BLE,1703392772928157173,DF:DF:EE:00:00:01,-71
BLE,1703392773810946945,D3:F4:55:AB:96:20,-56
BLE,1703392774006080647,D3:F4:55:AB:96:20,-67
BLE,1703392774100368368,DF:DF:EE:00:00:04,-36
BLE,1703392774388043978,D3:F4:55:AB:96:20,-66
BLE,1703392774561065223,DF:DF:EE:00:00:04,-66
BLE,1703392774578457525,D3:F4:55:AB:96:20,-56
BLE,1703392774943351467,DF:A6:DC:DC:2E:81,-60
BLE,1703392774943389800,DF:DF:EE:00:00:01,-60
BLE,1703392775164094920,D3:F4:55:AB:96:20,-57
BLE,1703392775560945874,DF:DF:EE:00:00:04,-51
BLE,1703392775925950564,D3:F4:55:AB:96:20,-56
BLE,1703392775942178880,DF:A6:DC:DC:2E:81,-72
BLE,1703392775942198629,DF:DF:EE:00:00:01,-72
BLE,1703392776099795174,DF:DF:EE:00:00:04,-51
BLE,1703392776120010820,D3:F4:55:AB:96:20,-52
BLE,1703392776692359948,D3:F4:55:AB:96:20,-56
BLE,1703392776886042791,D3:F4:55:AB:96:20,-53
BLE,1703392776948228002,DF:A6:DC:DC:2E:81,-61
BLE,1703392776948275293,DF:DF:EE:00:00:01,-61
BLE,1703392777082046942,D3:F4:55:AB:96:20,-72
BLE,1703392777268937279,D3:F4:55:AB:96:20,-63
BLE,1703392777567608680,DF:DF:EE:00:00:04,-53
BLE,1703392778049655959,D3:F4:55:AB:96:20,-57
BLE,1703392778101175291,DF:DF:EE:00:00:04,-65
BLE,1703392779107021832,DF:DF:EE:00:00:04,-40
BLE,1703392780156169716,D3:F4:55:AB:96:20,-62
BLE,1703392780567365549,DF:DF:EE:00:00:04,-73
BLE,1703392781561282684,DF:DF:EE:00:00:04,-73
BLE,1703392781970070169,DF:A6:DC:DC:2E:81,-72
BLE,1703392781970122044,DF:DF:EE:00:00:01,-72
BLE,1703392782296216342,D3:F4:55:AB:96:20,-72
BLE,1703392782488636617,D3:F4:55:AB:96:20,-68
BLE,1703392782678752875,D3:F4:55:AB:96:20,-57
BLE,1703392783257435599,D3:F4:55:AB:96:20,-69
BLE,1703392784028559096,D3:F4:55:AB:96:20,-71
BLE,1703392784103531662,DF:DF:EE:00:00:04,-55
BLE,1703392784988601324,D3:F4:55:AB:96:20,-69
BLE,1703392785106626526,DF:DF:EE:00:00:04,-53
BLE,1703392785177476264,D3:F4:55:AB:96:20,-72
BLE,1703392785560513000,DF:DF:EE:00:00:04,-53
BLE,1703392785564608786,D3:F4:55:AB:96:20,-73
BLE,1703392785751063337,D3:F4:55:AB:96:20,-53
BLE,1703392785947226819,D3:F4:55:AB:96:20,-72
BLE,1703392785991301110,DF:A6:DC:DC:2E:81,-61
BLE,1703392785991327360,DF:DF:EE:00:00:01,-61
BLE,1703392786106969130,DF:DF:EE:00:00:04,-55
BLE,1703392786563583573,DF:DF:EE:00:00:04,-51
BLE,1703392786711622934,D3:F4:55:AB:96:20,-72
BLE,1703392786902100522,D3:F4:55:AB:96:20,-53
BLE,1703392786993073448,DF:A6:DC:DC:2E:81,-58
BLE,1703392786993090073,DF:DF:EE:00:00:01,-58
BLE,1703392787289195795,D3:F4:55:AB:96:20,-71
BLE,1703392787868784341,D3:F4:55:AB:96:20,-53
BLE,1703392788250577133,D3:F4:55:AB:96:20,-66
BLE,1703392788446083456,D3:F4:55:AB:96:20,-71
BLE,1703392788564119741,DF:DF:EE:00:00:04,-35
BLE,1703392788834125259,D3:F4:55:AB:96:20,-66
BLE,1703392789027216110,D3:F4:55:AB:96:20,-57
BLE,1703392789214886354,D3:F4:55:AB:96:20,-66
BLE,1703392789557866045,DF:DF:EE:00:00:04,-45
BLE,1703392789990611508,D3:F4:55:AB:96:20,-57
BLE,1703392790273382923,DF:A6:DC:DC:2E:81,-58
BLE,1703392790273412590,DF:DF:EE:00:00:01,-58
BLE,1703392790379773966,D3:F4:55:AB:96:20,-72
BLE,1703392790559939712,DF:DF:EE:00:00:04,-55
BLE,1703392790767020779,D3:F4:55:AB:96:20,-67
BLE,1703392790966595597,D3:F4:55:AB:96:20,-56
BLE,1703392791102316723,DF:DF:EE:00:00:04,-63
BLE,1703392791162408416,D3:F4:55:AB:96:20,-72
BLE,1703392791749666292,D3:F4:55:AB:96:20,-57
BLE,1703392792096646104,DF:DF:EE:00:00:04,-52
BLE,1703392792126117894,D3:F4:55:AB:96:20,-56
BLE,1703392792271875448,DF:A6:DC:DC:2E:81,-60
BLE,1703392792271891614,DF:DF:EE:00:00:01,-60
BLE,1703392793104641996,DF:DF:EE:00:00:04,-62
BLE,1703392793269207336,DF:A6:DC:DC:2E:81,-73
BLE,1703392793269241294,DF:DF:EE:00:00:01,-73
BLE,1703392793653009480,D3:F4:55:AB:96:20,-68
BLE,1703392793654416839,D3:F4:55:AB:96:20,-71
BLE,1703392793842529704,D3:F4:55:AB:96:20,-67
BLE,1703392794034114196,D3:F4:55:AB:96:20,-53
BLE,1703392794424449140,D3:F4:55:AB:96:20,-56
BLE,1703392794560910467,DF:DF:EE:00:00:04,-53
BLE,1703392794810833171,D3:F4:55:AB:96:20,-56
BLE,1703392794998670831,D3:F4:55:AB:96:20,-66
BLE,1703392795192326341,D3:F4:55:AB:96:20,-72
BLE,1703392795269740879,DF:A6:DC:DC:2E:81,-72
BLE,1703392795269765921,DF:DF:EE:00:00:01,-72
BLE,1703392795760911346,D3:F4:55:AB:96:20,-57
BLE,1703392795954993476,D3:F4:55:AB:96:20,-73
BLE,1703392796101715811,DF:DF:EE:00:00:04,-50
BLE,1703392796148231408,D3:F4:55:AB:96:20,-53
BLE,1703392796340134438,D3:F4:55:AB:96:20,-79
BLE,1703392796560158774,DF:DF:EE:00:00:04,-47
BLE,1703392796725283317,D3:F4:55:AB:96:20,-57
BLE,1703392796917981088,D3:F4:55:AB:96:20,-71
BLE,1703392797102916739,DF:DF:EE:00:00:04,-54
BLE,1703392797273746800,DF:A6:DC:DC:2E:81,-58
BLE,1703392797273765091,DF:DF:EE:00:00:01,-58
BLE,1703392797874296733,D3:F4:55:AB:96:20,-73
BLE,1703392798100697330,DF:DF:EE:00:00:04,-64
BLE,1703392798254514584,D3:F4:55:AB:96:20,-56
BLE,1703392798445027630,D3:F4:55:AB:96:20,-67
BLE,1703392798832750105,D3:F4:55:AB:96:20,-56
BLE,1703392799022895863,D3:F4:55:AB:96:20,-68
BLE,1703392799212579543,D3:F4:55:AB:96:20,-56
BLE,1703392799405006609,D3:F4:55:AB:96:20,-71
BLE,1703392800173069933,D3:F4:55:AB:96:20,-58
BLE,1703392800556557289,D3:F4:55:AB:96:20,-66
BLE,1703392800939253320,D3:F4:55:AB:96:20,-67
BLE,1703392801515146242,D3:F4:55:AB:96:20,-72
BLE,1703392802086207218,D3:F4:55:AB:96:20,-53
BLE,1703392802100445432,DF:DF:EE:00:00:04,-56
BLE,1703392802480214329,D3:F4:55:AB:96:20,-71
BLE,1703392802558766521,DF:DF:EE:00:00:04,-52
BLE,1703392802859251110,D3:F4:55:AB:96:20,-73
BLE,1703392803098501353,DF:DF:EE:00:00:04,-52
BLE,1703392803240584449,D3:F4:55:AB:96:20,-71
BLE,1703392803430229421,D3:F4:55:AB:96:20,-70
BLE,1703392803997552774,D3:F4:55:AB:96:20,-67
BLE,1703392804187839489,D3:F4:55:AB:96:20,-56
BLE,1703392805527297285,D3:F4:55:AB:96:20,-68
BLE,1703392805921302188,D3:F4:55:AB:96:20,-71
BLE,1703392806307769885,D3:F4:55:AB:96:20,-70
BLE,1703392806500755236,D3:F4:55:AB:96:20,-68
BLE,1703392806502269219,D3:F4:55:AB:96:20,-71
BLE,1703392806564042226,DF:DF:EE:00:00:04,-51
BLE,1703392806691264532,D3:F4:55:AB:96:20,-57
BLE,1703392806881406707,D3:F4:55:AB:96:20,-53
BLE,1703392807074176561,D3:F4:55:AB:96:20,-72
BLE,1703392807103550436,DF:DF:EE:00:00:04,-35
BLE,1703392807263951907,D3:F4:55:AB:96:20,-52
BLE,1703392807276553347,DF:A6:DC:DC:2E:81,-60
BLE,1703392807276580097,DF:DF:EE:00:00:01,-60
BLE,1703392807456751135,D3:F4:55:AB:96:20,-72
BLE,1703392807838675009,D3:F4:55:AB:96:20,-72
BLE,1703392808101908229,DF:DF:EE:00:00:04,-48
BLE,1703392808273985318,DF:A6:DC:DC:2E:81,-72
BLE,1703392808274025567,DF:DF:EE:00:00:01,-72
BLE,1703392808566250625,DF:DF:EE:00:00:04,-45
BLE,1703392808607734321,D3:F4:55:AB:96:20,-67
BLE,1703392808798102536,D3:F4:55:AB:96:20,-72
BLE,1703392808992975032,D3:F4:55:AB:96:20,-67
BLE,1703392809100470812,DF:DF:EE:00:00:04,-57
BLE,1703392809268460488,DF:A6:DC:DC:2E:81,-72
BLE,1703392809268498196,DF:DF:EE:00:00:01,-72
BLE,1703392809560045429,DF:DF:EE:00:00:04,-51
BLE,1703392809765693136,D3:F4:55:AB:96:20,-72
BLE,1703392809958167118,D3:F4:55:AB:96:20,-57
BLE,1703392810155252715,D3:F4:55:AB:96:20,-73
BLE,1703392810351239907,D3:F4:55:AB:96:20,-56
BLE,1703392810560182327,DF:DF:EE:00:00:04,-51
BLE,1703392810736037081,D3:F4:55:AB:96:20,-71
BLE,1703392811100019533,DF:DF:EE:00:00:04,-64
BLE,1703392811125937572,D3:F4:55:AB:96:20,-73
BLE,1703392811276611445,DF:A6:DC:DC:2E:81,-57
BLE,1703392811276646695,DF:DF:EE:00:00:01,-57
BLE,1703392811322115762,D3:F4:55:AB:96:20,-57
BLE,1703392811562942820,DF:DF:EE:00:00:04,-45
BLE,1703392812085567847,D3:F4:55:AB:96:20,-56
BLE,1703392812098242328,DF:DF:EE:00:00:04,-50
BLE,1703392812473724733,D3:F4:55:AB:96:20,-72
BLE,1703392812552940708,DF:A6:DC:DC:2E:81,-58
BLE,1703392812552971125,DF:DF:EE:00:00:01,-58
BLE,1703392812669202389,D3:F4:55:AB:96:20,-57
BLE,1703392812862701734,D3:F4:55:AB:96:20,-63
BLE,1703392813060369907,D3:F4:55:AB:96:20,-72
BLE,1703392813548521658,DF:A6:DC:DC:2E:81,-57
BLE,1703392813548559491,DF:DF:EE:00:00:01,-57
BLE,1703392813562389584,DF:DF:EE:00:00:04,-35
BLE,1703392813637595897,D3:F4:55:AB:96:20,-56
BLE,1703392813827851029,D3:F4:55:AB:96:20,-68
BLE,1703392814013671712,D3:F4:55:AB:96:20,-53
BLE,1703392814099881817,DF:DF:EE:00:00:04,-35
BLE,1703392814552824301,DF:A6:DC:DC:2E:81,-58
BLE,1703392814552862467,DF:DF:EE:00:00:01,-58
BLE,1703392814562576648,DF:DF:EE:00:00:04,-53
BLE,1703392814595002780,D3:F4:55:AB:96:20,-52
BLE,1703392815099101600,DF:DF:EE:00:00:04,-52
BLE,1703392815173683587,D3:F4:55:AB:96:20,-72
BLE,1703392815556048705,D3:F4:55:AB:96:20,-73
BLE,1703392815565996134,DF:DF:EE:00:00:04,-34
BLE,1703392815944497130,D3:F4:55:AB:96:20,-52
BLE,1703392816105297388,DF:DF:EE:00:00:04,-58
BLE,1703392816137114402,D3:F4:55:AB:96:20,-73
BLE,1703392816331690943,D3:F4:55:AB:96:20,-52
BLE,1703392816522971189,D3:F4:55:AB:96:20,-70
BLE,1703392816556547516,DF:DF:EE:00:00:04,-50
BLE,1703392816713912396,D3:F4:55:AB:96:20,-53
BLE,1703392817096730260,D3:F4:55:AB:96:20,-66
BLE,1703392817478590634,D3:F4:55:AB:96:20,-62
BLE,1703392817670533413,D3:F4:55:AB:96:20,-57
BLE,1703392818056533199,D3:F4:55:AB:96:20,-82
BLE,1703392818101240275,DF:DF:EE:00:00:04,-56
BLE,1703392818556381442,DF:DF:EE:00:00:04,-50
BLE,1703392819210110189,D3:F4:55:AB:96:20,-52
BLE,1703392819405590053,D3:F4:55:AB:96:20,-68
BLE,1703392819544986221,DF:A6:DC:DC:2E:81,-59
BLE,1703392819545023304,DF:DF:EE:00:00:01,-59
BLE,1703392819591517943,D3:F4:55:AB:96:20,-67
BLE,1703392820096710292,DF:DF:EE:00:00:04,-53
BLE,1703392820359726557,D3:F4:55:AB:96:20,-65
BLE,1703392820550032772,D3:F4:55:AB:96:20,-57
BLE,1703392820561934178,DF:DF:EE:00:00:04,-34
BLE,1703392820742248340,D3:F4:55:AB:96:20,-68
BLE,1703392820933563460,D3:F4:55:AB:96:20,-56
BLE,1703392821129228447,D3:F4:55:AB:96:20,-57
BLE,1703392821318623506,D3:F4:55:AB:96:20,-72
BLE,1703392821511971270,D3:F4:55:AB:96:20,-56
BLE,1703392821549259388,DF:A6:DC:DC:2E:81,-72
BLE,1703392821549309429,DF:DF:EE:00:00:01,-72
BLE,1703392821565180374,DF:DF:EE:00:00:04,-40
BLE,1703392821894114641,D3:F4:55:AB:96:20,-56
BLE,1703392822100358341,DF:DF:EE:00:00:04,-44
BLE,1703392822550629147,DF:A6:DC:DC:2E:81,-63
BLE,1703392822550675022,DF:DF:EE:00:00:01,-63
BLE,1703392822560692575,DF:DF:EE:00:00:04,-45
BLE,1703392823437706370,D3:F4:55:AB:96:20,-53
BLE,1703392823561380883,DF:DF:EE:00:00:04,-53
BLE,1703392824106354031,DF:DF:EE:00:00:04,-45
BLE,1703392824394322137,D3:F4:55:AB:96:20,-71
BLE,1703392824549306420,DF:A6:DC:DC:2E:81,-73
BLE,1703392824549345211,DF:DF:EE:00:00:01,-73
BLE,1703392824588022314,D3:F4:55:AB:96:20,-53
BLE,1703392825097678237,DF:DF:EE:00:00:04,-50
BLE,1703392825168878471,D3:F4:55:AB:96:20,-67
BLE,1703392825355137315,D3:F4:55:AB:96:20,-52
BLE,1703392825548980532,D3:F4:55:AB:96:20,-72
BLE,1703392825549912021,DF:A6:DC:DC:2E:81,-76
BLE,1703392825549926771,DF:DF:EE:00:00:01,-76
BLE,1703392826128785367,D3:F4:55:AB:96:20,-71
BLE,1703392826547547489,DF:A6:DC:DC:2E:81,-59
BLE,1703392826547592614,DF:DF:EE:00:00:01,-59
BLE,1703392826708409580,D3:F4:55:AB:96:20,-57
BLE,1703392827099915595,D3:F4:55:AB:96:20,-72
BLE,1703392827481459556,D3:F4:55:AB:96:20,-56
BLE,1703392827561275483,DF:DF:EE:00:00:04,-46
BLE,1703392827669466297,D3:F4:55:AB:96:20,-66
BLE,1703392828062300171,D3:F4:55:AB:96:20,-56
BLE,1703392828098697466,DF:DF:EE:00:00:04,-51
BLE,1703392828255037233,D3:F4:55:AB:96:20,-67
BLE,1703392828558623413,DF:DF:EE:00:00:04,-53
BLE,1703392828831877311,D3:F4:55:AB:96:20,-68
BLE,1703392829020987915,D3:F4:55:AB:96:20,-52
BLE,1703392829106278238,DF:DF:EE:00:00:04,-72
BLE,1703392829404615727,D3:F4:55:AB:96:20,-67
BLE,1703392829559127807,DF:DF:EE:00:00:04,-46
BLE,1703392829797930971,D3:F4:55:AB:96:20,-82
BLE,1703392829988349185,D3:F4:55:AB:96:20,-67
BLE,1703392830548180580,DF:A6:DC:DC:2E:81,-72
BLE,1703392830548226705,DF:DF:EE:00:00:01,-72
BLE,1703392830765729236,D3:F4:55:AB:96:20,-72
BLE,1703392831104270894,DF:DF:EE:00:00:04,-56
BLE,1703392831546130170,DF:A6:DC:DC:2E:81,-72
BLE,1703392831546180461,DF:DF:EE:00:00:01,-72
BLE,1703392831718002511,D3:F4:55:AB:96:20,-54
BLE,1703392831917643161,D3:F4:55:AB:96:20,-67
BLE,1703392832105131242,D3:F4:55:AB:96:20,-66
BLE,1703392832550325022,DF:A6:DC:DC:2E:81,-59
BLE,1703392832550350730,DF:DF:EE:00:00:01,-59
BLE,1703392832560432074,DF:DF:EE:00:00:04,-53
BLE,1703392833072521761,D3:F4:55:AB:96:20,-65
BLE,1703392833098943045,DF:DF:EE:00:00:04,-53
BLE,1703392833458734294,D3:F4:55:AB:96:20,-56
BLE,1703392833650122664,D3:F4:55:AB:96:20,-71
BLE,1703392834549731411,DF:A6:DC:DC:2E:81,-71
BLE,1703392834549789911,DF:DF:EE:00:00:01,-71
BLE,1703392834556438085,DF:DF:EE:00:00:04,-45
BLE,1703392834984931222,D3:F4:55:AB:96:20,-67
BLE,1703392835364548454,D3:F4:55:AB:96:20,-52
BLE,1703392835553963304,D3:F4:55:AB:96:20,-73
BLE,1703392835559802780,DF:DF:EE:00:00:04,-56
BLE,1703392836098479082,DF:DF:EE:00:00:04,-63
BLE,1703392836130878506,D3:F4:55:AB:96:20,-67
BLE,1703392836519106725,D3:F4:55:AB:96:20,-57
BLE,1703392836564358753,DF:DF:EE:00:00:04,-53
BLE,1703392837093648787,D3:F4:55:AB:96:20,-72
BLE,1703392837279737966,D3:F4:55:AB:96:20,-64
BLE,1703392837473105771,D3:F4:55:AB:96:20,-56
BLE,1703392837562535798,DF:DF:EE:00:00:04,-56
BLE,1703392837856318839,D3:F4:55:AB:96:20,-67
BLE,1703392838101928467,DF:DF:EE:00:00:04,-55
BLE,1703392838434343694,D3:F4:55:AB:96:20,-57
BLE,1703392838550927538,DF:A6:DC:DC:2E:81,-76
BLE,1703392838550971871,DF:DF:EE:00:00:01,-76
BLE,1703392838557668961,DF:DF:EE:00:00:04,-52
BLE,1703392838810430342,D3:F4:55:AB:96:20,-53
BLE,1703392839001653255,D3:F4:55:AB:96:20,-57
BLE,1703392839099451145,DF:DF:EE:00:00:04,-52
BLE,1703392839190851441,D3:F4:55:AB:96:20,-52
BLE,1703392839548205385,DF:A6:DC:DC:2E:81,-72
BLE,1703392839548249551,DF:DF:EE:00:00:01,-72
BLE,1703392839570290884,D3:F4:55:AB:96:20,-63
BLE,1703392839954701604,D3:F4:55:AB:96:20,-67
BLE,1703392840148764443,D3:F4:55:AB:96:20,-67
BLE,1703392840558921913,DF:DF:EE:00:00:04,-71
BLE,1703392841100471099,DF:DF:EE:00:00:04,-35
BLE,1703392841555384394,DF:DF:EE:00:00:04,-45
BLE,1703392841688390676,D3:F4:55:AB:96:20,-67
BLE,1703392841884519659,D3:F4:55:AB:96:20,-72
BLE,1703392842070198968,D3:F4:55:AB:96:20,-52
BLE,1703392842095820260,DF:DF:EE:00:00:04,-50
BLE,1703392842267710934,D3:F4:55:AB:96:20,-73
BLE,1703392842462269226,D3:F4:55:AB:96:20,-56
BLE,1703392842653696095,D3:F4:55:AB:96:20,-52
BLE,1703392842845194505,D3:F4:55:AB:96:20,-56
BLE,1703392843230975584,D3:F4:55:AB:96:20,-57
BLE,1703392843420811346,D3:F4:55:AB:96:20,-53
BLE,1703392843614326150,D3:F4:55:AB:96:20,-56
BLE,1703392843803979705,D3:F4:55:AB:96:20,-52
BLE,1703392843995941151,D3:F4:55:AB:96:20,-67
BLE,1703392844096491135,DF:DF:EE:00:00:04,-51
BLE,1703392844187416062,D3:F4:55:AB:96:20,-65
BLE,1703392844382740844,D3:F4:55:AB:96:20,-73
BLE,1703392844574817289,D3:F4:55:AB:96:20,-71
BLE,1703392845095294840,DF:DF:EE:00:00:04,-52
BLE,1703392845150891251,D3:F4:55:AB:96:20,-82
BLE,1703392845342092955,D3:F4:55:AB:96:20,-61
BLE,1703392845557647592,DF:DF:EE:00:00:04,-35
BLE,1703392846680846010,D3:F4:55:AB:96:20,-67
BLE,1703392847559445788,DF:DF:EE:00:00:04,-46
BLE,1703392847640517701,D3:F4:55:AB:96:20,-72
BLE,1703392848100523813,DF:DF:EE:00:00:04,-52
BLE,1703392848401866393,D3:F4:55:AB:96:20,-57
BLE,1703392848564168092,DF:DF:EE:00:00:04,-39
BLE,1703392848574831804,DF:A6:DC:DC:2E:81,-71
BLE,1703392848574871220,DF:DF:EE:00:00:01,-71
BLE,1703392848782129576,D3:F4:55:AB:96:20,-56
BLE,1703392849165657765,D3:F4:55:AB:96:20,-56
BLE,1703392849558699720,DF:DF:EE:00:00:04,-56
BLE,1703392849577404758,DF:A6:DC:DC:2E:81,-77
BLE,1703392849577457757,DF:DF:EE:00:00:01,-77
BLE,1703392849931984442,D3:F4:55:AB:96:20,-57
BLE,1703392850313394779,D3:F4:55:AB:96:20,-56
BLE,1703392850504128906,D3:F4:55:AB:96:20,-57
BLE,1703392850582362935,DF:A6:DC:DC:2E:81,-72
BLE,1703392850582404559,DF:DF:EE:00:00:01,-72
BLE,1703392850697645460,D3:F4:55:AB:96:20,-57
BLE,1703392850892649746,D3:F4:55:AB:96:20,-68
BLE,1703392851085329101,D3:F4:55:AB:96:20,-68
BLE,1703392851272194397,D3:F4:55:AB:96:20,-67
BLE,1703392851468410128,D3:F4:55:AB:96:20,-57
BLE,1703392851561024327,DF:DF:EE:00:00:04,-56
BLE,1703392851590537242,DF:A6:DC:DC:2E:81,-72
BLE,1703392851590577199,DF:DF:EE:00:00:01,-72
BLE,1703392852048808457,D3:F4:55:AB:96:20,-56
BLE,1703392852097199032,DF:DF:EE:00:00:04,-40
BLE,1703392852565289303,DF:DF:EE:00:00:04,-53
BLE,1703392852818187932,D3:F4:55:AB:96:20,-73
BLE,1703392853012316270,D3:F4:55:AB:96:20,-72
BLE,1703392853207253933,D3:F4:55:AB:96:20,-66
BLE,1703392853402554633,D3:F4:55:AB:96:20,-57
BLE,1703392853603712308,DF:A6:DC:DC:2E:81,-77
BLE,1703392853603757724,DF:DF:EE:00:00:01,-77
BLE,1703392853784037136,D3:F4:55:AB:96:20,-56
BLE,1703392853972235292,D3:F4:55:AB:96:20,-63
BLE,1703392854171642112,D3:F4:55:AB:96:20,-67
BLE,1703392854553342446,D3:F4:55:AB:96:20,-72
BLE,1703392854563298750,DF:DF:EE:00:00:04,-54
BLE,1703392854603097256,DF:A6:DC:DC:2E:81,-59
BLE,1703392854603141131,DF:DF:EE:00:00:01,-59
BLE,1703392854743360747,D3:F4:55:AB:96:20,-56
BLE,1703392855095791081,DF:DF:EE:00:00:04,-36
BLE,1703392855125896656,D3:F4:55:AB:96:20,-71
BLE,1703392855504086571,D3:F4:55:AB:96:20,-67
BLE,1703392855563661937,DF:DF:EE:00:00:04,-39
BLE,1703392855890594476,D3:F4:55:AB:96:20,-56
BLE,1703392856102510696,DF:DF:EE:00:00:04,-50
BLE,1703392856469333699,D3:F4:55:AB:96:20,-60
BLE,1703392856614724673,DF:A6:DC:DC:2E:81,-73
BLE,1703392856614785006,DF:DF:EE:00:00:01,-73
BLE,1703392856664660857,D3:F4:55:AB:96:20,-57
BLE,1703392856853843459,D3:F4:55:AB:96:20,-52
BLE,1703392857045457826,D3:F4:55:AB:96:20,-72
BLE,1703392857236051079,D3:F4:55:AB:96:20,-53
BLE,1703392857617767580,D3:F4:55:AB:96:20,-57
BLE,1703392858000940731,D3:F4:55:AB:96:20,-53
BLE,1703392858580513486,D3:F4:55:AB:96:20,-67
BLE,1703392858629230308,DF:A6:DC:DC:2E:81,-69
BLE,1703392858629259224,DF:DF:EE:00:00:01,-69
BLE,1703392858775466273,D3:F4:55:AB:96:20,-72
BLE,1703392858969013285,D3:F4:55:AB:96:20,-66
BLE,1703392859355816394,D3:F4:55:AB:96:20,-71
BLE,1703392859550747140,D3:F4:55:AB:96:20,-52
BLE,1703392859561003274,DF:DF:EE:00:00:04,-53
BLE,1703392859634637688,DF:A6:DC:DC:2E:81,-76
BLE,1703392859634653854,DF:DF:EE:00:00:01,-76
BLE,1703392859938718028,D3:F4:55:AB:96:20,-67
BLE,1703392860326999413,D3:F4:55:AB:96:20,-56
BLE,1703392860521168584,D3:F4:55:AB:96:20,-67
BLE,1703392860557227508,DF:DF:EE:00:00:04,-39
BLE,1703392861501023670,D3:F4:55:AB:96:20,-71
BLE,1703392861646486936,DF:A6:DC:DC:2E:81,-69
BLE,1703392861646531727,DF:DF:EE:00:00:01,-69
BLE,1703392861690202023,D3:F4:55:AB:96:20,-68
BLE,1703392862086033530,D3:F4:55:AB:96:20,-57
BLE,1703392862097332277,DF:DF:EE:00:00:04,-45
BLE,1703392862556056279,DF:DF:EE:00:00:04,-53
BLE,1703392862670871559,D3:F4:55:AB:96:20,-57
BLE,1703392862858558345,D3:F4:55:AB:96:20,-53
BLE,1703392863054708160,D3:F4:55:AB:96:20,-57
BLE,1703392863098126709,DF:DF:EE:00:00:04,-56
BLE,1703392863241903702,D3:F4:55:AB:96:20,-66
BLE,1703392863435711294,D3:F4:55:AB:96:20,-70
BLE,1703392863625590889,D3:F4:55:AB:96:20,-52
BLE,1703392863659343964,DF:A6:DC:DC:2E:81,-73
BLE,1703392863659372131,DF:DF:EE:00:00:01,-73
BLE,1703392863822482321,D3:F4:55:AB:96:20,-72
BLE,1703392864097038080,DF:DF:EE:00:00:04,-34
BLE,1703392864663564024,DF:A6:DC:DC:2E:81,-58
BLE,1703392864663606815,DF:DF:EE:00:00:01,-58
BLE,1703392864974948448,D3:F4:55:AB:96:20,-52
BLE,1703392865556804677,D3:F4:55:AB:96:20,-67
BLE,1703392865666471058,DF:A6:DC:DC:2E:81,-76
BLE,1703392865666513724,DF:DF:EE:00:00:01,-76
BLE,1703392865742399821,D3:F4:55:AB:96:20,-66
BLE,1703392866565298605,DF:DF:EE:00:00:04,-39
BLE,1703392866674026330,DF:A6:DC:DC:2E:81,-57
BLE,1703392866674047413,DF:DF:EE:00:00:01,-57
BLE,1703392866886846081,D3:F4:55:AB:96:20,-66
BLE,1703392867457137066,D3:F4:55:AB:96:20,-71
BLE,1703392867560685599,DF:DF:EE:00:00:04,-36
BLE,1703392869560944312,DF:DF:EE:00:00:04,-56
BLE,1703392869695089498,DF:A6:DC:DC:2E:81,-77
BLE,1703392869695109123,DF:DF:EE:00:00:01,-77
BLE,1703392869774724344,D3:F4:55:AB:96:20,-57
BLE,1703392870098035716,DF:DF:EE:00:00:04,-73
BLE,1703392870548534394,D3:F4:55:AB:96:20,-56
BLE,1703392870558187535,DF:DF:EE:00:00:04,-65
BLE,1703392870736403095,D3:F4:55:AB:96:20,-66
BLE,1703392870932589868,D3:F4:55:AB:96:20,-57
BLE,1703392871321916366,D3:F4:55:AB:96:20,-52
BLE,1703392871898116243,D3:F4:55:AB:96:20,-57
BLE,1703392872102662796,DF:DF:EE:00:00:04,-51
BLE,1703392872286332711,D3:F4:55:AB:96:20,-66
BLE,1703392872677740685,D3:F4:55:AB:96:20,-56
BLE,1703392872715807837,DF:A6:DC:DC:2E:81,-75
BLE,1703392872715830461,DF:DF:EE:00:00:01,-75
BLE,1703392872869595049,D3:F4:55:AB:96:20,-57
BLE,1703392873099052695,DF:DF:EE:00:00:04,-36
BLE,1703392873251707254,D3:F4:55:AB:96:20,-57
BLE,1703392873444331942,D3:F4:55:AB:96:20,-71
BLE,1703392873718668620,DF:A6:DC:DC:2E:81,-60
BLE,1703392873718706245,DF:DF:EE:00:00:01,-60
BLE,1703392873832381663,D3:F4:55:AB:96:20,-72
BLE,1703392874402770939,D3:F4:55:AB:96:20,-52
BLE,1703392874601633265,D3:F4:55:AB:96:20,-67
BLE,1703392874723981668,DF:A6:DC:DC:2E:81,-72
BLE,1703392874724012209,DF:DF:EE:00:00:01,-72
BLE,1703392875181671056,D3:F4:55:AB:96:20,-72
BLE,1703392875565104788,DF:DF:EE:00:00:04,-69
BLE,1703392875730067498,DF:A6:DC:DC:2E:81,-72
BLE,1703392875730106665,DF:DF:EE:00:00:01,-72
BLE,1703392875957922621,D3:F4:55:AB:96:20,-66
BLE,1703392876560959276,DF:DF:EE:00:00:04,-35
BLE,1703392876727729050,D3:F4:55:AB:96:20,-71
BLE,1703392876735396213,DF:A6:DC:DC:2E:81,-76
BLE,1703392876735412212,DF:DF:EE:00:00:01,-76
BLE,1703392877897646937,D3:F4:55:AB:96:20,-56
BLE,1703392878280636924,D3:F4:55:AB:96:20,-57
BLE,1703392879099409130,DF:DF:EE:00:00:04,-57
BLE,1703392879238685383,D3:F4:55:AB:96:20,-66
BLE,1703392879428605644,D3:F4:55:AB:96:20,-72
BLE,1703392880006642041,D3:F4:55:AB:96:20,-67
BLE,1703392880560497255,DF:DF:EE:00:00:04,-66
BLE,1703392880573749812,D3:F4:55:AB:96:20,-71
BLE,1703392881752193687,DF:A6:DC:DC:2E:81,-77
BLE,1703392881752256686,DF:DF:EE:00:00:01,-77
BLE,1703392882557665128,DF:DF:EE:00:00:04,-53
BLE,1703392882692387807,D3:F4:55:AB:96:20,-72
BLE,1703392883082619419,D3:F4:55:AB:96:20,-72
BLE,1703392883104431338,DF:DF:EE:00:00:04,-72
BLE,1703392883269510215,D3:F4:55:AB:96:20,-52
BLE,1703392883458475778,D3:F4:55:AB:96:20,-72
BLE,1703392883559092428,DF:DF:EE:00:00:04,-35
BLE,1703392883761128843,DF:A6:DC:DC:2E:81,-72
BLE,1703392883761164676,DF:DF:EE:00:00:01,-72
BLE,1703392883834926172,D3:F4:55:AB:96:20,-68
BLE,1703392884095235842,DF:DF:EE:00:00:04,-57
BLE,1703392884218998146,D3:F4:55:AB:96:20,-62
BLE,1703392884558057464,DF:DF:EE:00:00:04,-67
BLE,1703392884768930487,DF:A6:DC:DC:2E:81,-72
BLE,1703392884768949487,DF:DF:EE:00:00:01,-72
BLE,1703392884986338686,D3:F4:55:AB:96:20,-72
BLE,1703392885180345276,D3:F4:55:AB:96:20,-52
BLE,1703392885562328690,DF:DF:EE:00:00:04,-35
BLE,1703392885772745635,DF:A6:DC:DC:2E:81,-57
BLE,1703392885772765677,DF:DF:EE:00:00:01,-57
BLE,1703392886097314243,DF:DF:EE:00:00:04,-66
BLE,1703392886143237305,D3:F4:55:AB:96:20,-70
BLE,1703392886335186168,D3:F4:55:AB:96:20,-57
BLE,1703392886905970189,D3:F4:55:AB:96:20,-73
BLE,1703392887095645745,DF:DF:EE:00:00:04,-44
BLE,1703392887281551135,D3:F4:55:AB:96:20,-72
BLE,1703392887560596092,DF:DF:EE:00:00:04,-72
BLE,1703392888101247706,DF:DF:EE:00:00:04,-69
BLE,1703392888241640779,D3:F4:55:AB:96:20,-67
BLE,1703392888557278030,DF:DF:EE:00:00:04,-52
BLE,1703392888621550175,D3:F4:55:AB:96:20,-68
BLE,1703392888817051498,D3:F4:55:AB:96:20,-68
BLE,1703392889101716142,DF:DF:EE:00:00:04,-36
BLE,1703392889194063427,D3:F4:55:AB:96:20,-56
BLE,1703392889388831466,D3:F4:55:AB:96:20,-68
BLE,1703392889581219741,D3:F4:55:AB:96:20,-56
BLE,1703392889770187263,D3:F4:55:AB:96:20,-66
BLE,1703392889790906486,DF:A6:DC:DC:2E:81,-85
BLE,1703392889790951694,DF:DF:EE:00:00:01,-85
BLE,1703392890096827889,DF:DF:EE:00:00:04,-54
BLE,1703392890098446370,DF:DF:EE:00:00:04,-62
BLE,1703392890166238309,D3:F4:55:AB:96:20,-70
BLE,1703392890355372371,D3:F4:55:AB:96:20,-52
BLE,1703392890559076100,DF:DF:EE:00:00:04,-65
BLE,1703392890740098754,D3:F4:55:AB:96:20,-66
BLE,1703392890931649205,D3:F4:55:AB:96:20,-57
BLE,1703392891508568865,D3:F4:55:AB:96:20,-71
BLE,1703392892082246770,D3:F4:55:AB:96:20,-57
BLE,1703392892096027405,DF:DF:EE:00:00:04,-54
BLE,1703392892276351358,D3:F4:55:AB:96:20,-56
BLE,1703392892806447300,DF:A6:DC:DC:2E:81,-58
BLE,1703392892806495716,DF:DF:EE:00:00:01,-58
BLE,1703392892858912746,D3:F4:55:AB:96:20,-56
BLE,1703392893635251434,D3:F4:55:AB:96:20,-68
BLE,1703392893823404840,D3:F4:55:AB:96:20,-53
BLE,1703392894103602993,DF:DF:EE:00:00:04,-50
BLE,1703392894599592530,D3:F4:55:AB:96:20,-57
BLE,1703392895101289628,DF:DF:EE:00:00:04,-46
BLE,1703392895371515394,D3:F4:55:AB:96:20,-53
BLE,1703392895560747163,D3:F4:55:AB:96:20,-62
BLE,1703392895755954530,D3:F4:55:AB:96:20,-52
BLE,1703392896095173513,DF:DF:EE:00:00:04,-34
BLE,1703392896143527006,D3:F4:55:AB:96:20,-56
BLE,1703392896339601072,D3:F4:55:AB:96:20,-52
BLE,1703392896534277946,D3:F4:55:AB:96:20,-71
BLE,1703392896911572538,D3:F4:55:AB:96:20,-57
BLE,1703392897098670623,DF:DF:EE:00:00:04,-55
BLE,1703392897676672146,D3:F4:55:AB:96:20,-57
BLE,1703392897825330667,DF:A6:DC:DC:2E:81,-58
BLE,1703392897825388833,DF:DF:EE:00:00:01,-58
BLE,1703392898102416230,DF:DF:EE:00:00:04,-53
BLE,1703392898563901951,DF:DF:EE:00:00:04,-67
BLE,1703392899019729402,D3:F4:55:AB:96:20,-66
BLE,1703392899094308430,DF:DF:EE:00:00:04,-53
BLE,1703392899407866288,D3:F4:55:AB:96:20,-71
BLE,1703392900096803843,DF:DF:EE:00:00:04,-51
BLE,1703392900181219427,D3:F4:55:AB:96:20,-72
BLE,1703392900376559293,D3:F4:55:AB:96:20,-71
BLE,1703392900753947843,D3:F4:55:AB:96:20,-67
BLE,1703392900831902625,DF:A6:DC:DC:2E:81,-83
BLE,1703392900831940582,DF:DF:EE:00:00:01,-83
BLE,1703392901143949791,D3:F4:55:AB:96:20,-56
BLE,1703392901537542199,D3:F4:55:AB:96:20,-52
BLE,1703392901560372939,DF:DF:EE:00:00:04,-35
BLE,1703392901923894938,D3:F4:55:AB:96:20,-53
BLE,1703392902116604543,D3:F4:55:AB:96:20,-56
BLE,1703392902307467418,D3:F4:55:AB:96:20,-66
BLE,1703392902558188322,DF:DF:EE:00:00:04,-53
BLE,1703392902686833487,D3:F4:55:AB:96:20,-52
BLE,1703392903071105250,D3:F4:55:AB:96:20,-53
BLE,1703392903555782374,DF:DF:EE:00:00:04,-40
BLE,1703392903840876138,D3:F4:55:AB:96:20,-56
BLE,1703392904101503263,DF:DF:EE:00:00:04,-45
BLE,1703392904555087323,DF:DF:EE:00:00:04,-50
BLE,1703392904794953934,D3:F4:55:AB:96:20,-57
BLE,1703392904851723623,DF:A6:DC:DC:2E:81,-74
BLE,1703392904851740123,DF:DF:EE:00:00:01,-74
BLE,1703392904984646073,D3:F4:55:AB:96:20,-52
BLE,1703392905096319347,DF:DF:EE:00:00:04,-34
BLE,1703392905370678566,D3:F4:55:AB:96:20,-56
BLE,1703392905751303121,D3:F4:55:AB:96:20,-71
BLE,1703392906100066704,DF:DF:EE:00:00:04,-63
BLE,1703392906132618001,D3:F4:55:AB:96:20,-66
BLE,1703392906134127776,D3:F4:55:AB:96:20,-71
BLE,1703392906517091970,D3:F4:55:AB:96:20,-71
BLE,1703392906562933408,DF:DF:EE:00:00:04,-53
BLE,1703392906904593822,D3:F4:55:AB:96:20,-57
BLE,1703392906906114472,D3:F4:55:AB:96:20,-68
BLE,1703392907094258044,DF:DF:EE:00:00:04,-45
BLE,1703392907098744868,D3:F4:55:AB:96:20,-62
BLE,1703392907293277869,D3:F4:55:AB:96:20,-57
BLE,1703392907679421319,D3:F4:55:AB:96:20,-52
BLE,1703392907870006114,DF:A6:DC:DC:2E:81,-72
BLE,1703392907870024447,DF:DF:EE:00:00:01,-72
BLE,1703392907872348879,D3:F4:55:AB:96:20,-71
BLE,1703392908092827960,DF:DF:EE:00:00:04,-53
BLE,1703392908251131038,D3:F4:55:AB:96:20,-72
BLE,1703392908557168981,DF:DF:EE:00:00:04,-51
BLE,1703392908633361158,D3:F4:55:AB:96:20,-73
BLE,1703392908826872129,D3:F4:55:AB:96:20,-52
BLE,1703392909405652851,D3:F4:55:AB:96:20,-56
BLE,1703392909876845128,DF:A6:DC:DC:2E:81,-61
BLE,1703392909876888460,DF:DF:EE:00:00:01,-61
BLE,1703392910177482590,D3:F4:55:AB:96:20,-67
BLE,1703392910562192349,D3:F4:55:AB:96:20,-52
BLE,1703392910756768598,D3:F4:55:AB:96:20,-73
BLE,1703392911333765508,D3:F4:55:AB:96:20,-62
BLE,1703392911564425223,DF:DF:EE:00:00:04,-51
BLE,1703392911889389284,DF:A6:DC:DC:2E:81,-72
BLE,1703392911889428742,DF:DF:EE:00:00:01,-72
BLE,1703392912091206869,D3:F4:55:AB:96:20,-52
BLE,1703392912557758448,DF:DF:EE:00:00:04,-52
BLE,1703392912865715494,D3:F4:55:AB:96:20,-56
BLE,1703392913095086183,DF:DF:EE:00:00:04,-40
BLE,1703392913555459957,DF:DF:EE:00:00:04,-45
BLE,1703392914020522262,D3:F4:55:AB:96:20,-71
BLE,1703392914586728252,D3:F4:55:AB:96:20,-67
BLE,1703392914784028679,D3:F4:55:AB:96:20,-72
BLE,1703392914976790866,D3:F4:55:AB:96:20,-57
BLE,1703392915098229030,DF:DF:EE:00:00:04,-56
BLE,1703392915356311434,D3:F4:55:AB:96:20,-52
BLE,1703392915921294812,DF:A6:DC:DC:2E:81,-57
BLE,1703392915921334562,DF:DF:EE:00:00:01,-57
BLE,1703392916101703681,DF:DF:EE:00:00:04,-50
BLE,1703392916555132785,DF:DF:EE:00:00:04,-52
BLE,1703392916711141097,D3:F4:55:AB:96:20,-72
BLE,1703392917094518204,DF:DF:EE:00:00:04,-53
BLE,1703392917287282433,D3:F4:55:AB:96:20,-53
BLE,1703392917559265637,DF:DF:EE:00:00:04,-35
BLE,1703392917670075713,D3:F4:55:AB:96:20,-52
BLE,1703392917864017220,D3:F4:55:AB:96:20,-67
BLE,1703392918094673019,DF:DF:EE:00:00:04,-55
BLE,1703392918438373909,D3:F4:55:AB:96:20,-53
BLE,1703392918557947344,DF:DF:EE:00:00:04,-52
BLE,1703392918933936034,DF:A6:DC:DC:2E:81,-72
BLE,1703392918933981534,DF:DF:EE:00:00:01,-72
BLE,1703392919784391923,D3:F4:55:AB:96:20,-66
BLE,1703392920557338900,DF:DF:EE:00:00:04,-53
BLE,1703392921324197446,D3:F4:55:AB:96:20,-57
BLE,1703392921946124678,DF:A6:DC:DC:2E:81,-74
BLE,1703392921946192011,DF:DF:EE:00:00:01,-74
BLE,1703392922097086965,D3:F4:55:AB:96:20,-72
BLE,1703392922679432063,D3:F4:55:AB:96:20,-74
BLE,1703392923452160043,D3:F4:55:AB:96:20,-67
BLE,1703392923954703297,DF:A6:DC:DC:2E:81,-73
BLE,1703392923954755421,DF:DF:EE:00:00:01,-73
BLE,1703392924096680644,DF:DF:EE:00:00:04,-68
BLE,1703392924406011133,D3:F4:55:AB:96:20,-72
BLE,1703392925366084235,D3:F4:55:AB:96:20,-67
BLE,1703392925956802406,D3:F4:55:AB:96:20,-57
BLE,1703392925967858572,DF:A6:DC:DC:2E:81,-77
BLE,1703392925967901280,DF:DF:EE:00:00:01,-77
BLE,1703392926099203248,DF:DF:EE:00:00:04,-40
BLE,1703392926537383982,D3:F4:55:AB:96:20,-53
BLE,1703392926559814686,DF:DF:EE:00:00:04,-66
BLE,1703392926973439700,DF:A6:DC:DC:2E:81,-72
BLE,1703392926973497199,DF:DF:EE:00:00:01,-72
BLE,1703392927501687454,D3:F4:55:AB:96:20,-67
BLE,1703392927888015236,D3:F4:55:AB:96:20,-68
BLE,1703392927981678214,DF:A6:DC:DC:2E:81,-72
BLE,1703392927981714630,DF:DF:EE:00:00:01,-72
BLE,1703392928092896993,DF:DF:EE:00:00:04,-36
BLE,1703392928271650631,D3:F4:55:AB:96:20,-67
BLE,1703392928467909279,D3:F4:55:AB:96:20,-56
BLE,1703392928557141516,DF:DF:EE:00:00:04,-56
BLE,1703392928662235115,D3:F4:55:AB:96:20,-56
BLE,1703392928987790003,DF:A6:DC:DC:2E:81,-59
BLE,1703392928987861752,DF:DF:EE:00:00:01,-59
BLE,1703392929100972260,DF:DF:EE:00:00:04,-35
BLE,1703392929237445544,D3:F4:55:AB:96:20,-52
BLE,1703392930203007834,D3:F4:55:AB:96:20,-52
BLE,1703392930554430387,DF:DF:EE:00:00:04,-40
BLE,1703392930584171591,D3:F4:55:AB:96:20,-53
BLE,1703392930781251646,D3:F4:55:AB:96:20,-72
BLE,1703392931096339111,DF:DF:EE:00:00:04,-53
BLE,1703392931554564494,DF:DF:EE:00:00:04,-50
BLE,1703392931739383646,D3:F4:55:AB:96:20,-56
BLE,1703392931932313873,D3:F4:55:AB:96:20,-72
BLE,1703392932095954057,DF:DF:EE:00:00:04,-45
BLE,1703392932313000552,D3:F4:55:AB:96:20,-72
BLE,1703392933015943198,DF:A6:DC:DC:2E:81,-71
BLE,1703392933015982698,DF:DF:EE:00:00:01,-71
BLE,1703392933082042615,D3:F4:55:AB:96:20,-62
BLE,1703392933466823581,D3:F4:55:AB:96:20,-62
BLE,1703392934097111385,DF:DF:EE:00:00:04,-45
BLE,1703392934440627153,D3:F4:55:AB:96:20,-56
BLE,1703392934563388634,DF:DF:EE:00:00:04,-55
BLE,1703392935102801887,DF:DF:EE:00:00:04,-73
BLE,1703392935201009814,D3:F4:55:AB:96:20,-52
BLE,1703392935396950715,D3:F4:55:AB:96:20,-73
BLE,1703392935970585370,D3:F4:55:AB:96:20,-57
BLE,1703392936159694432,D3:F4:55:AB:96:20,-72
BLE,1703392936346356688,D3:F4:55:AB:96:20,-52
BLE,1703392936558382782,DF:DF:EE:00:00:04,-65
BLE,1703392936728367186,D3:F4:55:AB:96:20,-52
BLE,1703392937320018970,D3:F4:55:AB:96:20,-56
BLE,1703392937555509172,DF:DF:EE:00:00:04,-40
BLE,1703392938279381206,D3:F4:55:AB:96:20,-66
BLE,1703392938665892944,D3:F4:55:AB:96:20,-53
BLE,1703392939091908650,DF:DF:EE:00:00:04,-51
BLE,1703392939442481088,D3:F4:55:AB:96:20,-82
BLE,1703392939555050977,DF:DF:EE:00:00:04,-56
BLE,1703392939633395254,D3:F4:55:AB:96:20,-52
BLE,1703392940058066226,DF:A6:DC:DC:2E:81,-59
BLE,1703392940058105684,DF:DF:EE:00:00:01,-59
BLE,1703392940214914070,D3:F4:55:AB:96:20,-66
BLE,1703392940553239647,DF:DF:EE:00:00:04,-34
BLE,1703392940601959969,D3:F4:55:AB:96:20,-66
BLE,1703392940981730284,D3:F4:55:AB:96:20,-67
BLE,1703392941062096330,DF:A6:DC:DC:2E:81,-76
BLE,1703392941062119746,DF:DF:EE:00:00:01,-76
BLE,1703392941094497295,DF:DF:EE:00:00:04,-36
BLE,1703392941366742122,D3:F4:55:AB:96:20,-53
BLE,1703392941749894981,D3:F4:55:AB:96:20,-66
BLE,1703392941941447390,D3:F4:55:AB:96:20,-57
BLE,1703392942098315193,DF:DF:EE:00:00:04,-66
BLE,1703392942517013941,D3:F4:55:AB:96:20,-71
BLE,1703392943664763163,D3:F4:55:AB:96:20,-57
BLE,1703392944052384222,D3:F4:55:AB:96:20,-56
BLE,1703392944072030124,DF:A6:DC:DC:2E:81,-72
BLE,1703392944072045332,DF:DF:EE:00:00:01,-72
BLE,1703392944100190596,DF:DF:EE:00:00:04,-40
BLE,1703392944244653165,D3:F4:55:AB:96:20,-69
BLE,1703392944625867588,D3:F4:55:AB:96:20,-67
BLE,1703392945201845467,D3:F4:55:AB:96:20,-73
BLE,1703392945779705075,D3:F4:55:AB:96:20,-71
BLE,1703392946083190297,DF:A6:DC:DC:2E:81,-75
BLE,1703392946083231296,DF:DF:EE:00:00:01,-75
BLE,1703392946165076409,D3:F4:55:AB:96:20,-72
BLE,1703392946924282166,D3:F4:55:AB:96:20,-67
BLE,1703392947305318717,D3:F4:55:AB:96:20,-67
BLE,1703392947555004633,DF:DF:EE:00:00:04,-52
BLE,1703392948094688090,DF:DF:EE:00:00:04,-51
BLE,1703392948552126565,DF:DF:EE:00:00:04,-53
BLE,1703392949097493500,DF:A6:DC:DC:2E:81,-61
BLE,1703392949097556374,DF:DF:EE:00:00:01,-61
BLE,1703392949239161392,D3:F4:55:AB:96:20,-67
BLE,1703392949554613603,DF:DF:EE:00:00:04,-50
BLE,1703392949622846703,D3:F4:55:AB:96:20,-66
BLE,1703392949819883842,D3:F4:55:AB:96:20,-73
BLE,1703392950208291183,D3:F4:55:AB:96:20,-67
BLE,1703392950792877840,D3:F4:55:AB:96:20,-68
BLE,1703392951101215673,DF:DF:EE:00:00:04,-56
BLE,1703392951106766777,DF:A6:DC:DC:2E:81,-73
BLE,1703392951106796568,DF:DF:EE:00:00:01,-73
BLE,1703392951560714750,D3:F4:55:AB:96:20,-67
BLE,1703392951562125442,D3:F4:55:AB:96:20,-71
BLE,1703392951945527090,D3:F4:55:AB:96:20,-56
BLE,1703392952094789979,DF:DF:EE:00:00:04,-46
BLE,1703392953107135697,D3:F4:55:AB:96:20,-52
BLE,1703392953121785906,DF:A6:DC:DC:2E:81,-81
BLE,1703392953121867697,DF:DF:EE:00:00:01,-81
BLE,1703392954075551664,D3:F4:55:AB:96:20,-52
BLE,1703392954092066518,DF:DF:EE:00:00:04,-73
BLE,1703392954120067283,DF:A6:DC:DC:2E:81,-59
BLE,1703392954120094991,DF:DF:EE:00:00:01,-59
BLE,1703392954269879249,D3:F4:55:AB:96:20,-56
BLE,1703392954463241721,D3:F4:55:AB:96:20,-68
BLE,1703392954841942506,D3:F4:55:AB:96:20,-66
BLE,1703392955128737001,DF:A6:DC:DC:2E:81,-76
BLE,1703392955128775834,DF:DF:EE:00:00:01,-76
BLE,1703392955222648227,D3:F4:55:AB:96:20,-66
BLE,1703392955413745849,D3:F4:55:AB:96:20,-56
BLE,1703392955606456120,D3:F4:55:AB:96:20,-66
BLE,1703392956131116874,DF:A6:DC:DC:2E:81,-57
BLE,1703392956131155457,DF:DF:EE:00:00:01,-57
BLE,1703392956183565487,D3:F4:55:AB:96:20,-73
BLE,1703392956552391925,DF:DF:EE:00:00:04,-36
BLE,1703392956572724153,D3:F4:55:AB:96:20,-67
BLE,1703392956954917690,D3:F4:55:AB:96:20,-68
BLE,1703392957100719785,DF:DF:EE:00:00:04,-53
BLE,1703392957137455660,DF:A6:DC:DC:2E:81,-58
BLE,1703392957137469493,DF:DF:EE:00:00:01,-58
BLE,1703392957153466895,D3:F4:55:AB:96:20,-68
BLE,1703392957533033336,D3:F4:55:AB:96:20,-62
BLE,1703392957725891356,D3:F4:55:AB:96:20,-67
BLE,1703392958143360242,DF:A6:DC:DC:2E:81,-77
BLE,1703392958143402617,DF:DF:EE:00:00:01,-77
BLE,1703392958304833701,D3:F4:55:AB:96:20,-67
BLE,1703392958502687914,D3:F4:55:AB:96:20,-70
BLE,1703392958691953432,D3:F4:55:AB:96:20,-68
BLE,1703392959074468632,D3:F4:55:AB:96:20,-52
BLE,1703392959150329355,DF:A6:DC:DC:2E:81,-57
BLE,1703392959150361771,DF:DF:EE:00:00:01,-57
BLE,1703392959267736480,D3:F4:55:AB:96:20,-57
BLE,1703392959562079389,DF:DF:EE:00:00:04,-51
BLE,1703392959837653303,D3:F4:55:AB:96:20,-52
BLE,1703392960218867393,D3:F4:55:AB:96:20,-52
BLE,1703392960413339560,D3:F4:55:AB:96:20,-57
BLE,1703392960559568651,DF:DF:EE:00:00:04,-34
BLE,1703392960608910424,D3:F4:55:AB:96:20,-71
BLE,1703392961098585991,DF:DF:EE:00:00:04,-36
BLE,1703392961187113445,D3:F4:55:AB:96:20,-52
BLE,1703392961553299122,DF:DF:EE:00:00:04,-54
BLE,1703392961572763859,D3:F4:55:AB:96:20,-67
BLE,1703392961950416614,D3:F4:55:AB:96:20,-66
BLE,1703392962557365308,DF:DF:EE:00:00:04,-35
BLE,1703392962912131532,D3:F4:55:AB:96:20,-72
BLE,1703392963175412627,DF:A6:DC:DC:2E:81,-57
BLE,1703392963175450543,DF:DF:EE:00:00:01,-57
BLE,1703392963559651640,DF:DF:EE:00:00:04,-54
BLE,1703392964072513486,D3:F4:55:AB:96:20,-56
BLE,1703392964457111620,D3:F4:55:AB:96:20,-56
BLE,1703392964840165273,D3:F4:55:AB:96:20,-57
BLE,1703392965097609101,DF:DF:EE:00:00:04,-72
BLE,1703392965177651442,DF:A6:DC:DC:2E:81,-72
BLE,1703392965177698150,DF:DF:EE:00:00:01,-72
BLE,1703392965227410169,D3:F4:55:AB:96:20,-57
BLE,1703392965608002849,D3:F4:55:AB:96:20,-56
BLE,1703392965798391855,D3:F4:55:AB:96:20,-67
BLE,1703392966180829181,DF:A6:DC:DC:2E:81,-72
BLE,1703392966180877763,DF:DF:EE:00:00:01,-72
BLE,1703392966557773444,DF:DF:EE:00:00:04,-39
BLE,1703392966759377822,D3:F4:55:AB:96:20,-72
BLE,1703392967188881697,DF:A6:DC:DC:2E:81,-76
BLE,1703392967188920822,DF:DF:EE:00:00:01,-76
BLE,1703392967534481983,D3:F4:55:AB:96:20,-53
BLE,1703392967560562520,DF:DF:EE:00:00:04,-54
BLE,1703392967918307918,D3:F4:55:AB:96:20,-66
BLE,1703392968092500316,DF:DF:EE:00:00:04,-59
BLE,1703392968197451249,DF:A6:DC:DC:2E:81,-72
BLE,1703392968197488249,DF:DF:EE:00:00:01,-72
BLE,1703392968299631381,D3:F4:55:AB:96:20,-66
BLE,1703392969077605759,D3:F4:55:AB:96:20,-72
BLE,1703392969099066224,DF:DF:EE:00:00:04,-73
BLE,1703392969205265185,DF:A6:DC:DC:2E:81,-63
BLE,1703392969205287602,DF:DF:EE:00:00:01,-63
BLE,1703392969267104067,D3:F4:55:AB:96:20,-67
BLE,1703392969553447317,DF:DF:EE:00:00:04,-40
BLE,1703392969663816897,D3:F4:55:AB:96:20,-72
BLE,1703392970054087968,D3:F4:55:AB:96:20,-52
BLE,1703392970637454971,D3:F4:55:AB:96:20,-62
BLE,1703392971212666734,D3:F4:55:AB:96:20,-74
BLE,1703392971216540398,DF:A6:DC:DC:2E:81,-76
BLE,1703392971216553856,DF:DF:EE:00:00:01,-76
BLE,1703392971402412080,D3:F4:55:AB:96:20,-52
BLE,1703392971978378043,D3:F4:55:AB:96:20,-72
BLE,1703392972221657031,DF:A6:DC:DC:2E:81,-57
BLE,1703392972221697948,DF:DF:EE:00:00:01,-57
BLE,1703392972354660272,D3:F4:55:AB:96:20,-57
BLE,1703392972737933922,D3:F4:55:AB:96:20,-71
BLE,1703392973089466723,DF:DF:EE:00:00:04,-36
BLE,1703392973230307333,DF:A6:DC:DC:2E:81,-57
BLE,1703392973230326374,DF:DF:EE:00:00:01,-57
BLE,1703392973515386556,D3:F4:55:AB:96:20,-53
BLE,1703392974281980104,D3:F4:55:AB:96:20,-52
BLE,1703392974557486311,DF:DF:EE:00:00:04,-59
BLE,1703392974665273004,D3:F4:55:AB:96:20,-68
BLE,1703392975050501715,D3:F4:55:AB:96:20,-67
BLE,1703392975233949841,DF:A6:DC:DC:2E:81,-57
BLE,1703392975233973091,DF:DF:EE:00:00:01,-57
BLE,1703392975437920692,D3:F4:55:AB:96:20,-71
BLE,1703392975559226982,DF:DF:EE:00:00:04,-68
BLE,1703392976400327435,D3:F4:55:AB:96:20,-66
BLE,1703392976553942442,DF:DF:EE:00:00:04,-52
BLE,1703392976591986677,D3:F4:55:AB:96:20,-57
BLE,1703392976978297083,D3:F4:55:AB:96:20,-57
BLE,1703392977168322052,D3:F4:55:AB:96:20,-57
BLE,1703392977550755961,DF:DF:EE:00:00:04,-37
BLE,1703392977740355975,D3:F4:55:AB:96:20,-73
BLE,1703392978121947478,D3:F4:55:AB:96:20,-67
BLE,1703392978250400311,DF:A6:DC:DC:2E:81,-72
BLE,1703392978250435186,DF:DF:EE:00:00:01,-72
BLE,1703392978311462827,D3:F4:55:AB:96:20,-67
BLE,1703392978557267495,DF:DF:EE:00:00:04,-35
BLE,1703392978694936516,D3:F4:55:AB:96:20,-66
BLE,1703392978886647506,D3:F4:55:AB:96:20,-57
BLE,1703392979073020683,D3:F4:55:AB:96:20,-67
BLE,1703392979252741893,DF:A6:DC:DC:2E:81,-68
BLE,1703392979252780351,DF:DF:EE:00:00:01,-68
BLE,1703392979556322364,DF:DF:EE:00:00:04,-52
BLE,1703392979646444799,D3:F4:55:AB:96:20,-71
BLE,1703392980023216397,D3:F4:55:AB:96:20,-53
BLE,1703392980100463396,DF:DF:EE:00:00:04,-63
BLE,1703392980219876082,D3:F4:55:AB:96:20,-66
BLE,1703392980416585391,D3:F4:55:AB:96:20,-56
BLE,1703392980554335619,DF:DF:EE:00:00:04,-55
BLE,1703392981270291493,DF:A6:DC:DC:2E:81,-75
BLE,1703392981270341617,DF:DF:EE:00:00:01,-75
BLE,1703392981380024831,D3:F4:55:AB:96:20,-56
BLE,1703392981554030939,DF:DF:EE:00:00:04,-45
BLE,1703392982091534046,DF:DF:EE:00:00:04,-35
BLE,1703392982336501599,D3:F4:55:AB:96:20,-53
BLE,1703392982552416648,DF:DF:EE:00:00:04,-66
BLE,1703392983097678959,DF:DF:EE:00:00:04,-66
BLE,1703392983283027897,DF:A6:DC:DC:2E:81,-72
BLE,1703392983283053689,DF:DF:EE:00:00:01,-72
BLE,1703392983292913785,D3:F4:55:AB:96:20,-56
BLE,1703392984095907796,DF:DF:EE:00:00:04,-51
BLE,1703392984257516295,D3:F4:55:AB:96:20,-73
BLE,1703392984285591143,DF:A6:DC:DC:2E:81,-61
BLE,1703392984285614226,DF:DF:EE:00:00:01,-61
BLE,1703392985287452646,DF:A6:DC:DC:2E:81,-72
BLE,1703392985287497187,DF:DF:EE:00:00:01,-72
BLE,1703392985418086914,D3:F4:55:AB:96:20,-68
BLE,1703392985555747018,DF:DF:EE:00:00:04,-51
BLE,1703392986094729650,DF:DF:EE:00:00:04,-50
BLE,1703392986194047314,D3:F4:55:AB:96:20,-57
BLE,1703392986388138570,D3:F4:55:AB:96:20,-52
BLE,1703392986580413596,D3:F4:55:AB:96:20,-57
BLE,1703392987544803441,D3:F4:55:AB:96:20,-71
BLE,1703392987927216267,D3:F4:55:AB:96:20,-72
BLE,1703392988092243477,DF:DF:EE:00:00:04,-56
BLE,1703392988308272192,DF:A6:DC:DC:2E:81,-72
BLE,1703392988308323900,DF:DF:EE:00:00:01,-72
BLE,1703392988313929336,D3:F4:55:AB:96:20,-72
BLE,1703392990095415824,DF:DF:EE:00:00:04,-72
BLE,1703392990319171034,DF:A6:DC:DC:2E:81,-83
BLE,1703392990319251867,DF:DF:EE:00:00:01,-83
BLE,1703392990555667683,DF:DF:EE:00:00:04,-66
BLE,1703392990638413952,D3:F4:55:AB:96:20,-53
BLE,1703392991030957622,D3:F4:55:AB:96:20,-56
BLE,1703392991093365247,DF:DF:EE:00:00:04,-66
BLE,1703392991557214565,DF:DF:EE:00:00:04,-72
BLE,1703392991983986471,D3:F4:55:AB:96:20,-56
BLE,1703392992094172429,DF:DF:EE:00:00:04,-72
BLE,1703392992372401521,D3:F4:55:AB:96:20,-67
BLE,1703392992552975346,DF:DF:EE:00:00:04,-65
BLE,1703392992769031519,D3:F4:55:AB:96:20,-57
BLE,1703392992964048764,D3:F4:55:AB:96:20,-73
BLE,1703392993321443666,DF:A6:DC:DC:2E:81,-59
BLE,1703392993321492082,DF:DF:EE:00:00:01,-59
BLE,1703392993551708760,D3:F4:55:AB:96:20,-72
BLE,1703392994127668473,D3:F4:55:AB:96:20,-66
BLE,1703392994327844493,DF:A6:DC:DC:2E:81,-72
BLE,1703392994327886451,DF:DF:EE:00:00:01,-72
BLE,1703392995096939138,DF:DF:EE:00:00:04,-66
BLE,1703392995473408990,D3:F4:55:AB:96:20,-68
BLE,1703392995559293599,DF:DF:EE:00:00:04,-73
BLE,1703392996048178175,D3:F4:55:AB:96:20,-57
BLE,1703392996093075582,DF:DF:EE:00:00:04,-37
BLE,1703392996428258735,D3:F4:55:AB:96:20,-71
BLE,1703392996622831819,D3:F4:55:AB:96:20,-67
BLE,1703392997096930937,DF:DF:EE:00:00:04,-50
BLE,1703392997390830685,D3:F4:55:AB:96:20,-52
BLE,1703392997549694632,DF:DF:EE:00:00:04,-65
BLE,1703392997588381859,D3:F4:55:AB:96:20,-57
BLE,1703392997785520663,D3:F4:55:AB:96:20,-67
BLE,1703392997974108731,D3:F4:55:AB:96:20,-66
BLE,1703392998172000735,D3:F4:55:AB:96:20,-83
BLE,1703392998340620904,DF:A6:DC:DC:2E:81,-62
BLE,1703392998340685904,DF:DF:EE:00:00:01,-62
BLE,1703392998748892645,D3:F4:55:AB:96:20,-57
BLE,1703392999092622286,DF:DF:EE:00:00:04,-55
BLE,1703392999346993565,DF:A6:DC:DC:2E:81,-73
BLE,1703392999347035273,DF:DF:EE:00:00:01,-73
BLE,1703392999555201618,DF:DF:EE:00:00:04,-50
BLE,1703392999912746644,D3:F4:55:AB:96:20,-66
BLE,1703393000098175455,DF:DF:EE:00:00:04,-54
BLE,1703393000103526478,D3:F4:55:AB:96:20,-56
BLE,1703393000290841685,D3:F4:55:AB:96:20,-67
BLE,1703393000675052366,D3:F4:55:AB:96:20,-66
BLE,1703393001065545475,D3:F4:55:AB:96:20,-56
BLE,1703393001443688058,D3:F4:55:AB:96:20,-53
BLE,1703393002023342896,D3:F4:55:AB:96:20,-67
BLE,1703393002090162054,DF:DF:EE:00:00:04,-51
BLE,1703393002358863754,DF:A6:DC:DC:2E:81,-71
BLE,1703393002358910920,DF:DF:EE:00:00:01,-71
BLE,1703393002555838060,DF:DF:EE:00:00:04,-39
BLE,1703393002793085784,D3:F4:55:AB:96:20,-52
BLE,1703393002986821043,D3:F4:55:AB:96:20,-57
BLE,1703393003180189098,D3:F4:55:AB:96:20,-72
BLE,1703393003373110825,D3:F4:55:AB:96:20,-65
BLE,1703393003558248099,DF:DF:EE:00:00:04,-36
BLE,1703393003564948898,D3:F4:55:AB:96:20,-57
BLE,1703393003759539273,D3:F4:55:AB:96:20,-66
BLE,1703393004343122024,D3:F4:55:AB:96:20,-52
BLE,1703393004365680018,DF:A6:DC:DC:2E:81,-72
BLE,1703393004365697851,DF:DF:EE:00:00:01,-72
BLE,1703393004557869836,DF:DF:EE:00:00:04,-76
BLE,1703393005093297884,DF:DF:EE:00:00:04,-48
BLE,1703393005115827253,D3:F4:55:AB:96:20,-71
BLE,1703393005506635984,D3:F4:55:AB:96:20,-73
BLE,1703393006092031798,DF:DF:EE:00:00:04,-73
BLE,1703393006471725072,D3:F4:55:AB:96:20,-72
BLE,1703393006560796144,DF:DF:EE:00:00:04,-55
BLE,1703393007554769279,DF:DF:EE:00:00:04,-73
BLE,1703393008553471610,DF:DF:EE:00:00:04,-37
BLE,1703393008753351549,D3:F4:55:AB:96:20,-67
BLE,1703393009555642776,DF:DF:EE:00:00:04,-72
BLE,1703393010089621507,D3:F4:55:AB:96:20,-71
BLE,1703393010090689120,DF:DF:EE:00:00:04,-53
BLE,1703393010389596061,DF:A6:DC:DC:2E:81,-77
BLE,1703393010389657518,DF:DF:EE:00:00:01,-77
BLE,1703393010858090118,D3:F4:55:AB:96:20,-67
BLE,1703393011391704478,DF:A6:DC:DC:2E:81,-47
BLE,1703393011391766936,DF:DF:EE:00:00:01,-47
BLE,1703393011555747116,DF:DF:EE:00:00:04,-56
BLE,1703393012089504141,DF:DF:EE:00:00:04,-53
BLE,1703393012399949409,DF:A6:DC:DC:2E:81,-73
BLE,1703393012399999408,DF:DF:EE:00:00:01,-73
BLE,1703393012555446936,DF:DF:EE:00:00:04,-50
BLE,1703393012780375216,D3:F4:55:AB:96:20,-63
BLE,1703393012972994113,D3:F4:55:AB:96:20,-57
BLE,1703393013094729356,DF:DF:EE:00:00:04,-51
BLE,1703393013160971521,D3:F4:55:AB:96:20,-52
BLE,1703393013546482062,D3:F4:55:AB:96:20,-66
BLE,1703393013560045075,DF:DF:EE:00:00:04,-40
BLE,1703393013925702174,D3:F4:55:AB:96:20,-63
BLE,1703393014092076244,DF:DF:EE:00:00:04,-54
BLE,1703393014116205054,D3:F4:55:AB:96:20,-73
BLE,1703393014504600937,D3:F4:55:AB:96:20,-57
BLE,1703393014552967930,DF:DF:EE:00:00:04,-55
BLE,1703393015089510298,D3:F4:55:AB:96:20,-57
BLE,1703393015097036004,DF:DF:EE:00:00:04,-35
BLE,1703393015283532638,D3:F4:55:AB:96:20,-56
BLE,1703393015413743993,DF:A6:DC:DC:2E:81,-74
BLE,1703393015413768451,DF:DF:EE:00:00:01,-74
BLE,1703393015474487095,D3:F4:55:AB:96:20,-72
BLE,1703393015553400324,DF:DF:EE:00:00:04,-52
BLE,1703393015662278630,D3:F4:55:AB:96:20,-66
BLE,1703393016093522652,DF:DF:EE:00:00:04,-53
BLE,1703393016427527778,D3:F4:55:AB:96:20,-52
BLE,1703393016555329702,DF:DF:EE:00:00:04,-55
BLE,1703393016618233822,D3:F4:55:AB:96:20,-72
BLE,1703393017425441868,DF:A6:DC:DC:2E:81,-72
BLE,1703393017425481909,DF:DF:EE:00:00:01,-72
BLE,1703393017549470335,DF:DF:EE:00:00:04,-35
BLE,1703393017963021558,D3:F4:55:AB:96:20,-71
BLE,1703393018091160437,DF:DF:EE:00:00:04,-35
BLE,1703393018346058877,D3:F4:55:AB:96:20,-73
BLE,1703393018433349428,DF:A6:DC:DC:2E:81,-57
BLE,1703393018433383635,DF:DF:EE:00:00:01,-57
BLE,1703393018729360443,D3:F4:55:AB:96:20,-71
BLE,1703393019090959213,DF:DF:EE:00:00:04,-52
BLE,1703393019104690849,D3:F4:55:AB:96:20,-52
BLE,1703393019485938230,D3:F4:55:AB:96:20,-67
BLE,1703393020069686063,D3:F4:55:AB:96:20,-67
BLE,1703393020095289356,DF:DF:EE:00:00:04,-50
BLE,1703393020454063700,D3:F4:55:AB:96:20,-63
BLE,1703393020840570271,D3:F4:55:AB:96:20,-56
BLE,1703393021223696006,D3:F4:55:AB:96:20,-73
BLE,1703393021439362391,DF:A6:DC:DC:2E:81,-76
BLE,1703393021439409516,DF:DF:EE:00:00:01,-76
BLE,1703393021554853622,DF:DF:EE:00:00:04,-36
BLE,1703393021601092347,D3:F4:55:AB:96:20,-67
BLE,1703393022550981816,DF:DF:EE:00:00:04,-53
BLE,1703393022568720823,D3:F4:55:AB:96:20,-53
BLE,1703393022758589126,D3:F4:55:AB:96:20,-57
BLE,1703393023098797098,DF:DF:EE:00:00:04,-56
BLE,1703393024482294311,D3:F4:55:AB:96:20,-65
BLE,1703393024675598367,D3:F4:55:AB:96:20,-72
BLE,1703393025093629289,DF:DF:EE:00:00:04,-54
BLE,1703393025834201633,D3:F4:55:AB:96:20,-52
BLE,1703393026030851818,D3:F4:55:AB:96:20,-69
BLE,1703393026095508667,DF:DF:EE:00:00:04,-67
BLE,1703393026220181961,D3:F4:55:AB:96:20,-71
BLE,1703393026410638924,D3:F4:55:AB:96:20,-71
BLE,1703393026448540785,DF:A6:DC:DC:2E:81,-73
BLE,1703393026448579910,DF:DF:EE:00:00:01,-73
BLE,1703393026598863787,D3:F4:55:AB:96:20,-63
BLE,1703393026788537301,D3:F4:55:AB:96:20,-67
BLE,1703393026978037192,D3:F4:55:AB:96:20,-63
BLE,1703393027088961683,DF:DF:EE:00:00:04,-35
BLE,1703393027450159792,DF:A6:DC:DC:2E:81,-72
BLE,1703393027450211291,DF:DF:EE:00:00:01,-72
BLE,1703393027548552341,D3:F4:55:AB:96:20,-71
BLE,1703393027553852906,DF:DF:EE:00:00:04,-55
BLE,1703393027742273059,D3:F4:55:AB:96:20,-52
BLE,1703393027937452511,D3:F4:55:AB:96:20,-57
BLE,1703393028125781123,D3:F4:55:AB:96:20,-52
BLE,1703393028702429911,D3:F4:55:AB:96:20,-68
BLE,1703393028893595658,D3:F4:55:AB:96:20,-52
BLE,1703393029095435242,DF:DF:EE:00:00:04,-35
BLE,1703393029273250099,D3:F4:55:AB:96:20,-69
BLE,1703393029468365926,D3:F4:55:AB:96:20,-90
BLE,1703393029655637800,D3:F4:55:AB:96:20,-52
BLE,1703393030044834299,D3:F4:55:AB:96:20,-56
BLE,1703393030431939656,D3:F4:55:AB:96:20,-73
BLE,1703393030459482801,DF:A6:DC:DC:2E:81,-75
BLE,1703393030459506093,DF:DF:EE:00:00:01,-75
BLE,1703393030811528597,D3:F4:55:AB:96:20,-73
BLE,1703393031194370668,D3:F4:55:AB:96:20,-71
BLE,1703393032096024143,DF:DF:EE:00:00:04,-52
BLE,1703393032548779920,D3:F4:55:AB:96:20,-72
BLE,1703393033323538460,D3:F4:55:AB:96:20,-52
BLE,1703393033470769205,DF:A6:DC:DC:2E:81,-60
BLE,1703393033470809455,DF:DF:EE:00:00:01,-60
BLE,1703393033710623108,D3:F4:55:AB:96:20,-72
BLE,1703393034094888163,D3:F4:55:AB:96:20,-71
BLE,1703393034472836706,DF:A6:DC:DC:2E:81,-59
BLE,1703393034472862206,DF:DF:EE:00:00:01,-59
BLE,1703393034555383853,DF:DF:EE:00:00:04,-39
BLE,1703393034671156497,D3:F4:55:AB:96:20,-68
BLE,1703393035826771255,D3:F4:55:AB:96:20,-72
BLE,1703393036091478709,DF:DF:EE:00:00:04,-35
BLE,1703393036487910293,DF:A6:DC:DC:2E:81,-76
BLE,1703393036487951917,DF:DF:EE:00:00:01,-76
BLE,1703393036549962089,DF:DF:EE:00:00:04,-53
BLE,1703393036587361664,D3:F4:55:AB:96:20,-52
BLE,1703393037093962414,DF:DF:EE:00:00:04,-56
BLE,1703393037355878649,D3:F4:55:AB:96:20,-62
BLE,1703393037488244814,DF:A6:DC:DC:2E:81,-73
BLE,1703393037488271022,DF:DF:EE:00:00:01,-73
BLE,1703393037927482453,D3:F4:55:AB:96:20,-73
BLE,1703393038092718119,DF:DF:EE:00:00:04,-52
BLE,1703393038319109466,D3:F4:55:AB:96:20,-52
BLE,1703393038511310743,D3:F4:55:AB:96:20,-73
BLE,1703393039551409313,DF:DF:EE:00:00:04,-73
BLE,1703393039846214008,D3:F4:55:AB:96:20,-64
BLE,1703393040038315661,D3:F4:55:AB:96:20,-72
BLE,1703393041197205424,D3:F4:55:AB:96:20,-66
BLE,1703393041393536820,D3:F4:55:AB:96:20,-73
BLE,1703393042157660939,D3:F4:55:AB:96:20,-67
BLE,1703393042346995332,D3:F4:55:AB:96:20,-52
BLE,1703393042544753504,D3:F4:55:AB:96:20,-68
BLE,1703393042550260566,DF:DF:EE:00:00:04,-52
BLE,1703393042925387100,D3:F4:55:AB:96:20,-72
BLE,1703393043113950585,D3:F4:55:AB:96:20,-67
BLE,1703393043691714944,D3:F4:55:AB:96:20,-68
BLE,1703393043876952549,D3:F4:55:AB:96:20,-68
BLE,1703393044092826808,DF:DF:EE:00:00:04,-55
BLE,1703393044528792776,DF:A6:DC:DC:2E:81,-72
BLE,1703393044528845900,DF:DF:EE:00:00:01,-72
BLE,1703393044550295490,DF:DF:EE:00:00:04,-35
BLE,1703393045043492350,D3:F4:55:AB:96:20,-67
BLE,1703393045555433998,DF:DF:EE:00:00:04,-55
BLE,1703393045999094087,D3:F4:55:AB:96:20,-57
BLE,1703393046380155179,D3:F4:55:AB:96:20,-56
BLE,1703393046575597294,D3:F4:55:AB:96:20,-69
BLE,1703393046957474209,D3:F4:55:AB:96:20,-66
BLE,1703393047093369792,DF:DF:EE:00:00:04,-35
BLE,1703393047154601555,D3:F4:55:AB:96:20,-57
BLE,1703393047343958531,D3:F4:55:AB:96:20,-52
BLE,1703393047534679116,D3:F4:55:AB:96:20,-82
BLE,1703393047539304022,DF:A6:DC:DC:2E:81,-76
BLE,1703393047539323188,DF:DF:EE:00:00:01,-76
BLE,1703393047722262279,D3:F4:55:AB:96:20,-67
BLE,1703393047919777537,D3:F4:55:AB:96:20,-72
BLE,1703393048111755316,D3:F4:55:AB:96:20,-56
BLE,1703393048690412331,D3:F4:55:AB:96:20,-52
BLE,1703393049453770834,D3:F4:55:AB:96:20,-52
BLE,1703393049539645234,DF:A6:DC:DC:2E:81,-61
BLE,1703393049539661067,DF:DF:EE:00:00:01,-61
BLE,1703393049548413760,DF:DF:EE:00:00:04,-35
BLE,1703393049644522835,D3:F4:55:AB:96:20,-73
BLE,1703393049834165683,D3:F4:55:AB:96:20,-68
BLE,1703393050211829604,D3:F4:55:AB:96:20,-56
BLE,1703393050402243610,D3:F4:55:AB:96:20,-53
BLE,1703393050541640444,DF:A6:DC:DC:2E:81,-58
BLE,1703393050541656027,DF:DF:EE:00:00:01,-58
BLE,1703393050985590614,D3:F4:55:AB:96:20,-63
BLE,1703393051090924293,DF:DF:EE:00:00:04,-55
BLE,1703393051548513724,DF:DF:EE:00:00:04,-52
BLE,1703393051946341792,D3:F4:55:AB:96:20,-67
BLE,1703393052089311044,DF:DF:EE:00:00:04,-35
BLE,1703393052132804467,D3:F4:55:AB:96:20,-67
BLE,1703393052710880156,D3:F4:55:AB:96:20,-57
BLE,1703393052901946946,D3:F4:55:AB:96:20,-68
BLE,1703393053092609781,DF:DF:EE:00:00:04,-41
BLE,1703393053553957253,DF:DF:EE:00:00:04,-45
BLE,1703393053673974766,D3:F4:55:AB:96:20,-62
BLE,1703393054252162995,D3:F4:55:AB:96:20,-67
BLE,1703393054445149471,D3:F4:55:AB:96:20,-56
BLE,1703393054563152299,DF:A6:DC:DC:2E:81,-73
BLE,1703393054563170257,DF:DF:EE:00:00:01,-73
BLE,1703393054640182883,D3:F4:55:AB:96:20,-71
BLE,1703393054829319153,D3:F4:55:AB:96:20,-57
BLE,1703393055091397886,DF:DF:EE:00:00:04,-53
BLE,1703393055211558147,D3:F4:55:AB:96:20,-73
BLE,1703393055402146692,D3:F4:55:AB:96:20,-71
BLE,1703393055785587548,D3:F4:55:AB:96:20,-71
BLE,1703393055975577600,D3:F4:55:AB:96:20,-70
BLE,1703393056170420722,D3:F4:55:AB:96:20,-57
BLE,1703393056361462679,D3:F4:55:AB:96:20,-67
BLE,1703393056546389538,DF:DF:EE:00:00:04,-46
BLE,1703393056938806084,D3:F4:55:AB:96:20,-72
BLE,1703393057097769321,DF:DF:EE:00:00:04,-56
BLE,1703393057714826484,D3:F4:55:AB:96:20,-62
BLE,1703393058091256003,DF:DF:EE:00:00:04,-56
BLE,1703393058296151386,D3:F4:55:AB:96:20,-52
BLE,1703393058492701447,D3:F4:55:AB:96:20,-82
BLE,1703393058679064248,D3:F4:55:AB:96:20,-52
BLE,1703393058869111758,D3:F4:55:AB:96:20,-57
BLE,1703393059064161544,D3:F4:55:AB:96:20,-67
BLE,1703393059256897314,D3:F4:55:AB:96:20,-56
BLE,1703393060023818360,D3:F4:55:AB:96:20,-57
BLE,1703393060212915797,D3:F4:55:AB:96:20,-67
BLE,1703393060405516486,D3:F4:55:AB:96:20,-67
BLE,1703393060593537018,D3:F4:55:AB:96:20,-53
BLE,1703393060840094469,DF:A6:DC:DC:2E:81,-88
BLE,1703393060840110178,DF:DF:EE:00:00:01,-88
BLE,1703393061178307631,D3:F4:55:AB:96:20,-53
BLE,1703393061371501688,D3:F4:55:AB:96:20,-57
BLE,1703393061552707131,DF:DF:EE:00:00:04,-62
BLE,1703393061755196583,D3:F4:55:AB:96:20,-73
BLE,1703393061946203248,D3:F4:55:AB:96:20,-65
BLE,1703393062135221394,D3:F4:55:AB:96:20,-72
BLE,1703393062331625040,D3:F4:55:AB:96:20,-57
BLE,1703393062520352981,D3:F4:55:AB:96:20,-72
BLE,1703393062706224247,D3:F4:55:AB:96:20,-52
BLE,1703393062845311751,DF:A6:DC:DC:2E:81,-58
BLE,1703393062845342043,DF:DF:EE:00:00:01,-58
BLE,1703393062899277305,D3:F4:55:AB:96:20,-57
BLE,1703393063847721873,DF:A6:DC:DC:2E:81,-60
BLE,1703393063847760831,DF:DF:EE:00:00:01,-60
BLE,1703393063872757423,D3:F4:55:AB:96:20,-57
BLE,1703393064447110778,D3:F4:55:AB:96:20,-57
BLE,1703393064552810037,DF:DF:EE:00:00:04,-35
BLE,1703393064833581975,D3:F4:55:AB:96:20,-62
BLE,1703393064846415705,DF:A6:DC:DC:2E:81,-58
BLE,1703393064846429163,DF:DF:EE:00:00:01,-58
BLE,1703393065091585088,DF:DF:EE:00:00:04,-51
BLE,1703393065601696923,D3:F4:55:AB:96:20,-56
BLE,1703393065790290241,D3:F4:55:AB:96:20,-68
BLE,1703393065846073900,DF:A6:DC:DC:2E:81,-73
BLE,1703393065846090899,DF:DF:EE:00:00:01,-73
BLE,1703393066088577897,DF:DF:EE:00:00:04,-50
BLE,1703393066359189409,D3:F4:55:AB:96:20,-57
BLE,1703393066554439734,DF:DF:EE:00:00:04,-51
BLE,1703393066847887820,DF:A6:DC:DC:2E:81,-72
BLE,1703393066847925153,DF:DF:EE:00:00:01,-72
BLE,1703393067141088784,D3:F4:55:AB:96:20,-63
BLE,1703393067546328851,DF:DF:EE:00:00:04,-35
BLE,1703393067841485126,DF:A6:DC:DC:2E:81,-73
BLE,1703393067841532542,DF:DF:EE:00:00:01,-73
BLE,1703393067897619697,D3:F4:55:AB:96:20,-72
BLE,1703393068083583628,D3:F4:55:AB:96:20,-63
BLE,1703393068280437144,D3:F4:55:AB:96:20,-72
BLE,1703393068468435385,D3:F4:55:AB:96:20,-52
BLE,1703393068549313675,DF:DF:EE:00:00:04,-44
BLE,1703393068657972609,D3:F4:55:AB:96:20,-57
BLE,1703393068851248081,D3:F4:55:AB:96:20,-53
BLE,1703393069046712446,D3:F4:55:AB:96:20,-56
BLE,1703393069094106742,DF:DF:EE:00:00:04,-55
BLE,1703393069631695181,D3:F4:55:AB:96:20,-72
BLE,1703393069846574951,DF:A6:DC:DC:2E:81,-58
BLE,1703393069846593242,DF:DF:EE:00:00:01,-58
BLE,1703393070017066641,D3:F4:55:AB:96:20,-56
BLE,1703393070088048627,DF:DF:EE:00:00:04,-35
BLE,1703393070207982349,D3:F4:55:AB:96:20,-71
BLE,1703393070553154056,DF:DF:EE:00:00:04,-50
BLE,1703393070590556965,D3:F4:55:AB:96:20,-56
BLE,1703393070844651831,DF:A6:DC:DC:2E:81,-61
BLE,1703393070844674664,DF:DF:EE:00:00:01,-61
BLE,1703393070966704487,D3:F4:55:AB:96:20,-67
BLE,1703393071086794707,DF:DF:EE:00:00:04,-54
BLE,1703393071352654898,D3:F4:55:AB:96:20,-53
BLE,1703393071550258988,DF:DF:EE:00:00:04,-52
BLE,1703393071740544120,D3:F4:55:AB:96:20,-56
BLE,1703393072505241857,D3:F4:55:AB:96:20,-56
BLE,1703393072696393979,D3:F4:55:AB:96:20,-62
BLE,1703393072842897858,DF:A6:DC:DC:2E:81,-57
BLE,1703393072842918774,DF:DF:EE:00:00:01,-57
BLE,1703393073464012683,D3:F4:55:AB:96:20,-52
BLE,1703393073548567640,DF:DF:EE:00:00:04,-55
BLE,1703393073656858953,D3:F4:55:AB:96:20,-68
BLE,1703393073845932557,D3:F4:55:AB:96:20,-66
BLE,1703393074091758433,DF:DF:EE:00:00:04,-34
BLE,1703393074610613377,D3:F4:55:AB:96:20,-63
BLE,1703393074839481821,DF:A6:DC:DC:2E:81,-59
BLE,1703393074839519487,DF:DF:EE:00:00:01,-59
BLE,1703393074995059139,D3:F4:55:AB:96:20,-52
BLE,1703393075190274048,D3:F4:55:AB:96:20,-57
BLE,1703393075554183084,DF:DF:EE:00:00:04,-35
BLE,1703393075579945958,D3:F4:55:AB:96:20,-66
BLE,1703393075970022197,D3:F4:55:AB:96:20,-56
BLE,1703393076163271629,D3:F4:55:AB:96:20,-67
BLE,1703393076840583149,DF:A6:DC:DC:2E:81,-58
BLE,1703393076840621482,DF:DF:EE:00:00:01,-58
BLE,1703393076929269893,D3:F4:55:AB:96:20,-53
BLE,1703393077087719844,DF:DF:EE:00:00:04,-45
BLE,1703393077512300733,D3:F4:55:AB:96:20,-68
BLE,1703393077549343938,DF:DF:EE:00:00:04,-62
BLE,1703393077703826185,D3:F4:55:AB:96:20,-56
BLE,1703393077846320901,DF:A6:DC:DC:2E:81,-60
BLE,1703393077846338234,DF:DF:EE:00:00:01,-60
BLE,1703393078091596200,D3:F4:55:AB:96:20,-57
BLE,1703393078094515167,DF:DF:EE:00:00:04,-40
BLE,1703393078278189832,D3:F4:55:AB:96:20,-66
BLE,1703393078469214622,D3:F4:55:AB:96:20,-73
BLE,1703393078548024228,DF:DF:EE:00:00:04,-51
BLE,1703393079092116760,DF:DF:EE:00:00:04,-51
BLE,1703393079239482379,D3:F4:55:AB:96:20,-67
BLE,1703393079555937829,DF:DF:EE:00:00:04,-56
BLE,1703393080088921696,DF:DF:EE:00:00:04,-52
BLE,1703393080190006090,D3:F4:55:AB:96:20,-67
BLE,1703393080760680946,D3:F4:55:AB:96:20,-62
BLE,1703393080956026062,D3:F4:55:AB:96:20,-68
BLE,1703393081145269206,D3:F4:55:AB:96:20,-55
BLE,1703393081340774237,D3:F4:55:AB:96:20,-67
BLE,1703393081534556329,D3:F4:55:AB:96:20,-72
BLE,1703393081554436895,DF:DF:EE:00:00:04,-62
BLE,1703393082084654169,DF:DF:EE:00:00:04,-36
BLE,1703393082110195837,D3:F4:55:AB:96:20,-71
BLE,1703393082300234430,D3:F4:55:AB:96:20,-67
BLE,1703393082547739788,DF:DF:EE:00:00:04,-56
BLE,1703393082842386318,DF:A6:DC:DC:2E:81,-77
BLE,1703393082842421985,DF:DF:EE:00:00:01,-77
BLE,1703393083077353943,D3:F4:55:AB:96:20,-57
BLE,1703393083269510970,D3:F4:55:AB:96:20,-67
BLE,1703393083549441710,DF:DF:EE:00:00:04,-52
BLE,1703393083843314791,DF:A6:DC:DC:2E:81,-72
BLE,1703393083843375082,DF:DF:EE:00:00:01,-72
BLE,1703393084231650883,D3:F4:55:AB:96:20,-67
BLE,1703393084548437079,DF:DF:EE:00:00:04,-56
BLE,1703393085092918649,DF:DF:EE:00:00:04,-57
BLE,1703393085379485896,D3:F4:55:AB:96:20,-72
BLE,1703393085840620870,DF:A6:DC:DC:2E:81,-58
BLE,1703393085840683911,DF:DF:EE:00:00:01,-58
BLE,1703393086087025115,DF:DF:EE:00:00:04,-50
BLE,1703393086142779941,D3:F4:55:AB:96:20,-71
BLE,1703393086551212055,DF:DF:EE:00:00:04,-56
BLE,1703393086719124316,D3:F4:55:AB:96:20,-52
BLE,1703393087552179694,DF:DF:EE:00:00:04,-51
BLE,1703393087842201527,DF:A6:DC:DC:2E:81,-74
BLE,1703393087842248235,DF:DF:EE:00:00:01,-74
BLE,1703393088552954168,DF:DF:EE:00:00:04,-41
BLE,1703393088643583222,D3:F4:55:AB:96:20,-73
BLE,1703393089215329358,D3:F4:55:AB:96:20,-67
BLE,1703393089404887498,D3:F4:55:AB:96:20,-56
BLE,1703393089552316158,DF:DF:EE:00:00:04,-35
BLE,1703393089595351878,D3:F4:55:AB:96:20,-67
BLE,1703393089791952646,D3:F4:55:AB:96:20,-73
BLE,1703393089977506832,D3:F4:55:AB:96:20,-62
BLE,1703393090173489191,D3:F4:55:AB:96:20,-57
BLE,1703393090557009129,DF:DF:EE:00:00:04,-56
BLE,1703393090744870455,D3:F4:55:AB:96:20,-63
BLE,1703393091547284431,DF:DF:EE:00:00:04,-40
BLE,1703393091715403314,D3:F4:55:AB:96:20,-66
BLE,1703393092089602150,DF:DF:EE:00:00:04,-55
BLE,1703393092103153372,D3:F4:55:AB:96:20,-57
BLE,1703393092673591522,D3:F4:55:AB:96:20,-72
BLE,1703393092862297963,D3:F4:55:AB:96:20,-53
BLE,1703393092869400008,DF:A6:DC:DC:2E:81,-57
BLE,1703393092869424299,DF:DF:EE:00:00:01,-57
BLE,1703393093053758457,D3:F4:55:AB:96:20,-73
BLE,1703393093084633356,DF:DF:EE:00:00:04,-45
BLE,1703393093240712085,D3:F4:55:AB:96:20,-52
BLE,1703393093549868784,DF:DF:EE:00:00:04,-52
BLE,1703393093624774726,D3:F4:55:AB:96:20,-53
BLE,1703393093814625946,D3:F4:55:AB:96:20,-71
BLE,1703393093874076896,DF:A6:DC:DC:2E:81,-72
BLE,1703393093874094479,DF:DF:EE:00:00:01,-72
BLE,1703393094006229604,D3:F4:55:AB:96:20,-67
BLE,1703393094389581670,D3:F4:55:AB:96:20,-66
BLE,1703393094778464381,D3:F4:55:AB:96:20,-56
BLE,1703393094967182155,D3:F4:55:AB:96:20,-57
BLE,1703393095089667515,DF:DF:EE:00:00:04,-52
BLE,1703393095154372781,D3:F4:55:AB:96:20,-67
BLE,1703393095344770745,D3:F4:55:AB:96:20,-56
BLE,1703393095722508790,D3:F4:55:AB:96:20,-57
BLE,1703393095915521141,D3:F4:55:AB:96:20,-72
BLE,1703393096090358699,DF:DF:EE:00:00:04,-73
BLE,1703393096494140741,D3:F4:55:AB:96:20,-72
BLE,1703393096682240897,D3:F4:55:AB:96:20,-52
BLE,1703393097064604516,D3:F4:55:AB:96:20,-66
BLE,1703393097450996338,D3:F4:55:AB:96:20,-67
BLE,1703393097551368574,DF:DF:EE:00:00:04,-49
BLE,1703393097834212822,D3:F4:55:AB:96:20,-63
BLE,1703393098229161089,D3:F4:55:AB:96:20,-72
BLE,1703393098546688777,DF:DF:EE:00:00:04,-56
BLE,1703393098909843071,DF:A6:DC:DC:2E:81,-72
BLE,1703393098909887363,DF:DF:EE:00:00:01,-72
BLE,1703393099087360973,DF:DF:EE:00:00:04,-40
BLE,1703393099382171127,D3:F4:55:AB:96:20,-66
BLE,1703393099766950176,D3:F4:55:AB:96:20,-66
BLE,1703393100148684927,D3:F4:55:AB:96:20,-67
BLE,1703393100529591353,D3:F4:55:AB:96:20,-53
BLE,1703393100547228403,DF:DF:EE:00:00:04,-39
BLE,1703393100722232292,D3:F4:55:AB:96:20,-56
BLE,1703393100928362077,DF:A6:DC:DC:2E:81,-74
BLE,1703393100928408993,DF:DF:EE:00:00:01,-74
BLE,1703393101497337119,D3:F4:55:AB:96:20,-67
BLE,1703393101882168834,D3:F4:55:AB:96:20,-68
BLE,1703393102459565156,D3:F4:55:AB:96:20,-57
BLE,1703393102551026951,DF:DF:EE:00:00:04,-66
BLE,1703393102932182666,DF:A6:DC:DC:2E:81,-76
BLE,1703393102932238582,DF:DF:EE:00:00:01,-76
BLE,1703393103936304061,DF:A6:DC:DC:2E:81,-73
BLE,1703393103936368893,DF:DF:EE:00:00:01,-73
BLE,1703393103997370826,D3:F4:55:AB:96:20,-54
BLE,1703393104087695092,DF:DF:EE:00:00:04,-51
BLE,1703393104377424846,D3:F4:55:AB:96:20,-75
BLE,1703393105090755457,DF:DF:EE:00:00:04,-56
BLE,1703393105535659449,D3:F4:55:AB:96:20,-73
BLE,1703393105547488857,DF:DF:EE:00:00:04,-52
BLE,1703393105725080799,D3:F4:55:AB:96:20,-71
BLE,1703393106553596645,DF:DF:EE:00:00:04,-56
BLE,1703393106690637131,D3:F4:55:AB:96:20,-72
BLE,1703393107086631762,DF:DF:EE:00:00:04,-54
BLE,1703393107655696178,D3:F4:55:AB:96:20,-82
BLE,1703393107845919560,D3:F4:55:AB:96:20,-53
BLE,1703393108086138167,DF:DF:EE:00:00:04,-50
BLE,1703393108235098434,D3:F4:55:AB:96:20,-72
BLE,1703393108554839430,DF:DF:EE:00:00:04,-56
BLE,1703393108619524154,D3:F4:55:AB:96:20,-71
BLE,1703393108955720755,DF:A6:DC:DC:2E:81,-73
BLE,1703393108955776588,DF:DF:EE:00:00:01,-73
BLE,1703393109089766984,DF:DF:EE:00:00:04,-53
BLE,1703393109585041362,D3:F4:55:AB:96:20,-71
BLE,1703393110155954174,D3:F4:55:AB:96:20,-57
BLE,1703393110344219745,D3:F4:55:AB:96:20,-69
BLE,1703393110537003765,D3:F4:55:AB:96:20,-72
BLE,1703393110732520713,D3:F4:55:AB:96:20,-73
BLE,1703393110967714418,DF:A6:DC:DC:2E:81,-76
BLE,1703393110967776334,DF:DF:EE:00:00:01,-76
BLE,1703393111084783798,DF:DF:EE:00:00:04,-45
BLE,1703393111502769845,D3:F4:55:AB:96:20,-68
BLE,1703393111694733500,D3:F4:55:AB:96:20,-66
BLE,1703393111888475884,D3:F4:55:AB:96:20,-73
BLE,1703393112075771925,D3:F4:55:AB:96:20,-65
BLE,1703393112091080709,DF:DF:EE:00:00:04,-56
BLE,1703393112460602140,D3:F4:55:AB:96:20,-53
BLE,1703393112973393695,DF:A6:DC:DC:2E:81,-73
BLE,1703393112973436236,DF:DF:EE:00:00:01,-73
BLE,1703393113092488926,DF:DF:EE:00:00:04,-48
BLE,1703393113239138970,D3:F4:55:AB:96:20,-67
BLE,1703393113552449580,DF:DF:EE:00:00:04,-56
BLE,1703393113822141228,D3:F4:55:AB:96:20,-57
BLE,1703393113980880884,DF:A6:DC:DC:2E:81,-75
BLE,1703393113980928425,DF:DF:EE:00:00:01,-75
BLE,1703393114007717163,D3:F4:55:AB:96:20,-67
BLE,1703393114094035183,DF:DF:EE:00:00:04,-66
BLE,1703393114204236932,D3:F4:55:AB:96:20,-67
BLE,1703393114398647267,D3:F4:55:AB:96:20,-56
BLE,1703393114546888293,DF:DF:EE:00:00:04,-35
BLE,1703393114590318717,D3:F4:55:AB:96:20,-73
BLE,1703393115544638385,D3:F4:55:AB:96:20,-73
BLE,1703393115552295715,DF:DF:EE:00:00:04,-56
BLE,1703393115737560445,D3:F4:55:AB:96:20,-57
BLE,1703393115987257653,DF:A6:DC:DC:2E:81,-68
BLE,1703393115987281736,DF:DF:EE:00:00:01,-68
BLE,1703393116122060706,D3:F4:55:AB:96:20,-67
BLE,1703393116314586104,D3:F4:55:AB:96:20,-57
BLE,1703393116701254882,D3:F4:55:AB:96:20,-68
BLE,1703393116888651963,D3:F4:55:AB:96:20,-52
BLE,1703393116995108838,DF:A6:DC:DC:2E:81,-71
BLE,1703393116995151838,DF:DF:EE:00:00:01,-71
BLE,1703393117088223323,DF:DF:EE:00:00:04,-72
BLE,1703393117270472838,D3:F4:55:AB:96:20,-53
BLE,1703393117465199794,D3:F4:55:AB:96:20,-56
BLE,1703393117851092081,D3:F4:55:AB:96:20,-57
BLE,1703393118430052593,D3:F4:55:AB:96:20,-73
BLE,1703393119002002768,DF:A6:DC:DC:2E:81,-83
BLE,1703393119002047059,DF:DF:EE:00:00:01,-83
BLE,1703393119011411952,D3:F4:55:AB:96:20,-72
BLE,1703393119085086783,DF:DF:EE:00:00:04,-62
BLE,1703393119394008526,D3:F4:55:AB:96:20,-57
BLE,1703393119782539075,D3:F4:55:AB:96:20,-72
BLE,1703393119971526263,D3:F4:55:AB:96:20,-63
BLE,1703393120743536667,D3:F4:55:AB:96:20,-71
BLE,1703393121092701412,DF:DF:EE:00:00:04,-41
BLE,1703393121322235057,D3:F4:55:AB:96:20,-63
BLE,1703393121712780999,D3:F4:55:AB:96:20,-72
BLE,1703393122085469477,DF:DF:EE:00:00:04,-35
BLE,1703393122094285627,D3:F4:55:AB:96:20,-73
BLE,1703393123023727411,DF:A6:DC:DC:2E:81,-61
BLE,1703393123023791702,DF:DF:EE:00:00:01,-61
BLE,1703393123061683314,D3:F4:55:AB:96:20,-56
BLE,1703393123446302115,D3:F4:55:AB:96:20,-57
BLE,1703393123554697551,DF:DF:EE:00:00:04,-52
BLE,1703393124784890380,D3:F4:55:AB:96:20,-66
BLE,1703393124981588855,D3:F4:55:AB:96:20,-57
BLE,1703393125032801941,DF:A6:DC:DC:2E:81,-72
BLE,1703393125032838565,DF:DF:EE:00:00:01,-72
BLE,1703393125095334564,DF:DF:EE:00:00:04,-56
BLE,1703393125546717607,DF:DF:EE:00:00:04,-55
BLE,1703393125755221324,D3:F4:55:AB:96:20,-67
BLE,1703393126034923483,DF:A6:DC:DC:2E:81,-72
BLE,1703393126034984565,DF:DF:EE:00:00:01,-72
BLE,1703393126324137783,D3:F4:55:AB:96:20,-57
BLE,1703393127088208903,D3:F4:55:AB:96:20,-71
BLE,1703393127284733214,D3:F4:55:AB:96:20,-67
BLE,1703393127548195807,DF:DF:EE:00:00:04,-39
BLE,1703393127676946637,D3:F4:55:AB:96:20,-57
BLE,1703393128041448375,DF:A6:DC:DC:2E:81,-60
BLE,1703393128041483833,DF:DF:EE:00:00:01,-60
BLE,1703393128053205783,D3:F4:55:AB:96:20,-64
BLE,1703393128087973097,DF:DF:EE:00:00:04,-39
BLE,1703393128244325280,D3:F4:55:AB:96:20,-57
BLE,1703393128547068886,DF:DF:EE:00:00:04,-51
BLE,1703393128627932718,D3:F4:55:AB:96:20,-56
BLE,1703393128823952410,D3:F4:55:AB:96:20,-57
BLE,1703393129551964521,DF:DF:EE:00:00:04,-73
BLE,1703393129590291211,D3:F4:55:AB:96:20,-56
BLE,1703393130090207620,DF:DF:EE:00:00:04,-56
BLE,1703393130544769961,D3:F4:55:AB:96:20,-63
BLE,1703393130735585920,D3:F4:55:AB:96:20,-56
BLE,1703393131062530959,DF:A6:DC:DC:2E:81,-58
BLE,1703393131062557459,DF:DF:EE:00:00:01,-58
BLE,1703393131120048806,D3:F4:55:AB:96:20,-56
BLE,1703393131554094005,DF:DF:EE:00:00:04,-73
BLE,1703393131693526589,D3:F4:55:AB:96:20,-67
BLE,1703393132078681967,D3:F4:55:AB:96:20,-52
BLE,1703393132090310877,DF:DF:EE:00:00:04,-73
BLE,1703393132272162438,D3:F4:55:AB:96:20,-73
BLE,1703393132551390643,DF:DF:EE:00:00:04,-36
BLE,1703393132852759389,D3:F4:55:AB:96:20,-57
BLE,1703393133043961427,D3:F4:55:AB:96:20,-52
BLE,1703393133075316780,DF:A6:DC:DC:2E:81,-57
BLE,1703393133075332238,DF:DF:EE:00:00:01,-57
BLE,1703393133237657479,D3:F4:55:AB:96:20,-72
BLE,1703393133552938317,DF:DF:EE:00:00:04,-73
BLE,1703393133615179486,D3:F4:55:AB:96:20,-56
BLE,1703393133807207598,D3:F4:55:AB:96:20,-52
BLE,1703393134094080800,DF:DF:EE:00:00:04,-52
BLE,1703393134380459341,D3:F4:55:AB:96:20,-72
BLE,1703393134570488976,D3:F4:55:AB:96:20,-57
BLE,1703393135087214569,DF:DF:EE:00:00:04,-49
BLE,1703393135144000341,D3:F4:55:AB:96:20,-56
BLE,1703393135527413948,D3:F4:55:AB:96:20,-73
BLE,1703393135907699090,D3:F4:55:AB:96:20,-71
BLE,1703393136480690086,D3:F4:55:AB:96:20,-67
BLE,1703393136548860062,DF:DF:EE:00:00:04,-39
BLE,1703393136675628498,D3:F4:55:AB:96:20,-71
BLE,1703393136870477703,D3:F4:55:AB:96:20,-52
BLE,1703393137064142047,D3:F4:55:AB:96:20,-57
BLE,1703393137260245779,D3:F4:55:AB:96:20,-56
BLE,1703393138097596983,DF:A6:DC:DC:2E:81,-76
BLE,1703393138097641816,DF:DF:EE:00:00:01,-76
BLE,1703393139164521998,D3:F4:55:AB:96:20,-68
BLE,1703393139547911897,DF:DF:EE:00:00:04,-51
BLE,1703393140107521295,DF:A6:DC:DC:2E:81,-72
BLE,1703393140107584794,DF:DF:EE:00:00:01,-72
BLE,1703393140323320137,D3:F4:55:AB:96:20,-71
BLE,1703393140546285357,DF:DF:EE:00:00:04,-53
BLE,1703393141091891039,DF:DF:EE:00:00:04,-56
BLE,1703393141303238640,D3:F4:55:AB:96:20,-67
BLE,1703393142069238404,D3:F4:55:AB:96:20,-67
BLE,1703393142465103452,D3:F4:55:AB:96:20,-70
BLE,1703393143043739884,D3:F4:55:AB:96:20,-56
BLE,1703393143085550827,DF:DF:EE:00:00:04,-54
BLE,1703393143821289517,D3:F4:55:AB:96:20,-67
BLE,1703393144123874874,DF:A6:DC:DC:2E:81,-74
BLE,1703393144123937749,DF:DF:EE:00:00:01,-74
BLE,1703393144546149498,DF:DF:EE:00:00:04,-65
BLE,1703393144964067338,D3:F4:55:AB:96:20,-73
BLE,1703393145150097643,D3:F4:55:AB:96:20,-57
BLE,1703393145546028149,DF:DF:EE:00:00:04,-75
BLE,1703393145726667516,D3:F4:55:AB:96:20,-72
BLE,1703393145914240136,D3:F4:55:AB:96:20,-52
BLE,1703393146107269529,D3:F4:55:AB:96:20,-72
BLE,1703393146298118488,D3:F4:55:AB:96:20,-53
BLE,1703393146880786541,D3:F4:55:AB:96:20,-53
BLE,1703393147270600616,D3:F4:55:AB:96:20,-57
BLE,1703393147398422082,DF:A6:DC:DC:2E:81,-69
BLE,1703393147398487665,DF:DF:EE:00:00:01,-69
BLE,1703393147466972971,D3:F4:55:AB:96:20,-66
BLE,1703393147552218545,DF:DF:EE:00:00:04,-73
BLE,1703393147664082400,D3:F4:55:AB:96:20,-72
BLE,1703393147856941169,D3:F4:55:AB:96:20,-57
BLE,1703393148048299581,D3:F4:55:AB:96:20,-56
BLE,1703393148087449761,DF:DF:EE:00:00:04,-55
BLE,1703393148242123797,D3:F4:55:AB:96:20,-71
BLE,1703393148391610101,DF:A6:DC:DC:2E:81,-72
BLE,1703393148391651475,DF:DF:EE:00:00:01,-72
BLE,1703393148549377643,DF:DF:EE:00:00:04,-51
BLE,1703393148625123825,D3:F4:55:AB:96:20,-71
BLE,1703393148818692753,D3:F4:55:AB:96:20,-53
BLE,1703393149555031604,DF:DF:EE:00:00:04,-72
BLE,1703393150082758030,DF:DF:EE:00:00:04,-51
BLE,1703393150180435422,D3:F4:55:AB:96:20,-72
BLE,1703393150398862984,DF:A6:DC:DC:2E:81,-72
BLE,1703393150398907442,DF:DF:EE:00:00:01,-72
BLE,1703393150544992034,DF:DF:EE:00:00:04,-72
BLE,1703393150566352000,D3:F4:55:AB:96:20,-72
BLE,1703393151335950056,D3:F4:55:AB:96:20,-52
BLE,1703393151397068988,DF:A6:DC:DC:2E:81,-76
BLE,1703393151397107154,DF:DF:EE:00:00:01,-76
BLE,1703393151535515708,D3:F4:55:AB:96:20,-73
BLE,1703393152487045074,D3:F4:55:AB:96:20,-53
BLE,1703393153057332685,D3:F4:55:AB:96:20,-62
BLE,1703393153091337757,DF:DF:EE:00:00:04,-35
BLE,1703393153398355480,DF:A6:DC:DC:2E:81,-72
BLE,1703393153398410313,DF:DF:EE:00:00:01,-72
BLE,1703393153550483129,DF:DF:EE:00:00:04,-53
BLE,1703393154400048736,DF:A6:DC:DC:2E:81,-72
BLE,1703393154400090985,DF:DF:EE:00:00:01,-72
BLE,1703393154546022246,DF:DF:EE:00:00:04,-66
BLE,1703393154788311704,D3:F4:55:AB:96:20,-56
BLE,1703393155172096390,D3:F4:55:AB:96:20,-57
BLE,1703393155548209454,DF:DF:EE:00:00:04,-45
BLE,1703393155745680171,D3:F4:55:AB:96:20,-68
BLE,1703393156085200400,DF:DF:EE:00:00:04,-35
BLE,1703393156131705873,D3:F4:55:AB:96:20,-67
BLE,1703393156396023247,DF:A6:DC:DC:2E:81,-71
BLE,1703393156396043956,DF:DF:EE:00:00:01,-71
BLE,1703393156516002594,D3:F4:55:AB:96:20,-52
BLE,1703393158242905576,D3:F4:55:AB:96:20,-67
BLE,1703393158396366793,DF:A6:DC:DC:2E:81,-77
BLE,1703393158396386834,DF:DF:EE:00:00:01,-77
BLE,1703393158436278548,D3:F4:55:AB:96:20,-62
BLE,1703393159207238547,D3:F4:55:AB:96:20,-72
BLE,1703393159394202592,DF:A6:DC:DC:2E:81,-58
BLE,1703393159394243967,DF:DF:EE:00:00:01,-58
BLE,1703393159545408084,DF:DF:EE:00:00:04,-67
BLE,1703393159777996777,D3:F4:55:AB:96:20,-68
BLE,1703393160170346491,D3:F4:55:AB:96:20,-82
BLE,1703393160750302491,D3:F4:55:AB:96:20,-56
BLE,1703393161085390688,DF:DF:EE:00:00:04,-52
BLE,1703393161393135320,DF:A6:DC:DC:2E:81,-72
BLE,1703393161393159903,DF:DF:EE:00:00:01,-72
BLE,1703393161551433648,DF:DF:EE:00:00:04,-45
BLE,1703393161893692222,D3:F4:55:AB:96:20,-66
BLE,1703393162090582320,D3:F4:55:AB:96:20,-53
BLE,1703393162475656950,D3:F4:55:AB:96:20,-52
BLE,1703393162858599936,D3:F4:55:AB:96:20,-66
BLE,1703393163053377392,D3:F4:55:AB:96:20,-67
BLE,1703393163081987901,DF:DF:EE:00:00:04,-51
BLE,1703393163248110932,D3:F4:55:AB:96:20,-57
BLE,1703393163400470661,DF:A6:DC:DC:2E:81,-72
BLE,1703393163400488619,DF:DF:EE:00:00:01,-72
BLE,1703393163442929096,D3:F4:55:AB:96:20,-66
BLE,1703393163549442512,DF:DF:EE:00:00:04,-52
BLE,1703393163637772468,D3:F4:55:AB:96:20,-68
BLE,1703393163830367781,D3:F4:55:AB:96:20,-71
BLE,1703393164090540662,DF:DF:EE:00:00:04,-73
BLE,1703393164221948962,D3:F4:55:AB:96:20,-68
BLE,1703393164401397550,DF:A6:DC:DC:2E:81,-76
BLE,1703393164401415592,DF:DF:EE:00:00:01,-76
BLE,1703393164408239931,D3:F4:55:AB:96:20,-66
BLE,1703393164544551884,DF:DF:EE:00:00:04,-45
BLE,1703393165368649613,D3:F4:55:AB:96:20,-68
BLE,1703393165544629282,DF:DF:EE:00:00:04,-54
BLE,1703393165940875993,D3:F4:55:AB:96:20,-53
BLE,1703393166321046095,D3:F4:55:AB:96:20,-53
BLE,1703393166510701025,D3:F4:55:AB:96:20,-56
BLE,1703393166704809822,D3:F4:55:AB:96:20,-66
BLE,1703393167087927640,D3:F4:55:AB:96:20,-53
BLE,1703393167089600996,DF:DF:EE:00:00:04,-65
BLE,1703393167397702916,DF:A6:DC:DC:2E:81,-61
BLE,1703393167397740040,DF:DF:EE:00:00:01,-61
BLE,1703393168054418045,D3:F4:55:AB:96:20,-68
BLE,1703393168399902624,DF:A6:DC:DC:2E:81,-72
BLE,1703393168399924040,DF:DF:EE:00:00:01,-72
BLE,1703393168811628451,D3:F4:55:AB:96:20,-67
BLE,1703393168998924241,D3:F4:55:AB:96:20,-53
BLE,1703393169193103787,D3:F4:55:AB:96:20,-57
BLE,1703393169383487835,D3:F4:55:AB:96:20,-52
BLE,1703393169395231951,DF:A6:DC:DC:2E:81,-76
BLE,1703393169395247910,DF:DF:EE:00:00:01,-76
BLE,1703393169549484909,DF:DF:EE:00:00:04,-52
BLE,1703393169966132346,D3:F4:55:AB:96:20,-52
BLE,1703393170732289359,D3:F4:55:AB:96:20,-67
BLE,1703393171084455445,DF:DF:EE:00:00:04,-50
BLE,1703393171315838152,D3:F4:55:AB:96:20,-66
BLE,1703393171513389118,D3:F4:55:AB:96:20,-67
BLE,1703393171546033331,DF:DF:EE:00:00:04,-35
BLE,1703393171901647919,D3:F4:55:AB:96:20,-66
BLE,1703393172084669634,DF:DF:EE:00:00:04,-34
BLE,1703393172286876172,D3:F4:55:AB:96:20,-69
BLE,1703393172679009638,D3:F4:55:AB:96:20,-56
BLE,1703393172868049950,D3:F4:55:AB:96:20,-67
BLE,1703393173391575466,DF:A6:DC:DC:2E:81,-68
BLE,1703393173391613008,DF:DF:EE:00:00:01,-68
BLE,1703393174026772507,D3:F4:55:AB:96:20,-72
BLE,1703393174083612945,DF:DF:EE:00:00:04,-52
BLE,1703393174552747995,DF:DF:EE:00:00:04,-76
BLE,1703393174603156548,D3:F4:55:AB:96:20,-66
BLE,1703393174985184087,D3:F4:55:AB:96:20,-67
BLE,1703393175180842366,D3:F4:55:AB:96:20,-67
BLE,1703393175370295840,D3:F4:55:AB:96:20,-53
BLE,1703393175396554042,DF:A6:DC:DC:2E:81,-57
BLE,1703393175396606875,DF:DF:EE:00:00:01,-57
BLE,1703393175545936097,DF:DF:EE:00:00:04,-65
BLE,1703393175750937395,D3:F4:55:AB:96:20,-52
BLE,1703393175946861171,D3:F4:55:AB:96:20,-83
BLE,1703393176083527328,DF:DF:EE:00:00:04,-72
BLE,1703393176541793919,DF:DF:EE:00:00:04,-35
BLE,1703393176720244143,D3:F4:55:AB:96:20,-66
BLE,1703393177083805350,DF:DF:EE:00:00:04,-48
BLE,1703393177106695965,D3:F4:55:AB:96:20,-71
BLE,1703393177296316479,D3:F4:55:AB:96:20,-56
BLE,1703393177491980384,D3:F4:55:AB:96:20,-73
BLE,1703393177687488331,D3:F4:55:AB:96:20,-52
BLE,1703393178080486745,D3:F4:55:AB:96:20,-72
BLE,1703393178086111598,DF:DF:EE:00:00:04,-56
BLE,1703393178546067878,DF:DF:EE:00:00:04,-52
BLE,1703393178653754947,D3:F4:55:AB:96:20,-53
BLE,1703393179038637037,D3:F4:55:AB:96:20,-53
BLE,1703393179040079687,D3:F4:55:AB:96:20,-62
BLE,1703393179424606322,D3:F4:55:AB:96:20,-71
BLE,1703393179544792708,DF:DF:EE:00:00:04,-73
BLE,1703393179613623385,D3:F4:55:AB:96:20,-57
BLE,1703393179807226855,D3:F4:55:AB:96:20,-71
BLE,1703393179996966659,D3:F4:55:AB:96:20,-55
BLE,1703393180084885995,DF:DF:EE:00:00:04,-56
BLE,1703393180191642158,D3:F4:55:AB:96:20,-57
BLE,1703393180383304066,D3:F4:55:AB:96:20,-52
BLE,1703393180543880077,DF:DF:EE:00:00:04,-51
BLE,1703393180774641416,D3:F4:55:AB:96:20,-73
BLE,1703393181547326395,D3:F4:55:AB:96:20,-72
BLE,1703393181551079353,DF:DF:EE:00:00:04,-67
BLE,1703393181734809601,D3:F4:55:AB:96:20,-53
BLE,1703393181931904530,D3:F4:55:AB:96:20,-72
BLE,1703393182084212385,DF:DF:EE:00:00:04,-52
BLE,1703393182085614619,DF:DF:EE:00:00:04,-55
BLE,1703393182551058336,DF:DF:EE:00:00:04,-37
BLE,1703393182885757037,D3:F4:55:AB:96:20,-67
BLE,1703393183077951897,D3:F4:55:AB:96:20,-67
BLE,1703393183089102479,DF:DF:EE:00:00:04,-50
BLE,1703393183090503880,DF:DF:EE:00:00:04,-53
BLE,1703393183268125530,D3:F4:55:AB:96:20,-63
BLE,1703393183437341485,DF:A6:DC:DC:2E:81,-60
BLE,1703393183437384443,DF:DF:EE:00:00:01,-60
BLE,1703393183657305321,D3:F4:55:AB:96:20,-56
BLE,1703393183851662657,D3:F4:55:AB:96:20,-67
BLE,1703393184085213714,DF:DF:EE:00:00:04,-47
BLE,1703393184422346013,D3:F4:55:AB:96:20,-57
BLE,1703393184613895339,D3:F4:55:AB:96:20,-52
BLE,1703393184804666548,D3:F4:55:AB:96:20,-72
BLE,1703393184996010543,D3:F4:55:AB:96:20,-53
BLE,1703393185085441195,DF:DF:EE:00:00:04,-34
BLE,1703393185191240369,D3:F4:55:AB:96:20,-72
BLE,1703393185378519243,D3:F4:55:AB:96:20,-52
BLE,1703393185455754242,DF:A6:DC:DC:2E:81,-57
BLE,1703393185455799199,DF:DF:EE:00:00:01,-57
BLE,1703393185547239286,DF:DF:EE:00:00:04,-37
BLE,1703393185573097118,D3:F4:55:AB:96:20,-72
BLE,1703393185762972630,D3:F4:55:AB:96:20,-62
BLE,1703393185958109331,D3:F4:55:AB:96:20,-57
BLE,1703393186088908263,DF:DF:EE:00:00:04,-54
BLE,1703393186090490204,DF:DF:EE:00:00:04,-40
BLE,1703393186458322112,DF:A6:DC:DC:2E:81,-72
BLE,1703393186458370111,DF:DF:EE:00:00:01,-72
BLE,1703393186543587644,DF:DF:EE:00:00:04,-74
BLE,1703393186724805421,D3:F4:55:AB:96:20,-72
BLE,1703393186916081916,D3:F4:55:AB:96:20,-57
BLE,1703393187086388733,DF:DF:EE:00:00:04,-55
BLE,1703393187300765592,D3:F4:55:AB:96:20,-56
BLE,1703393187544304452,DF:DF:EE:00:00:04,-52
BLE,1703393187545753269,DF:DF:EE:00:00:04,-53
BLE,1703393187877106842,D3:F4:55:AB:96:20,-52
BLE,1703393188067287516,D3:F4:55:AB:96:20,-56
BLE,1703393188079904540,DF:DF:EE:00:00:04,-35
BLE,1703393188262339261,D3:F4:55:AB:96:20,-67
BLE,1703393188549025173,DF:DF:EE:00:00:04,-52
BLE,1703393189038390536,D3:F4:55:AB:96:20,-72
BLE,1703393189225850575,D3:F4:55:AB:96:20,-53
BLE,1703393189416544702,D3:F4:55:AB:96:20,-72
BLE,1703393189467063962,DF:A6:DC:DC:2E:81,-60
BLE,1703393189467109794,DF:DF:EE:00:00:01,-60
BLE,1703393189542774644,DF:DF:EE:00:00:04,-34
BLE,1703393189608289650,D3:F4:55:AB:96:20,-52
BLE,1703393190081068909,DF:DF:EE:00:00:04,-35
BLE,1703393190187459743,D3:F4:55:AB:96:20,-57
BLE,1703393190375286028,D3:F4:55:AB:96:20,-67
BLE,1703393190473642078,DF:A6:DC:DC:2E:81,-57
BLE,1703393190473682953,DF:DF:EE:00:00:01,-57
BLE,1703393190552112271,DF:DF:EE:00:00:04,-40
BLE,1703393190572038461,D3:F4:55:AB:96:20,-56
BLE,1703393190765168186,D3:F4:55:AB:96:20,-57
BLE,1703393191342021097,D3:F4:55:AB:96:20,-53
BLE,1703393191481563096,DF:A6:DC:DC:2E:81,-58
BLE,1703393191481618179,DF:DF:EE:00:00:01,-58
BLE,1703393191538816946,D3:F4:55:AB:96:20,-56
BLE,1703393191728205047,D3:F4:55:AB:96:20,-66
BLE,1703393191921247481,D3:F4:55:AB:96:20,-74
BLE,1703393192083329974,DF:DF:EE:00:00:04,-52
BLE,1703393192109297971,D3:F4:55:AB:96:20,-52
BLE,1703393192303220353,D3:F4:55:AB:96:20,-72
BLE,1703393192490393896,DF:A6:DC:DC:2E:81,-58
BLE,1703393192490440478,DF:DF:EE:00:00:01,-58
BLE,1703393192497678688,D3:F4:55:AB:96:20,-57
BLE,1703393192548972606,DF:DF:EE:00:00:04,-63
BLE,1703393192878309784,D3:F4:55:AB:96:20,-71
BLE,1703393193069718237,D3:F4:55:AB:96:20,-54
BLE,1703393193451395780,D3:F4:55:AB:96:20,-57
BLE,1703393193495428613,DF:A6:DC:DC:2E:81,-77
BLE,1703393193495469404,DF:DF:EE:00:00:01,-77
BLE,1703393193544377224,DF:DF:EE:00:00:04,-40
BLE,1703393193643389684,D3:F4:55:AB:96:20,-71
BLE,1703393193838938089,D3:F4:55:AB:96:20,-62
BLE,1703393194029761382,D3:F4:55:AB:96:20,-57
BLE,1703393194088524006,DF:DF:EE:00:00:04,-52
BLE,1703393194218961526,D3:F4:55:AB:96:20,-70
BLE,1703393194541589239,DF:DF:EE:00:00:04,-51
BLE,1703393194543153763,DF:DF:EE:00:00:04,-53
BLE,1703393194605950342,D3:F4:55:AB:96:20,-63
BLE,1703393195084909739,DF:DF:EE:00:00:04,-53
BLE,1703393195376592178,D3:F4:55:AB:96:20,-71
BLE,1703393195505562547,DF:A6:DC:DC:2E:81,-58
BLE,1703393195505608880,DF:DF:EE:00:00:01,-58
BLE,1703393195754600971,D3:F4:55:AB:96:20,-67
BLE,1703393196089113215,DF:DF:EE:00:00:04,-45
BLE,1703393196136683759,D3:F4:55:AB:96:20,-63
BLE,1703393196513762604,DF:A6:DC:DC:2E:81,-60
BLE,1703393196513850436,DF:DF:EE:00:00:01,-60
BLE,1703393196901219206,D3:F4:55:AB:96:20,-52
BLE,1703393197086355688,DF:DF:EE:00:00:04,-37
BLE,1703393197286093213,D3:F4:55:AB:96:20,-67
BLE,1703393198631986936,D3:F4:55:AB:96:20,-53
BLE,1703393199400145009,D3:F4:55:AB:96:20,-67
BLE,1703393199547352338,DF:DF:EE:00:00:04,-56
BLE,1703393199982773646,D3:F4:55:AB:96:20,-64
BLE,1703393201528986387,D3:F4:55:AB:96:20,-72
BLE,1703393201722676731,D3:F4:55:AB:96:20,-57
BLE,1703393202086339436,DF:DF:EE:00:00:04,-53
BLE,1703393202682179007,D3:F4:55:AB:96:20,-66
BLE,1703393203066297188,D3:F4:55:AB:96:20,-53
BLE,1703393203086091005,DF:DF:EE:00:00:04,-52
BLE,1703393204081370875,DF:DF:EE:00:00:04,-36
BLE,1703393204404139878,D3:F4:55:AB:96:20,-67
BLE,1703393204596789733,D3:F4:55:AB:96:20,-53
BLE,1703393204980636502,D3:F4:55:AB:96:20,-52
BLE,1703393205366460414,D3:F4:55:AB:96:20,-56
BLE,1703393205750767427,D3:F4:55:AB:96:20,-57
BLE,1703393206090021993,DF:DF:EE:00:00:04,-54
BLE,1703393206545971359,DF:DF:EE:00:00:04,-56
BLE,1703393206558654715,DF:A6:DC:DC:2E:81,-73
BLE,1703393206558674215,DF:DF:EE:00:00:01,-73
BLE,1703393207086695347,DF:DF:EE:00:00:04,-39
BLE,1703393207475493101,D3:F4:55:AB:96:20,-52
BLE,1703393207565106709,DF:A6:DC:DC:2E:81,-58
BLE,1703393207565153083,DF:DF:EE:00:00:01,-58
BLE,1703393208247256466,D3:F4:55:AB:96:20,-73
BLE,1703393208441934923,D3:F4:55:AB:96:20,-53
BLE,1703393208826976969,D3:F4:55:AB:96:20,-52
BLE,1703393209021166765,D3:F4:55:AB:96:20,-72
BLE,1703393209213919911,D3:F4:55:AB:96:20,-57
BLE,1703393209983020764,D3:F4:55:AB:96:20,-57
BLE,1703393210179609075,D3:F4:55:AB:96:20,-52
BLE,1703393210180564064,D3:F4:55:AB:96:20,-56
BLE,1703393210548928258,DF:DF:EE:00:00:04,-57
BLE,1703393210758505796,D3:F4:55:AB:96:20,-52
BLE,1703393211148342787,D3:F4:55:AB:96:20,-56
BLE,1703393211527872605,D3:F4:55:AB:96:20,-67
BLE,1703393211546451560,DF:DF:EE:00:00:04,-52
BLE,1703393211724492915,D3:F4:55:AB:96:20,-57
BLE,1703393211910320930,D3:F4:55:AB:96:20,-68
BLE,1703393212088511408,DF:DF:EE:00:00:04,-36
BLE,1703393212103434072,D3:F4:55:AB:96:20,-57
BLE,1703393212292258429,D3:F4:55:AB:96:20,-52
BLE,1703393213059320639,D3:F4:55:AB:96:20,-52
BLE,1703393213060807205,D3:F4:55:AB:96:20,-57
BLE,1703393213448801135,D3:F4:55:AB:96:20,-71
BLE,1703393213643242594,D3:F4:55:AB:96:20,-63
BLE,1703393213839691031,D3:F4:55:AB:96:20,-72
BLE,1703393214081848949,DF:DF:EE:00:00:04,-61
BLE,1703393214413181189,D3:F4:55:AB:96:20,-56
BLE,1703393214604746306,DF:A6:DC:DC:2E:81,-77
BLE,1703393214604787847,DF:DF:EE:00:00:01,-77
BLE,1703393214607547066,D3:F4:55:AB:96:20,-67
BLE,1703393214799225223,D3:F4:55:AB:96:20,-57
BLE,1703393215184409768,D3:F4:55:AB:96:20,-72
BLE,1703393215373425873,D3:F4:55:AB:96:20,-53
BLE,1703393215566803053,D3:F4:55:AB:96:20,-72
BLE,1703393216088592964,DF:DF:EE:00:00:04,-41
BLE,1703393216325100029,D3:F4:55:AB:96:20,-72
BLE,1703393216611586111,DF:A6:DC:DC:2E:81,-73
BLE,1703393216611629985,DF:DF:EE:00:00:01,-73
BLE,1703393217086564720,DF:DF:EE:00:00:04,-35
BLE,1703393217284134977,D3:F4:55:AB:96:20,-66
BLE,1703393217678081381,D3:F4:55:AB:96:20,-71
BLE,1703393217869956953,D3:F4:55:AB:96:20,-52
BLE,1703393218066496805,D3:F4:55:AB:96:20,-72
BLE,1703393218451537310,D3:F4:55:AB:96:20,-73
BLE,1703393218621294675,DF:A6:DC:DC:2E:81,-72
BLE,1703393218621335633,DF:DF:EE:00:00:01,-72
BLE,1703393218639564801,D3:F4:55:AB:96:20,-66
BLE,1703393218831532372,D3:F4:55:AB:96:20,-72
BLE,1703393219027460606,D3:F4:55:AB:96:20,-57
BLE,1703393219221066117,D3:F4:55:AB:96:20,-68
BLE,1703393219603513026,D3:F4:55:AB:96:20,-67
BLE,1703393219625245780,DF:A6:DC:DC:2E:81,-74
BLE,1703393219625263863,DF:DF:EE:00:00:01,-74
BLE,1703393219792512923,D3:F4:55:AB:96:20,-56
BLE,1703393219986361514,D3:F4:55:AB:96:20,-66
BLE,1703393220179507114,D3:F4:55:AB:96:20,-57
BLE,1703393220366632531,D3:F4:55:AB:96:20,-66
BLE,1703393220565951061,D3:F4:55:AB:96:20,-72
BLE,1703393220760834640,D3:F4:55:AB:96:20,-71
BLE,1703393220952018012,D3:F4:55:AB:96:20,-52
BLE,1703393221081616999,DF:DF:EE:00:00:04,-40
BLE,1703393221338780205,D3:F4:55:AB:96:20,-68
BLE,1703393221533539828,D3:F4:55:AB:96:20,-57
BLE,1703393222080311872,DF:DF:EE:00:00:04,-35
BLE,1703393222642999152,DF:A6:DC:DC:2E:81,-72
BLE,1703393222643045610,DF:DF:EE:00:00:01,-72
BLE,1703393222881881690,D3:F4:55:AB:96:20,-82
BLE,1703393223076733771,D3:F4:55:AB:96:20,-56
BLE,1703393223084326768,DF:DF:EE:00:00:04,-73
BLE,1703393223548558790,DF:DF:EE:00:00:04,-48
BLE,1703393223647309003,DF:A6:DC:DC:2E:81,-60
BLE,1703393223647326377,DF:DF:EE:00:00:01,-60
BLE,1703393223843991604,D3:F4:55:AB:96:20,-73
BLE,1703393224086636558,DF:DF:EE:00:00:04,-53
BLE,1703393224650579115,DF:A6:DC:DC:2E:81,-72
BLE,1703393224650624198,DF:DF:EE:00:00:01,-72
BLE,1703393224804108414,D3:F4:55:AB:96:20,-67
BLE,1703393225189636913,D3:F4:55:AB:96:20,-57
BLE,1703393225546569904,DF:DF:EE:00:00:04,-50
BLE,1703393225958328188,D3:F4:55:AB:96:20,-57
BLE,1703393226085341372,DF:DF:EE:00:00:04,-36
BLE,1703393226149007274,D3:F4:55:AB:96:20,-52
BLE,1703393226339146949,D3:F4:55:AB:96:20,-56
BLE,1703393226533912030,D3:F4:55:AB:96:20,-53
BLE,1703393226919042659,D3:F4:55:AB:96:20,-67
BLE,1703393227087549079,DF:DF:EE:00:00:04,-72
BLE,1703393227111976802,D3:F4:55:AB:96:20,-57
BLE,1703393227299009388,D3:F4:55:AB:96:20,-51
BLE,1703393227488907691,D3:F4:55:AB:96:20,-56
BLE,1703393227882913385,D3:F4:55:AB:96:20,-52
BLE,1703393228078097253,D3:F4:55:AB:96:20,-57
BLE,1703393228086517866,DF:DF:EE:00:00:04,-36
BLE,1703393228269328957,D3:F4:55:AB:96:20,-68
BLE,1703393228548773911,DF:DF:EE:00:00:04,-40
BLE,1703393228648251115,D3:F4:55:AB:96:20,-67
BLE,1703393228670315656,DF:A6:DC:DC:2E:81,-72
BLE,1703393228670339489,DF:DF:EE:00:00:01,-72
BLE,1703393228843307484,D3:F4:55:AB:96:20,-67
BLE,1703393229086499474,DF:DF:EE:00:00:04,-55
BLE,1703393229546649043,DF:DF:EE:00:00:04,-45
BLE,1703393229610538193,D3:F4:55:AB:96:20,-57
BLE,1703393229798479934,D3:F4:55:AB:96:20,-67
BLE,1703393230084191816,DF:DF:EE:00:00:04,-40
BLE,1703393230193992820,D3:F4:55:AB:96:20,-57
BLE,1703393230379474631,D3:F4:55:AB:96:20,-66
BLE,1703393230539390441,DF:DF:EE:00:00:04,-36
BLE,1703393230576269398,D3:F4:55:AB:96:20,-56
BLE,1703393230683914593,DF:A6:DC:DC:2E:81,-71
BLE,1703393230683935259,DF:DF:EE:00:00:01,-71
BLE,1703393230765794497,D3:F4:55:AB:96:20,-67
BLE,1703393231082014616,DF:DF:EE:00:00:04,-34
BLE,1703393231731888739,D3:F4:55:AB:96:20,-67
BLE,1703393231921220382,D3:F4:55:AB:96:20,-57
BLE,1703393232081623686,DF:DF:EE:00:00:04,-56
BLE,1703393232498876534,D3:F4:55:AB:96:20,-53
BLE,1703393232544204603,DF:DF:EE:00:00:04,-51
BLE,1703393232690834272,DF:A6:DC:DC:2E:81,-61
BLE,1703393232690877854,DF:DF:EE:00:00:01,-61
BLE,1703393233074864413,D3:F4:55:AB:96:20,-72
BLE,1703393233083149985,DF:DF:EE:00:00:04,-52
BLE,1703393233541409701,DF:DF:EE:00:00:04,-53
BLE,1703393234220693324,D3:F4:55:AB:96:20,-72
BLE,1703393234546894871,DF:DF:EE:00:00:04,-51
BLE,1703393234993718966,D3:F4:55:AB:96:20,-66
BLE,1703393235377045115,D3:F4:55:AB:96:20,-67
BLE,1703393235565580559,D3:F4:55:AB:96:20,-57
BLE,1703393235756592682,D3:F4:55:AB:96:20,-67
BLE,1703393236527753263,D3:F4:55:AB:96:20,-68
BLE,1703393236718664513,D3:F4:55:AB:96:20,-57
BLE,1703393236913315178,D3:F4:55:AB:96:20,-71
BLE,1703393237084411528,DF:DF:EE:00:00:04,-46
BLE,1703393237298632930,D3:F4:55:AB:96:20,-71
BLE,1703393237545175965,DF:DF:EE:00:00:04,-53
BLE,1703393237714529876,DF:A6:DC:DC:2E:81,-72
BLE,1703393237714578542,DF:DF:EE:00:00:01,-72
BLE,1703393237874111523,D3:F4:55:AB:96:20,-68
BLE,1703393238255757733,D3:F4:55:AB:96:20,-67
BLE,1703393238445338372,D3:F4:55:AB:96:20,-57
BLE,1703393238634675265,D3:F4:55:AB:96:20,-73
BLE,1703393239083116050,DF:DF:EE:00:00:04,-56
BLE,1703393239980102661,D3:F4:55:AB:96:20,-73
BLE,1703393240565965719,D3:F4:55:AB:96:20,-67
BLE,1703393240736771572,DF:A6:DC:DC:2E:81,-58
BLE,1703393240736809155,DF:DF:EE:00:00:01,-58
BLE,1703393240756558139,D3:F4:55:AB:96:20,-66
BLE,1703393240951788298,D3:F4:55:AB:96:20,-57
BLE,1703393241720729612,D3:F4:55:AB:96:20,-66
BLE,1703393241911336740,D3:F4:55:AB:96:20,-57
BLE,1703393242673165302,D3:F4:55:AB:96:20,-56
BLE,1703393242738853306,DF:A6:DC:DC:2E:81,-58
BLE,1703393242738868598,DF:DF:EE:00:00:01,-58
BLE,1703393243059481667,D3:F4:55:AB:96:20,-72
BLE,1703393243253105511,D3:F4:55:AB:96:20,-52
BLE,1703393243542053064,DF:DF:EE:00:00:04,-35
BLE,1703393243827802196,D3:F4:55:AB:96:20,-73
BLE,1703393244014506785,D3:F4:55:AB:96:20,-74
BLE,1703393245087771020,DF:DF:EE:00:00:04,-56
BLE,1703393245163670117,D3:F4:55:AB:96:20,-66
BLE,1703393245545989527,DF:DF:EE:00:00:04,-35
BLE,1703393245935719562,D3:F4:55:AB:96:20,-62
BLE,1703393246084867703,DF:DF:EE:00:00:04,-35
BLE,1703393246130087898,D3:F4:55:AB:96:20,-66
BLE,1703393246324694147,D3:F4:55:AB:96:20,-68
BLE,1703393246512175852,D3:F4:55:AB:96:20,-66
BLE,1703393246706495772,D3:F4:55:AB:96:20,-68
BLE,1703393246762258097,DF:A6:DC:DC:2E:81,-58
BLE,1703393246762304013,DF:DF:EE:00:00:01,-58
BLE,1703393246895414836,D3:F4:55:AB:96:20,-67
BLE,1703393247474473347,D3:F4:55:AB:96:20,-73
BLE,1703393248046268607,D3:F4:55:AB:96:20,-53
BLE,1703393248087373932,DF:DF:EE:00:00:04,-51
BLE,1703393249082180432,DF:DF:EE:00:00:04,-65
BLE,1703393249202172778,D3:F4:55:AB:96:20,-72
BLE,1703393249545403632,DF:DF:EE:00:00:04,-55
BLE,1703393249595839185,D3:F4:55:AB:96:20,-66
BLE,1703393249772356140,DF:A6:DC:DC:2E:81,-76
BLE,1703393249772399431,DF:DF:EE:00:00:01,-76
BLE,1703393250547982211,DF:DF:EE:00:00:04,-53
BLE,1703393250550029896,D3:F4:55:AB:96:20,-71
BLE,1703393251080802622,DF:DF:EE:00:00:04,-66
BLE,1703393251315238836,D3:F4:55:AB:96:20,-62
BLE,1703393251778246205,DF:A6:DC:DC:2E:81,-59
BLE,1703393251778307205,DF:DF:EE:00:00:01,-59
BLE,1703393251894819674,D3:F4:55:AB:96:20,-67
BLE,1703393252082250005,DF:DF:EE:00:00:04,-66
BLE,1703393252279252769,D3:F4:55:AB:96:20,-71
BLE,1703393252852234640,D3:F4:55:AB:96:20,-72
BLE,1703393253428369309,D3:F4:55:AB:96:20,-57
BLE,1703393254087188165,DF:DF:EE:00:00:04,-52
BLE,1703393254767963146,D3:F4:55:AB:96:20,-57
BLE,1703393255340497481,D3:F4:55:AB:96:20,-56
BLE,1703393255536256259,D3:F4:55:AB:96:20,-67
BLE,1703393255920464565,D3:F4:55:AB:96:20,-67
BLE,1703393256078609895,DF:DF:EE:00:00:04,-50
BLE,1703393256117399913,D3:F4:55:AB:96:20,-57
BLE,1703393256303200179,D3:F4:55:AB:96:20,-62
BLE,1703393256492101368,D3:F4:55:AB:96:20,-57
BLE,1703393256543458327,DF:DF:EE:00:00:04,-72
BLE,1703393257251666372,D3:F4:55:AB:96:20,-71
BLE,1703393257446575118,D3:F4:55:AB:96:20,-52
BLE,1703393257541935827,DF:DF:EE:00:00:04,-50
BLE,1703393257644945783,D3:F4:55:AB:96:20,-71
BLE,1703393258027250110,D3:F4:55:AB:96:20,-57
BLE,1703393258216714876,D3:F4:55:AB:96:20,-67
BLE,1703393258407858915,D3:F4:55:AB:96:20,-91
BLE,1703393258594929542,D3:F4:55:AB:96:20,-52
BLE,1703393258791747266,D3:F4:55:AB:96:20,-79
BLE,1703393259086087550,DF:DF:EE:00:00:04,-73
BLE,1703393259183753150,D3:F4:55:AB:96:20,-63
BLE,1703393259563452299,D3:F4:55:AB:96:20,-66
BLE,1703393259839697538,DF:A6:DC:DC:2E:81,-58
BLE,1703393259839747288,DF:DF:EE:00:00:01,-58
BLE,1703393259944893386,D3:F4:55:AB:96:20,-66
BLE,1703393260135972925,D3:F4:55:AB:96:20,-57
BLE,1703393260328351200,D3:F4:55:AB:96:20,-66
BLE,1703393260713492954,D3:F4:55:AB:96:20,-54
BLE,1703393261085969059,DF:DF:EE:00:00:04,-40
BLE,1703393261094242424,D3:F4:55:AB:96:20,-52
BLE,1703393261854672209,DF:A6:DC:DC:2E:81,-61
BLE,1703393261854718084,DF:DF:EE:00:00:01,-61
BLE,1703393261864376141,D3:F4:55:AB:96:20,-57
BLE,1703393262083533111,DF:DF:EE:00:00:04,-35
BLE,1703393262546926852,DF:DF:EE:00:00:04,-39
BLE,1703393262622996655,D3:F4:55:AB:96:20,-66
BLE,1703393263088458247,DF:DF:EE:00:00:04,-63
BLE,1703393263387203398,D3:F4:55:AB:96:20,-66
BLE,1703393263862113841,DF:A6:DC:DC:2E:81,-58
BLE,1703393263862162048,DF:DF:EE:00:00:01,-58
BLE,1703393264359127241,D3:F4:55:AB:96:20,-66
BLE,1703393264753610888,D3:F4:55:AB:96:20,-72
BLE,1703393264864564129,DF:A6:DC:DC:2E:81,-61
BLE,1703393264864613003,DF:DF:EE:00:00:01,-61
BLE,1703393264949324125,D3:F4:55:AB:96:20,-57
BLE,1703393265078538742,DF:DF:EE:00:00:04,-36
BLE,1703393265338532374,D3:F4:55:AB:96:20,-67
BLE,1703393265529950743,D3:F4:55:AB:96:20,-67
BLE,1703393265723579379,D3:F4:55:AB:96:20,-71
BLE,1703393265864840359,DF:A6:DC:DC:2E:81,-58
BLE,1703393265864895942,DF:DF:EE:00:00:01,-58
BLE,1703393265912298404,D3:F4:55:AB:96:20,-66
BLE,1703393266079222384,DF:DF:EE:00:00:04,-77
BLE,1703393266104199642,D3:F4:55:AB:96:20,-57
BLE,1703393266291809596,D3:F4:55:AB:96:20,-68
BLE,1703393266538165925,DF:DF:EE:00:00:04,-45
BLE,1703393266871008480,DF:A6:DC:DC:2E:81,-60
BLE,1703393266871053605,DF:DF:EE:00:00:01,-60
BLE,1703393267235553092,D3:F4:55:AB:96:20,-53
BLE,1703393267544961789,DF:DF:EE:00:00:04,-51
BLE,1703393267627520227,D3:F4:55:AB:96:20,-56
BLE,1703393267878082133,DF:A6:DC:DC:2E:81,-72
BLE,1703393267878123299,DF:DF:EE:00:00:01,-72
BLE,1703393268009795346,D3:F4:55:AB:96:20,-56
BLE,1703393268082279732,DF:DF:EE:00:00:04,-66
BLE,1703393268199911022,D3:F4:55:AB:96:20,-57
BLE,1703393268542286510,DF:DF:EE:00:00:04,-34
BLE,1703393268768742482,D3:F4:55:AB:96:20,-67
BLE,1703393268882453524,DF:A6:DC:DC:2E:81,-59
BLE,1703393268882475941,DF:DF:EE:00:00:01,-59
BLE,1703393269080576401,DF:DF:EE:00:00:04,-51
BLE,1703393269338810886,D3:F4:55:AB:96:20,-57
BLE,1703393269721037631,D3:F4:55:AB:96:20,-56
BLE,1703393269892199855,DF:A6:DC:DC:2E:81,-68
BLE,1703393269892242563,DF:DF:EE:00:00:01,-68
BLE,1703393269916369122,D3:F4:55:AB:96:20,-53
BLE,1703393271081783228,DF:DF:EE:00:00:04,-35
BLE,1703393272036168187,D3:F4:55:AB:96:20,-57
BLE,1703393272419511294,D3:F4:55:AB:96:20,-73
BLE,1703393272547402717,DF:DF:EE:00:00:04,-52
BLE,1703393272613667174,D3:F4:55:AB:96:20,-67
BLE,1703393272899920966,DF:A6:DC:DC:2E:81,-61
BLE,1703393272899959507,DF:DF:EE:00:00:01,-61
BLE,1703393272998436348,D3:F4:55:AB:96:20,-52
BLE,1703393273079609718,DF:DF:EE:00:00:04,-62
BLE,1703393273189884675,D3:F4:55:AB:96:20,-72
BLE,1703393273574087523,D3:F4:55:AB:96:20,-72
BLE,1703393274543453187,DF:DF:EE:00:00:04,-55
BLE,1703393274912024295,D3:F4:55:AB:96:20,-68
BLE,1703393275102612048,D3:F4:55:AB:96:20,-72
BLE,1703393275542331432,DF:DF:EE:00:00:04,-51
BLE,1703393275690620582,D3:F4:55:AB:96:20,-72
BLE,1703393276264440069,D3:F4:55:AB:96:20,-71
BLE,1703393276539514947,DF:DF:EE:00:00:04,-53
BLE,1703393276839516709,D3:F4:55:AB:96:20,-73
BLE,1703393276930128430,DF:A6:DC:DC:2E:81,-77
BLE,1703393276930167846,DF:DF:EE:00:00:01,-77
BLE,1703393277087819974,DF:DF:EE:00:00:04,-69
BLE,1703393277225180040,D3:F4:55:AB:96:20,-68
BLE,1703393277544939952,DF:DF:EE:00:00:04,-51
BLE,1703393277612663225,D3:F4:55:AB:96:20,-67
BLE,1703393278082045980,DF:DF:EE:00:00:04,-65
BLE,1703393278196951676,D3:F4:55:AB:96:20,-53
BLE,1703393278974197646,D3:F4:55:AB:96:20,-56
BLE,1703393279080815686,DF:DF:EE:00:00:04,-67
BLE,1703393279357411671,D3:F4:55:AB:96:20,-57
BLE,1703393279544057303,DF:DF:EE:00:00:04,-46
BLE,1703393279742599591,D3:F4:55:AB:96:20,-73
BLE,1703393279927907613,D3:F4:55:AB:96:20,-52
BLE,1703393279949794156,DF:A6:DC:DC:2E:81,-58
BLE,1703393279949892155,DF:DF:EE:00:00:01,-58
BLE,1703393280547416873,DF:DF:EE:00:00:04,-40
BLE,1703393280699097943,D3:F4:55:AB:96:20,-57
BLE,1703393280952675064,DF:A6:DC:DC:2E:81,-76
BLE,1703393280952696106,DF:DF:EE:00:00:01,-76
BLE,1703393281079353377,DF:DF:EE:00:00:04,-33
BLE,1703393281082821087,D3:F4:55:AB:96:20,-56
BLE,1703393281466405733,D3:F4:55:AB:96:20,-56
BLE,1703393281657606188,D3:F4:55:AB:96:20,-52
BLE,1703393281854702534,D3:F4:55:AB:96:20,-57
BLE,1703393281953891408,DF:A6:DC:DC:2E:81,-59
BLE,1703393281953947575,DF:DF:EE:00:00:01,-59
BLE,1703393282080141309,DF:DF:EE:00:00:04,-41
BLE,1703393282433954751,D3:F4:55:AB:96:20,-62
BLE,1703393282538321400,DF:DF:EE:00:00:04,-50
BLE,1703393282956310322,DF:A6:DC:DC:2E:81,-61
BLE,1703393282956335614,DF:DF:EE:00:00:01,-61
BLE,1703393283211174930,D3:F4:55:AB:96:20,-62
BLE,1703393283407960279,D3:F4:55:AB:96:20,-57
BLE,1703393283798223266,D3:F4:55:AB:96:20,-52
BLE,1703393284085684795,DF:DF:EE:00:00:04,-40
BLE,1703393284542317737,DF:DF:EE:00:00:04,-45
BLE,1703393284584759839,D3:F4:55:AB:96:20,-66
BLE,1703393284973795923,D3:F4:55:AB:96:20,-57
BLE,1703393285542675008,DF:DF:EE:00:00:04,-69
BLE,1703393285970256738,DF:A6:DC:DC:2E:81,-72
BLE,1703393285970296987,DF:DF:EE:00:00:01,-72
BLE,1703393286121244024,D3:F4:55:AB:96:20,-62
BLE,1703393286543995017,DF:DF:EE:00:00:04,-51
BLE,1703393286884454986,D3:F4:55:AB:96:20,-73
BLE,1703393287082551821,DF:DF:EE:00:00:04,-45
BLE,1703393287545508858,DF:DF:EE:00:00:04,-51
BLE,1703393287649757800,D3:F4:55:AB:96:20,-57
BLE,1703393287837968955,D3:F4:55:AB:96:20,-72
BLE,1703393287973962495,DF:A6:DC:DC:2E:81,-62
BLE,1703393287973997870,DF:DF:EE:00:00:01,-62
BLE,1703393288077021950,DF:DF:EE:00:00:04,-53
BLE,1703393288543549155,DF:DF:EE:00:00:04,-51
BLE,1703393288602553777,D3:F4:55:AB:96:20,-73
BLE,1703393288789930483,D3:F4:55:AB:96:20,-53
BLE,1703393288986841957,D3:F4:55:AB:96:20,-72
BLE,1703393289174188330,D3:F4:55:AB:96:20,-52
BLE,1703393289372426330,D3:F4:55:AB:96:20,-67
BLE,1703393289544699083,DF:DF:EE:00:00:04,-54
BLE,1703393289568041235,D3:F4:55:AB:96:20,-72
BLE,1703393290076172676,DF:DF:EE:00:00:04,-36
BLE,1703393290330306750,D3:F4:55:AB:96:20,-71
BLE,1703393291082606336,DF:DF:EE:00:00:04,-74
BLE,1703393291088347062,D3:F4:55:AB:96:20,-52
BLE,1703393291251580626,DF:A6:DC:DC:2E:81,-62
BLE,1703393291251621334,DF:DF:EE:00:00:01,-62
BLE,1703393291280000220,D3:F4:55:AB:96:20,-71
BLE,1703393291468948159,D3:F4:55:AB:96:20,-67
BLE,1703393291537765961,DF:DF:EE:00:00:04,-50
BLE,1703393292076530263,DF:DF:EE:00:00:04,-36
BLE,1703393292431182154,D3:F4:55:AB:96:20,-57
BLE,1703393292541576817,DF:DF:EE:00:00:04,-62
BLE,1703393292622461899,D3:F4:55:AB:96:20,-56
BLE,1703393292817147898,D3:F4:55:AB:96:20,-62
BLE,1703393293007569737,D3:F4:55:AB:96:20,-57
BLE,1703393293080175537,DF:DF:EE:00:00:04,-64
BLE,1703393294080244561,DF:DF:EE:00:00:04,-51
BLE,1703393294349580421,D3:F4:55:AB:96:20,-52
BLE,1703393295879070102,D3:F4:55:AB:96:20,-68
BLE,1703393296082919997,DF:DF:EE:00:00:04,-50
BLE,1703393296257902552,DF:A6:DC:DC:2E:81,-76
BLE,1703393296257948010,DF:DF:EE:00:00:01,-76
BLE,1703393296544974794,DF:DF:EE:00:00:04,-55
BLE,1703393297028599388,D3:F4:55:AB:96:20,-66
BLE,1703393297254011663,DF:A6:DC:DC:2E:81,-72
BLE,1703393297254067120,DF:DF:EE:00:00:01,-72
BLE,1703393298258350013,DF:A6:DC:DC:2E:81,-61
BLE,1703393298258414846,DF:DF:EE:00:00:01,-61
BLE,1703393298360537145,D3:F4:55:AB:96:20,-57
BLE,1703393298544039937,DF:DF:EE:00:00:04,-53
BLE,1703393298552105887,D3:F4:55:AB:96:20,-57
BLE,1703393299086054910,DF:DF:EE:00:00:04,-53
BLE,1703393299139869383,D3:F4:55:AB:96:20,-69
BLE,1703393299251077329,DF:A6:DC:DC:2E:81,-61
BLE,1703393299251113745,DF:DF:EE:00:00:01,-61
BLE,1703393299906824886,D3:F4:55:AB:96:20,-66
BLE,1703393300081682443,DF:DF:EE:00:00:04,-55
BLE,1703393300537665184,DF:DF:EE:00:00:04,-51
BLE,1703393300672587444,D3:F4:55:AB:96:20,-67
BLE,1703393301249992640,D3:F4:55:AB:96:20,-72
BLE,1703393302083166933,DF:DF:EE:00:00:04,-40
BLE,1703393302249192716,DF:A6:DC:DC:2E:81,-72
BLE,1703393302249229590,DF:DF:EE:00:00:01,-72
BLE,1703393302983592672,D3:F4:55:AB:96:20,-72
BLE,1703393303175275162,D3:F4:55:AB:96:20,-57
BLE,1703393303543250736,DF:DF:EE:00:00:04,-55
BLE,1703393303566797135,D3:F4:55:AB:96:20,-57
BLE,1703393303756243277,D3:F4:55:AB:96:20,-66
BLE,1703393303949129629,D3:F4:55:AB:96:20,-67
BLE,1703393304134968770,D3:F4:55:AB:96:20,-75
BLE,1703393304333209936,D3:F4:55:AB:96:20,-56
BLE,1703393304520382395,D3:F4:55:AB:96:20,-66
BLE,1703393304908549573,D3:F4:55:AB:96:20,-56
BLE,1703393305102862367,D3:F4:55:AB:96:20,-67
BLE,1703393305300444541,D3:F4:55:AB:96:20,-57
BLE,1703393305539206331,DF:DF:EE:00:00:04,-53
BLE,1703393305871796181,D3:F4:55:AB:96:20,-62
BLE,1703393306062846012,D3:F4:55:AB:96:20,-72
BLE,1703393306540164178,DF:DF:EE:00:00:04,-65
BLE,1703393306635183891,D3:F4:55:AB:96:20,-52
BLE,1703393307023062572,D3:F4:55:AB:96:20,-56
BLE,1703393307083814716,DF:DF:EE:00:00:04,-35
BLE,1703393307405076236,D3:F4:55:AB:96:20,-72
BLE,1703393308370305864,D3:F4:55:AB:96:20,-67
BLE,1703393308764328141,D3:F4:55:AB:96:20,-57
BLE,1703393308951217103,D3:F4:55:AB:96:20,-67
BLE,1703393309147815622,D3:F4:55:AB:96:20,-72
BLE,1703393309260140764,DF:A6:DC:DC:2E:81,-61
BLE,1703393309260166055,DF:DF:EE:00:00:01,-61
BLE,1703393309340509435,D3:F4:55:AB:96:20,-62
BLE,1703393309537918194,DF:DF:EE:00:00:04,-36
BLE,1703393309730517300,D3:F4:55:AB:96:20,-73
BLE,1703393309918999202,D3:F4:55:AB:96:20,-66
BLE,1703393310118490063,D3:F4:55:AB:96:20,-73
BLE,1703393310543471489,DF:DF:EE:00:00:04,-40
BLE,1703393310694238486,D3:F4:55:AB:96:20,-73
BLE,1703393310888123327,D3:F4:55:AB:96:20,-52
BLE,1703393311082203832,DF:DF:EE:00:00:04,-56
BLE,1703393311653952260,D3:F4:55:AB:96:20,-67
BLE,1703393312078998685,DF:DF:EE:00:00:04,-51
BLE,1703393312224432951,D3:F4:55:AB:96:20,-57
BLE,1703393312255792387,DF:A6:DC:DC:2E:81,-77
BLE,1703393312255822678,DF:DF:EE:00:00:01,-77
BLE,1703393312600677389,D3:F4:55:AB:96:20,-67
BLE,1703393313083068830,DF:DF:EE:00:00:04,-51
BLE,1703393313545473957,DF:DF:EE:00:00:04,-36
BLE,1703393314340411809,D3:F4:55:AB:96:20,-73
BLE,1703393315086359050,DF:DF:EE:00:00:04,-56
BLE,1703393315255842710,DF:A6:DC:DC:2E:81,-59
BLE,1703393315255898709,DF:DF:EE:00:00:01,-59
BLE,1703393315297024118,D3:F4:55:AB:96:20,-58
BLE,1703393315492546607,D3:F4:55:AB:96:20,-68
BLE,1703393315544123730,DF:DF:EE:00:00:04,-45
BLE,1703393315679297570,D3:F4:55:AB:96:20,-67
BLE,1703393315873751530,D3:F4:55:AB:96:20,-70
BLE,1703393316078311208,DF:DF:EE:00:00:04,-62
BLE,1703393316446294865,D3:F4:55:AB:96:20,-52
BLE,1703393316542014195,DF:DF:EE:00:00:04,-66
BLE,1703393316640699866,D3:F4:55:AB:96:20,-72
BLE,1703393316827468371,D3:F4:55:AB:96:20,-53
BLE,1703393317253201248,DF:A6:DC:DC:2E:81,-73
BLE,1703393317253246164,DF:DF:EE:00:00:01,-73
BLE,1703393317538195846,DF:DF:EE:00:00:04,-63
BLE,1703393317602802071,D3:F4:55:AB:96:20,-56
BLE,1703393317795491967,D3:F4:55:AB:96:20,-52
BLE,1703393317992201401,D3:F4:55:AB:96:20,-72
BLE,1703393318183915892,D3:F4:55:AB:96:20,-56
BLE,1703393318545122167,DF:DF:EE:00:00:04,-53
BLE,1703393318567595995,D3:F4:55:AB:96:20,-71
BLE,1703393318760308391,D3:F4:55:AB:96:20,-52
BLE,1703393319078760943,DF:DF:EE:00:00:04,-45
BLE,1703393319145915931,D3:F4:55:AB:96:20,-65
BLE,1703393319339872188,D3:F4:55:AB:96:20,-57
BLE,1703393319535496176,D3:F4:55:AB:96:20,-71
BLE,1703393319920703637,D3:F4:55:AB:96:20,-57
BLE,1703393320085788013,DF:DF:EE:00:00:04,-51
BLE,1703393320118024064,D3:F4:55:AB:96:20,-62
BLE,1703393321253129597,DF:A6:DC:DC:2E:81,-77
BLE,1703393321253169221,DF:DF:EE:00:00:01,-77
BLE,1703393321476544728,D3:F4:55:AB:96:20,-75
BLE,1703393321666973858,D3:F4:55:AB:96:20,-67
BLE,1703393322054494584,D3:F4:55:AB:96:20,-57
BLE,1703393322260092584,DF:A6:DC:DC:2E:81,-57
BLE,1703393322260134709,DF:DF:EE:00:00:01,-57
BLE,1703393322443908039,D3:F4:55:AB:96:20,-70
BLE,1703393322639268197,D3:F4:55:AB:96:20,-57
BLE,1703393323018982595,D3:F4:55:AB:96:20,-63
BLE,1703393323260767518,DF:A6:DC:DC:2E:81,-58
BLE,1703393323260827600,DF:DF:EE:00:00:01,-58
BLE,1703393323403985850,D3:F4:55:AB:96:20,-72
BLE,1703393323592958581,D3:F4:55:AB:96:20,-57
BLE,1703393323781276193,D3:F4:55:AB:96:20,-52
BLE,1703393323978996699,D3:F4:55:AB:96:20,-72
BLE,1703393324075770350,DF:DF:EE:00:00:04,-51
BLE,1703393324164325054,D3:F4:55:AB:96:20,-82
BLE,1703393324545131273,D3:F4:55:AB:96:20,-63
BLE,1703393324741832957,D3:F4:55:AB:96:20,-73
BLE,1703393324935975878,D3:F4:55:AB:96:20,-71
BLE,1703393325519566171,D3:F4:55:AB:96:20,-73
BLE,1703393325542688075,DF:DF:EE:00:00:04,-37
BLE,1703393325909617994,D3:F4:55:AB:96:20,-61
BLE,1703393326270729062,DF:A6:DC:DC:2E:81,-77
BLE,1703393326270777978,DF:DF:EE:00:00:01,-77
BLE,1703393326488232635,D3:F4:55:AB:96:20,-73
BLE,1703393326677083533,D3:F4:55:AB:96:20,-57
BLE,1703393327060663137,D3:F4:55:AB:96:20,-57
BLE,1703393327077925358,DF:DF:EE:00:00:04,-63
BLE,1703393327448445319,D3:F4:55:AB:96:20,-67
BLE,1703393327539048458,DF:DF:EE:00:00:04,-35
BLE,1703393328035853777,D3:F4:55:AB:96:20,-69
BLE,1703393328077315390,DF:DF:EE:00:00:04,-45
BLE,1703393328228446633,D3:F4:55:AB:96:20,-67
BLE,1703393328279051308,DF:A6:DC:DC:2E:81,-58
BLE,1703393328279095849,DF:DF:EE:00:00:01,-58
BLE,1703393328416105461,D3:F4:55:AB:96:20,-53
BLE,1703393328545270453,DF:DF:EE:00:00:04,-56
BLE,1703393328611134164,D3:F4:55:AB:96:20,-72
BLE,1703393328800568306,D3:F4:55:AB:96:20,-66
BLE,1703393328992733958,D3:F4:55:AB:96:20,-73
BLE,1703393329571510930,D3:F4:55:AB:96:20,-57
BLE,1703393330077870224,DF:DF:EE:00:00:04,-35
BLE,1703393330344070994,D3:F4:55:AB:96:20,-73
BLE,1703393330537022346,D3:F4:55:AB:96:20,-63
BLE,1703393331081107879,DF:DF:EE:00:00:04,-47
BLE,1703393331295972815,DF:A6:DC:DC:2E:81,-71
BLE,1703393331296018565,DF:DF:EE:00:00:01,-71
BLE,1703393331311231225,D3:F4:55:AB:96:20,-72
BLE,1703393331506983670,D3:F4:55:AB:96:20,-57
BLE,1703393331887425977,D3:F4:55:AB:96:20,-71
BLE,1703393332080629159,D3:F4:55:AB:96:20,-53
BLE,1703393332302143020,DF:A6:DC:DC:2E:81,-76
BLE,1703393332302195311,DF:DF:EE:00:00:01,-76
BLE,1703393332535129667,DF:DF:EE:00:00:04,-51
BLE,1703393332660375995,D3:F4:55:AB:96:20,-72
BLE,1703393333074888790,DF:DF:EE:00:00:04,-51
BLE,1703393333231823592,D3:F4:55:AB:96:20,-52
BLE,1703393333310817821,DF:A6:DC:DC:2E:81,-71
BLE,1703393333310846029,DF:DF:EE:00:00:01,-71
BLE,1703393333426886712,D3:F4:55:AB:96:20,-73
BLE,1703393333817096074,D3:F4:55:AB:96:20,-52
BLE,1703393334311488921,DF:A6:DC:DC:2E:81,-58
BLE,1703393334311526379,DF:DF:EE:00:00:01,-58
BLE,1703393334400333829,D3:F4:55:AB:96:20,-63
BLE,1703393334595640946,D3:F4:55:AB:96:20,-72
BLE,1703393334789543120,D3:F4:55:AB:96:20,-56
BLE,1703393335320266263,DF:A6:DC:DC:2E:81,-59
BLE,1703393335320309887,DF:DF:EE:00:00:01,-59
BLE,1703393335361351796,D3:F4:55:AB:96:20,-57
BLE,1703393335543701435,DF:DF:EE:00:00:04,-50
BLE,1703393336135258429,D3:F4:55:AB:96:20,-69
BLE,1703393336323430751,DF:A6:DC:DC:2E:81,-74
BLE,1703393336323481751,DF:DF:EE:00:00:01,-74
BLE,1703393336896461914,D3:F4:55:AB:96:20,-66
BLE,1703393337079812416,DF:DF:EE:00:00:04,-36
BLE,1703393337094429667,D3:F4:55:AB:96:20,-73
BLE,1703393337286731401,D3:F4:55:AB:96:20,-68
BLE,1703393337331115522,DF:A6:DC:DC:2E:81,-62
BLE,1703393337331148230,DF:DF:EE:00:00:01,-62
BLE,1703393337538030090,DF:DF:EE:00:00:04,-53
BLE,1703393338644638488,D3:F4:55:AB:96:20,-73
BLE,1703393339608530006,D3:F4:55:AB:96:20,-71
BLE,1703393340074020472,DF:DF:EE:00:00:04,-51
BLE,1703393340075492831,DF:DF:EE:00:00:04,-53
BLE,1703393340185403667,D3:F4:55:AB:96:20,-53
BLE,1703393340353490509,DF:A6:DC:DC:2E:81,-75
BLE,1703393340353536550,DF:DF:EE:00:00:01,-75
BLE,1703393340375595966,D3:F4:55:AB:96:20,-72
BLE,1703393341077984952,DF:DF:EE:00:00:04,-56
BLE,1703393341361902646,DF:A6:DC:DC:2E:81,-73
BLE,1703393341361962354,DF:DF:EE:00:00:01,-73
BLE,1703393341546310970,D3:F4:55:AB:96:20,-88
BLE,1703393341931016187,D3:F4:55:AB:96:20,-72
BLE,1703393342318634412,D3:F4:55:AB:96:20,-68
BLE,1703393342367163028,DF:A6:DC:DC:2E:81,-58
BLE,1703393342367200069,DF:DF:EE:00:00:01,-58
BLE,1703393342537127724,DF:DF:EE:00:00:04,-56
BLE,1703393342701461650,D3:F4:55:AB:96:20,-83
BLE,1703393343085007422,D3:F4:55:AB:96:20,-67
BLE,1703393344077454074,DF:DF:EE:00:00:04,-50
BLE,1703393344239788606,D3:F4:55:AB:96:20,-57
BLE,1703393344377024007,DF:A6:DC:DC:2E:81,-57
BLE,1703393344377058256,DF:DF:EE:00:00:01,-57
BLE,1703393344540622733,DF:DF:EE:00:00:04,-50
BLE,1703393345014727644,D3:F4:55:AB:96:20,-57
BLE,1703393345200996571,D3:F4:55:AB:96:20,-52
BLE,1703393345394220295,D3:F4:55:AB:96:20,-72
BLE,1703393345539396647,DF:DF:EE:00:00:04,-52
BLE,1703393345775469425,D3:F4:55:AB:96:20,-72
BLE,1703393345970920457,D3:F4:55:AB:96:20,-57
BLE,1703393346353690321,D3:F4:55:AB:96:20,-56
BLE,1703393346548404652,D3:F4:55:AB:96:20,-53
BLE,1703393347130429213,D3:F4:55:AB:96:20,-67
BLE,1703393347321064591,D3:F4:55:AB:96:20,-71
BLE,1703393347542106998,DF:DF:EE:00:00:04,-51
BLE,1703393348083378063,DF:DF:EE:00:00:04,-51
BLE,1703393348277906855,D3:F4:55:AB:96:20,-79
BLE,1703393348464634819,D3:F4:55:AB:96:20,-66
BLE,1703393348658213080,D3:F4:55:AB:96:20,-57
BLE,1703393348845622411,D3:F4:55:AB:96:20,-52
BLE,1703393349394723804,DF:A6:DC:DC:2E:81,-58
BLE,1703393349394764053,DF:DF:EE:00:00:01,-58
BLE,1703393349543648364,DF:DF:EE:00:00:04,-35
BLE,1703393349613282115,D3:F4:55:AB:96:20,-52
BLE,1703393350076085987,DF:DF:EE:00:00:04,-66
BLE,1703393350388531399,D3:F4:55:AB:96:20,-72
BLE,1703393350543411141,DF:DF:EE:00:00:04,-66
BLE,1703393350576100311,D3:F4:55:AB:96:20,-52
BLE,1703393350958871550,D3:F4:55:AB:96:20,-66
BLE,1703393351148956393,D3:F4:55:AB:96:20,-57
BLE,1703393351401217154,DF:A6:DC:DC:2E:81,-60
BLE,1703393351401274529,DF:DF:EE:00:00:01,-60
BLE,1703393351540286451,DF:DF:EE:00:00:04,-63
BLE,1703393352078283136,DF:DF:EE:00:00:04,-62
BLE,1703393352408253474,DF:A6:DC:DC:2E:81,-72
BLE,1703393352408296890,DF:DF:EE:00:00:01,-72
BLE,1703393352543770353,DF:DF:EE:00:00:04,-53
BLE,1703393353063416788,D3:F4:55:AB:96:20,-57
BLE,1703393353075550108,DF:DF:EE:00:00:04,-50
BLE,1703393353416472905,DF:A6:DC:DC:2E:81,-58
BLE,1703393353416491905,DF:DF:EE:00:00:01,-58
BLE,1703393353541453362,DF:DF:EE:00:00:04,-55
BLE,1703393353630720515,D3:F4:55:AB:96:20,-67
BLE,1703393353817654435,D3:F4:55:AB:96:20,-74
BLE,1703393354012049937,D3:F4:55:AB:96:20,-57
BLE,1703393354081047779,DF:DF:EE:00:00:04,-51
BLE,1703393354200464049,D3:F4:55:AB:96:20,-52
BLE,1703393354421041920,DF:A6:DC:DC:2E:81,-70
BLE,1703393354421059170,DF:DF:EE:00:00:01,-70
BLE,1703393354586534250,D3:F4:55:AB:96:20,-67
BLE,1703393355081297801,DF:DF:EE:00:00:04,-45
BLE,1703393355166364627,D3:F4:55:AB:96:20,-66
BLE,1703393355425913556,DF:A6:DC:DC:2E:81,-57
BLE,1703393355425952972,DF:DF:EE:00:00:01,-57
BLE,1703393355537753953,DF:DF:EE:00:00:04,-53
BLE,1703393355553734147,D3:F4:55:AB:96:20,-52
BLE,1703393356427083442,DF:A6:DC:DC:2E:81,-72
BLE,1703393356427135442,DF:DF:EE:00:00:01,-72
BLE,1703393356538106724,DF:DF:EE:00:00:04,-35
BLE,1703393356699816888,D3:F4:55:AB:96:20,-67
BLE,1703393356892255954,D3:F4:55:AB:96:20,-72
BLE,1703393357079999240,D3:F4:55:AB:96:20,-63
BLE,1703393357434933628,DF:A6:DC:DC:2E:81,-72
BLE,1703393357434971586,DF:DF:EE:00:00:01,-72
BLE,1703393357461919946,D3:F4:55:AB:96:20,-62
BLE,1703393357657464644,D3:F4:55:AB:96:20,-67
BLE,1703393357852072351,D3:F4:55:AB:96:20,-71
BLE,1703393358428667223,D3:F4:55:AB:96:20,-52
BLE,1703393358438240990,DF:A6:DC:DC:2E:81,-72
BLE,1703393358438301114,DF:DF:EE:00:00:01,-72
BLE,1703393358538848514,DF:DF:EE:00:00:04,-56
BLE,1703393358620368214,D3:F4:55:AB:96:20,-62
BLE,1703393358813112110,D3:F4:55:AB:96:20,-67
BLE,1703393359082748341,DF:DF:EE:00:00:04,-58
BLE,1703393359195690684,D3:F4:55:AB:96:20,-67
BLE,1703393359441022816,DF:A6:DC:DC:2E:81,-58
BLE,1703393359441066316,DF:DF:EE:00:00:01,-58
BLE,1703393359538973371,DF:DF:EE:00:00:04,-53
BLE,1703393359775318147,D3:F4:55:AB:96:20,-57
BLE,1703393360344579810,D3:F4:55:AB:96:20,-67
BLE,1703393361448754944,DF:A6:DC:DC:2E:81,-58
BLE,1703393361448797110,DF:DF:EE:00:00:01,-58
BLE,1703393361542617046,DF:DF:EE:00:00:04,-54
BLE,1703393361690357035,D3:F4:55:AB:96:20,-52
BLE,1703393362074729131,DF:DF:EE:00:00:04,-51
BLE,1703393362276243052,D3:F4:55:AB:96:20,-52
BLE,1703393362451279440,DF:A6:DC:DC:2E:81,-72
BLE,1703393362451317523,DF:DF:EE:00:00:01,-72
BLE,1703393362467334883,D3:F4:55:AB:96:20,-57
BLE,1703393362540713008,DF:DF:EE:00:00:04,-40
BLE,1703393363083095602,DF:DF:EE:00:00:04,-64
BLE,1703393363228779199,D3:F4:55:AB:96:20,-62
BLE,1703393363458653464,DF:A6:DC:DC:2E:81,-74
BLE,1703393363458690422,DF:DF:EE:00:00:01,-74
BLE,1703393363607285069,D3:F4:55:AB:96:20,-67
BLE,1703393363985858689,D3:F4:55:AB:96:20,-62
BLE,1703393364079928079,DF:DF:EE:00:00:04,-45
BLE,1703393364182744162,D3:F4:55:AB:96:20,-90
BLE,1703393364370821444,D3:F4:55:AB:96:20,-67
BLE,1703393364467384223,DF:A6:DC:DC:2E:81,-57
BLE,1703393364467424514,DF:DF:EE:00:00:01,-57
BLE,1703393364560364960,D3:F4:55:AB:96:20,-62
BLE,1703393364946060707,D3:F4:55:AB:96:20,-56
BLE,1703393365074717288,DF:DF:EE:00:00:04,-37
BLE,1703393365518778915,D3:F4:55:AB:96:20,-66
BLE,1703393365538643231,DF:DF:EE:00:00:04,-50
BLE,1703393365902747723,D3:F4:55:AB:96:20,-66
BLE,1703393366097886133,D3:F4:55:AB:96:20,-62
BLE,1703393366480592039,D3:F4:55:AB:96:20,-56
BLE,1703393366539110292,DF:DF:EE:00:00:04,-52
BLE,1703393366665848270,D3:F4:55:AB:96:20,-52
BLE,1703393367048538593,D3:F4:55:AB:96:20,-52
BLE,1703393367080192609,DF:DF:EE:00:00:04,-45
BLE,1703393367478727002,DF:A6:DC:DC:2E:81,-73
BLE,1703393367478765918,DF:DF:EE:00:00:01,-73
BLE,1703393367538839778,DF:DF:EE:00:00:04,-62
BLE,1703393368008407365,D3:F4:55:AB:96:20,-72
BLE,1703393368081410578,DF:DF:EE:00:00:04,-51
BLE,1703393368194016800,D3:F4:55:AB:96:20,-65
BLE,1703393368535948960,DF:DF:EE:00:00:04,-45
BLE,1703393368774356004,D3:F4:55:AB:96:20,-56
BLE,1703393368963274026,D3:F4:55:AB:96:20,-67
BLE,1703393369158959347,D3:F4:55:AB:96:20,-72
BLE,1703393369483665453,DF:A6:DC:DC:2E:81,-72
BLE,1703393369483710744,DF:DF:EE:00:00:01,-72
BLE,1703393369539269280,DF:DF:EE:00:00:04,-56
BLE,1703393369737055869,D3:F4:55:AB:96:20,-56
BLE,1703393369927738663,D3:F4:55:AB:96:20,-66
BLE,1703393370078857281,DF:DF:EE:00:00:04,-56
BLE,1703393370124552471,D3:F4:55:AB:96:20,-70
BLE,1703393370700624182,D3:F4:55:AB:96:20,-56
BLE,1703393370889752577,D3:F4:55:AB:96:20,-72
BLE,1703393371074577021,DF:DF:EE:00:00:04,-49
BLE,1703393371078958179,D3:F4:55:AB:96:20,-63
BLE,1703393371461589670,D3:F4:55:AB:96:20,-67
BLE,1703393371542294337,DF:DF:EE:00:00:04,-56
BLE,1703393371655869673,D3:F4:55:AB:96:20,-72
BLE,1703393371844175285,D3:F4:55:AB:96:20,-52
BLE,1703393372226257782,D3:F4:55:AB:96:20,-52
BLE,1703393372492938213,DF:A6:DC:DC:2E:81,-73
BLE,1703393372492982463,DF:DF:EE:00:00:01,-73
BLE,1703393372541187082,DF:DF:EE:00:00:04,-36
BLE,1703393372611539076,D3:F4:55:AB:96:20,-57
BLE,1703393373076767545,DF:DF:EE:00:00:04,-51
BLE,1703393373498271677,DF:A6:DC:DC:2E:81,-76
BLE,1703393373498331468,DF:DF:EE:00:00:01,-76
BLE,1703393373571427555,D3:F4:55:AB:96:20,-77
BLE,1703393373770671669,D3:F4:55:AB:96:20,-72
BLE,1703393373961327338,D3:F4:55:AB:96:20,-56
BLE,1703393374082453338,DF:DF:EE:00:00:04,-56
BLE,1703393374151365598,D3:F4:55:AB:96:20,-72
BLE,1703393374339829250,D3:F4:55:AB:96:20,-62
BLE,1703393374505599036,DF:A6:DC:DC:2E:81,-57
BLE,1703393374505648160,DF:DF:EE:00:00:01,-57
BLE,1703393374721409044,D3:F4:55:AB:96:20,-53
BLE,1703393375508246697,DF:A6:DC:DC:2E:81,-58
BLE,1703393375508294988,DF:DF:EE:00:00:01,-58
BLE,1703393375693732258,D3:F4:55:AB:96:20,-56
BLE,1703393376068459338,D3:F4:55:AB:96:20,-52
BLE,1703393376077730983,DF:DF:EE:00:00:04,-54
BLE,1703393376263699039,D3:F4:55:AB:96:20,-68
BLE,1703393376536634566,DF:DF:EE:00:00:04,-40
BLE,1703393376639358358,D3:F4:55:AB:96:20,-72
BLE,1703393376828308589,D3:F4:55:AB:96:20,-68
BLE,1703393377022599967,D3:F4:55:AB:96:20,-71
BLE,1703393377074278797,DF:DF:EE:00:00:04,-56
BLE,1703393377213502258,D3:F4:55:AB:96:20,-57
BLE,1703393377401622456,D3:F4:55:AB:96:20,-53
BLE,1703393377533286545,DF:DF:EE:00:00:04,-51
BLE,1703393377784217989,D3:F4:55:AB:96:20,-62
BLE,1703393378079818842,DF:DF:EE:00:00:04,-65
BLE,1703393378173632069,D3:F4:55:AB:96:20,-56
BLE,1703393378531252426,DF:A6:DC:DC:2E:81,-57
BLE,1703393378531314967,DF:DF:EE:00:00:01,-57
BLE,1703393378537483897,DF:DF:EE:00:00:04,-62
BLE,1703393378944947856,D3:F4:55:AB:96:20,-68
BLE,1703393379711501697,D3:F4:55:AB:96:20,-72
BLE,1703393379903780389,D3:F4:55:AB:96:20,-57
BLE,1703393380097613481,D3:F4:55:AB:96:20,-67
BLE,1703393380296295017,D3:F4:55:AB:96:20,-57
BLE,1703393381067912842,D3:F4:55:AB:96:20,-67
BLE,1703393381074374561,DF:DF:EE:00:00:04,-53
BLE,1703393381260966318,D3:F4:55:AB:96:20,-70
BLE,1703393381543987522,DF:DF:EE:00:00:04,-54
BLE,1703393381831487259,D3:F4:55:AB:96:20,-66
BLE,1703393382076087441,DF:DF:EE:00:00:04,-35
BLE,1703393382223956721,D3:F4:55:AB:96:20,-56
BLE,1703393382541669240,DF:DF:EE:00:00:04,-56
BLE,1703393382550429265,DF:A6:DC:DC:2E:81,-73
BLE,1703393382550445848,DF:DF:EE:00:00:01,-73
BLE,1703393383076133715,DF:DF:EE:00:00:04,-53
BLE,1703393383183607662,D3:F4:55:AB:96:20,-66
BLE,1703393383376633096,D3:F4:55:AB:96:20,-67
BLE,1703393383542115593,DF:DF:EE:00:00:04,-51
BLE,1703393383570283898,D3:F4:55:AB:96:20,-57
BLE,1703393383951148742,D3:F4:55:AB:96:20,-56
BLE,1703393384140800006,D3:F4:55:AB:96:20,-70
BLE,1703393384326686771,D3:F4:55:AB:96:20,-67
BLE,1703393384516904070,D3:F4:55:AB:96:20,-56
BLE,1703393384558518098,DF:A6:DC:DC:2E:81,-57
BLE,1703393384558535889,DF:DF:EE:00:00:01,-57
BLE,1703393384711737859,D3:F4:55:AB:96:20,-52
BLE,1703393385099164419,D3:F4:55:AB:96:20,-71
BLE,1703393385537913648,DF:DF:EE:00:00:04,-69
BLE,1703393385563609731,DF:A6:DC:DC:2E:81,-58
BLE,1703393385563637773,DF:DF:EE:00:00:01,-58
BLE,1703393385679119337,D3:F4:55:AB:96:20,-67
BLE,1703393386542100292,DF:DF:EE:00:00:04,-52
BLE,1703393387027745238,D3:F4:55:AB:96:20,-66
BLE,1703393387542478687,DF:DF:EE:00:00:04,-40
BLE,1703393387801329041,D3:F4:55:AB:96:20,-72
BLE,1703393387994748137,D3:F4:55:AB:96:20,-53
BLE,1703393388194009417,D3:F4:55:AB:96:20,-57
BLE,1703393388535357834,DF:DF:EE:00:00:04,-34
BLE,1703393388759125253,D3:F4:55:AB:96:20,-52
BLE,1703393388956625719,D3:F4:55:AB:96:20,-57
BLE,1703393389078848665,DF:DF:EE:00:00:04,-35
BLE,1703393389347905028,D3:F4:55:AB:96:20,-63
BLE,1703393389537553584,D3:F4:55:AB:96:20,-56
BLE,1703393390305080497,D3:F4:55:AB:96:20,-72
BLE,1703393390536899282,DF:DF:EE:00:00:04,-51
BLE,1703393390585062444,DF:A6:DC:DC:2E:81,-59
BLE,1703393390585099902,DF:DF:EE:00:00:01,-59
BLE,1703393391541293299,DF:DF:EE:00:00:04,-51
BLE,1703393391849156346,D3:F4:55:AB:96:20,-62
BLE,1703393392234785636,D3:F4:55:AB:96:20,-57
BLE,1703393392541446113,DF:DF:EE:00:00:04,-52
BLE,1703393392615014653,D3:F4:55:AB:96:20,-71
BLE,1703393393583210789,D3:F4:55:AB:96:20,-73
BLE,1703393394080539436,DF:DF:EE:00:00:04,-53
BLE,1703393394538102201,DF:DF:EE:00:00:04,-73
BLE,1703393394736640364,D3:F4:55:AB:96:20,-72
BLE,1703393394924842019,D3:F4:55:AB:96:20,-53
BLE,1703393395120493923,D3:F4:55:AB:96:20,-74
BLE,1703393395602735367,DF:A6:DC:DC:2E:81,-58
BLE,1703393395602801866,DF:DF:EE:00:00:01,-58
BLE,1703393395701724201,D3:F4:55:AB:96:20,-72
BLE,1703393396074596177,DF:DF:EE:00:00:04,-51
BLE,1703393396852995634,D3:F4:55:AB:96:20,-72
BLE,1703393397624389920,D3:F4:55:AB:96:20,-66
BLE,1703393397817601269,D3:F4:55:AB:96:20,-57
BLE,1703393398008274604,D3:F4:55:AB:96:20,-68
BLE,1703393398079379297,DF:DF:EE:00:00:04,-52
BLE,1703393398393490607,D3:F4:55:AB:96:20,-67
BLE,1703393398542642039,DF:DF:EE:00:00:04,-55
BLE,1703393398617163568,DF:A6:DC:DC:2E:81,-73
BLE,1703393398617223984,DF:DF:EE:00:00:01,-73
BLE,1703393398983209080,D3:F4:55:AB:96:20,-72
BLE,1703393399540963416,DF:DF:EE:00:00:04,-45
BLE,1703393399744481648,D3:F4:55:AB:96:20,-63
BLE,1703393399941929365,D3:F4:55:AB:96:20,-53
BLE,1703393400079728468,DF:DF:EE:00:00:04,-51
BLE,1703393400911755649,D3:F4:55:AB:96:20,-52
BLE,1703393401076813609,DF:DF:EE:00:00:04,-53
BLE,1703393401107030391,D3:F4:55:AB:96:20,-57
BLE,1703393401295367961,D3:F4:55:AB:96:20,-52
BLE,1703393401488461145,D3:F4:55:AB:96:20,-57
BLE,1703393401623428321,DF:A6:DC:DC:2E:81,-77
BLE,1703393401623468279,DF:DF:EE:00:00:01,-77
BLE,1703393401674613157,D3:F4:55:AB:96:20,-53
BLE,1703393402060959855,D3:F4:55:AB:96:20,-69
BLE,1703393402076270431,DF:DF:EE:00:00:04,-72
BLE,1703393402532682167,DF:DF:EE:00:00:04,-46
BLE,1703393402628050751,DF:A6:DC:DC:2E:81,-57
BLE,1703393402628089793,DF:DF:EE:00:00:01,-57
BLE,1703393402837568332,D3:F4:55:AB:96:20,-72
BLE,1703393403032086957,D3:F4:55:AB:96:20,-57
BLE,1703393403421969074,D3:F4:55:AB:96:20,-57
BLE,1703393403534641128,DF:DF:EE:00:00:04,-73
BLE,1703393403807766153,D3:F4:55:AB:96:20,-67
BLE,1703393404195412795,D3:F4:55:AB:96:20,-53
BLE,1703393404536023554,DF:DF:EE:00:00:04,-65
BLE,1703393404966482084,D3:F4:55:AB:96:20,-57
BLE,1703393405075707845,DF:DF:EE:00:00:04,-51
BLE,1703393405157977119,D3:F4:55:AB:96:20,-72
BLE,1703393405345964110,D3:F4:55:AB:96:20,-52
BLE,1703393405740762629,D3:F4:55:AB:96:20,-72
BLE,1703393406651016089,DF:A6:DC:DC:2E:81,-72
BLE,1703393406651057630,DF:DF:EE:00:00:01,-72
BLE,1703393406700702192,D3:F4:55:AB:96:20,-57
BLE,1703393407086660978,D3:F4:55:AB:96:20,-72
BLE,1703393407534150732,DF:DF:EE:00:00:04,-52
BLE,1703393408083041752,DF:DF:EE:00:00:04,-72
BLE,1703393408244013841,D3:F4:55:AB:96:20,-66
BLE,1703393409406873518,D3:F4:55:AB:96:20,-74
BLE,1703393409534702817,DF:DF:EE:00:00:04,-53
BLE,1703393409595460960,D3:F4:55:AB:96:20,-53
BLE,1703393409665693538,DF:A6:DC:DC:2E:81,-58
BLE,1703393409665736246,DF:DF:EE:00:00:01,-58
BLE,1703393409986503189,D3:F4:55:AB:96:20,-71
BLE,1703393410079101512,DF:DF:EE:00:00:04,-53
BLE,1703393410759073670,D3:F4:55:AB:96:20,-73
BLE,1703393410950342957,D3:F4:55:AB:96:20,-53
BLE,1703393411341748764,D3:F4:55:AB:96:20,-72
BLE,1703393411530612746,D3:F4:55:AB:96:20,-53
BLE,1703393411914579554,D3:F4:55:AB:96:20,-66
BLE,1703393412073584666,DF:DF:EE:00:00:04,-51
BLE,1703393412534096481,DF:DF:EE:00:00:04,-40
BLE,1703393412862333880,D3:F4:55:AB:96:20,-53
BLE,1703393413626786537,D3:F4:55:AB:96:20,-68
BLE,1703393414075553568,DF:DF:EE:00:00:04,-65
BLE,1703393414191907206,D3:F4:55:AB:96:20,-57
BLE,1703393414775140919,D3:F4:55:AB:96:20,-67
BLE,1703393414970439494,D3:F4:55:AB:96:20,-67
BLE,1703393415073309201,DF:DF:EE:00:00:04,-53
BLE,1703393415156765004,D3:F4:55:AB:96:20,-69
BLE,1703393415350902342,D3:F4:55:AB:96:20,-56
BLE,1703393415535175959,DF:DF:EE:00:00:04,-36
BLE,1703393415697395034,DF:A6:DC:DC:2E:81,-73
BLE,1703393415697436909,DF:DF:EE:00:00:01,-73
BLE,1703393416076311567,DF:DF:EE:00:00:04,-35
BLE,1703393416124530686,D3:F4:55:AB:96:20,-67
BLE,1703393416318003532,D3:F4:55:AB:96:20,-67
BLE,1703393416541793867,DF:DF:EE:00:00:04,-39
BLE,1703393417088622452,D3:F4:55:AB:96:20,-52
BLE,1703393417536593450,DF:DF:EE:00:00:04,-35
BLE,1703393417855786994,D3:F4:55:AB:96:20,-52
BLE,1703393418240025341,D3:F4:55:AB:96:20,-53
BLE,1703393418430960507,D3:F4:55:AB:96:20,-71
BLE,1703393418543908642,DF:DF:EE:00:00:04,-63
BLE,1703393418619401827,D3:F4:55:AB:96:20,-66
BLE,1703393418811738560,D3:F4:55:AB:96:20,-92
BLE,1703393419002641102,D3:F4:55:AB:96:20,-68
BLE,1703393419381530593,D3:F4:55:AB:96:20,-67
BLE,1703393420076956783,DF:DF:EE:00:00:04,-72
BLE,1703393421071875824,DF:DF:EE:00:00:04,-45
BLE,1703393421103063636,D3:F4:55:AB:96:20,-71
BLE,1703393422066803614,D3:F4:55:AB:96:20,-57
BLE,1703393422261909275,D3:F4:55:AB:96:20,-65
BLE,1703393422532102583,DF:DF:EE:00:00:04,-46
BLE,1703393422840495624,D3:F4:55:AB:96:20,-67
BLE,1703393423030072472,D3:F4:55:AB:96:20,-53
BLE,1703393423534288666,DF:DF:EE:00:00:04,-52
BLE,1703393424388145849,D3:F4:55:AB:96:20,-71
BLE,1703393424537142991,DF:DF:EE:00:00:04,-34
BLE,1703393426080454058,DF:DF:EE:00:00:04,-72
BLE,1703393426110492758,D3:F4:55:AB:96:20,-67
BLE,1703393426301595339,D3:F4:55:AB:96:20,-56
BLE,1703393426539558722,DF:DF:EE:00:00:04,-50
BLE,1703393426684090664,D3:F4:55:AB:96:20,-71
BLE,1703393427073994197,DF:DF:EE:00:00:04,-72
BLE,1703393427262305768,D3:F4:55:AB:96:20,-68
BLE,1703393427542135675,DF:DF:EE:00:00:04,-56
BLE,1703393428030189552,D3:F4:55:AB:96:20,-56
BLE,1703393428797165930,D3:F4:55:AB:96:20,-56
BLE,1703393429075317440,DF:DF:EE:00:00:04,-51
BLE,1703393429379956607,D3:F4:55:AB:96:20,-62
BLE,1703393429764187079,D3:F4:55:AB:96:20,-71
BLE,1703393429789689581,DF:A6:DC:DC:2E:81,-62
BLE,1703393429789706248,DF:DF:EE:00:00:01,-62
BLE,1703393429957604967,D3:F4:55:AB:96:20,-54
BLE,1703393430079421084,DF:DF:EE:00:00:04,-53
BLE,1703393430337388323,D3:F4:55:AB:96:20,-57
BLE,1703393430536793768,DF:DF:EE:00:00:04,-56
BLE,1703393430715294325,D3:F4:55:AB:96:20,-56
BLE,1703393430792080829,DF:A6:DC:DC:2E:81,-59
BLE,1703393430792122620,DF:DF:EE:00:00:01,-59
BLE,1703393430903567105,D3:F4:55:AB:96:20,-63
BLE,1703393431074753995,DF:DF:EE:00:00:04,-40
BLE,1703393431096705788,D3:F4:55:AB:96:20,-56
BLE,1703393431289264602,D3:F4:55:AB:96:20,-62
BLE,1703393431485219336,D3:F4:55:AB:96:20,-73
BLE,1703393432055162534,D3:F4:55:AB:96:20,-53
BLE,1703393432056712766,D3:F4:55:AB:96:20,-57
BLE,1703393432072698793,DF:DF:EE:00:00:04,-51
BLE,1703393432246079242,D3:F4:55:AB:96:20,-72
BLE,1703393432542000300,DF:DF:EE:00:00:04,-64
BLE,1703393432630537503,D3:F4:55:AB:96:20,-72
BLE,1703393433078390753,DF:DF:EE:00:00:04,-56
BLE,1703393433580011018,D3:F4:55:AB:96:20,-53
BLE,1703393433772830246,D3:F4:55:AB:96:20,-56
BLE,1703393434160895841,D3:F4:55:AB:96:20,-57
BLE,1703393434352444751,D3:F4:55:AB:96:20,-71
BLE,1703393434547510578,D3:F4:55:AB:96:20,-62
BLE,1703393434934972764,D3:F4:55:AB:96:20,-52
BLE,1703393435070255687,DF:DF:EE:00:00:04,-36
BLE,1703393435125115564,D3:F4:55:AB:96:20,-57
BLE,1703393435509899696,D3:F4:55:AB:96:20,-56
BLE,1703393435890932413,D3:F4:55:AB:96:20,-67
BLE,1703393436267500639,D3:F4:55:AB:96:20,-71
BLE,1703393436539066682,DF:DF:EE:00:00:04,-53
BLE,1703393436655537026,D3:F4:55:AB:96:20,-60
BLE,1703393436825516639,DF:A6:DC:DC:2E:81,-58
BLE,1703393436825536305,DF:DF:EE:00:00:01,-58
BLE,1703393436843037315,D3:F4:55:AB:96:20,-53
BLE,1703393437534463800,DF:DF:EE:00:00:04,-63
BLE,1703393437609899361,D3:F4:55:AB:96:20,-52
BLE,1703393437807290745,D3:F4:55:AB:96:20,-68
BLE,1703393437997388171,D3:F4:55:AB:96:20,-71
BLE,1703393438072816315,DF:DF:EE:00:00:04,-56
BLE,1703393438193793567,D3:F4:55:AB:96:20,-52
BLE,1703393438385563307,D3:F4:55:AB:96:20,-71
BLE,1703393438537352709,DF:DF:EE:00:00:04,-53
BLE,1703393438579314066,D3:F4:55:AB:96:20,-52
BLE,1703393438834197714,DF:A6:DC:DC:2E:81,-72
BLE,1703393438834237797,DF:DF:EE:00:00:01,-72
BLE,1703393439070493532,DF:DF:EE:00:00:04,-50
BLE,1703393439163156439,D3:F4:55:AB:96:20,-62
BLE,1703393439549351764,D3:F4:55:AB:96:20,-56
BLE,1703393440510896100,D3:F4:55:AB:96:20,-67
BLE,1703393440533542301,DF:DF:EE:00:00:04,-52
BLE,1703393441074566285,DF:DF:EE:00:00:04,-51
BLE,1703393441092468582,D3:F4:55:AB:96:20,-69
BLE,1703393441284685400,D3:F4:55:AB:96:20,-71
BLE,1703393441477283381,D3:F4:55:AB:96:20,-52
BLE,1703393441532354256,DF:DF:EE:00:00:04,-37
BLE,1703393441673498529,D3:F4:55:AB:96:20,-56
BLE,1703393441852045669,DF:A6:DC:DC:2E:81,-76
BLE,1703393441852071544,DF:DF:EE:00:00:01,-76
BLE,1703393442081392982,DF:DF:EE:00:00:04,-66
BLE,1703393442258898009,D3:F4:55:AB:96:20,-72
BLE,1703393442642545655,D3:F4:55:AB:96:20,-57
BLE,1703393442835059303,D3:F4:55:AB:96:20,-57
BLE,1703393443024735525,D3:F4:55:AB:96:20,-72
BLE,1703393443078727162,DF:DF:EE:00:00:04,-35
BLE,1703393443213077512,D3:F4:55:AB:96:20,-64
BLE,1703393443407019311,D3:F4:55:AB:96:20,-67
BLE,1703393444534904426,DF:DF:EE:00:00:04,-55
BLE,1703393444740916129,D3:F4:55:AB:96:20,-53
BLE,1703393444938834508,D3:F4:55:AB:96:20,-72
BLE,1703393445073986015,DF:DF:EE:00:00:04,-72
BLE,1703393445515011343,D3:F4:55:AB:96:20,-56
BLE,1703393445531066202,DF:DF:EE:00:00:04,-34
BLE,1703393445707301535,D3:F4:55:AB:96:20,-67
BLE,1703393445897032923,D3:F4:55:AB:96:20,-73
BLE,1703393446087054517,D3:F4:55:AB:96:20,-70
BLE,1703393446274442015,D3:F4:55:AB:96:20,-68
BLE,1703393446535701174,DF:DF:EE:00:00:04,-41
BLE,1703393446667530928,D3:F4:55:AB:96:20,-72
BLE,1703393446879654812,DF:A6:DC:DC:2E:81,-58
BLE,1703393446879699186,DF:DF:EE:00:00:01,-58
BLE,1703393447072643788,DF:DF:EE:00:00:04,-72
BLE,1703393447535220538,DF:DF:EE:00:00:04,-51
BLE,1703393447814966279,D3:F4:55:AB:96:20,-72
BLE,1703393448079066157,DF:DF:EE:00:00:04,-39
BLE,1703393448201399060,D3:F4:55:AB:96:20,-73
BLE,1703393449157946536,D3:F4:55:AB:96:20,-56
BLE,1703393449352970364,D3:F4:55:AB:96:20,-52
BLE,1703393449738411364,D3:F4:55:AB:96:20,-62
BLE,1703393449932787366,D3:F4:55:AB:96:20,-72
BLE,1703393450079704865,DF:DF:EE:00:00:04,-53
BLE,1703393450541328917,DF:DF:EE:00:00:04,-63
BLE,1703393450902262445,D3:F4:55:AB:96:20,-73
BLE,1703393451090582558,D3:F4:55:AB:96:20,-75
BLE,1703393451474892529,D3:F4:55:AB:96:20,-56
BLE,1703393451537022324,DF:DF:EE:00:00:04,-66
BLE,1703393452050942657,D3:F4:55:AB:96:20,-57
BLE,1703393452075634544,DF:DF:EE:00:00:04,-35
BLE,1703393452242367235,D3:F4:55:AB:96:20,-56
BLE,1703393452533009102,DF:DF:EE:00:00:04,-65
BLE,1703393453074383791,DF:DF:EE:00:00:04,-53
BLE,1703393453533611787,DF:DF:EE:00:00:04,-56
BLE,1703393453586182482,D3:F4:55:AB:96:20,-68
BLE,1703393453917178558,DF:A6:DC:DC:2E:81,-76
BLE,1703393453917218183,DF:DF:EE:00:00:01,-76
BLE,1703393453972181559,D3:F4:55:AB:96:20,-71
BLE,1703393454074164276,DF:DF:EE:00:00:04,-70
BLE,1703393454536807192,DF:DF:EE:00:00:04,-52
BLE,1703393454548288062,D3:F4:55:AB:96:20,-72
BLE,1703393454742559565,D3:F4:55:AB:96:20,-57
BLE,1703393454918249779,DF:A6:DC:DC:2E:81,-71
BLE,1703393454918294320,DF:DF:EE:00:00:01,-71
BLE,1703393454934334138,D3:F4:55:AB:96:20,-52
BLE,1703393455318856024,D3:F4:55:AB:96:20,-67
BLE,1703393455510261268,D3:F4:55:AB:96:20,-56
BLE,1703393455699934115,D3:F4:55:AB:96:20,-67
BLE,1703393455926031299,DF:A6:DC:DC:2E:81,-74
BLE,1703393455926071507,DF:DF:EE:00:00:01,-74
BLE,1703393456081446618,D3:F4:55:AB:96:20,-66
BLE,1703393456280819272,D3:F4:55:AB:96:20,-57
BLE,1703393456530518188,DF:DF:EE:00:00:04,-51
BLE,1703393456662608397,D3:F4:55:AB:96:20,-57
BLE,1703393456859708909,D3:F4:55:AB:96:20,-60
BLE,1703393457056131597,D3:F4:55:AB:96:20,-72
BLE,1703393457822054070,D3:F4:55:AB:96:20,-71
BLE,1703393457940108105,DF:A6:DC:DC:2E:81,-61
BLE,1703393457940128938,DF:DF:EE:00:00:01,-61
BLE,1703393458076734887,DF:DF:EE:00:00:04,-66
BLE,1703393458600143988,D3:F4:55:AB:96:20,-66
BLE,1703393458942258105,DF:A6:DC:DC:2E:81,-58
BLE,1703393458942281271,DF:DF:EE:00:00:01,-58
BLE,1703393459533748725,DF:DF:EE:00:00:04,-50
BLE,1703393459558121115,D3:F4:55:AB:96:20,-56
BLE,1703393459934710674,D3:F4:55:AB:96:20,-57
BLE,1703393459952138143,DF:A6:DC:DC:2E:81,-58
BLE,1703393459952166017,DF:DF:EE:00:00:01,-58
BLE,1703393460324873453,D3:F4:55:AB:96:20,-67
BLE,1703393460539083730,DF:DF:EE:00:00:04,-65
BLE,1703393460708248310,D3:F4:55:AB:96:20,-56
BLE,1703393460903467136,D3:F4:55:AB:96:20,-71
BLE,1703393461530451978,DF:DF:EE:00:00:04,-64
BLE,1703393461672521699,D3:F4:55:AB:96:20,-56
BLE,1703393463012742528,D3:F4:55:AB:96:20,-53
BLE,1703393463540278791,DF:DF:EE:00:00:04,-37
BLE,1703393463774732630,D3:F4:55:AB:96:20,-67
BLE,1703393463977708951,DF:A6:DC:DC:2E:81,-58
BLE,1703393463977754742,DF:DF:EE:00:00:01,-58
BLE,1703393464073033285,DF:DF:EE:00:00:04,-51
BLE,1703393464158022154,D3:F4:55:AB:96:20,-68
BLE,1703393464542739621,D3:F4:55:AB:96:20,-67
BLE,1703393465113100022,D3:F4:55:AB:96:20,-71
BLE,1703393465496506795,D3:F4:55:AB:96:20,-72
BLE,1703393465876799562,D3:F4:55:AB:96:20,-71
BLE,1703393466072867628,DF:DF:EE:00:00:04,-36
BLE,1703393466851102295,D3:F4:55:AB:96:20,-72
BLE,1703393467622525539,D3:F4:55:AB:96:20,-66
BLE,1703393468972454883,D3:F4:55:AB:96:20,-67
BLE,1703393469078960925,DF:DF:EE:00:00:04,-73
BLE,1703393469355428828,D3:F4:55:AB:96:20,-67
BLE,1703393469736158840,D3:F4:55:AB:96:20,-72
BLE,1703393470073004392,DF:DF:EE:00:00:04,-41
BLE,1703393470110881712,D3:F4:55:AB:96:20,-71
BLE,1703393470535581183,DF:DF:EE:00:00:04,-53
BLE,1703393471030349526,DF:A6:DC:DC:2E:81,-72
BLE,1703393471030407150,DF:DF:EE:00:00:01,-72
BLE,1703393471062722616,D3:F4:55:AB:96:20,-57
BLE,1703393471260351248,D3:F4:55:AB:96:20,-72
BLE,1703393471450479340,D3:F4:55:AB:96:20,-52
BLE,1703393471534426179,DF:DF:EE:00:00:04,-56
BLE,1703393471834081320,D3:F4:55:AB:96:20,-66
BLE,1703393472071101046,DF:DF:EE:00:00:04,-63
BLE,1703393472529542842,DF:DF:EE:00:00:04,-46
BLE,1703393472612667899,D3:F4:55:AB:96:20,-62
BLE,1703393473002579140,D3:F4:55:AB:96:20,-53
BLE,1703393473042916765,DF:A6:DC:DC:2E:81,-76
BLE,1703393473042932515,DF:DF:EE:00:00:01,-76
BLE,1703393473194865332,D3:F4:55:AB:96:20,-73
BLE,1703393473382608618,D3:F4:55:AB:96:20,-66
BLE,1703393473534396395,DF:DF:EE:00:00:04,-50
BLE,1703393474535546323,DF:DF:EE:00:00:04,-65
BLE,1703393475077928459,DF:DF:EE:00:00:04,-53
BLE,1703393475498680642,D3:F4:55:AB:96:20,-66
BLE,1703393475540382127,DF:DF:EE:00:00:04,-55
BLE,1703393475697943338,D3:F4:55:AB:96:20,-72
BLE,1703393476075240972,DF:DF:EE:00:00:04,-55
BLE,1703393476270395591,D3:F4:55:AB:96:20,-57
BLE,1703393476655891507,D3:F4:55:AB:96:20,-56
BLE,1703393477232030967,D3:F4:55:AB:96:20,-68
BLE,1703393477426868173,D3:F4:55:AB:96:20,-73
BLE,1703393477537970328,DF:DF:EE:00:00:04,-63
BLE,1703393477615328700,D3:F4:55:AB:96:20,-52
BLE,1703393477998127272,D3:F4:55:AB:96:20,-69
BLE,1703393478071753353,DF:A6:DC:DC:2E:81,-73
BLE,1703393478071798561,DF:DF:EE:00:00:01,-73
BLE,1703393478079503348,DF:DF:EE:00:00:04,-50
BLE,1703393478187423290,D3:F4:55:AB:96:20,-73
BLE,1703393478569242331,D3:F4:55:AB:96:20,-57
BLE,1703393478945667517,D3:F4:55:AB:96:20,-75
BLE,1703393479079363624,DF:A6:DC:DC:2E:81,-74
BLE,1703393479079412457,DF:DF:EE:00:00:01,-74
BLE,1703393479326579902,D3:F4:55:AB:96:20,-66
BLE,1703393479912970871,D3:F4:55:AB:96:20,-53
BLE,1703393480084069512,DF:A6:DC:DC:2E:81,-77
BLE,1703393480084110137,DF:DF:EE:00:00:01,-77
BLE,1703393480109952802,D3:F4:55:AB:96:20,-53
BLE,1703393480299164404,D3:F4:55:AB:96:20,-56
BLE,1703393480489242122,D3:F4:55:AB:96:20,-72
BLE,1703393480534667564,DF:DF:EE:00:00:04,-51
BLE,1703393481070898853,D3:F4:55:AB:96:20,-57
BLE,1703393481266042638,D3:F4:55:AB:96:20,-57
BLE,1703393481461308297,D3:F4:55:AB:96:20,-75
BLE,1703393481533572143,DF:DF:EE:00:00:04,-45
BLE,1703393481842611510,D3:F4:55:AB:96:20,-66
BLE,1703393482040409849,D3:F4:55:AB:96:20,-79
BLE,1703393482090529405,DF:A6:DC:DC:2E:81,-73
BLE,1703393482090544988,DF:DF:EE:00:00:01,-73
BLE,1703393482233892194,D3:F4:55:AB:96:20,-71
BLE,1703393482533179131,DF:DF:EE:00:00:04,-66
BLE,1703393482810716439,D3:F4:55:AB:96:20,-53
BLE,1703393483008418778,D3:F4:55:AB:96:20,-72
BLE,1703393483070082537,DF:DF:EE:00:00:04,-52
BLE,1703393483200016478,D3:F4:55:AB:96:20,-46
BLE,1703393483538559761,DF:DF:EE:00:00:04,-52
BLE,1703393483577639526,D3:F4:55:AB:96:20,-52
BLE,1703393483968845252,D3:F4:55:AB:96:20,-72
BLE,1703393484734660101,D3:F4:55:AB:96:20,-73
BLE,1703393484926509674,D3:F4:55:AB:96:20,-52
BLE,1703393485075431942,DF:DF:EE:00:00:04,-39
BLE,1703393485312809039,D3:F4:55:AB:96:20,-53
BLE,1703393485699470400,D3:F4:55:AB:96:20,-62
BLE,1703393485888402131,D3:F4:55:AB:96:20,-73
BLE,1703393486848235611,D3:F4:55:AB:96:20,-57
BLE,1703393487070109843,DF:DF:EE:00:00:04,-53
BLE,1703393487108078204,DF:A6:DC:DC:2E:81,-58
BLE,1703393487108094829,DF:DF:EE:00:00:01,-58
BLE,1703393487813080993,D3:F4:55:AB:96:20,-56
BLE,1703393488006415299,D3:F4:55:AB:96:20,-74
BLE,1703393488195550735,D3:F4:55:AB:96:20,-56
BLE,1703393488391593427,D3:F4:55:AB:96:20,-53
BLE,1703393488540107950,DF:DF:EE:00:00:04,-39
BLE,1703393489069769604,DF:DF:EE:00:00:04,-35
BLE,1703393489170581585,D3:F4:55:AB:96:20,-72
BLE,1703393489531841860,DF:DF:EE:00:00:04,-57
BLE,1703393489554671017,D3:F4:55:AB:96:20,-73
BLE,1703393490123982139,DF:A6:DC:DC:2E:81,-58
BLE,1703393490124036555,DF:DF:EE:00:00:01,-58
BLE,1703393490328691232,D3:F4:55:AB:96:20,-52
BLE,1703393490530193736,DF:DF:EE:00:00:04,-45
BLE,1703393490708231382,D3:F4:55:AB:96:20,-52
BLE,1703393491072002837,DF:DF:EE:00:00:04,-66
BLE,1703393491490555294,D3:F4:55:AB:96:20,-68
BLE,1703393491538421459,DF:DF:EE:00:00:04,-66
BLE,1703393491675979481,D3:F4:55:AB:96:20,-67
BLE,1703393491867491724,D3:F4:55:AB:96:20,-56
BLE,1703393492060710906,D3:F4:55:AB:96:20,-53
BLE,1703393492074785413,DF:DF:EE:00:00:04,-73
BLE,1703393492539197642,DF:DF:EE:00:00:04,-53
BLE,1703393492638406182,D3:F4:55:AB:96:20,-72
BLE,1703393492826894710,D3:F4:55:AB:96:20,-52
BLE,1703393493020150933,D3:F4:55:AB:96:20,-67
BLE,1703393493140659565,DF:A6:DC:DC:2E:81,-72
BLE,1703393493140677773,DF:DF:EE:00:00:01,-72
BLE,1703393493210434981,D3:F4:55:AB:96:20,-69
BLE,1703393493532172829,DF:DF:EE:00:00:04,-66
BLE,1703393493588169569,D3:F4:55:AB:96:20,-67
BLE,1703393494532908054,DF:DF:EE:00:00:04,-35
BLE,1703393494547887551,D3:F4:55:AB:96:20,-71
BLE,1703393494735314673,D3:F4:55:AB:96:20,-64
BLE,1703393495118242202,D3:F4:55:AB:96:20,-62
BLE,1703393495314280060,D3:F4:55:AB:96:20,-83
BLE,1703393495700420219,D3:F4:55:AB:96:20,-57
BLE,1703393496086454171,D3:F4:55:AB:96:20,-62
BLE,1703393496532883270,DF:DF:EE:00:00:04,-72
BLE,1703393497238364638,D3:F4:55:AB:96:20,-66
BLE,1703393497529592749,DF:DF:EE:00:00:04,-52
BLE,1703393497811269635,D3:F4:55:AB:96:20,-57
BLE,1703393498006107257,D3:F4:55:AB:96:20,-57
BLE,1703393498163572636,DF:A6:DC:DC:2E:81,-57
BLE,1703393498163614344,DF:DF:EE:00:00:01,-57
BLE,1703393498530922717,DF:DF:EE:00:00:04,-73
BLE,1703393498771106907,D3:F4:55:AB:96:20,-56
BLE,1703393499070657632,DF:DF:EE:00:00:04,-72
BLE,1703393499164590733,D3:F4:55:AB:96:20,-67
BLE,1703393499167811988,DF:A6:DC:DC:2E:81,-73
BLE,1703393499167828779,DF:DF:EE:00:00:01,-73
BLE,1703393499950048484,D3:F4:55:AB:96:20,-73
BLE,1703393500173057619,DF:A6:DC:DC:2E:81,-61
BLE,1703393500173087244,DF:DF:EE:00:00:01,-61
BLE,1703393500522930732,D3:F4:55:AB:96:20,-66
BLE,1703393500536091082,DF:DF:EE:00:00:04,-56
BLE,1703393500716822156,D3:F4:55:AB:96:20,-72
BLE,1703393501072993113,DF:DF:EE:00:00:04,-40
BLE,1703393501105102957,D3:F4:55:AB:96:20,-69
BLE,1703393501176692061,DF:A6:DC:DC:2E:81,-74
BLE,1703393501176730102,DF:DF:EE:00:00:01,-74
BLE,1703393501178165086,DF:A6:DC:DC:2E:81,-74
BLE,1703393501178192836,DF:DF:EE:00:00:01,-74
BLE,1703393501872893451,D3:F4:55:AB:96:20,-67
BLE,1703393502067983945,D3:F4:55:AB:96:20,-72
BLE,1703393502070502624,DF:DF:EE:00:00:04,-51
BLE,1703393502535899800,DF:DF:EE:00:00:04,-56
BLE,1703393503018538780,D3:F4:55:AB:96:20,-67
BLE,1703393503076126335,DF:DF:EE:00:00:04,-72
BLE,1703393503400296239,D3:F4:55:AB:96:20,-53
BLE,1703393503973588315,D3:F4:55:AB:96:20,-73
BLE,1703393504194861970,DF:A6:DC:DC:2E:81,-73
BLE,1703393504194912970,DF:DF:EE:00:00:01,-73
BLE,1703393505508736141,D3:F4:55:AB:96:20,-68
BLE,1703393505534283851,DF:DF:EE:00:00:04,-57
BLE,1703393505694542573,D3:F4:55:AB:96:20,-67
BLE,1703393505883643052,D3:F4:55:AB:96:20,-71
BLE,1703393506073565355,D3:F4:55:AB:96:20,-57
BLE,1703393506266170002,D3:F4:55:AB:96:20,-71
BLE,1703393506842342920,D3:F4:55:AB:96:20,-53
BLE,1703393507200529105,DF:A6:DC:DC:2E:81,-73
BLE,1703393507200578563,DF:DF:EE:00:00:01,-73
BLE,1703393507536683081,DF:DF:EE:00:00:04,-40
BLE,1703393507618183114,D3:F4:55:AB:96:20,-72
BLE,1703393507996399280,D3:F4:55:AB:96:20,-71
BLE,1703393508385616570,D3:F4:55:AB:96:20,-73
BLE,1703393508531189918,DF:DF:EE:00:00:04,-66
BLE,1703393508578631380,D3:F4:55:AB:96:20,-63
BLE,1703393509074048131,DF:DF:EE:00:00:04,-51
BLE,1703393509158451840,D3:F4:55:AB:96:20,-53
BLE,1703393509218486742,DF:A6:DC:DC:2E:81,-61
BLE,1703393509218501492,DF:DF:EE:00:00:01,-61
BLE,1703393509735559331,D3:F4:55:AB:96:20,-73
BLE,1703393509924659227,D3:F4:55:AB:96:20,-52
BLE,1703393510306934179,D3:F4:55:AB:96:20,-66
BLE,1703393510504289314,D3:F4:55:AB:96:20,-57
BLE,1703393510532883281,DF:DF:EE:00:00:04,-35
BLE,1703393511075860618,DF:DF:EE:00:00:04,-51
BLE,1703393511463380720,D3:F4:55:AB:96:20,-71
BLE,1703393512069220218,DF:DF:EE:00:00:04,-53
BLE,1703393512415620412,D3:F4:55:AB:96:20,-70
BLE,1703393512609673292,D3:F4:55:AB:96:20,-73
BLE,1703393512802979848,D3:F4:55:AB:96:20,-67
BLE,1703393513232791595,DF:A6:DC:DC:2E:81,-59
BLE,1703393513232842886,DF:DF:EE:00:00:01,-59
BLE,1703393513949155839,D3:F4:55:AB:96:20,-67
BLE,1703393514238562845,DF:A6:DC:DC:2E:81,-76
BLE,1703393514238614261,DF:DF:EE:00:00:01,-76
BLE,1703393514334391924,D3:F4:55:AB:96:20,-67
BLE,1703393514530179660,DF:DF:EE:00:00:04,-51
BLE,1703393514908078204,D3:F4:55:AB:96:20,-73
BLE,1703393515069630162,DF:DF:EE:00:00:04,-56
BLE,1703393515104182187,D3:F4:55:AB:96:20,-52
BLE,1703393515298621938,D3:F4:55:AB:96:20,-73
BLE,1703393515493660183,D3:F4:55:AB:96:20,-72
BLE,1703393515691676727,D3:F4:55:AB:96:20,-57
BLE,1703393516245967561,DF:A6:DC:DC:2E:81,-59
BLE,1703393516246031435,DF:DF:EE:00:00:01,-59
BLE,1703393516532000689,DF:DF:EE:00:00:04,-65
BLE,1703393516651482208,D3:F4:55:AB:96:20,-52
BLE,1703393516848843384,D3:F4:55:AB:96:20,-57
BLE,1703393517231243461,D3:F4:55:AB:96:20,-72
BLE,1703393517424603516,D3:F4:55:AB:96:20,-62
BLE,1703393517531842715,DF:DF:EE:00:00:04,-51
BLE,1703393517802281479,D3:F4:55:AB:96:20,-52
BLE,1703393517993572683,D3:F4:55:AB:96:20,-60
BLE,1703393518074541097,DF:DF:EE:00:00:04,-58
BLE,1703393518529964428,DF:DF:EE:00:00:04,-37
BLE,1703393518569405564,D3:F4:55:AB:96:20,-53
BLE,1703393518948452886,D3:F4:55:AB:96:20,-52
BLE,1703393519077143926,DF:DF:EE:00:00:04,-72
BLE,1703393519266147364,DF:A6:DC:DC:2E:81,-73
BLE,1703393519266188530,DF:DF:EE:00:00:01,-73
BLE,1703393519524930426,D3:F4:55:AB:96:20,-68
BLE,1703393519535361891,DF:DF:EE:00:00:04,-65
BLE,1703393519712232217,D3:F4:55:AB:96:20,-53
BLE,1703393520071443682,DF:DF:EE:00:00:04,-45
BLE,1703393520091469454,D3:F4:55:AB:96:20,-68
BLE,1703393520271076249,DF:A6:DC:DC:2E:81,-76
BLE,1703393520271118665,DF:DF:EE:00:00:01,-76
BLE,1703393520536309280,DF:DF:EE:00:00:04,-40
BLE,1703393520673750303,D3:F4:55:AB:96:20,-68
BLE,1703393521068626280,DF:DF:EE:00:00:04,-53
BLE,1703393521241090322,D3:F4:55:AB:96:20,-67
BLE,1703393521536187973,DF:DF:EE:00:00:04,-35
BLE,1703393521821168197,D3:F4:55:AB:96:20,-72
BLE,1703393522009348769,D3:F4:55:AB:96:20,-52
BLE,1703393522068852385,DF:DF:EE:00:00:04,-50
BLE,1703393522277786305,DF:A6:DC:DC:2E:81,-59
BLE,1703393522277890929,DF:DF:EE:00:00:01,-59
BLE,1703393522531257553,DF:DF:EE:00:00:04,-53
BLE,1703393522781220716,D3:F4:55:AB:96:20,-62
BLE,1703393522976491375,D3:F4:55:AB:96:20,-52
BLE,1703393523071850584,DF:DF:EE:00:00:04,-53
BLE,1703393523358837327,D3:F4:55:AB:96:20,-66
BLE,1703393523533779383,DF:DF:EE:00:00:04,-55
BLE,1703393523549160583,D3:F4:55:AB:96:20,-72
BLE,1703393523738242104,D3:F4:55:AB:96:20,-52
BLE,1703393524075904146,DF:DF:EE:00:00:04,-35
BLE,1703393524123595480,D3:F4:55:AB:96:20,-66
BLE,1703393524293087223,DF:A6:DC:DC:2E:81,-61
BLE,1703393524293107347,DF:DF:EE:00:00:01,-61
BLE,1703393524532057594,DF:DF:EE:00:00:04,-51
BLE,1703393524886038576,D3:F4:55:AB:96:20,-52
BLE,1703393525069049665,DF:DF:EE:00:00:04,-44
BLE,1703393525268077739,D3:F4:55:AB:96:20,-68
BLE,1703393525298475561,DF:A6:DC:DC:2E:81,-57
BLE,1703393525298491228,DF:DF:EE:00:00:01,-57
BLE,1703393525536148822,DF:DF:EE:00:00:04,-51
BLE,1703393525833952983,D3:F4:55:AB:96:20,-52
BLE,1703393526409546575,D3:F4:55:AB:96:20,-72
BLE,1703393526598757344,D3:F4:55:AB:96:20,-60
BLE,1703393526796193270,D3:F4:55:AB:96:20,-72
BLE,1703393526982293616,D3:F4:55:AB:96:20,-82
BLE,1703393527175347300,D3:F4:55:AB:96:20,-57
BLE,1703393527308557913,DF:A6:DC:DC:2E:81,-76
BLE,1703393527308576329,DF:DF:EE:00:00:01,-76
BLE,1703393527365642973,D3:F4:55:AB:96:20,-52
BLE,1703393527536941029,DF:DF:EE:00:00:04,-55
BLE,1703393528712141856,D3:F4:55:AB:96:20,-68
BLE,1703393528906506650,D3:F4:55:AB:96:20,-67
BLE,1703393529075034862,DF:DF:EE:00:00:04,-50
BLE,1703393529102522467,D3:F4:55:AB:96:20,-57
BLE,1703393529320082873,DF:A6:DC:DC:2E:81,-72
BLE,1703393529320121247,DF:DF:EE:00:00:01,-72
BLE,1703393529530299112,DF:DF:EE:00:00:04,-52
BLE,1703393530062502488,D3:F4:55:AB:96:20,-52
BLE,1703393530258558804,D3:F4:55:AB:96:20,-73
BLE,1703393530446336881,D3:F4:55:AB:96:20,-62
BLE,1703393530832034545,D3:F4:55:AB:96:20,-52
BLE,1703393531024439777,D3:F4:55:AB:96:20,-57
BLE,1703393531212259062,D3:F4:55:AB:96:20,-52
BLE,1703393531406139945,D3:F4:55:AB:96:20,-72
BLE,1703393531794144291,D3:F4:55:AB:96:20,-67
BLE,1703393532070764485,DF:DF:EE:00:00:04,-54
BLE,1703393532179505042,D3:F4:55:AB:96:20,-67
BLE,1703393532529278072,DF:DF:EE:00:00:04,-55
BLE,1703393532563030689,D3:F4:55:AB:96:20,-78
BLE,1703393532950508708,D3:F4:55:AB:96:20,-71
BLE,1703393533147045268,D3:F4:55:AB:96:20,-52
BLE,1703393533345752346,DF:A6:DC:DC:2E:81,-58
BLE,1703393533345771554,DF:DF:EE:00:00:01,-58
BLE,1703393534693525799,D3:F4:55:AB:96:20,-72
BLE,1703393534881902869,D3:F4:55:AB:96:20,-52
BLE,1703393535261274563,D3:F4:55:AB:96:20,-52
BLE,1703393535365025593,DF:A6:DC:DC:2E:81,-76
BLE,1703393535365042843,DF:DF:EE:00:00:01,-76
BLE,1703393535450323792,D3:F4:55:AB:96:20,-57
BLE,1703393535530264468,DF:DF:EE:00:00:04,-34
BLE,1703393536226075195,D3:F4:55:AB:96:20,-68
BLE,1703393536369304111,DF:A6:DC:DC:2E:81,-73
BLE,1703393536369327486,DF:DF:EE:00:00:01,-73
BLE,1703393537386561565,D3:F4:55:AB:96:20,-72
BLE,1703393537580245117,D3:F4:55:AB:96:20,-65
BLE,1703393537959019484,D3:F4:55:AB:96:20,-83
BLE,1703393538075126583,DF:DF:EE:00:00:04,-46
BLE,1703393538920518029,D3:F4:55:AB:96:20,-67
BLE,1703393539077230250,DF:DF:EE:00:00:04,-39
BLE,1703393539116662553,D3:F4:55:AB:96:20,-57
BLE,1703393539497907809,D3:F4:55:AB:96:20,-71
BLE,1703393540071532756,DF:DF:EE:00:00:04,-55
BLE,1703393540261283394,D3:F4:55:AB:96:20,-57
BLE,1703393540646505188,D3:F4:55:AB:96:20,-57
BLE,1703393540840181657,D3:F4:55:AB:96:20,-66
BLE,1703393541222927187,D3:F4:55:AB:96:20,-67
BLE,1703393541616943632,D3:F4:55:AB:96:20,-56
BLE,1703393542391608131,D3:F4:55:AB:96:20,-66
BLE,1703393543163380412,D3:F4:55:AB:96:20,-71
BLE,1703393543931445695,D3:F4:55:AB:96:20,-73
BLE,1703393544319044129,D3:F4:55:AB:96:20,-73
BLE,1703393544408963358,DF:A6:DC:DC:2E:81,-74
BLE,1703393544409005482,DF:DF:EE:00:00:01,-74
BLE,1703393544529232743,DF:DF:EE:00:00:04,-36
BLE,1703393544705269411,D3:F4:55:AB:96:20,-68
BLE,1703393545084976893,D3:F4:55:AB:96:20,-56
BLE,1703393545274695448,D3:F4:55:AB:96:20,-68
BLE,1703393545407779146,DF:A6:DC:DC:2E:81,-72
BLE,1703393545407821437,DF:DF:EE:00:00:01,-72
BLE,1703393545854498492,D3:F4:55:AB:96:20,-68
BLE,1703393547014740490,D3:F4:55:AB:96:20,-73
BLE,1703393547401222645,D3:F4:55:AB:96:20,-76
BLE,1703393547424460798,DF:A6:DC:DC:2E:81,-61
BLE,1703393547424507630,DF:DF:EE:00:00:01,-61
BLE,1703393548155279169,D3:F4:55:AB:96:20,-67
BLE,1703393548423383501,DF:A6:DC:DC:2E:81,-69
BLE,1703393548423444084,DF:DF:EE:00:00:01,-69
BLE,1703393548531161194,DF:DF:EE:00:00:04,-56
BLE,1703393548740338028,D3:F4:55:AB:96:20,-66
BLE,1703393549134186516,D3:F4:55:AB:96:20,-71
BLE,1703393549323071748,D3:F4:55:AB:96:20,-52
BLE,1703393549529458238,DF:DF:EE:00:00:04,-36
BLE,1703393549531020346,DF:DF:EE:00:00:04,-64
BLE,1703393549709683984,D3:F4:55:AB:96:20,-67
BLE,1703393550066060939,DF:DF:EE:00:00:04,-46
BLE,1703393550090270290,D3:F4:55:AB:96:20,-67
BLE,1703393550439684074,DF:A6:DC:DC:2E:81,-61
BLE,1703393550439735490,DF:DF:EE:00:00:01,-61
BLE,1703393550473953393,D3:F4:55:AB:96:20,-52
BLE,1703393550533358677,DF:DF:EE:00:00:04,-40
BLE,1703393551056589821,D3:F4:55:AB:96:20,-68
BLE,1703393551447591467,D3:F4:55:AB:96:20,-56
BLE,1703393552025147411,D3:F4:55:AB:96:20,-68
BLE,1703393552419764724,D3:F4:55:AB:96:20,-56
BLE,1703393552611456631,D3:F4:55:AB:96:20,-52
BLE,1703393553074129463,DF:DF:EE:00:00:04,-55
BLE,1703393553529250297,DF:DF:EE:00:00:04,-52
BLE,1703393553576534636,D3:F4:55:AB:96:20,-52
BLE,1703393554070327489,DF:DF:EE:00:00:04,-66
BLE,1703393554354203642,D3:F4:55:AB:96:20,-72
BLE,1703393554528996033,DF:DF:EE:00:00:04,-41
BLE,1703393554738025911,D3:F4:55:AB:96:20,-57
BLE,1703393555075190834,DF:DF:EE:00:00:04,-73
BLE,1703393555890025335,D3:F4:55:AB:96:20,-73
BLE,1703393557076567409,DF:DF:EE:00:00:04,-74
BLE,1703393557806085379,D3:F4:55:AB:96:20,-68
BLE,1703393558069679887,DF:DF:EE:00:00:04,-55
BLE,1703393558578934690,D3:F4:55:AB:96:20,-71
BLE,1703393558769311612,D3:F4:55:AB:96:20,-57
BLE,1703393559541304142,D3:F4:55:AB:96:20,-52
BLE,1703393561072079767,DF:DF:EE:00:00:04,-35
BLE,1703393561656987795,D3:F4:55:AB:96:20,-68
BLE,1703393562044106526,D3:F4:55:AB:96:20,-71
BLE,1703393562421746656,D3:F4:55:AB:96:20,-68
BLE,1703393563003435178,D3:F4:55:AB:96:20,-52
BLE,1703393563492038633,DF:A6:DC:DC:2E:81,-76
BLE,1703393563492089049,DF:DF:EE:00:00:01,-76
BLE,1703393564719216870,D3:F4:55:AB:96:20,-71
BLE,1703393565067341877,DF:DF:EE:00:00:04,-56
BLE,1703393565102353855,D3:F4:55:AB:96:20,-62
BLE,1703393565482213918,D3:F4:55:AB:96:20,-67
BLE,1703393565501616698,DF:A6:DC:DC:2E:81,-72
BLE,1703393565501651948,DF:DF:EE:00:00:01,-72
BLE,1703393565525763174,DF:DF:EE:00:00:04,-46
BLE,1703393565876535443,D3:F4:55:AB:96:20,-72
BLE,1703393566071527063,D3:F4:55:AB:96:20,-73
BLE,1703393566454305510,D3:F4:55:AB:96:20,-57
BLE,1703393566504650522,DF:A6:DC:DC:2E:81,-76
BLE,1703393566504666521,DF:DF:EE:00:00:01,-76
BLE,1703393566839652594,D3:F4:55:AB:96:20,-56
BLE,1703393567028509076,D3:F4:55:AB:96:20,-68
BLE,1703393567074114350,DF:DF:EE:00:00:04,-34
BLE,1703393567218863665,D3:F4:55:AB:96:20,-56
BLE,1703393567409938746,D3:F4:55:AB:96:20,-56
BLE,1703393567597427160,D3:F4:55:AB:96:20,-67
BLE,1703393567789460939,D3:F4:55:AB:96:20,-56
BLE,1703393567977515846,D3:F4:55:AB:96:20,-66
BLE,1703393568509113104,DF:A6:DC:DC:2E:81,-77
BLE,1703393568509140812,DF:DF:EE:00:00:01,-77
BLE,1703393568531705972,DF:DF:EE:00:00:04,-64
BLE,1703393568542420601,D3:F4:55:AB:96:20,-74
BLE,1703393568737002434,D3:F4:55:AB:96:20,-68
BLE,1703393568926656906,D3:F4:55:AB:96:20,-56
BLE,1703393569070038862,DF:DF:EE:00:00:04,-51
BLE,1703393569118231690,D3:F4:55:AB:96:20,-72
BLE,1703393569307518208,D3:F4:55:AB:96:20,-53
BLE,1703393569502283747,D3:F4:55:AB:96:20,-56
BLE,1703393569515913593,DF:A6:DC:DC:2E:81,-57
BLE,1703393569515927759,DF:DF:EE:00:00:01,-57
BLE,1703393569534984710,DF:DF:EE:00:00:04,-52
BLE,1703393569693015707,D3:F4:55:AB:96:20,-71
BLE,1703393569882788637,D3:F4:55:AB:96:20,-57
BLE,1703393570266035578,D3:F4:55:AB:96:20,-72
BLE,1703393570451456224,D3:F4:55:AB:96:20,-52
BLE,1703393570642630096,D3:F4:55:AB:96:20,-72
BLE,1703393570834573792,D3:F4:55:AB:96:20,-66
BLE,1703393571221758022,D3:F4:55:AB:96:20,-57
BLE,1703393571613073081,D3:F4:55:AB:96:20,-56
BLE,1703393571801692356,D3:F4:55:AB:96:20,-53
BLE,1703393571996482354,D3:F4:55:AB:96:20,-57
BLE,1703393572187564935,D3:F4:55:AB:96:20,-63
BLE,1703393572523250458,DF:A6:DC:DC:2E:81,-58
BLE,1703393572523296333,DF:DF:EE:00:00:01,-58
BLE,1703393572954729936,D3:F4:55:AB:96:20,-71
BLE,1703393573074608283,DF:DF:EE:00:00:04,-63
BLE,1703393573151237205,D3:F4:55:AB:96:20,-52
BLE,1703393573536632706,D3:F4:55:AB:96:20,-64
BLE,1703393573923331275,D3:F4:55:AB:96:20,-71
BLE,1703393574068708917,DF:DF:EE:00:00:04,-72
BLE,1703393574311552827,D3:F4:55:AB:96:20,-67
BLE,1703393574504285389,D3:F4:55:AB:96:20,-69
BLE,1703393574530586549,DF:DF:EE:00:00:04,-66
BLE,1703393574892000614,D3:F4:55:AB:96:20,-62
BLE,1703393575064326949,DF:DF:EE:00:00:04,-35
BLE,1703393575530714531,DF:DF:EE:00:00:04,-55
BLE,1703393575543283763,DF:A6:DC:DC:2E:81,-57
BLE,1703393575543306429,DF:DF:EE:00:00:01,-57
BLE,1703393575850660524,D3:F4:55:AB:96:20,-52
BLE,1703393576068780673,DF:DF:EE:00:00:04,-63
BLE,1703393576232171194,D3:F4:55:AB:96:20,-62
BLE,1703393576429008043,D3:F4:55:AB:96:20,-79
BLE,1703393576544472774,DF:A6:DC:DC:2E:81,-76
BLE,1703393576544490566,DF:DF:EE:00:00:01,-76
BLE,1703393576615646008,D3:F4:55:AB:96:20,-67
BLE,1703393577000272601,D3:F4:55:AB:96:20,-68
BLE,1703393577192963997,D3:F4:55:AB:96:20,-56
BLE,1703393577387679328,D3:F4:55:AB:96:20,-71
BLE,1703393577553399614,DF:A6:DC:DC:2E:81,-76
BLE,1703393577553441364,DF:DF:EE:00:00:01,-76
BLE,1703393577964955234,D3:F4:55:AB:96:20,-52
BLE,1703393578066410833,DF:DF:EE:00:00:04,-54
BLE,1703393578350584649,D3:F4:55:AB:96:20,-52
BLE,1703393578542163558,D3:F4:55:AB:96:20,-72
BLE,1703393578736898723,D3:F4:55:AB:96:20,-57
BLE,1703393579068132171,DF:DF:EE:00:00:04,-51
BLE,1703393579317060179,D3:F4:55:AB:96:20,-67
BLE,1703393579511736719,D3:F4:55:AB:96:20,-91
BLE,1703393579564760701,DF:A6:DC:DC:2E:81,-72
BLE,1703393579564826909,DF:DF:EE:00:00:01,-72
BLE,1703393579704719071,D3:F4:55:AB:96:20,-63
BLE,1703393579900656180,D3:F4:55:AB:96:20,-52
BLE,1703393580071715280,DF:DF:EE:00:00:04,-40
BLE,1703393580097241324,D3:F4:55:AB:96:20,-73
BLE,1703393580530725320,DF:DF:EE:00:00:04,-36
BLE,1703393580572600178,DF:A6:DC:DC:2E:81,-61
BLE,1703393580572647011,DF:DF:EE:00:00:01,-61
BLE,1703393581071736263,DF:DF:EE:00:00:04,-35
BLE,1703393581446131305,D3:F4:55:AB:96:20,-72
BLE,1703393581532335202,DF:DF:EE:00:00:04,-53
BLE,1703393581577474481,DF:A6:DC:DC:2E:81,-57
BLE,1703393581577499439,DF:DF:EE:00:00:01,-57
BLE,1703393582029640015,D3:F4:55:AB:96:20,-72
BLE,1703393582064082999,DF:DF:EE:00:00:04,-45
BLE,1703393582219510610,D3:F4:55:AB:96:20,-66
BLE,1703393582408875252,D3:F4:55:AB:96:20,-71
BLE,1703393582580764843,DF:A6:DC:DC:2E:81,-59
BLE,1703393582580803384,DF:DF:EE:00:00:01,-59
BLE,1703393582599730128,D3:F4:55:AB:96:20,-68
BLE,1703393582796210606,D3:F4:55:AB:96:20,-57
BLE,1703393583536894907,DF:DF:EE:00:00:04,-39
BLE,1703393583589091982,DF:A6:DC:DC:2E:81,-73
BLE,1703393583589106815,DF:DF:EE:00:00:01,-73
BLE,1703393583952779812,D3:F4:55:AB:96:20,-67
BLE,1703393584064412378,DF:DF:EE:00:00:04,-45
BLE,1703393584149471163,D3:F4:55:AB:96:20,-67
BLE,1703393584342263641,D3:F4:55:AB:96:20,-73
BLE,1703393584529741221,DF:DF:EE:00:00:04,-63
BLE,1703393585067136247,DF:DF:EE:00:00:04,-63
BLE,1703393585104451865,D3:F4:55:AB:96:20,-56
BLE,1703393585484638591,D3:F4:55:AB:96:20,-63
BLE,1703393585524800677,DF:DF:EE:00:00:04,-35
BLE,1703393586057743086,D3:F4:55:AB:96:20,-73
BLE,1703393586064534676,DF:DF:EE:00:00:04,-51
BLE,1703393586530280181,DF:DF:EE:00:00:04,-41
BLE,1703393586608511418,DF:A6:DC:DC:2E:81,-59
BLE,1703393586608549335,DF:DF:EE:00:00:01,-59
BLE,1703393587069787433,DF:DF:EE:00:00:04,-62
BLE,1703393587199706833,D3:F4:55:AB:96:20,-56
BLE,1703393587526829328,DF:DF:EE:00:00:04,-36
BLE,1703393587587344058,D3:F4:55:AB:96:20,-57
BLE,1703393587783077378,D3:F4:55:AB:96:20,-71
BLE,1703393588167851261,D3:F4:55:AB:96:20,-56
BLE,1703393588363366292,D3:F4:55:AB:96:20,-62
BLE,1703393588535073759,DF:DF:EE:00:00:04,-51
BLE,1703393588754618726,D3:F4:55:AB:96:20,-56
BLE,1703393589065824235,DF:DF:EE:00:00:04,-66
BLE,1703393589140707260,D3:F4:55:AB:96:20,-73
BLE,1703393589330643854,D3:F4:55:AB:96:20,-66
BLE,1703393589720202724,D3:F4:55:AB:96:20,-71
BLE,1703393590534233735,DF:DF:EE:00:00:04,-56
BLE,1703393590632124665,DF:A6:DC:DC:2E:81,-59
BLE,1703393590632148707,DF:DF:EE:00:00:01,-59
BLE,1703393590860844861,D3:F4:55:AB:96:20,-67
BLE,1703393591055932355,D3:F4:55:AB:96:20,-67
BLE,1703393591069790448,DF:DF:EE:00:00:04,-54
BLE,1703393591533774390,DF:DF:EE:00:00:04,-35
BLE,1703393591642558363,DF:A6:DC:DC:2E:81,-76
BLE,1703393591642608363,DF:DF:EE:00:00:01,-76
BLE,1703393591830007736,D3:F4:55:AB:96:20,-53
BLE,1703393592069995428,DF:DF:EE:00:00:04,-41
BLE,1703393592398185828,D3:F4:55:AB:96:20,-71
BLE,1703393592590031817,D3:F4:55:AB:96:20,-52
BLE,1703393592973617005,D3:F4:55:AB:96:20,-68
BLE,1703393593368025778,D3:F4:55:AB:96:20,-71
BLE,1703393593644960177,DF:A6:DC:DC:2E:81,-61
BLE,1703393593645000926,DF:DF:EE:00:00:01,-61
BLE,1703393593747336431,D3:F4:55:AB:96:20,-72
BLE,1703393593939565666,D3:F4:55:AB:96:20,-53
BLE,1703393594138772197,D3:F4:55:AB:96:20,-70
BLE,1703393594329610531,D3:F4:55:AB:96:20,-57
BLE,1703393594710425125,D3:F4:55:AB:96:20,-68
BLE,1703393594901191751,D3:F4:55:AB:96:20,-68
BLE,1703393595069591965,DF:DF:EE:00:00:04,-51
BLE,1703393595478008288,D3:F4:55:AB:96:20,-57
BLE,1703393595529215665,DF:DF:EE:00:00:04,-51
BLE,1703393595672070002,D3:F4:55:AB:96:20,-52
BLE,1703393595861203272,D3:F4:55:AB:96:20,-71
BLE,1703393596052746806,D3:F4:55:AB:96:20,-57
BLE,1703393596243108520,D3:F4:55:AB:96:20,-71
BLE,1703393596622491506,D3:F4:55:AB:96:20,-69
BLE,1703393596814839614,D3:F4:55:AB:96:20,-67
BLE,1703393597009768652,D3:F4:55:AB:96:20,-62
BLE,1703393597070887416,DF:DF:EE:00:00:04,-35
BLE,1703393597529542585,DF:DF:EE:00:00:04,-54
BLE,1703393597584275464,D3:F4:55:AB:96:20,-66
BLE,1703393597781189937,D3:F4:55:AB:96:20,-67
BLE,1703393597966732498,D3:F4:55:AB:96:20,-74
BLE,1703393598541861595,D3:F4:55:AB:96:20,-73
BLE,1703393598733350463,D3:F4:55:AB:96:20,-53
BLE,1703393599304440731,D3:F4:55:AB:96:20,-56
BLE,1703393599524233236,DF:DF:EE:00:00:04,-52
BLE,1703393599684825330,D3:F4:55:AB:96:20,-57
BLE,1703393599879907199,D3:F4:55:AB:96:20,-52
BLE,1703393600065239471,DF:DF:EE:00:00:04,-45
BLE,1703393600467128409,D3:F4:55:AB:96:20,-52
BLE,1703393600526191656,DF:DF:EE:00:00:04,-56
BLE,1703393601689059540,DF:A6:DC:DC:2E:81,-72
BLE,1703393601689107164,DF:DF:EE:00:00:01,-72
BLE,1703393602018776589,D3:F4:55:AB:96:20,-65
BLE,1703393602213497129,D3:F4:55:AB:96:20,-72
BLE,1703393602404251255,D3:F4:55:AB:96:20,-53
BLE,1703393602531228981,DF:DF:EE:00:00:04,-55
BLE,1703393602690520465,DF:A6:DC:DC:2E:81,-60
BLE,1703393602690544173,DF:DF:EE:00:00:01,-60
BLE,1703393602784034820,D3:F4:55:AB:96:20,-68
BLE,1703393602978751943,D3:F4:55:AB:96:20,-56
BLE,1703393603069959491,DF:DF:EE:00:00:04,-55
BLE,1703393604702615085,D3:F4:55:AB:96:20,-56
BLE,1703393604704312774,DF:A6:DC:DC:2E:81,-57
BLE,1703393604704329815,DF:DF:EE:00:00:01,-57
BLE,1703393604893526960,D3:F4:55:AB:96:20,-72
BLE,1703393605069922333,DF:DF:EE:00:00:04,-56
BLE,1703393605079447141,D3:F4:55:AB:96:20,-53
BLE,1703393605460022655,D3:F4:55:AB:96:20,-67
BLE,1703393606032215202,D3:F4:55:AB:96:20,-71
BLE,1703393606606817263,D3:F4:55:AB:96:20,-63
BLE,1703393606796397695,D3:F4:55:AB:96:20,-56
BLE,1703393606990986028,D3:F4:55:AB:96:20,-66
BLE,1703393607181968860,D3:F4:55:AB:96:20,-57
BLE,1703393608067217062,DF:DF:EE:00:00:04,-40
BLE,1703393608137579513,D3:F4:55:AB:96:20,-53
BLE,1703393608332443218,D3:F4:55:AB:96:20,-70
BLE,1703393608909703208,D3:F4:55:AB:96:20,-56
BLE,1703393609068726569,DF:DF:EE:00:00:04,-52
BLE,1703393609298184382,D3:F4:55:AB:96:20,-72
BLE,1703393609491958974,D3:F4:55:AB:96:20,-67
BLE,1703393610441172867,D3:F4:55:AB:96:20,-56
BLE,1703393610832047138,D3:F4:55:AB:96:20,-71
BLE,1703393611067081971,DF:DF:EE:00:00:04,-35
BLE,1703393611402451622,D3:F4:55:AB:96:20,-67
BLE,1703393611592936294,D3:F4:55:AB:96:20,-56
BLE,1703393611726131990,DF:A6:DC:DC:2E:81,-57
BLE,1703393611726148740,DF:DF:EE:00:00:01,-57
BLE,1703393612167641896,D3:F4:55:AB:96:20,-66
BLE,1703393612360971243,D3:F4:55:AB:96:20,-57
BLE,1703393612526125785,DF:DF:EE:00:00:04,-34
BLE,1703393613515008144,D3:F4:55:AB:96:20,-53
BLE,1703393613525893021,DF:DF:EE:00:00:04,-54
BLE,1703393613736019386,DF:A6:DC:DC:2E:81,-71
BLE,1703393613736036760,DF:DF:EE:00:00:01,-71
BLE,1703393614287182713,D3:F4:55:AB:96:20,-57
BLE,1703393614479163117,D3:F4:55:AB:96:20,-88
BLE,1703393615061529924,D3:F4:55:AB:96:20,-82
BLE,1703393615070535197,DF:DF:EE:00:00:04,-51
BLE,1703393615253085791,D3:F4:55:AB:96:20,-52
BLE,1703393615634540087,D3:F4:55:AB:96:20,-53
BLE,1703393616065098908,DF:DF:EE:00:00:04,-53
BLE,1703393616600935618,D3:F4:55:AB:96:20,-67
BLE,1703393616795285870,D3:F4:55:AB:96:20,-56
BLE,1703393616982310497,D3:F4:55:AB:96:20,-63
BLE,1703393617373967135,D3:F4:55:AB:96:20,-57
BLE,1703393617524606300,DF:DF:EE:00:00:04,-36
BLE,1703393617568368804,D3:F4:55:AB:96:20,-67
BLE,1703393617758336772,D3:F4:55:AB:96:20,-56
BLE,1703393617950558674,D3:F4:55:AB:96:20,-66
BLE,1703393618062546319,DF:DF:EE:00:00:04,-34
BLE,1703393618527563916,DF:DF:EE:00:00:04,-72
BLE,1703393618713767719,D3:F4:55:AB:96:20,-53
BLE,1703393619066568590,DF:DF:EE:00:00:04,-40
BLE,1703393619102294060,D3:F4:55:AB:96:20,-71
BLE,1703393619293862302,D3:F4:55:AB:96:20,-71
BLE,1703393619486310243,D3:F4:55:AB:96:20,-71
BLE,1703393619523631611,DF:DF:EE:00:00:04,-35
BLE,1703393619870901544,D3:F4:55:AB:96:20,-57
BLE,1703393620254740937,D3:F4:55:AB:96:20,-62
BLE,1703393620450890919,D3:F4:55:AB:96:20,-70
BLE,1703393620531589545,DF:DF:EE:00:00:04,-55
BLE,1703393620645131631,D3:F4:55:AB:96:20,-57
BLE,1703393620760852068,DF:A6:DC:DC:2E:81,-58
BLE,1703393620760874067,DF:DF:EE:00:00:01,-58
BLE,1703393620830975938,D3:F4:55:AB:96:20,-53
BLE,1703393621226477908,D3:F4:55:AB:96:20,-68
BLE,1703393621420512455,D3:F4:55:AB:96:20,-71
BLE,1703393621527959027,DF:DF:EE:00:00:04,-34
BLE,1703393621800881055,D3:F4:55:AB:96:20,-67
BLE,1703393621992069218,D3:F4:55:AB:96:20,-67
BLE,1703393622066789745,DF:DF:EE:00:00:04,-35
BLE,1703393622182172185,D3:F4:55:AB:96:20,-66
BLE,1703393622378699579,D3:F4:55:AB:96:20,-57
BLE,1703393622530690688,DF:DF:EE:00:00:04,-50
BLE,1703393622763514920,D3:F4:55:AB:96:20,-52
BLE,1703393623066779644,DF:DF:EE:00:00:04,-48
BLE,1703393623922163977,D3:F4:55:AB:96:20,-72
BLE,1703393624065919512,DF:DF:EE:00:00:04,-55
BLE,1703393624502662180,D3:F4:55:AB:96:20,-57
BLE,1703393624526289495,DF:DF:EE:00:00:04,-53
BLE,1703393624887769434,D3:F4:55:AB:96:20,-71
BLE,1703393625062297495,DF:DF:EE:00:00:04,-36
BLE,1703393625078439353,D3:F4:55:AB:96:20,-56
BLE,1703393625272543275,D3:F4:55:AB:96:20,-62
BLE,1703393625796488370,DF:A6:DC:DC:2E:81,-87
BLE,1703393625796560744,DF:DF:EE:00:00:01,-87
BLE,1703393625843573877,D3:F4:55:AB:96:20,-74
BLE,1703393626028989564,D3:F4:55:AB:96:20,-53
BLE,1703393626064747866,DF:DF:EE:00:00:04,-56
BLE,1703393626221482921,D3:F4:55:AB:96:20,-72
BLE,1703393626407774223,D3:F4:55:AB:96:20,-66
BLE,1703393626607275458,D3:F4:55:AB:96:20,-68
BLE,1703393626800907677,D3:F4:55:AB:96:20,-71
BLE,1703393626802422910,DF:A6:DC:DC:2E:81,-71
BLE,1703393626802449535,DF:DF:EE:00:00:01,-71
BLE,1703393627062762122,DF:DF:EE:00:00:04,-35
BLE,1703393627187788453,D3:F4:55:AB:96:20,-57
BLE,1703393627379984688,D3:F4:55:AB:96:20,-68
BLE,1703393627573156579,D3:F4:55:AB:96:20,-72
BLE,1703393627802289645,DF:A6:DC:DC:2E:81,-74
BLE,1703393627802333227,DF:DF:EE:00:00:01,-74
BLE,1703393628069637360,DF:DF:EE:00:00:04,-65
BLE,1703393628727605684,D3:F4:55:AB:96:20,-68
BLE,1703393628808850303,DF:A6:DC:DC:2E:81,-74
BLE,1703393628808891428,DF:DF:EE:00:00:01,-74
BLE,1703393628924432741,D3:F4:55:AB:96:20,-72
BLE,1703393629065293017,DF:DF:EE:00:00:04,-51
BLE,1703393629307687141,D3:F4:55:AB:96:20,-56
BLE,1703393629692560398,D3:F4:55:AB:96:20,-83
BLE,1703393629890409277,D3:F4:55:AB:96:20,-56
BLE,1703393630086072973,D3:F4:55:AB:96:20,-62
BLE,1703393630657933899,D3:F4:55:AB:96:20,-72
BLE,1703393630817671960,DF:A6:DC:DC:2E:81,-58
BLE,1703393630817720668,DF:DF:EE:00:00:01,-58
BLE,1703393630843887705,D3:F4:55:AB:96:20,-53
BLE,1703393631065269483,DF:DF:EE:00:00:04,-35
BLE,1703393631230210736,D3:F4:55:AB:96:20,-57
BLE,1703393631528287103,DF:DF:EE:00:00:04,-52
BLE,1703393631613720008,D3:F4:55:AB:96:20,-71
BLE,1703393631809332121,D3:F4:55:AB:96:20,-53
BLE,1703393632067710689,DF:DF:EE:00:00:04,-53
BLE,1703393632192917434,D3:F4:55:AB:96:20,-63
BLE,1703393632959976436,D3:F4:55:AB:96:20,-63
BLE,1703393634063378829,DF:DF:EE:00:00:04,-51
BLE,1703393634525342835,DF:DF:EE:00:00:04,-40
BLE,1703393634890348109,D3:F4:55:AB:96:20,-53
BLE,1703393635081723478,D3:F4:55:AB:96:20,-56
BLE,1703393636035540277,D3:F4:55:AB:96:20,-73
BLE,1703393636063079215,DF:DF:EE:00:00:04,-46
BLE,1703393636424869650,D3:F4:55:AB:96:20,-68
BLE,1703393636526841826,DF:DF:EE:00:00:04,-39
BLE,1703393637005293104,D3:F4:55:AB:96:20,-53
BLE,1703393637389169371,D3:F4:55:AB:96:20,-52
BLE,1703393637532930490,DF:DF:EE:00:00:04,-66
BLE,1703393637585688766,D3:F4:55:AB:96:20,-72
BLE,1703393637966972438,D3:F4:55:AB:96:20,-72
BLE,1703393638067965333,DF:DF:EE:00:00:04,-66
BLE,1703393638162997213,D3:F4:55:AB:96:20,-57
BLE,1703393638531790194,DF:DF:EE:00:00:04,-73
BLE,1703393638544927336,D3:F4:55:AB:96:20,-56
BLE,1703393639063114663,DF:DF:EE:00:00:04,-53
BLE,1703393639115427903,D3:F4:55:AB:96:20,-68
BLE,1703393639301499207,D3:F4:55:AB:96:20,-53
BLE,1703393639494824346,D3:F4:55:AB:96:20,-57
BLE,1703393639529273955,DF:DF:EE:00:00:04,-51
BLE,1703393639688599647,D3:F4:55:AB:96:20,-53
BLE,1703393639865021936,DF:A6:DC:DC:2E:81,-71
BLE,1703393639865067061,DF:DF:EE:00:00:01,-71
BLE,1703393639885322414,D3:F4:55:AB:96:20,-66
BLE,1703393640068108839,DF:DF:EE:00:00:04,-45
BLE,1703393640270399835,D3:F4:55:AB:96:20,-67
BLE,1703393640524572908,DF:DF:EE:00:00:04,-53
BLE,1703393640650411480,D3:F4:55:AB:96:20,-53
BLE,1703393641062882632,DF:DF:EE:00:00:04,-48
BLE,1703393641607269994,D3:F4:55:AB:96:20,-57
BLE,1703393641991164679,D3:F4:55:AB:96:20,-72
BLE,1703393641992589787,D3:F4:55:AB:96:20,-72
BLE,1703393642370884369,D3:F4:55:AB:96:20,-71
BLE,1703393642748794038,D3:F4:55:AB:96:20,-68
BLE,1703393642879428347,DF:A6:DC:DC:2E:81,-72
BLE,1703393642879468263,DF:DF:EE:00:00:01,-72
BLE,1703393643327803591,D3:F4:55:AB:96:20,-52
BLE,1703393643528294273,DF:DF:EE:00:00:04,-72
BLE,1703393644287635696,D3:F4:55:AB:96:20,-73
BLE,1703393644482606400,D3:F4:55:AB:96:20,-71
BLE,1703393645444046695,D3:F4:55:AB:96:20,-68
BLE,1703393646065394768,DF:DF:EE:00:00:04,-73
BLE,1703393646221140792,D3:F4:55:AB:96:20,-73
BLE,1703393646990837014,D3:F4:55:AB:96:20,-57
BLE,1703393647068909586,DF:DF:EE:00:00:04,-50
BLE,1703393647524581831,DF:DF:EE:00:00:04,-53
BLE,1703393648342760002,D3:F4:55:AB:96:20,-72
BLE,1703393648525684884,DF:DF:EE:00:00:04,-67
BLE,1703393648921441601,D3:F4:55:AB:96:20,-73
BLE,1703393649505720011,D3:F4:55:AB:96:20,-58
BLE,1703393649702747358,D3:F4:55:AB:96:20,-57
BLE,1703393649897677562,D3:F4:55:AB:96:20,-52
BLE,1703393650066399980,DF:DF:EE:00:00:04,-53
BLE,1703393650089382469,D3:F4:55:AB:96:20,-71
BLE,1703393650285085414,D3:F4:55:AB:96:20,-63
BLE,1703393650528335487,DF:DF:EE:00:00:04,-36
BLE,1703393651070055255,DF:DF:EE:00:00:04,-50
BLE,1703393651448240671,D3:F4:55:AB:96:20,-67
BLE,1703393651534611857,DF:DF:EE:00:00:04,-56
BLE,1703393651642793671,D3:F4:55:AB:96:20,-56
BLE,1703393651911546953,DF:A6:DC:DC:2E:81,-72
BLE,1703393651911587203,DF:DF:EE:00:00:01,-72
BLE,1703393652069461369,DF:DF:EE:00:00:04,-67
BLE,1703393652215823375,D3:F4:55:AB:96:20,-53
BLE,1703393652600002014,D3:F4:55:AB:96:20,-66
BLE,1703393652982479548,D3:F4:55:AB:96:20,-68
BLE,1703393653371314843,D3:F4:55:AB:96:20,-72
BLE,1703393653522047465,DF:DF:EE:00:00:04,-35
BLE,1703393653565376974,D3:F4:55:AB:96:20,-66
BLE,1703393654070587114,DF:DF:EE:00:00:04,-65
BLE,1703393654138940422,D3:F4:55:AB:96:20,-71
BLE,1703393654525509659,D3:F4:55:AB:96:20,-67
BLE,1703393654909372010,D3:F4:55:AB:96:20,-68
BLE,1703393655065615070,DF:DF:EE:00:00:04,-40
BLE,1703393655098819152,D3:F4:55:AB:96:20,-52
BLE,1703393655879164795,D3:F4:55:AB:96:20,-72
BLE,1703393656064429025,DF:DF:EE:00:00:04,-36
BLE,1703393656532808292,DF:DF:EE:00:00:04,-63
BLE,1703393656839280188,D3:F4:55:AB:96:20,-57
BLE,1703393657030296229,D3:F4:55:AB:96:20,-67
BLE,1703393657416936424,D3:F4:55:AB:96:20,-66
BLE,1703393657806803457,D3:F4:55:AB:96:20,-56
BLE,1703393657948512848,DF:A6:DC:DC:2E:81,-71
BLE,1703393657948533098,DF:DF:EE:00:00:01,-71
BLE,1703393658378145555,D3:F4:55:AB:96:20,-72
BLE,1703393658528378475,DF:DF:EE:00:00:04,-53
BLE,1703393658955852540,DF:A6:DC:DC:2E:81,-74
BLE,1703393658955891914,DF:DF:EE:00:00:01,-74
BLE,1703393659064338183,DF:DF:EE:00:00:04,-54
BLE,1703393659523122767,D3:F4:55:AB:96:20,-57
BLE,1703393659528533498,DF:DF:EE:00:00:04,-58
BLE,1703393659711425714,D3:F4:55:AB:96:20,-67
BLE,1703393660068582326,DF:DF:EE:00:00:04,-50
BLE,1703393660091499816,D3:F4:55:AB:96:20,-52
BLE,1703393661249942834,D3:F4:55:AB:96:20,-73
BLE,1703393661441164080,D3:F4:55:AB:96:20,-54
BLE,1703393661639767576,D3:F4:55:AB:96:20,-72
BLE,1703393662205173867,D3:F4:55:AB:96:20,-52
BLE,1703393662523114383,DF:DF:EE:00:00:04,-51
BLE,1703393662970920675,DF:A6:DC:DC:2E:81,-58
BLE,1703393662970977258,DF:DF:EE:00:00:01,-58
BLE,1703393663063466167,DF:DF:EE:00:00:04,-36
BLE,1703393663526579702,DF:DF:EE:00:00:04,-55
BLE,1703393664068381552,DF:DF:EE:00:00:04,-69
BLE,1703393664705403613,D3:F4:55:AB:96:20,-63
BLE,1703393664896215447,D3:F4:55:AB:96:20,-56
BLE,1703393665065168530,DF:DF:EE:00:00:04,-36
BLE,1703393666071032196,DF:DF:EE:00:00:04,-55
BLE,1703393666228506117,D3:F4:55:AB:96:20,-72
BLE,1703393667066420898,DF:DF:EE:00:00:04,-50
BLE,1703393667383617631,D3:F4:55:AB:96:20,-67
BLE,1703393667524128703,DF:DF:EE:00:00:04,-53
BLE,1703393667578242880,D3:F4:55:AB:96:20,-71
BLE,1703393668156200862,D3:F4:55:AB:96:20,-71
BLE,1703393668528566719,DF:DF:EE:00:00:04,-51
BLE,1703393668930332034,D3:F4:55:AB:96:20,-67
BLE,1703393669246038825,DF:A6:DC:DC:2E:81,-72
BLE,1703393669246077533,DF:DF:EE:00:00:01,-72
BLE,1703393669505432089,D3:F4:55:AB:96:20,-71
BLE,1703393669698831478,D3:F4:55:AB:96:20,-66
BLE,1703393670062385226,DF:DF:EE:00:00:04,-51
BLE,1703393670267626772,D3:F4:55:AB:96:20,-72
BLE,1703393670463217926,D3:F4:55:AB:96:20,-68
BLE,1703393670527061702,DF:DF:EE:00:00:04,-56
BLE,1703393670655810032,D3:F4:55:AB:96:20,-57
BLE,1703393671232385529,D3:F4:55:AB:96:20,-67
BLE,1703393671810514342,D3:F4:55:AB:96:20,-73
BLE,1703393672240332547,DF:A6:DC:DC:2E:81,-59
BLE,1703393672240371797,DF:DF:EE:00:00:01,-59
BLE,1703393672391253751,D3:F4:55:AB:96:20,-57
BLE,1703393672577636344,D3:F4:55:AB:96:20,-66
BLE,1703393672962650557,D3:F4:55:AB:96:20,-68
BLE,1703393673247599198,DF:A6:DC:DC:2E:81,-61
BLE,1703393673247637197,DF:DF:EE:00:00:01,-61
BLE,1703393673935821303,D3:F4:55:AB:96:20,-57
BLE,1703393674126342474,D3:F4:55:AB:96:20,-73
BLE,1703393674312253905,D3:F4:55:AB:96:20,-53
BLE,1703393674507129693,D3:F4:55:AB:96:20,-57
BLE,1703393674694102363,D3:F4:55:AB:96:20,-66
BLE,1703393674891081252,D3:F4:55:AB:96:20,-89
BLE,1703393675083181196,D3:F4:55:AB:96:20,-71
BLE,1703393675243713333,DF:A6:DC:DC:2E:81,-72
BLE,1703393675243769415,DF:DF:EE:00:00:01,-72
BLE,1703393675272783419,D3:F4:55:AB:96:20,-56
BLE,1703393675458456604,D3:F4:55:AB:96:20,-53
BLE,1703393675528541975,DF:DF:EE:00:00:04,-36
BLE,1703393676233400016,D3:F4:55:AB:96:20,-56
BLE,1703393676249723206,DF:A6:DC:DC:2E:81,-58
BLE,1703393676249772039,DF:DF:EE:00:00:01,-58
BLE,1703393676617251076,D3:F4:55:AB:96:20,-56
BLE,1703393676809430895,D3:F4:55:AB:96:20,-52
BLE,1703393677008347220,D3:F4:55:AB:96:20,-73
BLE,1703393677248916323,DF:A6:DC:DC:2E:81,-73
BLE,1703393677248968031,DF:DF:EE:00:00:01,-73
BLE,1703393677395757031,D3:F4:55:AB:96:20,-66
BLE,1703393677586212828,D3:F4:55:AB:96:20,-57
BLE,1703393677963257381,D3:F4:55:AB:96:20,-56
BLE,1703393678534278317,D3:F4:55:AB:96:20,-73
BLE,1703393678725497980,D3:F4:55:AB:96:20,-54
BLE,1703393678917116680,D3:F4:55:AB:96:20,-67
BLE,1703393679069330327,DF:DF:EE:00:00:04,-53
BLE,1703393679107813432,D3:F4:55:AB:96:20,-66
BLE,1703393679299495840,D3:F4:55:AB:96:20,-72
BLE,1703393679883059841,D3:F4:55:AB:96:20,-68
BLE,1703393680074064090,D3:F4:55:AB:96:20,-68
BLE,1703393680455299012,D3:F4:55:AB:96:20,-52
BLE,1703393680529632460,DF:DF:EE:00:00:04,-65
BLE,1703393681224423699,D3:F4:55:AB:96:20,-67
BLE,1703393681225645977,D3:F4:55:AB:96:20,-71
BLE,1703393681241949167,DF:A6:DC:DC:2E:81,-71
BLE,1703393681241973833,DF:DF:EE:00:00:01,-71
BLE,1703393681418620370,D3:F4:55:AB:96:20,-67
BLE,1703393682061149202,DF:DF:EE:00:00:04,-53
BLE,1703393682382887259,D3:F4:55:AB:96:20,-72
BLE,1703393682525301850,DF:DF:EE:00:00:04,-50
BLE,1703393682578671078,D3:F4:55:AB:96:20,-71
BLE,1703393682953758154,D3:F4:55:AB:96:20,-68
BLE,1703393683151805031,D3:F4:55:AB:96:20,-67
BLE,1703393683535671716,D3:F4:55:AB:96:20,-63
BLE,1703393683732057778,D3:F4:55:AB:96:20,-57
BLE,1703393684528755819,DF:DF:EE:00:00:04,-66
BLE,1703393684885904057,D3:F4:55:AB:96:20,-67
BLE,1703393686245198628,DF:A6:DC:DC:2E:81,-58
BLE,1703393686245259169,DF:DF:EE:00:00:01,-58
BLE,1703393686247321312,D3:F4:55:AB:96:20,-57
BLE,1703393687248396283,DF:A6:DC:DC:2E:81,-72
BLE,1703393687248459991,DF:DF:EE:00:00:01,-72
BLE,1703393688373990091,D3:F4:55:AB:96:20,-67
BLE,1703393688527677846,DF:DF:EE:00:00:04,-55
BLE,1703393689065182912,DF:DF:EE:00:00:04,-75
BLE,1703393689138676661,D3:F4:55:AB:96:20,-67
BLE,1703393689906533946,D3:F4:55:AB:96:20,-52
BLE,1703393690242706213,DF:A6:DC:DC:2E:81,-72
BLE,1703393690242749171,DF:DF:EE:00:00:01,-72
BLE,1703393690294198087,D3:F4:55:AB:96:20,-56
BLE,1703393690488389216,D3:F4:55:AB:96:20,-63
BLE,1703393690531360062,DF:DF:EE:00:00:04,-50
BLE,1703393690685369564,D3:F4:55:AB:96:20,-57
BLE,1703393690871389161,D3:F4:55:AB:96:20,-52
BLE,1703393691065619998,DF:DF:EE:00:00:04,-73
BLE,1703393691240712386,DF:A6:DC:DC:2E:81,-72
BLE,1703393691240728594,DF:DF:EE:00:00:01,-72
BLE,1703393691250619981,D3:F4:55:AB:96:20,-67
BLE,1703393691442784300,D3:F4:55:AB:96:20,-62
BLE,1703393692065143653,DF:DF:EE:00:00:04,-36
BLE,1703393692200330202,D3:F4:55:AB:96:20,-53
BLE,1703393692247355293,DF:A6:DC:DC:2E:81,-58
BLE,1703393692247369960,DF:DF:EE:00:00:01,-58
BLE,1703393692525614718,DF:DF:EE:00:00:04,-53
BLE,1703393692787235165,D3:F4:55:AB:96:20,-52
BLE,1703393692978702409,D3:F4:55:AB:96:20,-57
BLE,1703393693522965189,DF:DF:EE:00:00:04,-41
BLE,1703393694124491154,D3:F4:55:AB:96:20,-57
BLE,1703393694243643718,DF:A6:DC:DC:2E:81,-61
BLE,1703393694243664801,DF:DF:EE:00:00:01,-61
BLE,1703393694313696339,D3:F4:55:AB:96:20,-53
BLE,1703393694694328269,D3:F4:55:AB:96:20,-72
BLE,1703393694883430498,D3:F4:55:AB:96:20,-57
BLE,1703393695073958002,D3:F4:55:AB:96:20,-57
BLE,1703393695245302182,DF:A6:DC:DC:2E:81,-57
BLE,1703393695245325307,DF:DF:EE:00:00:01,-57
BLE,1703393695261565872,D3:F4:55:AB:96:20,-52
BLE,1703393695841951451,D3:F4:55:AB:96:20,-72
BLE,1703393696027940924,D3:F4:55:AB:96:20,-52
BLE,1703393696221291354,D3:F4:55:AB:96:20,-67
BLE,1703393696253923900,DF:A6:DC:DC:2E:81,-59
BLE,1703393696253942275,DF:DF:EE:00:00:01,-59
BLE,1703393696526429932,DF:DF:EE:00:00:04,-52
BLE,1703393696796009331,D3:F4:55:AB:96:20,-56
BLE,1703393697063945581,DF:DF:EE:00:00:04,-51
BLE,1703393697562702420,D3:F4:55:AB:96:20,-56
BLE,1703393698899639245,D3:F4:55:AB:96:20,-56
BLE,1703393699062450272,DF:DF:EE:00:00:04,-50
BLE,1703393699092524306,D3:F4:55:AB:96:20,-57
BLE,1703393699265976962,DF:A6:DC:DC:2E:81,-72
BLE,1703393699266029045,DF:DF:EE:00:00:01,-72
BLE,1703393699484196152,D3:F4:55:AB:96:20,-89
BLE,1703393699530182172,DF:DF:EE:00:00:04,-74
BLE,1703393699672074770,D3:F4:55:AB:96:20,-53
BLE,1703393699866408022,D3:F4:55:AB:96:20,-56
BLE,1703393700063075540,D3:F4:55:AB:96:20,-56
BLE,1703393700067078703,DF:DF:EE:00:00:04,-74
BLE,1703393700631990541,D3:F4:55:AB:96:20,-72
BLE,1703393700825796091,D3:F4:55:AB:96:20,-56
BLE,1703393701021345830,D3:F4:55:AB:96:20,-52
BLE,1703393701063932097,DF:DF:EE:00:00:04,-51
BLE,1703393701604065799,D3:F4:55:AB:96:20,-53
BLE,1703393701801412809,D3:F4:55:AB:96:20,-72
BLE,1703393701991783565,D3:F4:55:AB:96:20,-52
BLE,1703393702065187399,DF:DF:EE:00:00:04,-53
BLE,1703393702278989972,DF:A6:DC:DC:2E:81,-58
BLE,1703393702279029763,DF:DF:EE:00:00:01,-58
BLE,1703393702569666298,D3:F4:55:AB:96:20,-72
BLE,1703393702762391443,D3:F4:55:AB:96:20,-57
BLE,1703393702956334284,D3:F4:55:AB:96:20,-52
BLE,1703393703063725981,DF:DF:EE:00:00:04,-73
BLE,1703393703283360363,DF:A6:DC:DC:2E:81,-71
BLE,1703393703283382405,DF:DF:EE:00:00:01,-71
BLE,1703393703351872336,D3:F4:55:AB:96:20,-67
BLE,1703393703528947909,DF:DF:EE:00:00:04,-53
BLE,1703393703548503021,D3:F4:55:AB:96:20,-56
BLE,1703393703936574574,D3:F4:55:AB:96:20,-70
BLE,1703393704062141649,DF:DF:EE:00:00:04,-35
BLE,1703393704128800642,D3:F4:55:AB:96:20,-67
BLE,1703393704510590851,D3:F4:55:AB:96:20,-66
BLE,1703393704892683305,D3:F4:55:AB:96:20,-52
BLE,1703393705062619377,DF:DF:EE:00:00:04,-64
BLE,1703393705281456059,D3:F4:55:AB:96:20,-57
BLE,1703393705283986656,DF:A6:DC:DC:2E:81,-57
BLE,1703393705283999697,DF:DF:EE:00:00:01,-57
BLE,1703393705854708219,D3:F4:55:AB:96:20,-73
BLE,1703393706047613905,D3:F4:55:AB:96:20,-57
BLE,1703393706068118630,DF:DF:EE:00:00:04,-66
BLE,1703393706616522239,D3:F4:55:AB:96:20,-67
BLE,1703393706804611229,D3:F4:55:AB:96:20,-66
BLE,1703393707066554964,DF:DF:EE:00:00:04,-55
BLE,1703393707526145540,DF:DF:EE:00:00:04,-52
BLE,1703393707766011442,D3:F4:55:AB:96:20,-72
BLE,1703393707963282661,D3:F4:55:AB:96:20,-68
BLE,1703393708065862539,DF:DF:EE:00:00:04,-45
BLE,1703393708156413094,D3:F4:55:AB:96:20,-63
BLE,1703393708347696756,D3:F4:55:AB:96:20,-72
BLE,1703393708530081270,DF:DF:EE:00:00:04,-55
BLE,1703393708536541863,D3:F4:55:AB:96:20,-69
BLE,1703393708726683121,D3:F4:55:AB:96:20,-56
BLE,1703393709059352845,DF:DF:EE:00:00:04,-65
BLE,1703393709107119845,D3:F4:55:AB:96:20,-71
BLE,1703393709311502483,DF:A6:DC:DC:2E:81,-71
BLE,1703393709311518567,DF:DF:EE:00:00:01,-71
BLE,1703393709684414751,D3:F4:55:AB:96:20,-52
BLE,1703393709876675110,D3:F4:55:AB:96:20,-57
BLE,1703393710067730900,DF:DF:EE:00:00:04,-51
BLE,1703393710649126343,D3:F4:55:AB:96:20,-53
BLE,1703393710840249382,D3:F4:55:AB:96:20,-73
BLE,1703393711523141422,DF:DF:EE:00:00:04,-62
BLE,1703393711801940716,D3:F4:55:AB:96:20,-53
BLE,1703393712328347658,DF:A6:DC:DC:2E:81,-76
BLE,1703393712328388241,DF:DF:EE:00:00:01,-76
BLE,1703393712954077514,D3:F4:55:AB:96:20,-71
BLE,1703393713327686232,DF:A6:DC:DC:2E:81,-72
BLE,1703393713327708606,DF:DF:EE:00:00:01,-72
BLE,1703393713537745639,D3:F4:55:AB:96:20,-71
BLE,1703393713923043349,D3:F4:55:AB:96:20,-62
BLE,1703393714117526933,D3:F4:55:AB:96:20,-53
BLE,1703393714311399858,D3:F4:55:AB:96:20,-71
BLE,1703393714521331892,DF:DF:EE:00:00:04,-50
BLE,1703393714890528701,D3:F4:55:AB:96:20,-56
BLE,1703393715063988274,DF:DF:EE:00:00:04,-50
BLE,1703393715081779697,D3:F4:55:AB:96:20,-52
BLE,1703393715333433257,DF:A6:DC:DC:2E:81,-73
BLE,1703393715333453965,DF:DF:EE:00:00:01,-73
BLE,1703393715465357926,D3:F4:55:AB:96:20,-66
BLE,1703393715658796689,D3:F4:55:AB:96:20,-67
BLE,1703393715849229028,D3:F4:55:AB:96:20,-53
BLE,1703393716046762286,D3:F4:55:AB:96:20,-72
BLE,1703393716061732282,DF:DF:EE:00:00:04,-41
BLE,1703393716522684050,DF:DF:EE:00:00:04,-34
BLE,1703393717196726775,D3:F4:55:AB:96:20,-68
BLE,1703393717586634516,D3:F4:55:AB:96:20,-72
BLE,1703393717964040232,D3:F4:55:AB:96:20,-67
BLE,1703393718069250246,DF:DF:EE:00:00:04,-45
BLE,1703393718531624373,D3:F4:55:AB:96:20,-71
BLE,1703393718906687533,D3:F4:55:AB:96:20,-52
BLE,1703393719294014178,D3:F4:55:AB:96:20,-63
BLE,1703393719350147583,DF:A6:DC:DC:2E:81,-71
BLE,1703393719350167874,DF:DF:EE:00:00:01,-71
BLE,1703393719485389881,D3:F4:55:AB:96:20,-57
BLE,1703393719527031033,DF:DF:EE:00:00:04,-53
BLE,1703393719869229607,D3:F4:55:AB:96:20,-56
BLE,1703393720056971602,D3:F4:55:AB:96:20,-67
BLE,1703393721067475007,DF:DF:EE:00:00:04,-45
BLE,1703393721520452532,DF:DF:EE:00:00:04,-36
BLE,1703393721592407924,D3:F4:55:AB:96:20,-57
BLE,1703393721786207141,D3:F4:55:AB:96:20,-62
BLE,1703393721975355827,D3:F4:55:AB:96:20,-71
BLE,1703393722170024993,D3:F4:55:AB:96:20,-53
BLE,1703393722366432013,D3:F4:55:AB:96:20,-56
BLE,1703393722523939684,DF:DF:EE:00:00:04,-39
BLE,1703393722551509579,D3:F4:55:AB:96:20,-67
BLE,1703393722934737188,D3:F4:55:AB:96:20,-66
BLE,1703393723129210897,D3:F4:55:AB:96:20,-67
BLE,1703393723361711758,DF:A6:DC:DC:2E:81,-68
BLE,1703393723361737424,DF:DF:EE:00:00:01,-68
BLE,1703393723522516391,DF:DF:EE:00:00:04,-51
BLE,1703393723898456708,D3:F4:55:AB:96:20,-57
BLE,1703393724063722290,DF:DF:EE:00:00:04,-35
BLE,1703393724084200099,D3:F4:55:AB:96:20,-66
BLE,1703393724363990465,DF:A6:DC:DC:2E:81,-73
BLE,1703393724364032131,DF:DF:EE:00:00:01,-73
BLE,1703393724474257880,D3:F4:55:AB:96:20,-56
BLE,1703393724864355119,D3:F4:55:AB:96:20,-70
BLE,1703393725050073011,D3:F4:55:AB:96:20,-66
BLE,1703393725242477161,D3:F4:55:AB:96:20,-56
BLE,1703393725526594936,DF:DF:EE:00:00:04,-35
BLE,1703393726200735576,D3:F4:55:AB:96:20,-52
BLE,1703393726397091389,D3:F4:55:AB:96:20,-57
BLE,1703393726584071266,D3:F4:55:AB:96:20,-66
BLE,1703393726970401923,D3:F4:55:AB:96:20,-72
BLE,1703393727064958433,DF:DF:EE:00:00:04,-52
BLE,1703393727523795934,DF:DF:EE:00:00:04,-35
BLE,1703393727554363753,D3:F4:55:AB:96:20,-56
BLE,1703393727743510648,D3:F4:55:AB:96:20,-72
BLE,1703393728129109105,D3:F4:55:AB:96:20,-56
BLE,1703393728316822141,D3:F4:55:AB:96:20,-52
BLE,1703393728521455735,DF:DF:EE:00:00:04,-54
BLE,1703393728694361397,D3:F4:55:AB:96:20,-62
BLE,1703393729081705459,D3:F4:55:AB:96:20,-53
BLE,1703393729475656987,D3:F4:55:AB:96:20,-73
BLE,1703393729527981227,DF:DF:EE:00:00:04,-52
BLE,1703393729667402311,D3:F4:55:AB:96:20,-52
BLE,1703393729857494903,D3:F4:55:AB:96:20,-70
BLE,1703393730051813531,D3:F4:55:AB:96:20,-71
BLE,1703393730431950633,D3:F4:55:AB:96:20,-67
BLE,1703393730519305933,DF:DF:EE:00:00:04,-35
BLE,1703393730818784534,D3:F4:55:AB:96:20,-56
BLE,1703393731196757369,D3:F4:55:AB:96:20,-64
BLE,1703393731388022448,D3:F4:55:AB:96:20,-67
BLE,1703393731401465879,DF:A6:DC:DC:2E:81,-73
BLE,1703393731401509045,DF:DF:EE:00:00:01,-73
BLE,1703393731522987541,DF:DF:EE:00:00:04,-40
BLE,1703393731581625584,D3:F4:55:AB:96:20,-57
BLE,1703393731974382876,D3:F4:55:AB:96:20,-56
BLE,1703393732166698818,D3:F4:55:AB:96:20,-55
BLE,1703393732357294613,D3:F4:55:AB:96:20,-72
BLE,1703393732408944818,DF:A6:DC:DC:2E:81,-58
BLE,1703393732408985526,DF:DF:EE:00:00:01,-58
BLE,1703393732545668933,D3:F4:55:AB:96:20,-52
BLE,1703393732924884129,D3:F4:55:AB:96:20,-52
BLE,1703393733060673254,DF:DF:EE:00:00:04,-45
BLE,1703393733317751962,D3:F4:55:AB:96:20,-57
BLE,1703393733412453220,DF:A6:DC:DC:2E:81,-60
BLE,1703393733412502511,DF:DF:EE:00:00:01,-60
BLE,1703393733894454541,D3:F4:55:AB:96:20,-63
BLE,1703393734089511243,D3:F4:55:AB:96:20,-72
BLE,1703393734277395278,D3:F4:55:AB:96:20,-82
BLE,1703393734420644068,DF:A6:DC:DC:2E:81,-57
BLE,1703393734420681526,DF:DF:EE:00:00:01,-57
BLE,1703393734657549963,D3:F4:55:AB:96:20,-52
BLE,1703393735042124723,D3:F4:55:AB:96:20,-65
BLE,1703393735235898315,D3:F4:55:AB:96:20,-72
BLE,1703393735424261927,DF:A6:DC:DC:2E:81,-73
BLE,1703393735424301468,DF:DF:EE:00:00:01,-73
BLE,1703393736007310351,D3:F4:55:AB:96:20,-67
BLE,1703393736066806842,DF:DF:EE:00:00:04,-56
BLE,1703393736433905675,DF:A6:DC:DC:2E:81,-58
BLE,1703393736433942508,DF:DF:EE:00:00:01,-58
BLE,1703393736524152359,DF:DF:EE:00:00:04,-52
BLE,1703393736781899934,D3:F4:55:AB:96:20,-56
BLE,1703393737066431871,DF:DF:EE:00:00:04,-52
BLE,1703393737529230076,DF:DF:EE:00:00:04,-65
BLE,1703393737740625635,D3:F4:55:AB:96:20,-68
BLE,1703393738133403427,D3:F4:55:AB:96:20,-54
BLE,1703393738324212678,D3:F4:55:AB:96:20,-78
BLE,1703393738515157094,D3:F4:55:AB:96:20,-57
BLE,1703393738524176658,DF:DF:EE:00:00:04,-74
BLE,1703393738903812766,D3:F4:55:AB:96:20,-70
BLE,1703393739066874790,DF:DF:EE:00:00:04,-36
BLE,1703393739097221487,D3:F4:55:AB:96:20,-71
BLE,1703393739450416395,DF:A6:DC:DC:2E:81,-72
BLE,1703393739450456978,DF:DF:EE:00:00:01,-72
BLE,1703393740066189072,DF:DF:EE:00:00:04,-53
BLE,1703393740246641024,D3:F4:55:AB:96:20,-57
BLE,1703393740818400326,D3:F4:55:AB:96:20,-72
BLE,1703393741062540014,DF:DF:EE:00:00:04,-52
BLE,1703393741202211595,D3:F4:55:AB:96:20,-56
BLE,1703393741399040152,D3:F4:55:AB:96:20,-72
BLE,1703393741463936166,DF:A6:DC:DC:2E:81,-57
BLE,1703393741463951582,DF:DF:EE:00:00:01,-57
BLE,1703393741519616242,DF:DF:EE:00:00:04,-42
BLE,1703393742065247132,DF:DF:EE:00:00:04,-52
BLE,1703393742170132525,D3:F4:55:AB:96:20,-70
BLE,1703393742468946967,DF:A6:DC:DC:2E:81,-68
BLE,1703393742468985883,DF:DF:EE:00:00:01,-68
BLE,1703393742548409773,D3:F4:55:AB:96:20,-57
BLE,1703393742927752051,D3:F4:55:AB:96:20,-56
BLE,1703393743064599248,DF:DF:EE:00:00:04,-51
BLE,1703393743125027728,D3:F4:55:AB:96:20,-57
BLE,1703393743313968084,D3:F4:55:AB:96:20,-56
BLE,1703393743523653121,DF:DF:EE:00:00:04,-35
BLE,1703393743885314474,D3:F4:55:AB:96:20,-66
BLE,1703393744467717613,D3:F4:55:AB:96:20,-52
BLE,1703393744663234269,D3:F4:55:AB:96:20,-72
BLE,1703393745062241490,DF:DF:EE:00:00:04,-53
BLE,1703393745526572928,DF:DF:EE:00:00:04,-51
BLE,1703393745611894418,D3:F4:55:AB:96:20,-56
BLE,1703393745799462498,D3:F4:55:AB:96:20,-68
BLE,1703393746478192835,DF:A6:DC:DC:2E:81,-57
BLE,1703393746478241960,DF:DF:EE:00:00:01,-57
BLE,1703393746523246532,DF:DF:EE:00:00:04,-53
BLE,1703393746574542325,D3:F4:55:AB:96:20,-67
BLE,1703393747059554320,DF:DF:EE:00:00:04,-52
BLE,1703393747342104863,D3:F4:55:AB:96:20,-73
BLE,1703393747482075441,DF:A6:DC:DC:2E:81,-72
BLE,1703393747482095482,DF:DF:EE:00:00:01,-72
BLE,1703393747526457062,DF:DF:EE:00:00:04,-45
BLE,1703393747727090202,D3:F4:55:AB:96:20,-57
BLE,1703393748487102117,DF:A6:DC:DC:2E:81,-61
BLE,1703393748487140533,DF:DF:EE:00:00:01,-61
BLE,1703393748489553589,D3:F4:55:AB:96:20,-68
BLE,1703393748522832545,DF:DF:EE:00:00:04,-50
BLE,1703393748684485293,D3:F4:55:AB:96:20,-71
BLE,1703393749061005936,DF:DF:EE:00:00:04,-36
BLE,1703393749525945909,DF:DF:EE:00:00:04,-68
BLE,1703393749646174128,D3:F4:55:AB:96:20,-53
BLE,1703393750034756509,D3:F4:55:AB:96:20,-57
BLE,1703393750064726669,DF:DF:EE:00:00:04,-66
BLE,1703393750417159460,D3:F4:55:AB:96:20,-71
BLE,1703393750497722337,DF:A6:DC:DC:2E:81,-72
BLE,1703393750497739462,DF:DF:EE:00:00:01,-72
BLE,1703393750519815086,DF:DF:EE:00:00:04,-51
BLE,1703393750609739191,D3:F4:55:AB:96:20,-53
BLE,1703393750802589960,D3:F4:55:AB:96:20,-72
BLE,1703393751064210616,DF:DF:EE:00:00:04,-65
BLE,1703393751384987016,D3:F4:55:AB:96:20,-71
BLE,1703393751575197024,D3:F4:55:AB:96:20,-57
BLE,1703393751957252854,D3:F4:55:AB:96:20,-72
BLE,1703393752068641840,DF:DF:EE:00:00:04,-67
BLE,1703393752148538350,D3:F4:55:AB:96:20,-62
BLE,1703393753064211040,DF:DF:EE:00:00:04,-51
BLE,1703393753287126218,D3:F4:55:AB:96:20,-67
BLE,1703393754067526569,DF:DF:EE:00:00:04,-55
BLE,1703393754257596369,D3:F4:55:AB:96:20,-63
BLE,1703393754525663368,DF:DF:EE:00:00:04,-35
BLE,1703393754832343804,D3:F4:55:AB:96:20,-68
BLE,1703393755023628466,D3:F4:55:AB:96:20,-52
BLE,1703393755219278496,D3:F4:55:AB:96:20,-72
BLE,1703393756175294103,D3:F4:55:AB:96:20,-57
BLE,1703393757132460239,D3:F4:55:AB:96:20,-72
BLE,1703393757524236625,DF:DF:EE:00:00:04,-53
BLE,1703393758526864495,DF:DF:EE:00:00:04,-67
BLE,1703393758866804970,D3:F4:55:AB:96:20,-67
BLE,1703393759522444070,DF:DF:EE:00:00:04,-35
BLE,1703393759632364114,D3:F4:55:AB:96:20,-53
BLE,1703393760059437433,DF:DF:EE:00:00:04,-50
BLE,1703393760518667846,DF:DF:EE:00:00:04,-50
BLE,1703393760587698895,D3:F4:55:AB:96:20,-71
BLE,1703393761059359000,DF:DF:EE:00:00:04,-47
BLE,1703393761939463177,D3:F4:55:AB:96:20,-57
BLE,1703393762326286453,D3:F4:55:AB:96:20,-73
BLE,1703393762560388338,DF:A6:DC:DC:2E:81,-73
BLE,1703393762560435587,DF:DF:EE:00:00:01,-73
BLE,1703393763096936665,D3:F4:55:AB:96:20,-53
BLE,1703393763476565397,D3:F4:55:AB:96:20,-73
BLE,1703393763862845721,D3:F4:55:AB:96:20,-52
BLE,1703393764058947954,DF:DF:EE:00:00:04,-55
BLE,1703393764519984429,DF:DF:EE:00:00:04,-51
BLE,1703393764568640002,DF:A6:DC:DC:2E:81,-57
BLE,1703393764568676210,DF:DF:EE:00:00:01,-57
BLE,1703393764822465871,D3:F4:55:AB:96:20,-72
BLE,1703393765206135808,D3:F4:55:AB:96:20,-57
BLE,1703393765587429188,D3:F4:55:AB:96:20,-82
BLE,1703393766166049121,D3:F4:55:AB:96:20,-71
BLE,1703393766357276533,D3:F4:55:AB:96:20,-57
BLE,1703393766522976486,DF:DF:EE:00:00:04,-35
BLE,1703393766549259896,D3:F4:55:AB:96:20,-72
BLE,1703393766575288226,DF:A6:DC:DC:2E:81,-57
BLE,1703393766575303642,DF:DF:EE:00:00:01,-57
BLE,1703393766743778063,D3:F4:55:AB:96:20,-66
BLE,1703393766940982575,D3:F4:55:AB:96:20,-73
BLE,1703393767059565479,DF:DF:EE:00:00:04,-35
BLE,1703393767133898093,D3:F4:55:AB:96:20,-56
BLE,1703393767517418449,D3:F4:55:AB:96:20,-57
BLE,1703393767584590311,DF:A6:DC:DC:2E:81,-58
BLE,1703393767584606769,DF:DF:EE:00:00:01,-58
BLE,1703393767711564162,D3:F4:55:AB:96:20,-65
BLE,1703393768868843318,D3:F4:55:AB:96:20,-72
BLE,1703393769061216509,D3:F4:55:AB:96:20,-75
BLE,1703393769451391039,D3:F4:55:AB:96:20,-71
BLE,1703393769518593110,DF:DF:EE:00:00:04,-53
BLE,1703393769644666387,D3:F4:55:AB:96:20,-68
BLE,1703393770027414418,D3:F4:55:AB:96:20,-67
BLE,1703393770410788358,D3:F4:55:AB:96:20,-67
BLE,1703393770524297403,DF:DF:EE:00:00:04,-35
BLE,1703393770598731766,DF:A6:DC:DC:2E:81,-58
BLE,1703393770598770474,DF:DF:EE:00:00:01,-58
BLE,1703393770795922528,D3:F4:55:AB:96:20,-68
BLE,1703393770989868827,D3:F4:55:AB:96:20,-56
BLE,1703393771058772295,DF:DF:EE:00:00:04,-62
BLE,1703393771558517497,D3:F4:55:AB:96:20,-52
BLE,1703393771943848165,D3:F4:55:AB:96:20,-52
BLE,1703393772059995139,DF:DF:EE:00:00:04,-54
BLE,1703393772522632513,DF:DF:EE:00:00:04,-50
BLE,1703393772534864165,D3:F4:55:AB:96:20,-71
BLE,1703393772605025994,DF:A6:DC:DC:2E:81,-72
BLE,1703393772605066035,DF:DF:EE:00:00:01,-72
BLE,1703393772914821686,D3:F4:55:AB:96:20,-56
BLE,1703393773484771884,D3:F4:55:AB:96:20,-72
BLE,1703393774056946972,DF:DF:EE:00:00:04,-35
BLE,1703393774525693652,DF:DF:EE:00:00:04,-55
BLE,1703393774646967401,D3:F4:55:AB:96:20,-56
BLE,1703393774838374645,D3:F4:55:AB:96:20,-71
BLE,1703393775063664421,DF:DF:EE:00:00:04,-73
BLE,1703393775215734486,D3:F4:55:AB:96:20,-56
BLE,1703393775217071888,D3:F4:55:AB:96:20,-67
BLE,1703393775406581820,D3:F4:55:AB:96:20,-53
BLE,1703393775517753683,DF:DF:EE:00:00:04,-35
BLE,1703393775599538172,D3:F4:55:AB:96:20,-72
BLE,1703393775792030112,D3:F4:55:AB:96:20,-66
BLE,1703393776568613756,D3:F4:55:AB:96:20,-67
BLE,1703393777143083902,D3:F4:55:AB:96:20,-52
BLE,1703393777340079708,D3:F4:55:AB:96:20,-66
BLE,1703393777521957810,DF:DF:EE:00:00:04,-35
BLE,1703393777529743972,D3:F4:55:AB:96:20,-57
BLE,1703393777919592047,D3:F4:55:AB:96:20,-92
BLE,1703393778518053004,DF:DF:EE:00:00:04,-54
BLE,1703393779073921445,D3:F4:55:AB:96:20,-53
BLE,1703393779458537579,D3:F4:55:AB:96:20,-68
BLE,1703393779522593269,DF:DF:EE:00:00:04,-35
BLE,1703393779645095295,DF:A6:DC:DC:2E:81,-57
BLE,1703393779645109336,DF:DF:EE:00:00:01,-57
BLE,1703393780038374831,D3:F4:55:AB:96:20,-73
BLE,1703393780057689737,DF:DF:EE:00:00:04,-55
BLE,1703393780227235687,D3:F4:55:AB:96:20,-56
BLE,1703393780420013708,D3:F4:55:AB:96:20,-72
BLE,1703393780655067748,DF:A6:DC:DC:2E:81,-57
BLE,1703393780655098081,DF:DF:EE:00:00:01,-57
BLE,1703393780809858574,D3:F4:55:AB:96:20,-52
BLE,1703393781191800781,D3:F4:55:AB:96:20,-53
BLE,1703393781387379478,D3:F4:55:AB:96:20,-73
BLE,1703393781773765884,D3:F4:55:AB:96:20,-64
BLE,1703393782523811162,DF:DF:EE:00:00:04,-52
BLE,1703393782922746467,D3:F4:55:AB:96:20,-66
BLE,1703393783313744113,D3:F4:55:AB:96:20,-57
BLE,1703393783525107963,DF:DF:EE:00:00:04,-39
BLE,1703393783667556305,DF:A6:DC:DC:2E:81,-72
BLE,1703393783667617179,DF:DF:EE:00:00:01,-72
BLE,1703393783705358959,D3:F4:55:AB:96:20,-73
BLE,1703393784061364835,DF:DF:EE:00:00:04,-41
BLE,1703393784468279341,D3:F4:55:AB:96:20,-72
BLE,1703393784672556565,DF:A6:DC:DC:2E:81,-74
BLE,1703393784672599606,DF:DF:EE:00:00:01,-74
BLE,1703393785043707310,D3:F4:55:AB:96:20,-56
BLE,1703393785057661235,DF:DF:EE:00:00:04,-34
BLE,1703393785519576825,DF:DF:EE:00:00:04,-53
BLE,1703393786058905329,DF:DF:EE:00:00:04,-54
BLE,1703393786400050123,D3:F4:55:AB:96:20,-71
BLE,1703393786524970456,DF:DF:EE:00:00:04,-50
BLE,1703393786589954635,D3:F4:55:AB:96:20,-68
BLE,1703393786780582596,D3:F4:55:AB:96:20,-56
BLE,1703393786971163100,D3:F4:55:AB:96:20,-67
BLE,1703393787520810944,DF:DF:EE:00:00:04,-42
BLE,1703393787536659972,D3:F4:55:AB:96:20,-53
BLE,1703393787697181942,DF:A6:DC:DC:2E:81,-57
BLE,1703393787697220150,DF:DF:EE:00:00:01,-57
BLE,1703393787725158208,D3:F4:55:AB:96:20,-71
BLE,1703393788057493644,DF:DF:EE:00:00:04,-66
BLE,1703393788680760445,D3:F4:55:AB:96:20,-68
BLE,1703393789063818305,DF:DF:EE:00:00:04,-52
BLE,1703393789072642372,D3:F4:55:AB:96:20,-57
BLE,1703393789461058421,D3:F4:55:AB:96:20,-73
BLE,1703393789528007745,DF:DF:EE:00:00:04,-56
BLE,1703393789656150374,D3:F4:55:AB:96:20,-56
BLE,1703393790039355733,D3:F4:55:AB:96:20,-57
BLE,1703393790061893560,DF:DF:EE:00:00:04,-53
BLE,1703393790234193063,D3:F4:55:AB:96:20,-66
BLE,1703393790619232359,D3:F4:55:AB:96:20,-67
BLE,1703393791060126271,DF:DF:EE:00:00:04,-56
BLE,1703393791520364964,DF:DF:EE:00:00:04,-51
BLE,1703393791586915334,D3:F4:55:AB:96:20,-67
BLE,1703393791780574969,D3:F4:55:AB:96:20,-82
BLE,1703393792164689651,D3:F4:55:AB:96:20,-72
BLE,1703393792358363619,D3:F4:55:AB:96:20,-56
BLE,1703393792549934987,D3:F4:55:AB:96:20,-52
BLE,1703393792717755623,DF:A6:DC:DC:2E:81,-71
BLE,1703393792717848664,DF:DF:EE:00:00:01,-71
BLE,1703393792747447495,D3:F4:55:AB:96:20,-70
BLE,1703393793522619238,D3:F4:55:AB:96:20,-82
BLE,1703393793719864999,D3:F4:55:AB:96:20,-53
BLE,1703393794287941385,D3:F4:55:AB:96:20,-54
BLE,1703393794527676122,DF:DF:EE:00:00:04,-66
BLE,1703393794676849387,D3:F4:55:AB:96:20,-71
BLE,1703393794872699456,D3:F4:55:AB:96:20,-53
BLE,1703393795058630345,DF:DF:EE:00:00:04,-65
BLE,1703393795259758521,D3:F4:55:AB:96:20,-62
BLE,1703393795453858276,D3:F4:55:AB:96:20,-68
BLE,1703393795650777541,D3:F4:55:AB:96:20,-68
BLE,1703393795731166878,DF:A6:DC:DC:2E:81,-57
BLE,1703393795731209295,DF:DF:EE:00:00:01,-57
BLE,1703393795846889731,D3:F4:55:AB:96:20,-69
BLE,1703393796037594192,D3:F4:55:AB:96:20,-66
BLE,1703393796057265885,DF:DF:EE:00:00:04,-69
BLE,1703393796233505052,D3:F4:55:AB:96:20,-71
BLE,1703393796738262656,DF:A6:DC:DC:2E:81,-58
BLE,1703393796738309280,DF:DF:EE:00:00:01,-58
BLE,1703393796818770367,D3:F4:55:AB:96:20,-57
BLE,1703393797008671545,D3:F4:55:AB:96:20,-66
BLE,1703393797059268179,DF:DF:EE:00:00:04,-54
BLE,1703393797204086410,D3:F4:55:AB:96:20,-57
BLE,1703393797390050549,D3:F4:55:AB:96:20,-67
BLE,1703393797779119758,D3:F4:55:AB:96:20,-56
BLE,1703393797968518025,D3:F4:55:AB:96:20,-67
BLE,1703393798354797432,D3:F4:55:AB:96:20,-67
BLE,1703393798517656959,DF:DF:EE:00:00:04,-51
BLE,1703393798737958958,D3:F4:55:AB:96:20,-66
BLE,1703393798747095271,DF:A6:DC:DC:2E:81,-57
BLE,1703393798747122604,DF:DF:EE:00:00:01,-57
BLE,1703393798932432876,D3:F4:55:AB:96:20,-67
BLE,1703393799125780223,D3:F4:55:AB:96:20,-66
BLE,1703393799503353438,D3:F4:55:AB:96:20,-67
BLE,1703393799884567402,D3:F4:55:AB:96:20,-66
BLE,1703393800466988292,D3:F4:55:AB:96:20,-73
BLE,1703393801426662441,D3:F4:55:AB:96:20,-73
BLE,1703393802383294624,D3:F4:55:AB:96:20,-52
BLE,1703393802521979967,DF:DF:EE:00:00:04,-51
BLE,1703393802769437741,D3:F4:55:AB:96:20,-66
BLE,1703393803065438923,DF:DF:EE:00:00:04,-53
BLE,1703393803774905995,DF:A6:DC:DC:2E:81,-61
BLE,1703393803774965870,DF:DF:EE:00:00:01,-61
BLE,1703393803914362788,D3:F4:55:AB:96:20,-69
BLE,1703393804056421717,DF:DF:EE:00:00:04,-53
BLE,1703393804107590094,D3:F4:55:AB:96:20,-57
BLE,1703393804680249594,D3:F4:55:AB:96:20,-68
BLE,1703393805062634004,D3:F4:55:AB:96:20,-68
BLE,1703393805526529322,DF:DF:EE:00:00:04,-67
BLE,1703393805827670946,D3:F4:55:AB:96:20,-66
BLE,1703393806020108678,D3:F4:55:AB:96:20,-68
BLE,1703393806066379903,DF:DF:EE:00:00:04,-57
BLE,1703393806595577313,D3:F4:55:AB:96:20,-69
BLE,1703393807518223007,DF:DF:EE:00:00:04,-52
BLE,1703393807788105444,DF:A6:DC:DC:2E:81,-59
BLE,1703393807788152735,DF:DF:EE:00:00:01,-59
BLE,1703393808056342941,DF:DF:EE:00:00:04,-52
BLE,1703393808523036561,D3:F4:55:AB:96:20,-72
BLE,1703393809520390865,DF:DF:EE:00:00:04,-66
BLE,1703393809800592143,DF:A6:DC:DC:2E:81,-76
BLE,1703393809800635476,DF:DF:EE:00:00:01,-76
BLE,1703393810251655065,D3:F4:55:AB:96:20,-57
BLE,1703393810807003595,DF:A6:DC:DC:2E:81,-57
BLE,1703393810807065344,DF:DF:EE:00:00:01,-57
BLE,1703393810824476855,D3:F4:55:AB:96:20,-67
BLE,1703393811060856380,DF:DF:EE:00:00:04,-72
BLE,1703393811402419879,D3:F4:55:AB:96:20,-72
BLE,1703393811521784857,DF:DF:EE:00:00:04,-35
BLE,1703393811811008491,DF:A6:DC:DC:2E:81,-83
BLE,1703393811811055532,DF:DF:EE:00:00:01,-83
BLE,1703393812058707388,DF:DF:EE:00:00:04,-34
BLE,1703393812365771902,D3:F4:55:AB:96:20,-72
BLE,1703393812523077367,DF:DF:EE:00:00:04,-57
BLE,1703393812756070097,D3:F4:55:AB:96:20,-66
BLE,1703393812815377133,DF:A6:DC:DC:2E:81,-61
BLE,1703393812815410674,DF:DF:EE:00:00:01,-61
BLE,1703393813058329250,DF:DF:EE:00:00:04,-66
BLE,1703393813140585025,D3:F4:55:AB:96:20,-52
BLE,1703393813528161751,D3:F4:55:AB:96:20,-57
BLE,1703393813818019586,DF:A6:DC:DC:2E:81,-68
BLE,1703393813818040877,DF:DF:EE:00:00:01,-68
BLE,1703393814302646752,D3:F4:55:AB:96:20,-56
BLE,1703393814496278845,D3:F4:55:AB:96:20,-56
BLE,1703393814526282755,DF:DF:EE:00:00:04,-72
BLE,1703393814822299562,DF:A6:DC:DC:2E:81,-83
BLE,1703393814822347853,DF:DF:EE:00:00:01,-83
BLE,1703393814875575874,D3:F4:55:AB:96:20,-66
BLE,1703393815843474138,D3:F4:55:AB:96:20,-64
BLE,1703393816521586024,DF:DF:EE:00:00:04,-54
BLE,1703393816620664066,D3:F4:55:AB:96:20,-72
BLE,1703393817522015127,DF:DF:EE:00:00:04,-68
BLE,1703393817775489833,D3:F4:55:AB:96:20,-66
BLE,1703393818350651388,D3:F4:55:AB:96:20,-73
BLE,1703393818520070840,DF:DF:EE:00:00:04,-65
BLE,1703393818542049716,D3:F4:55:AB:96:20,-82
BLE,1703393818845680561,DF:A6:DC:DC:2E:81,-77
BLE,1703393818845723686,DF:DF:EE:00:00:01,-77
BLE,1703393818936974567,D3:F4:55:AB:96:20,-72
BLE,1703393819320121843,D3:F4:55:AB:96:20,-68
BLE,1703393819507623256,D3:F4:55:AB:96:20,-67
BLE,1703393819521692222,DF:DF:EE:00:00:04,-56
BLE,1703393819698861377,D3:F4:55:AB:96:20,-56
BLE,1703393819891791854,D3:F4:55:AB:96:20,-67
BLE,1703393820278173969,D3:F4:55:AB:96:20,-57
BLE,1703393820468299311,D3:F4:55:AB:96:20,-73
BLE,1703393820657716161,D3:F4:55:AB:96:20,-78
BLE,1703393820849052114,D3:F4:55:AB:96:20,-57
BLE,1703393821036053033,D3:F4:55:AB:96:20,-53
BLE,1703393821417683910,D3:F4:55:AB:96:20,-63
BLE,1703393821516467830,DF:DF:EE:00:00:04,-37
BLE,1703393821615617955,D3:F4:55:AB:96:20,-67
BLE,1703393821804335938,D3:F4:55:AB:96:20,-66
BLE,1703393821858498406,DF:A6:DC:DC:2E:81,-73
BLE,1703393821858514156,DF:DF:EE:00:00:01,-73
BLE,1703393822060429198,DF:DF:EE:00:00:04,-37
BLE,1703393822198216634,D3:F4:55:AB:96:20,-56
BLE,1703393822523141404,DF:DF:EE:00:00:04,-51
BLE,1703393822583261597,D3:F4:55:AB:96:20,-70
BLE,1703393822779786908,D3:F4:55:AB:96:20,-61
BLE,1703393822863428542,DF:A6:DC:DC:2E:81,-80
BLE,1703393822863465666,DF:DF:EE:00:00:01,-80
BLE,1703393823063091109,DF:DF:EE:00:00:04,-52
BLE,1703393823541326389,D3:F4:55:AB:96:20,-57
BLE,1703393823732738425,D3:F4:55:AB:96:20,-72
BLE,1703393823871468517,DF:A6:DC:DC:2E:81,-73
BLE,1703393823871486183,DF:DF:EE:00:00:01,-73
BLE,1703393824060138459,DF:DF:EE:00:00:04,-65
BLE,1703393824521219183,DF:DF:EE:00:00:04,-39
BLE,1703393824884853514,D3:F4:55:AB:96:20,-52
BLE,1703393825063059117,DF:DF:EE:00:00:04,-34
BLE,1703393825075887763,D3:F4:55:AB:96:20,-57
BLE,1703393825456805939,D3:F4:55:AB:96:20,-71
BLE,1703393825648054977,D3:F4:55:AB:96:20,-53
BLE,1703393825890959970,DF:A6:DC:DC:2E:81,-71
BLE,1703393825890983011,DF:DF:EE:00:00:01,-71
BLE,1703393826226703784,D3:F4:55:AB:96:20,-73
BLE,1703393826895736232,DF:A6:DC:DC:2E:81,-57
BLE,1703393826895781148,DF:DF:EE:00:00:01,-57
BLE,1703393827519999521,DF:DF:EE:00:00:04,-57
BLE,1703393828140958806,D3:F4:55:AB:96:20,-72
BLE,1703393828523697337,DF:DF:EE:00:00:04,-56
BLE,1703393828905558253,DF:A6:DC:DC:2E:81,-77
BLE,1703393828905611336,DF:DF:EE:00:00:01,-77
BLE,1703393829062351723,DF:DF:EE:00:00:04,-56
BLE,1703393829107982330,D3:F4:55:AB:96:20,-67
BLE,1703393829489871746,D3:F4:55:AB:96:20,-72
BLE,1703393830455909906,D3:F4:55:AB:96:20,-72
BLE,1703393830516192555,DF:DF:EE:00:00:04,-53
BLE,1703393831918556804,DF:A6:DC:DC:2E:81,-61
BLE,1703393831918621303,DF:DF:EE:00:00:01,-61
BLE,1703393832005465484,D3:F4:55:AB:96:20,-71
BLE,1703393832063240370,DF:DF:EE:00:00:04,-51
BLE,1703393832196515441,D3:F4:55:AB:96:20,-67
BLE,1703393833061023128,DF:DF:EE:00:00:04,-54
BLE,1703393833155555680,D3:F4:55:AB:96:20,-82
BLE,1703393833345789438,D3:F4:55:AB:96:20,-67
BLE,1703393833516779414,DF:DF:EE:00:00:04,-56
BLE,1703393833923529130,DF:A6:DC:DC:2E:81,-61
BLE,1703393833923597129,DF:DF:EE:00:00:01,-61
BLE,1703393834060916529,DF:DF:EE:00:00:04,-74
BLE,1703393834699326158,D3:F4:55:AB:96:20,-68
BLE,1703393834926132792,DF:A6:DC:DC:2E:81,-72
BLE,1703393834926178625,DF:DF:EE:00:00:01,-72
BLE,1703393835084765241,D3:F4:55:AB:96:20,-72
BLE,1703393835521348328,DF:DF:EE:00:00:04,-56
BLE,1703393835663089802,D3:F4:55:AB:96:20,-53
BLE,1703393835859731695,D3:F4:55:AB:96:20,-67
BLE,1703393835932436620,DF:A6:DC:DC:2E:81,-58
BLE,1703393835932471495,DF:DF:EE:00:00:01,-58
BLE,1703393836045443546,D3:F4:55:AB:96:20,-67
BLE,1703393836058878643,DF:DF:EE:00:00:04,-51
BLE,1703393836244038833,D3:F4:55:AB:96:20,-72
BLE,1703393836824132457,D3:F4:55:AB:96:20,-72
BLE,1703393836939380107,DF:A6:DC:DC:2E:81,-71
BLE,1703393836939396357,DF:DF:EE:00:00:01,-71
BLE,1703393837014533879,D3:F4:55:AB:96:20,-52
BLE,1703393837057610890,DF:DF:EE:00:00:04,-35
BLE,1703393837401459321,D3:F4:55:AB:96:20,-56
BLE,1703393837525502371,DF:DF:EE:00:00:04,-40
BLE,1703393837591196834,D3:F4:55:AB:96:20,-72
BLE,1703393837783059906,D3:F4:55:AB:96:20,-57
BLE,1703393837948595777,DF:A6:DC:DC:2E:81,-76
BLE,1703393837948612236,DF:DF:EE:00:00:01,-76
BLE,1703393838744829615,D3:F4:55:AB:96:20,-53
BLE,1703393838947943768,DF:A6:DC:DC:2E:81,-68
BLE,1703393838947968601,DF:DF:EE:00:00:01,-68
BLE,1703393839062220304,DF:DF:EE:00:00:04,-50
BLE,1703393839520046566,DF:DF:EE:00:00:04,-66
BLE,1703393839697181764,D3:F4:55:AB:96:20,-56
BLE,1703393839888959504,D3:F4:55:AB:96:20,-73
BLE,1703393839951581334,DF:A6:DC:DC:2E:81,-76
BLE,1703393839951601834,DF:DF:EE:00:00:01,-76
BLE,1703393840078218897,D3:F4:55:AB:96:20,-56
BLE,1703393840269555350,D3:F4:55:AB:96:20,-73
BLE,1703393840458035794,D3:F4:55:AB:96:20,-68
BLE,1703393840522466146,DF:DF:EE:00:00:04,-58
BLE,1703393840844351201,D3:F4:55:AB:96:20,-71
BLE,1703393840955900102,DF:A6:DC:DC:2E:81,-57
BLE,1703393840955919935,DF:DF:EE:00:00:01,-57
BLE,1703393841061040575,DF:DF:EE:00:00:04,-35
BLE,1703393841619465945,D3:F4:55:AB:96:20,-72
BLE,1703393841812326131,D3:F4:55:AB:96:20,-57
BLE,1703393842001419943,D3:F4:55:AB:96:20,-73
BLE,1703393842056593483,DF:DF:EE:00:00:04,-45
BLE,1703393842195167161,D3:F4:55:AB:96:20,-57
BLE,1703393842954937537,D3:F4:55:AB:96:20,-63
BLE,1703393843058581610,DF:DF:EE:00:00:04,-64
BLE,1703393843146940774,D3:F4:55:AB:96:20,-72
BLE,1703393843335847297,D3:F4:55:AB:96:20,-66
BLE,1703393843529651555,D3:F4:55:AB:96:20,-73
BLE,1703393843718256956,D3:F4:55:AB:96:20,-63
BLE,1703393843915596716,D3:F4:55:AB:96:20,-72
BLE,1703393843966139726,DF:A6:DC:DC:2E:81,-71
BLE,1703393843966234100,DF:DF:EE:00:00:01,-71
BLE,1703393844301830874,D3:F4:55:AB:96:20,-52
BLE,1703393844683343585,D3:F4:55:AB:96:20,-52
BLE,1703393844972516428,DF:A6:DC:DC:2E:81,-77
BLE,1703393844972569011,DF:DF:EE:00:00:01,-77
BLE,1703393845059029738,DF:DF:EE:00:00:04,-56
BLE,1703393845066431696,D3:F4:55:AB:96:20,-67
BLE,1703393845453002808,D3:F4:55:AB:96:20,-52
BLE,1703393845516009259,DF:DF:EE:00:00:04,-35
BLE,1703393846060484538,DF:DF:EE:00:00:04,-46
BLE,1703393846221747082,D3:F4:55:AB:96:20,-57
BLE,1703393846599215298,D3:F4:55:AB:96:20,-52
BLE,1703393846788112404,D3:F4:55:AB:96:20,-57
BLE,1703393846978451993,DF:A6:DC:DC:2E:81,-58
BLE,1703393846978495868,DF:DF:EE:00:00:01,-58
BLE,1703393846981486376,D3:F4:55:AB:96:20,-52
BLE,1703393847058031548,DF:DF:EE:00:00:04,-37
BLE,1703393847517987744,DF:DF:EE:00:00:04,-21
BLE,1703393847563865307,D3:F4:55:AB:96:20,-66
BLE,1703393847752896161,D3:F4:55:AB:96:20,-72
BLE,1703393847948376984,D3:F4:55:AB:96:20,-52
BLE,1703393847985018152,DF:A6:DC:DC:2E:81,-76
BLE,1703393847985058235,DF:DF:EE:00:00:01,-76
BLE,1703393848142646779,D3:F4:55:AB:96:20,-57
BLE,1703393848338086269,D3:F4:55:AB:96:20,-57
BLE,1703393848991023442,DF:A6:DC:DC:2E:81,-57
BLE,1703393848991064399,DF:DF:EE:00:00:01,-57
BLE,1703393849064857604,DF:DF:EE:00:00:04,-40
BLE,1703393849109701011,D3:F4:55:AB:96:20,-56
BLE,1703393849298169497,D3:F4:55:AB:96:20,-53
BLE,1703393849883387938,D3:F4:55:AB:96:20,-67
BLE,1703393850055851147,DF:DF:EE:00:00:04,-64
BLE,1703393850071912506,D3:F4:55:AB:96:20,-57
BLE,1703393850267522703,D3:F4:55:AB:96:20,-53
BLE,1703393850459391983,D3:F4:55:AB:96:20,-56
BLE,1703393850849417890,D3:F4:55:AB:96:20,-53
BLE,1703393851061369859,DF:DF:EE:00:00:04,-54
BLE,1703393851233622404,D3:F4:55:AB:96:20,-67
BLE,1703393851426102261,D3:F4:55:AB:96:20,-67
BLE,1703393851516949730,DF:DF:EE:00:00:04,-40
BLE,1703393851613684882,D3:F4:55:AB:96:20,-66
BLE,1703393851812691123,D3:F4:55:AB:96:20,-72
BLE,1703393851999673209,D3:F4:55:AB:96:20,-63
BLE,1703393852054440254,DF:DF:EE:00:00:04,-54
BLE,1703393852191063037,D3:F4:55:AB:96:20,-72
BLE,1703393852378704573,D3:F4:55:AB:96:20,-53
BLE,1703393852516452843,DF:DF:EE:00:00:04,-51
BLE,1703393852574180521,D3:F4:55:AB:96:20,-72
BLE,1703393852963806766,D3:F4:55:AB:96:20,-53
BLE,1703393853153644903,D3:F4:55:AB:96:20,-56
BLE,1703393853343496664,D3:F4:55:AB:96:20,-73
BLE,1703393853519056672,DF:DF:EE:00:00:04,-55
BLE,1703393853723868930,D3:F4:55:AB:96:20,-67
BLE,1703393853909772654,D3:F4:55:AB:96:20,-63
BLE,1703393854107235829,D3:F4:55:AB:96:20,-72
BLE,1703393854491969337,D3:F4:55:AB:96:20,-73
BLE,1703393854879212608,D3:F4:55:AB:96:20,-66
BLE,1703393855021065998,DF:A6:DC:DC:2E:81,-73
BLE,1703393855021094331,DF:DF:EE:00:00:01,-73
BLE,1703393855059890974,DF:DF:EE:00:00:04,-51
BLE,1703393855071915296,D3:F4:55:AB:96:20,-72
BLE,1703393855459447772,D3:F4:55:AB:96:20,-73
BLE,1703393855845049187,D3:F4:55:AB:96:20,-52
BLE,1703393856060379410,DF:DF:EE:00:00:04,-50
BLE,1703393856234783722,D3:F4:55:AB:96:20,-56
BLE,1703393856616256392,D3:F4:55:AB:96:20,-71
BLE,1703393857062001791,DF:DF:EE:00:00:04,-51
BLE,1703393857523623427,DF:DF:EE:00:00:04,-52
BLE,1703393857960967088,D3:F4:55:AB:96:20,-62
BLE,1703393858520938690,DF:DF:EE:00:00:04,-46
BLE,1703393858538898111,D3:F4:55:AB:96:20,-57
BLE,1703393858733671859,D3:F4:55:AB:96:20,-71
BLE,1703393859121017462,D3:F4:55:AB:96:20,-73
BLE,1703393859311497717,D3:F4:55:AB:96:20,-53
BLE,1703393859503704410,D3:F4:55:AB:96:20,-67
BLE,1703393859512945222,DF:DF:EE:00:00:04,-35
BLE,1703393859694995697,D3:F4:55:AB:96:20,-67
BLE,1703393860278722697,D3:F4:55:AB:96:20,-67
BLE,1703393860520169956,DF:DF:EE:00:00:04,-55
BLE,1703393860663592703,D3:F4:55:AB:96:20,-68
BLE,1703393860858972236,D3:F4:55:AB:96:20,-67
BLE,1703393861045159789,DF:A6:DC:DC:2E:81,-58
BLE,1703393861045178622,DF:DF:EE:00:00:01,-58
BLE,1703393861518184712,DF:DF:EE:00:00:04,-35
BLE,1703393861627602970,D3:F4:55:AB:96:20,-52
BLE,1703393862006273755,D3:F4:55:AB:96:20,-72
BLE,1703393862055680819,DF:DF:EE:00:00:04,-35
BLE,1703393862198860361,D3:F4:55:AB:96:20,-71
BLE,1703393862520046465,DF:DF:EE:00:00:04,-56
BLE,1703393863058485312,DF:A6:DC:DC:2E:81,-61
BLE,1703393863058525687,DF:DF:EE:00:00:01,-61
BLE,1703393863061096324,DF:DF:EE:00:00:04,-62
BLE,1703393863742286926,D3:F4:55:AB:96:20,-66
BLE,1703393864063777152,DF:A6:DC:DC:2E:81,-72
BLE,1703393864063822193,DF:DF:EE:00:00:01,-72
BLE,1703393864124535962,D3:F4:55:AB:96:20,-66
BLE,1703393864514534035,DF:DF:EE:00:00:04,-53
BLE,1703393864709061077,D3:F4:55:AB:96:20,-63
BLE,1703393866077288756,DF:A6:DC:DC:2E:81,-76
BLE,1703393866077351380,DF:DF:EE:00:00:01,-76
BLE,1703393867794406016,D3:F4:55:AB:96:20,-67
BLE,1703393868087614688,DF:A6:DC:DC:2E:81,-74
BLE,1703393868087672979,DF:DF:EE:00:00:01,-74
BLE,1703393868178972109,D3:F4:55:AB:96:20,-67
BLE,1703393869339001401,D3:F4:55:AB:96:20,-72
BLE,1703393869521986824,DF:DF:EE:00:00:04,-50
BLE,1703393869525625033,D3:F4:55:AB:96:20,-63
BLE,1703393869714701553,D3:F4:55:AB:96:20,-56
BLE,1703393870094193871,DF:A6:DC:DC:2E:81,-58
BLE,1703393870094251245,DF:DF:EE:00:00:01,-58
BLE,1703393870516689784,DF:DF:EE:00:00:04,-35
BLE,1703393870881287854,D3:F4:55:AB:96:20,-57
BLE,1703393871055230921,DF:DF:EE:00:00:04,-34
BLE,1703393871096779866,DF:A6:DC:DC:2E:81,-71
BLE,1703393871096851907,DF:DF:EE:00:00:01,-71
BLE,1703393871645957799,D3:F4:55:AB:96:20,-62
BLE,1703393872023812344,D3:F4:55:AB:96:20,-78
BLE,1703393872403687574,D3:F4:55:AB:96:20,-66
BLE,1703393872600329509,D3:F4:55:AB:96:20,-73
BLE,1703393872794818968,D3:F4:55:AB:96:20,-56
BLE,1703393873102400851,DF:A6:DC:DC:2E:81,-73
BLE,1703393873102462601,DF:DF:EE:00:00:01,-73
BLE,1703393873371467547,D3:F4:55:AB:96:20,-52
BLE,1703393873516779023,DF:DF:EE:00:00:04,-37
BLE,1703393873566340294,D3:F4:55:AB:96:20,-57
BLE,1703393873755926100,D3:F4:55:AB:96:20,-67
BLE,1703393874063579983,DF:DF:EE:00:00:04,-56
BLE,1703393874136556655,D3:F4:55:AB:96:20,-67
BLE,1703393874520224175,D3:F4:55:AB:96:20,-66
BLE,1703393874711579045,D3:F4:55:AB:96:20,-57
BLE,1703393875093999871,D3:F4:55:AB:96:20,-73
BLE,1703393875116163786,DF:A6:DC:DC:2E:81,-57
BLE,1703393875116211536,DF:DF:EE:00:00:01,-57
BLE,1703393875522259927,DF:DF:EE:00:00:04,-53
BLE,1703393876118885363,DF:A6:DC:DC:2E:81,-59
BLE,1703393876118925196,DF:DF:EE:00:00:01,-59
BLE,1703393876440125467,D3:F4:55:AB:96:20,-56
BLE,1703393876516587891,DF:DF:EE:00:00:04,-51
BLE,1703393877016669256,D3:F4:55:AB:96:20,-62
BLE,1703393877212961487,D3:F4:55:AB:96:20,-68
BLE,1703393877978171885,D3:F4:55:AB:96:20,-72
BLE,1703393878055948293,DF:DF:EE:00:00:04,-51
BLE,1703393878164271522,D3:F4:55:AB:96:20,-52
BLE,1703393878520898016,DF:DF:EE:00:00:04,-62
BLE,1703393878554147680,D3:F4:55:AB:96:20,-54
BLE,1703393878931778894,D3:F4:55:AB:96:20,-68
BLE,1703393880518981379,DF:DF:EE:00:00:04,-50
BLE,1703393880674165326,D3:F4:55:AB:96:20,-56
BLE,1703393880865321114,D3:F4:55:AB:96:20,-53
BLE,1703393881052641363,DF:DF:EE:00:00:04,-53
BLE,1703393881055081502,D3:F4:55:AB:96:20,-71
BLE,1703393881820771895,D3:F4:55:AB:96:20,-56
BLE,1703393882057912995,DF:DF:EE:00:00:04,-35
BLE,1703393882397275184,D3:F4:55:AB:96:20,-52
BLE,1703393882518618474,DF:DF:EE:00:00:04,-54
BLE,1703393883056971072,DF:DF:EE:00:00:04,-54
BLE,1703393883938640314,D3:F4:55:AB:96:20,-57
BLE,1703393884133865640,D3:F4:55:AB:96:20,-57
BLE,1703393884327509067,D3:F4:55:AB:96:20,-57
BLE,1703393884903422364,D3:F4:55:AB:96:20,-72
BLE,1703393885289481732,D3:F4:55:AB:96:20,-57
BLE,1703393885519437413,DF:DF:EE:00:00:04,-55
BLE,1703393886051959077,D3:F4:55:AB:96:20,-71
BLE,1703393887204532662,D3:F4:55:AB:96:20,-57
BLE,1703393888157568220,D3:F4:55:AB:96:20,-67
BLE,1703393888174489152,DF:A6:DC:DC:2E:81,-78
BLE,1703393888174527027,DF:DF:EE:00:00:01,-78
BLE,1703393888537991652,D3:F4:55:AB:96:20,-67
BLE,1703393889057554046,DF:DF:EE:00:00:04,-45
BLE,1703393889122328269,D3:F4:55:AB:96:20,-66
BLE,1703393889519534594,DF:DF:EE:00:00:04,-40
BLE,1703393889700050378,D3:F4:55:AB:96:20,-72
BLE,1703393890283962459,D3:F4:55:AB:96:20,-73
BLE,1703393890671305896,D3:F4:55:AB:96:20,-73
BLE,1703393891052760608,D3:F4:55:AB:96:20,-72
BLE,1703393891053939220,DF:DF:EE:00:00:04,-56
BLE,1703393891185899972,DF:A6:DC:DC:2E:81,-77
BLE,1703393891185944513,DF:DF:EE:00:00:01,-77
BLE,1703393891437524699,D3:F4:55:AB:96:20,-73
BLE,1703393892187306897,DF:A6:DC:DC:2E:81,-73
BLE,1703393892187357313,DF:DF:EE:00:00:01,-73
BLE,1703393892211067002,D3:F4:55:AB:96:20,-57
BLE,1703393892517612148,DF:DF:EE:00:00:04,-55
BLE,1703393892602000732,D3:F4:55:AB:96:20,-72
BLE,1703393892798174964,D3:F4:55:AB:96:20,-56
BLE,1703393893517910086,DF:DF:EE:00:00:04,-52
BLE,1703393893566896697,D3:F4:55:AB:96:20,-62
BLE,1703393893757839154,D3:F4:55:AB:96:20,-72
BLE,1703393893954498839,D3:F4:55:AB:96:20,-72
BLE,1703393894147875186,D3:F4:55:AB:96:20,-57
BLE,1703393894530524717,D3:F4:55:AB:96:20,-57
BLE,1703393894719205617,D3:F4:55:AB:96:20,-57
BLE,1703393894907506355,D3:F4:55:AB:96:20,-66
BLE,1703393895059689878,DF:DF:EE:00:00:04,-55
BLE,1703393895521904840,DF:DF:EE:00:00:04,-57
BLE,1703393896209462452,DF:A6:DC:DC:2E:81,-71
BLE,1703393896209510535,DF:DF:EE:00:00:01,-71
BLE,1703393896266401556,D3:F4:55:AB:96:20,-72
BLE,1703393896644595680,D3:F4:55:AB:96:20,-71
BLE,1703393897060315045,DF:DF:EE:00:00:04,-52
BLE,1703393897219885609,DF:A6:DC:DC:2E:81,-71
BLE,1703393897219935358,DF:DF:EE:00:00:01,-71
BLE,1703393897229566041,D3:F4:55:AB:96:20,-57
BLE,1703393897516456909,DF:DF:EE:00:00:04,-35
BLE,1703393897614016135,D3:F4:55:AB:96:20,-71
BLE,1703393897995602387,D3:F4:55:AB:96:20,-72
BLE,1703393899059206315,DF:DF:EE:00:00:04,-77
BLE,1703393899227588821,DF:A6:DC:DC:2E:81,-69
BLE,1703393899227631737,DF:DF:EE:00:00:01,-69
BLE,1703393899516821163,DF:DF:EE:00:00:04,-50
BLE,1703393899526262264,D3:F4:55:AB:96:20,-71
BLE,1703393900284295160,D3:F4:55:AB:96:20,-66
BLE,1703393900481038843,D3:F4:55:AB:96:20,-68
BLE,1703393900668949336,D3:F4:55:AB:96:20,-52
BLE,1703393901050631503,DF:DF:EE:00:00:04,-36
BLE,1703393901241903749,DF:A6:DC:DC:2E:81,-60
BLE,1703393901241925207,DF:DF:EE:00:00:01,-60
BLE,1703393901445276857,D3:F4:55:AB:96:20,-71
BLE,1703393901634247421,D3:F4:55:AB:96:20,-66
BLE,1703393901826809735,D3:F4:55:AB:96:20,-70
BLE,1703393902055059978,DF:DF:EE:00:00:04,-73
BLE,1703393902244220497,DF:A6:DC:DC:2E:81,-72
BLE,1703393902244261788,DF:DF:EE:00:00:01,-72
BLE,1703393902406783069,D3:F4:55:AB:96:20,-57
BLE,1703393902601691398,D3:F4:55:AB:96:20,-52
BLE,1703393902796458146,D3:F4:55:AB:96:20,-89
BLE,1703393902984257223,D3:F4:55:AB:96:20,-53
BLE,1703393903059455536,DF:DF:EE:00:00:04,-65
BLE,1703393903182482806,D3:F4:55:AB:96:20,-62
BLE,1703393903372064446,D3:F4:55:AB:96:20,-71
BLE,1703393903519723353,DF:DF:EE:00:00:04,-41
BLE,1703393903754145151,D3:F4:55:AB:96:20,-56
BLE,1703393903942783010,D3:F4:55:AB:96:20,-72
BLE,1703393904131995445,D3:F4:55:AB:96:20,-76
BLE,1703393904262169843,DF:A6:DC:DC:2E:81,-77
BLE,1703393904262212676,DF:DF:EE:00:00:01,-77
BLE,1703393904514497520,DF:DF:EE:00:00:04,-35
BLE,1703393904705174856,D3:F4:55:AB:96:20,-73
BLE,1703393904902652990,D3:F4:55:AB:96:20,-73
BLE,1703393905092470752,D3:F4:55:AB:96:20,-82
BLE,1703393905284618154,D3:F4:55:AB:96:20,-71
BLE,1703393905477052887,D3:F4:55:AB:96:20,-68
BLE,1703393905520511643,DF:DF:EE:00:00:04,-72
BLE,1703393905858367059,D3:F4:55:AB:96:20,-81
BLE,1703393906058388788,DF:DF:EE:00:00:04,-41
BLE,1703393906807372037,D3:F4:55:AB:96:20,-53
BLE,1703393907192696163,D3:F4:55:AB:96:20,-52
BLE,1703393907387666617,D3:F4:55:AB:96:20,-71
BLE,1703393907574250416,D3:F4:55:AB:96:20,-52
BLE,1703393908060296816,DF:DF:EE:00:00:04,-56
BLE,1703393908519707726,DF:DF:EE:00:00:04,-50
BLE,1703393908533231323,D3:F4:55:AB:96:20,-72
BLE,1703393908916859802,D3:F4:55:AB:96:20,-67
BLE,1703393909109203702,D3:F4:55:AB:96:20,-71
BLE,1703393909290850140,DF:A6:DC:DC:2E:81,-57
BLE,1703393909290872057,DF:DF:EE:00:00:01,-57
BLE,1703393909488426314,D3:F4:55:AB:96:20,-66
BLE,1703393909681672121,D3:F4:55:AB:96:20,-57
BLE,1703393909868816538,D3:F4:55:AB:96:20,-67
BLE,1703393910062078553,D3:F4:55:AB:96:20,-70
BLE,1703393910251986564,D3:F4:55:AB:96:20,-52
BLE,1703393910447177057,D3:F4:55:AB:96:20,-70
BLE,1703393910514793415,DF:DF:EE:00:00:04,-50
BLE,1703393910643053376,D3:F4:55:AB:96:20,-73
BLE,1703393911027980882,D3:F4:55:AB:96:20,-56
BLE,1703393911294639522,DF:A6:DC:DC:2E:81,-57
BLE,1703393911294697646,DF:DF:EE:00:00:01,-57
BLE,1703393911406033257,D3:F4:55:AB:96:20,-73
BLE,1703393911511395686,DF:DF:EE:00:00:04,-35
BLE,1703393911787030349,D3:F4:55:AB:96:20,-56
BLE,1703393911982768211,D3:F4:55:AB:96:20,-53
BLE,1703393912298632792,DF:A6:DC:DC:2E:81,-72
BLE,1703393912298676875,DF:DF:EE:00:00:01,-72
BLE,1703393912517399601,DF:DF:EE:00:00:04,-39
BLE,1703393912564529399,D3:F4:55:AB:96:20,-72
BLE,1703393912755904811,D3:F4:55:AB:96:20,-56
BLE,1703393912944505170,D3:F4:55:AB:96:20,-57
BLE,1703393913331986897,D3:F4:55:AB:96:20,-77
BLE,1703393914102978604,D3:F4:55:AB:96:20,-53
BLE,1703393914104339547,D3:F4:55:AB:96:20,-57
BLE,1703393914306698792,DF:A6:DC:DC:2E:81,-57
BLE,1703393914306732000,DF:DF:EE:00:00:01,-57
BLE,1703393914491048491,D3:F4:55:AB:96:20,-57
BLE,1703393915257095504,D3:F4:55:AB:96:20,-73
BLE,1703393915638198720,D3:F4:55:AB:96:20,-73
BLE,1703393915831078239,D3:F4:55:AB:96:20,-52
BLE,1703393916214602303,D3:F4:55:AB:96:20,-69
BLE,1703393916603335682,D3:F4:55:AB:96:20,-71
BLE,1703393917056906534,DF:DF:EE:00:00:04,-53
BLE,1703393917384162445,D3:F4:55:AB:96:20,-67
BLE,1703393917579866557,D3:F4:55:AB:96:20,-57
BLE,1703393917961949720,D3:F4:55:AB:96:20,-73
BLE,1703393918151113781,D3:F4:55:AB:96:20,-63
BLE,1703393919325914155,DF:A6:DC:DC:2E:81,-57
BLE,1703393919325976988,DF:DF:EE:00:00:01,-57
BLE,1703393919691871918,D3:F4:55:AB:96:20,-67
BLE,1703393919882848750,D3:F4:55:AB:96:20,-53
BLE,1703393920514451415,DF:DF:EE:00:00:04,-46
BLE,1703393921517147950,DF:DF:EE:00:00:04,-56
BLE,1703393921816724425,D3:F4:55:AB:96:20,-68
BLE,1703393922059857374,DF:DF:EE:00:00:04,-41
BLE,1703393922197715767,D3:F4:55:AB:96:20,-69
BLE,1703393922343563404,DF:A6:DC:DC:2E:81,-72
BLE,1703393922343602403,DF:DF:EE:00:00:01,-72
BLE,1703393922388413395,D3:F4:55:AB:96:20,-57
BLE,1703393922977004006,D3:F4:55:AB:96:20,-70
BLE,1703393923055568572,DF:DF:EE:00:00:04,-66
BLE,1703393925515887230,DF:DF:EE:00:00:04,-53
BLE,1703393926055951183,DF:DF:EE:00:00:04,-52
BLE,1703393926364976009,DF:A6:DC:DC:2E:81,-58
BLE,1703393926365014884,DF:DF:EE:00:00:01,-58
BLE,1703393926429138197,D3:F4:55:AB:96:20,-52
BLE,1703393926519057302,DF:DF:EE:00:00:04,-45
BLE,1703393926818072825,D3:F4:55:AB:96:20,-56
BLE,1703393927057281818,DF:DF:EE:00:00:04,-35
BLE,1703393927205506302,D3:F4:55:AB:96:20,-57
BLE,1703393927369853437,DF:A6:DC:DC:2E:81,-61
BLE,1703393927369872061,DF:DF:EE:00:00:01,-61
BLE,1703393927395783601,D3:F4:55:AB:96:20,-66
BLE,1703393928171470046,D3:F4:55:AB:96:20,-57
BLE,1703393928745926568,D3:F4:55:AB:96:20,-67
BLE,1703393929511821499,DF:DF:EE:00:00:04,-58
BLE,1703393929693392105,D3:F4:55:AB:96:20,-52
BLE,1703393930050705091,DF:DF:EE:00:00:04,-35
BLE,1703393930261064037,D3:F4:55:AB:96:20,-57
BLE,1703393930457197602,D3:F4:55:AB:96:20,-52
BLE,1703393930837040083,D3:F4:55:AB:96:20,-67
BLE,1703393931059277102,DF:DF:EE:00:00:04,-57
BLE,1703393931379836255,DF:A6:DC:DC:2E:81,-74
BLE,1703393931379860713,DF:DF:EE:00:00:01,-74
BLE,1703393931408712636,D3:F4:55:AB:96:20,-57
BLE,1703393931987372276,D3:F4:55:AB:96:20,-53
BLE,1703393932369825560,D3:F4:55:AB:96:20,-53
BLE,1703393932387340903,DF:A6:DC:DC:2E:81,-61
BLE,1703393932387355778,DF:DF:EE:00:00:01,-61
BLE,1703393932518938076,DF:DF:EE:00:00:04,-73
BLE,1703393932559378950,D3:F4:55:AB:96:20,-57
BLE,1703393932755771263,D3:F4:55:AB:96:20,-57
BLE,1703393933516247256,DF:DF:EE:00:00:04,-51
BLE,1703393933717886051,D3:F4:55:AB:96:20,-52
BLE,1703393933907449816,D3:F4:55:AB:96:20,-71
BLE,1703393934052565169,DF:DF:EE:00:00:04,-41
BLE,1703393934520150278,DF:DF:EE:00:00:04,-66
BLE,1703393934681974066,D3:F4:55:AB:96:20,-72
BLE,1703393934868832529,D3:F4:55:AB:96:20,-52
BLE,1703393935050696964,DF:DF:EE:00:00:04,-51
BLE,1703393935513396754,DF:DF:EE:00:00:04,-67
BLE,1703393935830340948,D3:F4:55:AB:96:20,-72
BLE,1703393936404377100,D3:F4:55:AB:96:20,-71
BLE,1703393936412450091,DF:A6:DC:DC:2E:81,-76
BLE,1703393936412465050,DF:DF:EE:00:00:01,-76
BLE,1703393936600452541,D3:F4:55:AB:96:20,-63
BLE,1703393937366973299,D3:F4:55:AB:96:20,-52
BLE,1703393937513787007,DF:DF:EE:00:00:04,-51
BLE,1703393938418106701,DF:A6:DC:DC:2E:81,-77
BLE,1703393938418145659,DF:DF:EE:00:00:01,-77
BLE,1703393938511805638,DF:DF:EE:00:00:04,-36
BLE,1703393938519981545,D3:F4:55:AB:96:20,-62
BLE,1703393939092890376,D3:F4:55:AB:96:20,-73
BLE,1703393939282820720,D3:F4:55:AB:96:20,-57
BLE,1703393939478283960,D3:F4:55:AB:96:20,-52
BLE,1703393939667600936,D3:F4:55:AB:96:20,-71
BLE,1703393939861266821,D3:F4:55:AB:96:20,-52
BLE,1703393940059034701,D3:F4:55:AB:96:20,-72
BLE,1703393940246000329,D3:F4:55:AB:96:20,-53
BLE,1703393940428191136,DF:A6:DC:DC:2E:81,-68
BLE,1703393940428211803,DF:DF:EE:00:00:01,-68
BLE,1703393940517826619,DF:DF:EE:00:00:04,-34
BLE,1703393940626179764,D3:F4:55:AB:96:20,-52
BLE,1703393940816285731,D3:F4:55:AB:96:20,-71
BLE,1703393941007197314,D3:F4:55:AB:96:20,-52
BLE,1703393941055925928,DF:DF:EE:00:00:04,-35
BLE,1703393941389964886,D3:F4:55:AB:96:20,-53
BLE,1703393941437564679,DF:A6:DC:DC:2E:81,-58
BLE,1703393941437583596,DF:DF:EE:00:00:01,-58
BLE,1703393941517446106,DF:DF:EE:00:00:04,-63
BLE,1703393942058858086,DF:DF:EE:00:00:04,-56
BLE,1703393942166061077,D3:F4:55:AB:96:20,-57
BLE,1703393942357462738,D3:F4:55:AB:96:20,-67
BLE,1703393942547633580,D3:F4:55:AB:96:20,-56
BLE,1703393945044640321,D3:F4:55:AB:96:20,-71
BLE,1703393945051973904,DF:DF:EE:00:00:04,-56
BLE,1703393945234748163,D3:F4:55:AB:96:20,-67
BLE,1703393945426204240,D3:F4:55:AB:96:20,-57
BLE,1703393945517950907,DF:DF:EE:00:00:04,-53
BLE,1703393945621334234,D3:F4:55:AB:96:20,-67
BLE,1703393946198365142,D3:F4:55:AB:96:20,-71
BLE,1703393946393522886,D3:F4:55:AB:96:20,-71
BLE,1703393946513939519,DF:DF:EE:00:00:04,-40
BLE,1703393946588812711,D3:F4:55:AB:96:20,-53
BLE,1703393946782484804,D3:F4:55:AB:96:20,-72
BLE,1703393946972037319,D3:F4:55:AB:96:20,-53
BLE,1703393947055107668,DF:DF:EE:00:00:04,-40
BLE,1703393947459340496,DF:A6:DC:DC:2E:81,-76
BLE,1703393947459395788,DF:DF:EE:00:00:01,-76
BLE,1703393947514764742,DF:DF:EE:00:00:04,-52
BLE,1703393947930401816,D3:F4:55:AB:96:20,-56
BLE,1703393948051427526,DF:DF:EE:00:00:04,-51
BLE,1703393948120017706,D3:F4:55:AB:96:20,-69
BLE,1703393948458484906,DF:A6:DC:DC:2E:81,-58
BLE,1703393948458533114,DF:DF:EE:00:00:01,-58
BLE,1703393948517690317,DF:DF:EE:00:00:04,-55
BLE,1703393949086243030,D3:F4:55:AB:96:20,-52
BLE,1703393949285244897,D3:F4:55:AB:96:20,-72
BLE,1703393949515556908,DF:DF:EE:00:00:04,-35
BLE,1703393949670917103,D3:F4:55:AB:96:20,-53
BLE,1703393950054132045,DF:DF:EE:00:00:04,-51
BLE,1703393950055865650,D3:F4:55:AB:96:20,-63
BLE,1703393950451305828,D3:F4:55:AB:96:20,-57
BLE,1703393950517162289,DF:DF:EE:00:00:04,-76
BLE,1703393950645993785,D3:F4:55:AB:96:20,-71
BLE,1703393951477216184,DF:A6:DC:DC:2E:81,-72
BLE,1703393951477257558,DF:DF:EE:00:00:01,-72
BLE,1703393951612784895,D3:F4:55:AB:96:20,-57
BLE,1703393952484768664,DF:A6:DC:DC:2E:81,-59
BLE,1703393952484819372,DF:DF:EE:00:00:01,-59
BLE,1703393952520197429,DF:DF:EE:00:00:04,-40
BLE,1703393952575459260,D3:F4:55:AB:96:20,-52
BLE,1703393953153426616,D3:F4:55:AB:96:20,-72
BLE,1703393953339763585,D3:F4:55:AB:96:20,-53
BLE,1703393953490376542,DF:A6:DC:DC:2E:81,-61
BLE,1703393953490404083,DF:DF:EE:00:00:01,-61
BLE,1703393953532721853,D3:F4:55:AB:96:20,-72
BLE,1703393953914738725,D3:F4:55:AB:96:20,-78
BLE,1703393954051137427,DF:DF:EE:00:00:04,-55
BLE,1703393954102782716,D3:F4:55:AB:96:20,-62
BLE,1703393954293432469,D3:F4:55:AB:96:20,-57
BLE,1703393954494689976,DF:A6:DC:DC:2E:81,-72
BLE,1703393954494714601,DF:DF:EE:00:00:01,-72
BLE,1703393955052596018,DF:DF:EE:00:00:04,-66
BLE,1703393955437763147,D3:F4:55:AB:96:20,-57
BLE,1703393955499755860,DF:A6:DC:DC:2E:81,-59
BLE,1703393955499780026,DF:DF:EE:00:00:01,-59
BLE,1703393955515122644,DF:DF:EE:00:00:04,-77
BLE,1703393955632855266,D3:F4:55:AB:96:20,-52
BLE,1703393956055565843,DF:DF:EE:00:00:04,-55
BLE,1703393956205120770,D3:F4:55:AB:96:20,-71
BLE,1703393956399180443,D3:F4:55:AB:96:20,-53
BLE,1703393956511916246,DF:DF:EE:00:00:04,-36
BLE,1703393956587922675,D3:F4:55:AB:96:20,-56
BLE,1703393957050306260,DF:DF:EE:00:00:04,-51
BLE,1703393957165206373,D3:F4:55:AB:96:20,-52
BLE,1703393957516222680,DF:A6:DC:DC:2E:81,-61
BLE,1703393957516247055,DF:DF:EE:00:00:01,-61
BLE,1703393957547205287,D3:F4:55:AB:96:20,-53
BLE,1703393957744747586,D3:F4:55:AB:96:20,-72
BLE,1703393958131919692,D3:F4:55:AB:96:20,-52
BLE,1703393958325211331,D3:F4:55:AB:96:20,-67
BLE,1703393958517660064,D3:F4:55:AB:96:20,-67
BLE,1703393958709000142,D3:F4:55:AB:96:20,-67
BLE,1703393959053592772,DF:DF:EE:00:00:04,-45
BLE,1703393959280988191,D3:F4:55:AB:96:20,-52
BLE,1703393959472495684,D3:F4:55:AB:96:20,-82
BLE,1703393959512963725,DF:DF:EE:00:00:04,-52
BLE,1703393959667318556,D3:F4:55:AB:96:20,-56
BLE,1703393960440607821,D3:F4:55:AB:96:20,-56
BLE,1703393960536185111,DF:A6:DC:DC:2E:81,-60
BLE,1703393960536231860,DF:DF:EE:00:00:01,-60
BLE,1703393960632832097,D3:F4:55:AB:96:20,-69
BLE,1703393961052997745,DF:DF:EE:00:00:04,-40
BLE,1703393961416457828,D3:F4:55:AB:96:20,-52
BLE,1703393961512236241,DF:DF:EE:00:00:04,-51
BLE,1703393961537009668,DF:A6:DC:DC:2E:81,-72
BLE,1703393961537027251,DF:DF:EE:00:00:01,-72
BLE,1703393962002518717,D3:F4:55:AB:96:20,-66
BLE,1703393962059712152,DF:DF:EE:00:00:04,-70
BLE,1703393962385556411,D3:F4:55:AB:96:20,-52
BLE,1703393962541248394,DF:A6:DC:DC:2E:81,-57
BLE,1703393962541293394,DF:DF:EE:00:00:01,-57
BLE,1703393963055445308,DF:DF:EE:00:00:04,-52
BLE,1703393963159933705,D3:F4:55:AB:96:20,-74
BLE,1703393964056632069,DF:DF:EE:00:00:04,-53
BLE,1703393964304069552,D3:F4:55:AB:96:20,-72
BLE,1703393964497736521,D3:F4:55:AB:96:20,-67
BLE,1703393964880554342,D3:F4:55:AB:96:20,-67
BLE,1703393965049055138,DF:DF:EE:00:00:04,-53
BLE,1703393965266892166,D3:F4:55:AB:96:20,-68
BLE,1703393965548210431,DF:A6:DC:DC:2E:81,-61
BLE,1703393965548276388,DF:DF:EE:00:00:01,-61
BLE,1703393965644908417,D3:F4:55:AB:96:20,-66
BLE,1703393966217325169,D3:F4:55:AB:96:20,-73
BLE,1703393966519993484,DF:DF:EE:00:00:04,-55
BLE,1703393966787883693,D3:F4:55:AB:96:20,-72
BLE,1703393967057171095,DF:DF:EE:00:00:04,-40
BLE,1703393967362525796,D3:F4:55:AB:96:20,-71
BLE,1703393967516313925,DF:DF:EE:00:00:04,-57
BLE,1703393968328057004,D3:F4:55:AB:96:20,-69
BLE,1703393968519714245,D3:F4:55:AB:96:20,-57
BLE,1703393969097015484,D3:F4:55:AB:96:20,-56
BLE,1703393969292441182,D3:F4:55:AB:96:20,-67
BLE,1703393969491231759,D3:F4:55:AB:96:20,-74
BLE,1703393969511486654,DF:DF:EE:00:00:04,-68
BLE,1703393969560432391,DF:A6:DC:DC:2E:81,-82
BLE,1703393969560458682,DF:DF:EE:00:00:01,-82
BLE,1703393969876553677,D3:F4:55:AB:96:20,-67
BLE,1703393970071597005,D3:F4:55:AB:96:20,-57
BLE,1703393970259198251,D3:F4:55:AB:96:20,-67
BLE,1703393970509850989,DF:DF:EE:00:00:04,-35
BLE,1703393970641649910,D3:F4:55:AB:96:20,-52
BLE,1703393970836702988,D3:F4:55:AB:96:20,-57
BLE,1703393971031370403,D3:F4:55:AB:96:20,-57
BLE,1703393971057024945,DF:DF:EE:00:00:04,-53
BLE,1703393971412872406,D3:F4:55:AB:96:20,-71
BLE,1703393971565413758,DF:A6:DC:DC:2E:81,-73
BLE,1703393971565434008,DF:DF:EE:00:00:01,-73
BLE,1703393971608932931,D3:F4:55:AB:96:20,-52
BLE,1703393971997899183,D3:F4:55:AB:96:20,-71
BLE,1703393972050954455,DF:DF:EE:00:00:04,-72
BLE,1703393972193394464,D3:F4:55:AB:96:20,-52
BLE,1703393972381933074,D3:F4:55:AB:96:20,-57
BLE,1703393972513356999,DF:DF:EE:00:00:04,-51
BLE,1703393972958899900,D3:F4:55:AB:96:20,-53
BLE,1703393973051889719,DF:DF:EE:00:00:04,-34
BLE,1703393973344615272,D3:F4:55:AB:96:20,-66
BLE,1703393973733180820,D3:F4:55:AB:96:20,-56
BLE,1703393973836348982,DF:A6:DC:DC:2E:81,-72
BLE,1703393973836391315,DF:DF:EE:00:00:01,-72
BLE,1703393973925612636,D3:F4:55:AB:96:20,-53
BLE,1703393974511339612,DF:DF:EE:00:00:04,-51
BLE,1703393974695279066,D3:F4:55:AB:96:20,-63
BLE,1703393975050665699,DF:DF:EE:00:00:04,-50
BLE,1703393975279260646,D3:F4:55:AB:96:20,-52
BLE,1703393975672939011,D3:F4:55:AB:96:20,-72
BLE,1703393975865587658,D3:F4:55:AB:96:20,-66
BLE,1703393976062762878,D3:F4:55:AB:96:20,-67
BLE,1703393976655138863,D3:F4:55:AB:96:20,-56
BLE,1703393976838043245,DF:A6:DC:DC:2E:81,-57
BLE,1703393976838079745,DF:DF:EE:00:00:01,-57
BLE,1703393976844026261,D3:F4:55:AB:96:20,-56
BLE,1703393977053545091,DF:DF:EE:00:00:04,-51
BLE,1703393977228004861,D3:F4:55:AB:96:20,-56
BLE,1703393977417596625,D3:F4:55:AB:96:20,-52
BLE,1703393977514702315,DF:DF:EE:00:00:04,-53
BLE,1703393977803790325,D3:F4:55:AB:96:20,-71
BLE,1703393978187975173,D3:F4:55:AB:96:20,-56
BLE,1703393978515022752,DF:DF:EE:00:00:04,-51
BLE,1703393978570384749,D3:F4:55:AB:96:20,-57
BLE,1703393978764117425,D3:F4:55:AB:96:20,-52
BLE,1703393979051163750,DF:DF:EE:00:00:04,-56
BLE,1703393979332871511,D3:F4:55:AB:96:20,-56
BLE,1703393979508876305,DF:DF:EE:00:00:04,-36
BLE,1703393980111129053,D3:F4:55:AB:96:20,-57
BLE,1703393980300698276,D3:F4:55:AB:96:20,-71
BLE,1703393980835494539,DF:A6:DC:DC:2E:81,-58
BLE,1703393980835539497,DF:DF:EE:00:00:01,-58
BLE,1703393980880569111,D3:F4:55:AB:96:20,-67
BLE,1703393981052620325,DF:DF:EE:00:00:04,-76
BLE,1703393981271989876,D3:F4:55:AB:96:20,-57
BLE,1703393981466911122,D3:F4:55:AB:96:20,-53
BLE,1703393982043301247,D3:F4:55:AB:96:20,-89
BLE,1703393982050691580,DF:DF:EE:00:00:04,-35
BLE,1703393982232121645,D3:F4:55:AB:96:20,-67
BLE,1703393983050332900,DF:DF:EE:00:00:04,-52
BLE,1703393983762770313,D3:F4:55:AB:96:20,-67
BLE,1703393983840784261,DF:A6:DC:DC:2E:81,-77
BLE,1703393983840824053,DF:DF:EE:00:00:01,-77
BLE,1703393984151189821,D3:F4:55:AB:96:20,-56
BLE,1703393984516215845,DF:DF:EE:00:00:04,-52
BLE,1703393984534792467,D3:F4:55:AB:96:20,-57
BLE,1703393985053795826,DF:DF:EE:00:00:04,-41
BLE,1703393986049754939,DF:DF:EE:00:00:04,-56
BLE,1703393986075927725,D3:F4:55:AB:96:20,-63
BLE,1703393986459458747,D3:F4:55:AB:96:20,-62
BLE,1703393986651290069,D3:F4:55:AB:96:20,-73
BLE,1703393987988771805,D3:F4:55:AB:96:20,-53
BLE,1703393988052159169,DF:DF:EE:00:00:04,-72
BLE,1703393988755363354,D3:F4:55:AB:96:20,-63
BLE,1703393989143307992,D3:F4:55:AB:96:20,-57
BLE,1703393989336025513,D3:F4:55:AB:96:20,-56
BLE,1703393989510330493,DF:DF:EE:00:00:04,-40
BLE,1703393990051283395,DF:DF:EE:00:00:04,-56
BLE,1703393990305634299,D3:F4:55:AB:96:20,-53
BLE,1703393990501977696,D3:F4:55:AB:96:20,-72
BLE,1703393990513673855,DF:DF:EE:00:00:04,-51
BLE,1703393990692762422,D3:F4:55:AB:96:20,-53
BLE,1703393990838331806,DF:A6:DC:DC:2E:81,-71
BLE,1703393990838376097,DF:DF:EE:00:00:01,-71
BLE,1703393991057455205,DF:DF:EE:00:00:04,-54
BLE,1703393991079195380,D3:F4:55:AB:96:20,-57
BLE,1703393991268241197,D3:F4:55:AB:96:20,-72
BLE,1703393992054578046,DF:DF:EE:00:00:04,-55
BLE,1703393992425094430,D3:F4:55:AB:96:20,-67
BLE,1703393992518124439,DF:DF:EE:00:00:04,-47
BLE,1703393992842359087,DF:A6:DC:DC:2E:81,-61
BLE,1703393992842403920,DF:DF:EE:00:00:01,-61
BLE,1703393993010427512,D3:F4:55:AB:96:20,-67
BLE,1703393993054777644,DF:DF:EE:00:00:04,-45
BLE,1703393993518242413,DF:DF:EE:00:00:04,-39
BLE,1703393993840109379,DF:A6:DC:DC:2E:81,-59
BLE,1703393993840154087,DF:DF:EE:00:00:01,-59
BLE,1703393993973488064,D3:F4:55:AB:96:20,-62
BLE,1703393994516574990,DF:DF:EE:00:00:04,-34
BLE,1703393994754125852,D3:F4:55:AB:96:20,-81
BLE,1703393994839910982,DF:A6:DC:DC:2E:81,-73
BLE,1703393994839978981,DF:DF:EE:00:00:01,-73
BLE,1703393994941766809,D3:F4:55:AB:96:20,-52
BLE,1703393995048591623,DF:DF:EE:00:00:04,-74
BLE,1703393995137057598,D3:F4:55:AB:96:20,-68
BLE,1703393996058509780,DF:DF:EE:00:00:04,-56
BLE,1703393996115739561,DF:A6:DC:DC:2E:81,-59
BLE,1703393996115790435,DF:DF:EE:00:00:01,-59
BLE,1703393996290649659,D3:F4:55:AB:96:20,-66
BLE,1703393996488708001,D3:F4:55:AB:96:20,-56
BLE,1703393997115960909,DF:A6:DC:DC:2E:81,-74
BLE,1703393997116020616,DF:DF:EE:00:00:01,-74
BLE,1703393997261357627,D3:F4:55:AB:96:20,-53
BLE,1703393997455533762,D3:F4:55:AB:96:20,-57
BLE,1703393997642646684,D3:F4:55:AB:96:20,-52
BLE,1703393997841605224,D3:F4:55:AB:96:20,-74
BLE,1703393998051232812,DF:DF:EE:00:00:04,-45
BLE,1703393998222787073,D3:F4:55:AB:96:20,-72
BLE,1703393998513221138,DF:DF:EE:00:00:04,-69
BLE,1703393998808348402,D3:F4:55:AB:96:20,-73
BLE,1703393999516090374,DF:DF:EE:00:00:04,-53
BLE,1703393999760479409,D3:F4:55:AB:96:20,-74
BLE,1703393999951192041,D3:F4:55:AB:96:20,-73
BLE,1703394000050007735,DF:DF:EE:00:00:04,-52
