85ab,1704247207381270,0.83598548,6.2655096,0.43131566,13,1085
85ab,1704247207382441,0.83534783,6.2946024,0.41587549,10,1095
85ab,1704247207383356,0.84580606,6.2961907,0.40446511,11,1105
85ab,1704247207384239,0.83326435,6.2801843,0.41270906,12,1115
85ab,1704247207385120,0.82598054,6.2765417,0.42208296,69,1125
85ab,1704247207386062,0.83789122,6.2890058,0.40467155,11,1135
85ab,1704247207386954,0.83890903,6.2953749,0.39327776,10,1145
85ab,1704247208311486,0.85065192,6.2732949,0.39829147,13,1155
85ab,1704247209311830,0.823364,6.27775,0.38778815,9,1165
85ab,1704247210311421,0.82508272,6.2565761,0.39658114,12,1175
85ab,1704247211311590,0.83191311,6.2800307,0.39856729,11,1185
85ab,1704247212311660,0.83297086,6.2524767,0.41017321,13,1195
85ab,1704247213311662,0.84713173,6.2862968,0.40460289,10,1205
85ab,1704247214311775,0.8414579,6.2768126,0.4088819,12,1215
85ab,1704247215311976,0.84613276,6.288991,0.39982343,11,1225
85ab,1704247216311462,0.82490927,6.2975664,0.39648843,9,1235
85ab,1704247217311682,0.83632159,6.3159671,0.39187318,10,1245
85ab,1704247218312264,0.84640282,6.3429046,0.38841265,10,1255
85ab,1704247219311418,0.83387047,6.3025832,0.38560963,12,1265
85ab,1704247220311717,0.83284253,6.3246851,0.38136774,9,1275
85ab,1704247221312061,0.82962209,6.2778754,0.39759061,13,1285
85ab,1704247222311569,0.82352984,6.2541666,0.4051536,12,1295
85ab,1704247223311520,0.83034515,6.2646313,0.39202023,11,1305
85ab,1704247224311347,0.81888139,6.2805777,0.38129753,9,1315
85ab,1704247225311610,0.83234131,6.2801547,0.38561684,12,1325
85ab,1704247226311392,0.84024316,6.2487464,0.39939404,14,1335
85ab,1704247227311570,0.84140986,6.2399554,0.40347433,12,1345
85ab,1704247228311371,0.83469003,6.2489738,0.400609,11,1355
85ab,1704247229311901,0.82879913,6.29037,0.38787764,10,1365
85ab,1704247230312018,0.81624651,6.2480445,0.39756131,13,1375
85ab,1704247231311466,0.81821156,6.2696753,0.39021865,10,1385
85ab,1704247232311337,0.81718194,6.2961855,0.38433143,9,1395
85ab,1704247233311939,0.82411397,6.2733173,0.39299974,12,1405
85ab,1704247234311865,0.80939758,6.2506356,0.39409709,11,1415
85ab,1704247235311690,0.80581039,6.2642989,0.39603722,10,1425
85ab,1704247236311941,0.80847561,6.2688508,0.39919564,11,1435
85ab,1704247237311504,0.80040067,6.2618074,0.40228927,11,5
85ab,1704247238311461,0.79182959,6.26931,0.4032822,10,15
85ab,1704247239311622,0.8046183,6.2702756,0.40145421,11,25
85ab,1704247240311664,0.79446381,6.2801528,0.39838535,10,35
85ab,1704247241312169,0.80475575,6.2706876,0.40443107,12,45
85ab,1704247242311656,0.82110631,6.2418737,0.4371821,15,55
85ab,1704247243311661,0.81456786,6.2275686,0.43505275,12,65
85ab,1704247244311884,0.81002635,6.2054424,0.43677306,13,75
85ab,1704247245311925,0.8246007,6.2166815,0.4271529,12,85
85ab,1704247246312001,0.81737918,6.2553034,0.41444698,9,95
85ab,1704247247311524,0.82865644,6.2130251,0.42940837,15,105
85ab,1704247248311793,0.80761957,6.2007174,0.42403516,11,115
85ab,1704247249311818,0.83734906,6.2460084,0.42189148,11,125
85ab,1704247250312260,0.83923638,6.2422371,0.41478473,12,135
85ab,1704247251314575,0.85699576,6.280818,0.41047633,11,145
85ab,1704247252311755,0.84518534,6.2887831,0.40779293,10,155
85ab,1704247253312262,0.83933371,6.3065777,0.41240546,10,165
85ab,1704247254311807,0.82598013,6.2991414,0.3956002,10,175
85ab,1704247255312290,0.83658075,6.2731304,0.41144997,13,185
85ab,1704247256311638,0.82799226,6.2678552,0.40368253,11,195
85ab,1704247257311873,0.83275121,6.2859817,0.3903892,10,205
85ab,1704247258312253,0.8405543,6.2753654,0.39858714,12,215
85ab,1704247259311949,0.8423785,6.2681122,0.4015384,12,225
85ab,1704247260312346,0.84043896,6.2667232,0.39708826,68,235
85ab,1704247261312163,0.82618028,6.2398911,0.407594,12,245
85ab,1704247262311838,0.83122706,6.2562833,0.39660543,11,255
85ab,1704247263311646,0.82860082,6.2373776,0.41070482,13,265
85ab,1704247264312264,0.839274,6.2401114,0.40350282,12,275
85ab,1704247265312012,0.82821769,6.2710805,0.39856514,9,285
85ab,1704247266311766,0.82086235,6.249536,0.39862093,12,295
85ab,1704247267311652,0.82578975,6.2581816,0.40089881,11,305
85ab,1704247268311655,0.81070262,6.2154365,0.41780075,13,315
85ab,1704247269312250,0.81267256,6.2487745,0.41131565,10,325
85ab,1704247270311672,0.8174392,6.2279339,0.41973343,13,335
85ab,1704247271311862,0.82659382,6.2154946,0.425656,13,345
85ab,1704247272311786,0.84233296,6.2524676,0.41636285,11,355
85ab,1704247273312038,0.83859974,6.2220426,0.4306646,14,365
85ab,1704247274311911,0.83682072,6.2465515,0.42328092,11,375
85ab,1704247275312130,0.84067738,6.2331772,0.42538124,13,385
85ab,1704247276312424,0.84723204,6.24063,0.42475158,12,395
85ab,1704247277311769,0.84959263,6.2555881,0.42141679,11,405
85ab,1704247278311664,0.83962536,6.2376566,0.43356881,13,415
85ab,1704247279311895,0.845432,6.2578592,0.42398995,11,425
85ab,1704247280312242,0.83239794,6.269393,0.42298844,10,435
85ab,1704247281312122,0.83004671,6.2512217,0.42860433,13,445
85ab,1704247282311667,0.83229774,6.3054357,0.40680915,12,455
85ab,1704247283312401,0.83473545,6.3068442,0.4069666,11,465
85ab,1704247284312297,0.82770789,6.3098826,0.39133549,10,475
85ab,1704247285311920,0.82981688,6.3252044,0.38758391,10,485
85ab,1704247286312243,0.81963176,6.3115749,0.3908509,11,495
85ab,1704247287312034,0.82009196,6.3347,0.38480976,9,505
85ab,1704247288312322,0.82519233,6.2888393,0.39406025,13,515
85ab,1704247289312541,0.82231361,6.2682137,0.40003732,12,525
85ab,1704247290311707,0.83419245,6.2639623,0.40840679,12,535
85ab,1704247291311926,0.84163523,6.22905,0.42366078,14,545
85ab,1704247292312312,0.82772905,6.1830549,0.434726,14,555
85ab,1704247293311963,0.8360557,6.2335072,0.41115886,10,565
85ab,1704247294312550,0.8387236,6.2348952,0.41107082,12,575
85ab,1704247295312562,0.8305456,6.2481375,0.40203881,10,585
85ab,1704247296312082,0.84035838,6.2981086,0.3861334,12,595
85ab,1704247297312344,0.81092185,6.2958922,0.39018551,10,605
85ab,1704247298311732,0.83439356,6.3402057,0.39202964,12,615
85ab,1704247299312354,0.85348415,6.3026423,0.39483804,13,625
85ab,1704247300312292,0.86012959,6.25589,0.40517363,14,635
85ab,1704247301312107,0.86327744,6.2593975,0.4042803,12,645
85ab,1704247302311820,0.87001544,6.2354965,0.41927525,14,655
85ab,1704247303312557,0.86117309,6.2798567,0.40289593,10,665
85ab,1704247304311992,0.85306287,6.2952976,0.38861415,10,675
85ab,1704247305312808,0.837281,6.3215017,0.37858555,9,685
85ab,1704247306312172,0.83434409,6.3017926,0.39139438,12,695
85ab,1704247307311962,0.83514911,6.3107104,0.38504836,10,705
85ab,1704247308312520,0.83877957,6.3017311,0.3914226,12,715
85ab,1704247309312095,0.82854813,6.2838378,0.39412928,11,725
85ab,1704247310312245,0.82601833,6.2517924,0.39846876,13,735
85ab,1704247311312312,0.83221149,6.2327323,0.39758313,13,745
85ab,1704247312312626,0.82814687,6.2458115,0.41150865,11,755
85ab,1704247313312610,0.82721931,6.2711539,0.40597117,10,765
85ab,1704247314312582,0.83444238,6.3059297,0.39772093,10,775
85ab,1704247315311896,0.83852404,6.2946892,0.39725661,12,785
85ab,1704247316312643,0.84524763,6.2848372,0.40151829,12,795
85ab,1704247317312141,0.84224778,6.288023,0.40323338,11,805
85ab,1704247318312523,0.83745742,6.2708216,0.4156796,12,815
85ab,1704247319311844,0.8297565,6.2852206,0.40104866,10,825
85ab,1704247320312606,0.82361567,6.2617731,0.40294927,12,835
85ab,1704247321312729,0.74411565,6.3845224,0.77863908,71,845
85ab,1704247322312806,0.77004516,6.35995,0.67921436,11,855
85ab,1704247323312771,0.78290194,6.3540931,0.60597509,10,865
85ab,1704247324312803,0.77288288,6.3997083,0.5391292,14,875
85ab,1704247325312926,0.79627281,6.3741989,0.49353942,11,885
85ab,1704247326312556,0.8014695,6.3445668,0.4729124,11,895
85ab,1704247327312543,0.79984027,6.3223424,0.4553636,11,905
85ab,1704247328312838,0.80266184,6.3296056,0.43338966,10,915
85ab,1704247329312818,0.80499113,6.3100061,0.43032822,11,925
85ab,1704247330312902,0.80651289,6.3078427,0.41456294,10,935
85ab,1704247331312839,0.8213017,6.2817473,0.43537629,14,945
85ab,1704247332312703,0.82685,6.2830582,0.42918786,11,955
85ab,1704247333312580,0.824146,6.2804866,0.41696268,11,965
85ab,1704247334312642,0.8164655,6.2925577,0.40467235,10,975
85ab,1704247335311988,0.81845826,6.2904482,0.40586075,11,985
85ab,1704247336312773,0.81036615,6.2918282,0.4008778,10,995
85ab,1704247337311967,0.82120085,6.2867584,0.40033624,12,1005
85ab,1704247338312218,0.83870822,6.2968564,0.39745966,11,1015
85ab,1704247339312591,0.84665483,6.2962308,0.39767733,11,1025
85ab,1704247340312863,0.83264661,6.2984948,0.39831409,10,1035
85ab,1704247341312152,0.82866633,6.2922583,0.4020898,11,1045
85ab,1704247342311864,0.83895051,6.2897282,0.40329269,12,1055
85ab,1704247343312298,0.85287046,6.2690597,0.40671486,13,1065
85ab,1704247344312591,0.84612358,6.2713013,0.40672642,11,1075
85ab,1704247345313179,0.84439629,6.2440529,0.4068158,13,1085
85ab,1704247346311923,0.83298904,6.2287993,0.41463253,12,1095
85ab,1704247347312385,0.83889896,6.2032404,0.42190531,14,1105
85ab,1704247348312115,0.83966643,6.20431,0.41929471,12,1115
85ab,1704247349312647,0.84306669,6.2214675,0.42997548,12,1125
85ab,1704247350312051,0.84391123,6.2281904,0.43007556,12,1135
85ab,1704247351312526,0.83680826,6.2678537,0.40839565,9,1145
85ab,1704247352312920,0.83699507,6.2806396,0.39529705,10,1155
85ab,1704247353312232,0.84884578,6.26832,0.40278709,13,1165
85ab,1704247354314006,0.83802623,6.3169169,0.39876327,11,1175
85ab,1704247355312771,0.83206207,6.3248849,0.39662039,10,1185
85ab,1704247356312572,0.82066244,6.3268785,0.40276986,10,1195
85ab,1704247357312712,0.83515364,6.3611412,0.39932939,12,1205
85ab,1704247358312790,0.82853478,6.33133,0.40162182,11,1215
85ab,1704247359312804,0.82088435,6.3139338,0.40296209,11,1225
85ab,1704247360312967,0.82505429,6.2762809,0.40887693,13,1235
85ab,1704247361312758,0.82193607,6.2811127,0.40169221,10,1245
85ab,1704247362312723,0.84442645,6.2968235,0.40263206,11,1255
85ab,1704247363312759,0.84564823,6.3390865,0.37943858,13,1265
85ab,1704247364312842,0.83667475,6.3551483,0.37779009,9,1275
85ab,1704247365313402,0.83468908,6.37214,0.36410543,11,1285
85ab,1704247366312538,0.82992017,6.3334136,0.38046744,12,1295
85ab,1704247367312403,0.83478868,6.3092132,0.39562404,12,1305
85ab,1704247368312709,0.82452613,6.2709794,0.41593403,13,1315
85ab,1704247369312352,0.82302183,6.2270851,0.42916483,14,1325
85ab,1704247370312695,0.819675,6.2130589,0.43017325,13,1335
85ab,1704247371312618,0.81277192,6.2788324,0.40956548,12,1345
85ab,1704247372312065,0.82306761,6.2706733,0.42505488,13,1355
85ab,1704247373312391,0.8267132,6.321641,0.40876964,12,1365
85ab,1704247374312692,0.83694082,6.254775,0.43243667,16,1375
85ab,1704247375312106,0.81865329,6.27174,0.4128195,9,1385
85ab,1704247376312480,0.81216377,6.2217894,0.43799582,14,1395
85ab,1704247377312362,0.81511533,6.2563758,0.41831207,10,1405
85ab,1704247378312736,0.82439464,6.2807727,0.4041141,10,1415
85ab,1704247379312718,0.83066368,6.3057823,0.40559554,10,1425
85ab,1704247380312348,0.83057022,6.2427545,0.42862508,15,1435
85ab,1704247381312784,0.82570928,6.2530055,0.41864872,11,5
85ab,1704247382312608,0.82642567,6.2513423,0.41317409,11,15
85ab,1704247383312249,0.84056866,6.2863216,0.41241598,10,25
85ab,1704247384312809,0.82656544,6.2711692,0.40904984,11,35
85ab,1704247385312119,0.82272351,6.3036575,0.39899263,9,45
85ab,1704247386312150,0.82937771,6.3272171,0.39271435,10,55
85ab,1704247387312090,0.83436048,6.32341,0.39046329,11,65
85ab,1704247388312434,0.83186376,6.3023224,0.39512327,12,75
85ab,1704247389312358,0.83729845,6.2850895,0.40192205,12,85
85ab,1704247390312703,0.843974,6.2648034,0.41489258,13,95
85ab,1704247391312909,0.8504498,6.3042564,0.4102003,10,105
85ab,1704247392313018,0.82717532,6.2863245,0.42011034,11,115
85ab,1704247393312351,0.82670939,6.2876973,0.41957769,11,125
85ab,1704247394312364,0.82576245,6.2352796,0.4342443,14,135
85ab,1704247395312844,0.81006873,6.2009935,0.442697,13,145
85ab,1704247396312896,0.83085233,6.2330651,0.42310375,11,155
85ab,1704247397312417,0.83179432,6.2497296,0.41018766,11,165
85ab,1704247398312491,0.84166533,6.2552805,0.41303393,12,175
85ab,1704247399312300,0.83996373,6.2137761,0.43886802,15,185
85ab,1704247400312461,0.83275437,6.2178717,0.43095765,12,195
85ab,1704247401312217,0.82446307,6.2578697,0.42245227,9,205
85ab,1704247402312137,0.82774633,6.2553959,0.41961083,12,215
85ab,1704247403312859,0.84121746,6.2538109,0.43388206,13,225
85ab,1704247404312588,0.83724207,6.295269,0.4190172,10,235
85ab,1704247405312459,0.84028012,6.2607164,0.43216583,14,245
85ab,1704247406312753,0.8632111,6.2762814,0.4296658,12,255
85ab,1704247407312508,0.863444,6.304348,0.42829123,10,265
85ab,1704247408312802,0.84727848,6.2664838,0.42430311,12,275
85ab,1704247409312815,0.83345187,6.2324395,0.42919254,13,285
85ab,1704247410312508,0.84035444,6.2349029,0.43017015,12,295
85ab,1704247411312535,0.83639616,6.2472906,0.42891613,11,305
85ab,1704247412312341,0.83597082,6.1979489,0.44699579,15,315
85ab,1704247413312458,0.83236617,6.2818,0.42294374,14,325
85ab,1704247414312752,0.81783062,6.2939472,0.4086076,9,335
85ab,1704247415312812,0.82716936,6.309443,0.4022055,10,345
85ab,1704247416312428,0.82045609,6.3182197,0.40056682,10,355
85ab,1704247417312848,0.82147241,6.3064222,0.40785557,11,365
85ab,1704247418312690,0.81926531,6.2704735,0.41689274,13,375
85ab,1704247419312566,0.82623947,6.2960515,0.40822172,10,385
85ab,1704247420313044,0.83347094,6.3075366,0.39903361,10,395
85ab,1704247421312766,0.8392604,6.3372483,0.38505858,11,405
85ab,1704247422312444,0.84311557,6.3389649,0.37082076,10,415
85ab,1704247423313058,0.83738208,6.3478227,0.37471348,10,425
85ab,1704247424313015,0.84731388,6.3532553,0.37797549,10,435
85ab,1704247425312708,0.83361679,6.3378954,0.38712779,11,445
85ab,1704247426312692,0.82693142,6.2825494,0.41093135,14,455
85ab,1704247427313132,0.82064819,6.28366,0.40582046,11,465
85ab,1704247428313128,0.82197595,6.2834578,0.40960994,11,475
85ab,1704247429312992,0.82587081,6.256609,0.40860331,13,485
85ab,1704247430313184,0.84268951,6.26268,0.41335234,12,495
85ab,1704247431313372,0.83232546,6.2906089,0.40048191,9,505
85ab,1704247432313252,0.83329564,6.2660289,0.41345215,13,515
85ab,1704247433313217,0.84860516,6.2893124,0.40836293,11,525
85ab,1704247434313227,0.84901708,6.3260741,0.40136117,10,535
85ab,1704247435313208,0.82523018,6.3015776,0.4130246,11,545
85ab,1704247436313288,0.83823836,6.3052268,0.42271072,12,555
85ab,1704247437313234,0.84505337,6.3029962,0.42508948,12,565
85ab,1704247438313224,0.84391713,6.2962546,0.41682038,11,575
85ab,1704247439313214,0.839395,6.3051081,0.40605086,10,585
85ab,1704247440313289,0.84445024,6.3156261,0.40531623,11,595
85ab,1704247441313374,0.84072649,6.3287797,0.40159193,10,605
85ab,1704247442313359,0.825236,6.338315,0.39414972,9,615
85ab,1704247443313323,0.82824212,6.3300581,0.40072241,11,625
85ab,1704247444313266,0.85070544,6.2964211,0.39892048,13,635
85ab,1704247445313202,0.84746063,6.302413,0.40382338,11,645
85ab,1704247446312911,0.83466434,6.266561,0.39534438,12,655
85ab,1704247447313129,0.82162297,6.2539248,0.40724549,12,665
85ab,1704247448313024,0.83623421,6.2573996,0.41608521,12,675
85ab,1704247449312578,0.8336249,6.288363,0.39795721,9,685
85ab,1704247450312519,0.83296019,6.26907,0.40825695,12,695
85ab,1704247451313070,0.84107316,6.2588286,0.40818214,12,705
85ab,1704247452312937,0.82846034,6.2581296,0.41032895,11,715
85ab,1704247453312476,0.818593,6.27579,0.39929539,10,725
85ab,1704247454312401,0.82039404,6.33654,0.37685975,15,735
85ab,1704247455312534,0.80810362,6.3043947,0.38279423,11,745
85ab,1704247456312581,0.81962067,6.2898841,0.39013055,12,755
85ab,1704247457312557,0.80579048,6.2938809,0.39804158,10,765
85ab,1704247458312553,0.801612,6.3208418,0.3886703,9,775
85ab,1704247459312670,0.80733937,6.2643189,0.41619802,14,785
85ab,1704247460312513,0.827333,6.2442932,0.42453387,14,795
85ab,1704247461313214,0.819015,6.2019567,0.45461136,15,805
85ab,1704247462312494,0.81782848,6.2151613,0.45013386,12,815
85ab,1704247463313129,0.82694918,6.2492981,0.43936232,11,825
85ab,1704247464312806,0.82265043,6.287807,0.42273292,9,835
85ab,1704247465312462,0.82123786,6.2280593,0.43659,15,845
85ab,1704247466313106,0.83667171,6.2301846,0.4264625,12,855
85ab,1704247467313177,0.83739984,6.2100434,0.42602193,13,865
85ab,1704247468312728,0.83376825,6.2434373,0.41046247,10,875
85ab,1704247469313021,0.84777677,6.2701769,0.4072769,11,885
85ab,1704247470312802,0.84414464,6.3019233,0.40001881,9,895
85ab,1704247471312637,0.8458066,6.2401319,0.42366043,15,905
85ab,1704247472312983,0.83416319,6.2814517,0.40181479,10,915
85ab,1704247473312954,0.82839191,6.2774496,0.39613321,11,925
85ab,1704247474312894,0.82077718,6.2491469,0.40787387,13,935
85ab,1704247475312728,0.81688118,6.2303014,0.40975672,12,945
85ab,1704247476313322,0.82682097,6.2477522,0.40623894,11,955
85ab,1704247477313142,0.82394469,6.2696767,0.39252517,10,965
85ab,1704247478312796,0.8280949,6.2078743,0.42215616,16,975
85ab,1704247479313012,0.81725973,6.2225461,0.42067072,11,985
85ab,1704247480313705,0.83550733,6.2201104,0.43086722,13,995
85ab,1704247481312688,0.84315836,6.2577958,0.41377202,10,1005
85ab,1704247482312716,0.83771485,6.2694979,0.4038167,10,1015
85ab,1704247483312790,0.83520484,6.2569256,0.4052158,12,1025
85ab,1704247484313469,0.82217956,6.2263651,0.41359887,13,1035
85ab,1704247485312659,0.80505115,6.2645769,0.40264058,8,1045
85ab,1704247486313176,0.82817137,6.2763343,0.39884833,11,1055
85ab,1704247487313164,0.81468457,6.278595,0.39411327,10,1065
85ab,1704247488313056,0.81231171,6.314064,0.37949967,11,1075
85ab,1704247489312865,0.82376468,6.31026,0.38643491,11,1085
85ab,1704247490313071,0.81545424,6.2755518,0.39786041,12,1095
85ab,1704247491315863,0.8070305,6.2818627,0.39800552,10,1105
85ab,1704247492313174,0.80807227,6.2601714,0.40754348,12,1115
85ab,1704247493312693,0.8080942,6.2433925,0.409276,12,1125
85ab,1704247494313279,0.80873275,6.2605414,0.40075818,10,1135
85ab,1704247495312734,0.804205,6.241673,0.41128322,12,1145
85ab,1704247496313272,0.806336,6.2756577,0.40505198,9,1155
85ab,1704247497313206,0.8066631,6.23292,0.41524294,13,1165
85ab,1704247498312737,0.80985814,6.2370882,0.41567683,12,1175
85ab,1704247499313331,0.82377774,6.2653403,0.40771207,11,1185
85ab,1704247500312726,0.82571888,6.2985473,0.3993507,9,1195
85ab,1704247501313390,0.83199865,6.297183,0.40371013,11,1205
85ab,1704247502312785,0.81825608,6.2943411,0.38756087,10,1215
85ab,1704247503312786,0.8291592,6.294981,0.40310511,12,1225
85ab,1704247504313345,0.81817448,6.2990823,0.40471351,10,1235
85ab,1704247505312990,0.8252421,6.2653713,0.4190633,13,1245
85ab,1704247506312652,0.82834405,6.3222847,0.403188,13,1255
85ab,1704247507313304,0.83212286,6.2874007,0.39838439,12,1265
85ab,1704247508314398,0.83459151,6.2820106,0.40044132,12,1275
85ab,1704247509312813,0.82327211,6.2782292,0.40872166,11,1285
85ab,1704247510312874,0.81470186,6.3341908,0.38661277,14,1295
85ab,1704247511312852,0.82529563,6.3546157,0.38003162,10,1305
85ab,1704247512313010,0.82438248,6.3633056,0.37450337,9,1315
85ab,1704247513312783,0.8265847,6.3156295,0.39021653,13,1325
85ab,1704247514312729,0.82590783,6.2803845,0.40616357,13,1335
85ab,1704247515313140,0.8257947,6.3003221,0.39528468,10,1345
85ab,1704247516313180,0.837898,6.2858148,0.40608796,13,1355
85ab,1704247517312894,0.83747512,6.3150434,0.40032417,9,1365
85ab,1704247518313638,0.8349393,6.267766,0.41507354,14,1375
85ab,1704247519313367,0.84913713,6.2850318,0.41881314,11,1385
85ab,1704247520313377,0.83484584,6.3122578,0.4024699,9,1395
85ab,1704247521313384,0.83664656,6.282968,0.4139165,13,1405
85ab,1704247522313399,0.83289838,6.2519937,0.43074518,13,1415
85ab,1704247523313532,0.83920473,6.3102889,0.41181108,13,1425
85ab,1704247524313372,0.83330685,6.3116097,0.40780857,10,1435
85ab,1704247525313386,0.82413024,6.3424516,0.39960784,10,5
85ab,1704247526313398,0.81534547,6.3289,0.39447209,10,15
85ab,1704247527313335,0.83167034,6.3491707,0.38863465,10,25
85ab,1704247528313320,0.81658494,6.3611684,0.38034832,9,35
85ab,1704247529313636,0.81535095,6.337832,0.38725492,11,45
85ab,1704247530313032,0.82164031,6.30677,0.39393568,12,55
85ab,1704247531313468,0.81502223,6.2897191,0.40557566,12,65
85ab,1704247532312863,0.824485,6.2898421,0.40892348,11,75
85ab,1704247533312955,0.8203426,6.2867951,0.40320489,11,85
85ab,1704247534313212,0.81661707,6.3353362,0.39410797,12,95
85ab,1704247535312980,0.82611573,6.3294039,0.38632619,11,105
85ab,1704247536313395,0.82529873,6.3193259,0.38103554,11,115
85ab,1704247537312708,0.81444579,6.3069339,0.39191759,11,125
85ab,1704247538313322,0.8253774,6.2760658,0.41011021,13,135
85ab,1704247539312784,0.81810743,6.2789617,0.41180253,11,145
85ab,1704247540313390,0.83030456,6.2974749,0.40729553,11,155
85ab,1704247541312887,0.840548,6.2600646,0.42250937,14,165
85ab,1704247542313060,0.86438048,6.2912531,0.41344324,11,175
85ab,1704247543312994,0.86135638,6.2823572,0.41628775,12,185
85ab,1704247544313057,0.82846427,6.28096,0.40795568,10,195
85ab,1704247545313660,0.8067233,6.3116679,0.38672018,10,205
85ab,1704247546313576,0.81223845,6.3182034,0.38459194,10,215
85ab,1704247547313587,0.81344378,6.2826114,0.39857042,13,225
85ab,1704247548313597,0.82020622,6.2355471,0.410277,14,235
85ab,1704247549313639,0.82566679,6.2713962,0.40440509,10,245
85ab,1704247550312909,0.8315987,6.250874,0.41800928,68,255
85ab,1704247551314190,0.838532,6.2543955,0.42513627,12,265
85ab,1704247552313348,0.83682317,6.3120303,0.40123478,13,275
85ab,1704247553312954,0.82413983,6.3147669,0.3952581,10,285
85ab,1704247554313252,0.83264863,6.3248835,0.38313338,10,295
85ab,1704247555313143,0.83317786,6.3065562,0.39615661,12,305
85ab,1704247556313574,0.84342968,6.3285813,0.39066687,10,315
85ab,1704247557313139,0.82956487,6.3133917,0.39179361,11,325
85ab,1704247558312892,0.828304,6.3219118,0.395086,10,335
85ab,1704247559312976,0.81144893,6.3004904,0.39430586,11,345
85ab,1704247560312990,0.8184005,6.3028889,0.40397584,11,355
85ab,1704247561313686,0.80846667,6.2729268,0.40746775,12,365
85ab,1704247562313833,0.80511218,6.3036489,0.39926592,9,375
85ab,1704247563313172,0.81502944,6.3062272,0.40077293,11,385
85ab,1704247564313500,0.80915225,6.2747312,0.41027692,12,395
85ab,1704247565313573,0.79874951,6.2375312,0.42341524,13,405
85ab,1704247566313300,0.80405235,6.2898154,0.40372503,11,415
85ab,1704247567313232,0.81977403,6.3090916,0.40414166,11,425
85ab,1704247568312986,0.823183,6.3212061,0.39609289,10,435
85ab,1704247569313204,0.82239377,6.3243084,0.39502543,10,445
85ab,1704247570313280,0.82324243,6.3146853,0.38548383,11,455
85ab,1704247571313579,0.83478659,6.3342719,0.38117778,10,465
85ab,1704247572313692,0.85602725,6.3370147,0.38572064,11,475
85ab,1704247573312859,0.84994638,6.3361087,0.37012449,10,485
85ab,1704247574313522,0.85892433,6.2940135,0.38873452,14,495
85ab,1704247575313568,0.8539843,6.2745142,0.40402612,13,505
85ab,1704247576313512,0.855049,6.2332349,0.43094456,15,515
85ab,1704247577313508,0.8370868,6.27234,0.41494089,9,525
85ab,1704247578313852,0.84709954,6.2820225,0.41659647,12,535
85ab,1704247579313600,0.83772039,6.2681341,0.40783313,11,545
85ab,1704247580313512,0.834761,6.3011289,0.39823416,9,555
85ab,1704247581313836,0.8373068,6.32418,0.39203441,10,565
85ab,1704247582313597,0.83921611,6.3302555,0.39063516,10,575
85ab,1704247583313715,0.8562873,6.3214464,0.40128657,12,585
85ab,1704247584313426,0.8340922,6.2716036,0.42935482,13,595
85ab,1704247585313627,0.83569628,6.2263374,0.43786475,14,605
85ab,1704247586313548,0.85232657,6.2438293,0.43690374,12,615
85ab,1704247587313835,0.85890174,6.2346616,0.44504204,13,625
85ab,1704247588313618,0.85687441,6.2424564,0.4363035,12,635
85ab,1704247589313898,0.858295,6.2566395,0.43342158,12,645
85ab,1704247590313870,0.858802,6.3096137,0.41898066,12,655
85ab,1704247591313651,0.858265,6.3035541,0.41849095,12,665
85ab,1704247592313572,0.86370707,6.2934127,0.4209342,12,675
85ab,1704247593313898,0.8542701,6.2851834,0.42286074,12,685
85ab,1704247594313860,0.85596812,6.2923779,0.41934636,11,695
85ab,1704247595313572,0.84440756,6.2620282,0.42368275,13,705
85ab,1704247596313892,0.839755,6.2725778,0.40942192,10,715
85ab,1704247597313652,0.83556443,6.246995,0.4210023,13,725
85ab,1704247598313645,0.84416038,6.3035793,0.41543826,12,735
85ab,1704247599313972,0.83403707,6.2537251,0.41560856,13,745
85ab,1704247600313893,0.84288704,6.2788711,0.40684664,10,755
85ab,1704247601313648,0.82799512,6.2840295,0.40760326,10,765
85ab,1704247602314014,0.82449824,6.3411489,0.3810792,15,775
85ab,1704247603313741,0.83438879,6.3225021,0.39757898,12,785
85ab,1704247604313747,0.83922493,6.3267341,0.39634466,11,795
85ab,1704247605313995,0.83658653,6.3164825,0.39856413,11,805
85ab,1704247606313432,0.82228756,6.2978354,0.39850211,11,815
85ab,1704247607313856,0.818794,6.2652397,0.41300184,13,825
85ab,1704247608314184,0.82236552,6.2770996,0.40968707,11,835
85ab,1704247609313901,0.83569765,6.26809,0.41983145,13,845
85ab,1704247610313884,0.84167725,6.243227,0.43130881,14,855
85ab,1704247611314825,0.84188557,6.2646127,0.41788995,10,865
85ab,1704247612313965,0.84331208,6.2746992,0.41767976,11,875
85ab,1704247613313953,0.84187508,6.2545815,0.41693547,12,885
85ab,1704247614314160,0.84849334,6.2607546,0.41584527,12,895
85ab,1704247615313919,0.85601103,6.2694678,0.41338524,12,905
85ab,1704247616314019,0.83814722,6.2775326,0.40331089,10,915
85ab,1704247617313962,0.84241742,6.252511,0.41759515,13,925
85ab,1704247618313899,0.84414816,6.2685962,0.41268271,11,935
85ab,1704247619313874,0.834503,6.2808881,0.41649693,11,945
85ab,1704247620314054,0.83712757,6.2877107,0.41607293,11,955
85ab,1704247621313541,0.84274966,6.2513556,0.43116578,14,965
85ab,1704247622313576,0.82723248,6.2381897,0.43847376,12,975
85ab,1704247623313563,0.82650781,6.2971578,0.40990785,13,985
85ab,1704247624313158,0.81825745,6.2793965,0.41191557,11,995
85ab,1704247625313098,0.81464404,6.2756982,0.40967023,11,1005
85ab,1704247626314013,0.81709218,6.2845411,0.40740278,11,1015
85ab,1704247627313880,0.83865327,6.2900486,0.41405678,12,1025
85ab,1704247628313699,0.83806276,6.2823448,0.421479,12,1035
85ab,1704247629313673,0.82357633,6.2681866,0.41544366,11,1045
85ab,1704247630313167,0.84060639,6.3205271,0.40544209,12,1055
85ab,1704247631313464,0.84865862,6.3159943,0.41371122,12,1065
85ab,1704247632313472,0.86778545,6.2887592,0.41779521,14,1075
85ab,1704247633313336,0.8460933,6.2796788,0.41235572,11,1085
85ab,1704247634313337,0.853122,6.2938895,0.411022,11,1095
85ab,1704247635313999,0.84923249,6.2856593,0.40594026,11,1105
85ab,1704247636313419,0.84440273,6.3062272,0.39772874,10,1115
85ab,1704247637313566,0.84232795,6.2863984,0.40014493,12,1125
85ab,1704247638314095,0.84335721,6.2847085,0.40499437,12,1135
85ab,1704247639313356,0.84595126,6.2826343,0.40698412,12,1145
85ab,1704247640313421,0.84110874,6.2888465,0.40109453,11,1155
85ab,1704247641313643,0.82624519,6.2883825,0.39763641,10,1165
85ab,1704247642313862,0.83679372,6.3042865,0.40347284,11,1175
85ab,1704247643313905,0.81759655,6.2936511,0.40435037,10,1185
85ab,1704247644314154,0.82808834,6.3113194,0.39099231,10,1195
85ab,1704247645313946,0.83997887,6.331666,0.38185853,10,1205
85ab,1704247646313880,0.82698345,6.3104367,0.38663062,11,1215
85ab,1704247647314322,0.83696336,6.3219514,0.37638104,10,1225
85ab,1704247648313896,0.81976026,6.3132114,0.37751621,10,1235
85ab,1704247649313033,0.82751244,6.312499,0.37802371,11,1245
85ab,1704247650314341,0.83186185,6.3033814,0.38195091,11,1255
85ab,1704247651314105,0.82055473,6.2533145,0.41739729,14,1265
85ab,1704247652314087,0.81470746,6.2781568,0.40208429,9,1275
85ab,1704247653314366,0.83469427,6.2685723,0.41893533,13,1285
85ab,1704247654314278,0.83874714,6.2962322,0.41566318,10,1295
85ab,1704247655314010,0.84213144,6.2727575,0.42281246,13,1305
85ab,1704247656314381,0.76661241,6.2857151,0.39411864,61,1315
85ab,1704247657314013,0.78031325,6.3129506,0.38402203,9,1325
85ab,1704247658314046,0.792418,6.3077006,0.37832111,11,1335
85ab,1704247659314373,0.7870903,6.2400045,0.393465,14,1345
85ab,1704247660313560,0.79566312,6.3027377,0.37362123,14,1355
85ab,1704247661313568,0.81017196,6.304955,0.37266478,11,1365
85ab,1704247662315755,0.8224256,6.3326888,0.36658722,11,1375
85ab,1704247663313854,0.83512753,6.3218274,0.38786161,12,1385
85ab,1704247664313375,0.83242482,6.2875957,0.39016929,12,1395
85ab,1704247665314009,0.82950109,6.2696028,0.40200314,12,1405
85ab,1704247666313675,0.83548343,6.2807732,0.40416431,11,1415
85ab,1704247667314044,0.83732122,6.2946277,0.40095243,10,1425
85ab,1704247668313644,0.8500846,6.3000951,0.39628509,11,1435
85ab,1704247669313422,0.84842151,6.2988772,0.39128616,11,5
85ab,1704247670313732,0.85266912,6.3103809,0.38581541,10,15
85ab,1704247671314426,0.851829,6.2795377,0.3962242,13,25
85ab,1704247672313659,0.85815161,6.249259,0.40426135,14,35
85ab,1704247673313669,0.85560209,6.2134929,0.4276579,15,45
85ab,1704247674313822,0.849783,6.2280307,0.43352023,12,55
85ab,1704247675313838,0.84821093,6.1855206,0.45041859,15,65
85ab,1704247676313930,0.8336243,6.1881042,0.43873367,12,75
85ab,1704247677314328,0.84158,6.2105846,0.43465757,12,85
85ab,1704247678313864,0.83248329,6.2710953,0.40786615,12,95
85ab,1704247679313772,0.83449882,6.298388,0.39975318,10,105
85ab,1704247680314232,0.82938385,6.3165045,0.38793963,9,115
85ab,1704247681313809,0.82630277,6.2670803,0.40687561,14,125
85ab,1704247682313694,0.82584572,6.2753363,0.39941525,11,135
85ab,1704247683314272,0.81995445,6.28081,0.39481378,10,145
85ab,1704247684313732,0.81994027,6.2283506,0.40661582,14,155
85ab,1704247685313849,0.82019,6.2298098,0.40244094,11,165
85ab,1704247686313573,0.84099865,6.2085304,0.40899026,14,175
85ab,1704247687314035,0.82257265,6.2242351,0.41392815,11,185
85ab,1704247688314174,0.82450193,6.2703376,0.40264124,10,195
85ab,1704247689314070,0.82703155,6.2720671,0.3966783,11,205
85ab,1704247690314158,0.83336663,6.2855992,0.39890781,11,215
85ab,1704247691314236,0.83514839,6.2808638,0.39401633,11,225
85ab,1704247692313688,0.83868968,6.2582655,0.39402103,12,235
85ab,1704247693313562,0.82813966,6.2786345,0.39210314,10,245
85ab,1704247694314047,0.81869477,6.2793064,0.38040328,10,255
85ab,1704247695314021,0.823211,6.2944875,0.38577983,10,265
85ab,1704247696314040,0.83860373,6.2604237,0.41170207,14,275
85ab,1704247697313764,0.84859383,6.2557912,0.41487759,12,285
85ab,1704247698314038,0.85784942,6.3082728,0.41202629,11,295
85ab,1704247699313593,0.84283632,6.3155704,0.39681271,9,305
85ab,1704247700313647,0.83825761,6.2899747,0.41023442,12,315
85ab,1704247701314824,0.83551472,6.2764349,0.40787268,12,325
85ab,1704247702314114,0.820967,6.2546964,0.41495937,12,335
85ab,1704247703313891,0.81446338,6.231679,0.42053521,12,345
85ab,1704247704314611,0.82354563,6.2158084,0.4269312,13,355
85ab,1704247705314138,0.83293831,6.2037196,0.43961376,14,365
85ab,1704247706313612,0.83441889,6.254024,0.42355958,9,375
85ab,1704247707318766,0.8243109,6.2731953,0.41660121,10,385
85ab,1704247708314052,0.8415187,6.2862778,0.41173175,11,395
85ab,1704247709314117,0.84493035,6.2777157,0.40897268,12,405
85ab,1704247710313678,0.85005236,6.3264604,0.394357,13,415
85ab,1704247711313422,0.8506887,6.3179345,0.38997346,11,425
85ab,1704247712313789,0.86276072,6.3263779,0.39695817,11,435
85ab,1704247713313766,0.85756993,6.2901392,0.4070715,13,445
85ab,1704247714314309,0.85405117,6.2748404,0.4130165,12,455
85ab,1704247715313778,0.85103774,6.279314,0.4091593,11,465
85ab,1704247716313794,0.84684211,6.2948227,0.40491006,10,475
85ab,1704247717314154,0.83014387,6.2619476,0.40488893,12,485
85ab,1704247718313856,0.82728547,6.239902,0.41093227,13,495
85ab,1704247719313773,0.83755112,6.2486248,0.41172192,12,505
85ab,1704247720314045,0.824666,6.2581248,0.40211549,10,515
85ab,1704247721313908,0.82168174,6.2857251,0.39883468,10,525
85ab,1704247722313905,0.81603163,6.2751279,0.41238433,12,535
85ab,1704247723314160,0.82510966,6.283792,0.41490743,11,545
85ab,1704247724313932,0.83405572,6.3116589,0.40208924,10,555
85ab,1704247725314396,0.84518784,6.3066134,0.40738985,12,565
85ab,1704247726313891,0.83406758,6.3036351,0.40862226,11,575
85ab,1704247727314128,0.82320613,6.285058,0.41303456,11,585
85ab,1704247728313984,0.82716149,6.2831073,0.40489811,11,595
85ab,1704247729313924,0.83346754,6.2766504,0.40705249,12,605
85ab,1704247730313953,0.83779877,6.2672529,0.41015539,12,615
85ab,1704247731314004,0.82955134,6.2719531,0.40998888,11,625
85ab,1704247732313830,0.82568681,6.2223873,0.42666441,14,635
85ab,1704247733314328,0.83129579,6.2577877,0.41925883,10,645
85ab,1704247734313763,0.84900504,6.2950249,0.40513167,10,655
85ab,1704247735313910,0.85566807,6.294857,0.40780535,12,665
85ab,1704247736314094,0.85921627,6.3094425,0.39018211,10,675
85ab,1704247737314031,0.84464067,6.2979207,0.39583746,11,685
85ab,1704247738313980,0.83587629,6.3058591,0.38374108,10,695
85ab,1704247739313997,0.82198751,6.3310294,0.38068923,9,705
85ab,1704247740314181,0.81708,6.3103623,0.38884127,11,715
85ab,1704247741314648,0.80481547,6.2510624,0.40633872,13,725
85ab,1704247742314073,0.81008232,6.2399864,0.41277975,12,735
85ab,1704247743314379,0.80851376,6.2165742,0.4114967,13,745
85ab,1704247744314468,0.80916691,6.1891432,0.42252815,14,755
85ab,1704247745314470,0.82797694,6.2109604,0.42326212,12,765
85ab,1704247746314206,0.81724185,6.2298765,0.4140487,10,775
85ab,1704247747314303,0.82394546,6.2643061,0.39823091,10,785
85ab,1704247748314280,0.82777292,6.241292,0.41941878,13,795
85ab,1704247749314051,0.84302664,6.2409286,0.41656274,13,805
85ab,1704247750314077,0.844605,6.22756,0.4232699,13,815
85ab,1704247751314499,0.9874652,6.3053746,0.47011867,30,825
85ab,1704247752314034,0.94587207,6.300281,0.44984502,11,835
85ab,1704247753314328,0.92288083,6.3145976,0.43246281,10,845
85ab,1704247754313720,0.89530593,6.3199959,0.41619241,10,855
85ab,1704247755314239,0.89004219,6.3429842,0.39281866,11,865
85ab,1704247756314327,0.86925524,6.31215,0.39917439,12,875
85ab,1704247757314334,0.87195843,6.3281136,0.40140033,11,885
85ab,1704247758313083,0.85785514,6.2914405,0.40781513,12,895
85ab,1704247759313970,0.85246414,6.27117,0.42125568,13,905
85ab,1704247760313183,0.8557027,6.269433,0.41874349,12,915
85ab,1704247761313963,0.85849607,6.2389145,0.42661551,14,925
85ab,1704247762313979,0.84080929,6.2675853,0.41859484,10,935
85ab,1704247763313839,0.84848678,6.3039231,0.4036516,10,945
85ab,1704247764313063,0.83950043,6.309639,0.39139518,10,955
85ab,1704247765314277,0.83137387,6.2834048,0.40926796,12,965
85ab,1704247766313746,0.83847129,6.293848,0.4173598,11,975
85ab,1704247767314326,0.84191161,6.2597084,0.42038739,13,985
85ab,1704247768314353,0.83421528,6.3064485,0.40063798,11,995
85ab,1704247769314100,0.826584,6.3137946,0.38763362,10,1005
85ab,1704247770314203,0.82862937,6.3455825,0.38509375,11,1015
85ab,1704247771314024,0.82453716,6.3418641,0.38901353,10,1025
85ab,1704247772313870,0.85735738,6.2699585,0.42260337,17,1035
85ab,1704247773314262,0.838124,6.277667,0.41696671,10,1045
85ab,1704247774314070,0.82884836,6.2932582,0.41361356,10,1055
85ab,1704247775314255,0.8255226,6.2686124,0.41570929,12,1065
85ab,1704247776314287,0.8080796,6.2696524,0.40193135,10,1075
85ab,1704247777314052,0.8069936,6.3135009,0.38494074,11,1085
85ab,1704247778314292,0.81137556,6.2995343,0.39729926,12,1095
85ab,1704247779313808,0.81686354,6.3194542,0.39771295,10,1105
85ab,1704247780314710,0.8127867,6.2920856,0.40882429,12,1115
85ab,1704247781314433,0.80869043,6.2593174,0.41489395,12,1125
85ab,1704247782313949,0.82907587,6.2541485,0.4161,13,1135
85ab,1704247783314468,0.83962643,6.2754688,0.41199186,11,1145
85ab,1704247784314246,0.82918328,6.2876658,0.40169692,10,1155
85ab,1704247785314771,0.8224355,6.2750759,0.41818044,12,1165
85ab,1704247786314397,0.81926519,6.2576952,0.42287931,12,1175
85ab,1704247787313964,0.810314,6.2382293,0.43438077,12,1185
85ab,1704247788313900,0.803924,6.2553945,0.42647961,10,1195
85ab,1704247789314116,0.81930017,6.215405,0.43089446,14,1205
85ab,1704247790314530,0.82716739,6.217875,0.42528036,12,1215
85ab,1704247791314889,0.82554543,6.1902404,0.44177291,14,1225
85ab,1704247792314462,0.83040941,6.2253575,0.43323764,11,1235
85ab,1704247793314484,0.8362717,6.2116818,0.44597787,14,1245
85ab,1704247794314165,0.84063715,6.2424884,0.43299124,11,1255
85ab,1704247795314516,0.83135158,6.2674503,0.41728851,10,1265
85ab,1704247796314542,0.82886761,6.2880316,0.40461618,10,1275
85ab,1704247797313170,0.8146733,6.2740645,0.40776744,11,1285
85ab,1704247798314745,0.81825721,6.2759423,0.41184437,11,1295
85ab,1704247799314328,0.82669848,6.2650962,0.41136348,12,1305
85ab,1704247800313896,0.83309489,6.2241645,0.42985433,15,1315
85ab,1704247801314090,0.83714837,6.2562943,0.41519162,10,1325
85ab,1704247802313972,0.8343184,6.2706242,0.40623608,10,1335
85ab,1704247803314681,0.84318954,6.2701416,0.40753981,12,1345
85ab,1704247804314158,0.84877765,6.2852836,0.40584809,11,1355
85ab,1704247805314589,0.834214,6.2403936,0.41914418,13,1365
85ab,1704247806314672,0.834322,6.2586985,0.41004428,11,1375
85ab,1704247807314681,0.83881253,6.2601748,0.41296157,12,1385
85ab,1704247808314096,0.82599419,6.2320895,0.41848427,13,1395
85ab,1704247809314164,0.82448584,6.2416458,0.41300425,11,1405
85ab,1704247810314277,0.825153,6.239481,0.4126716,12,1415
85ab,1704247811314222,0.8308531,6.2626896,0.41289148,11,1425
85ab,1704247812314218,0.8259626,6.2748637,0.4124707,11,1435
85ab,1704247813314533,0.82446218,6.2748461,0.40811604,11,5
85ab,1704247814314150,0.82078516,6.2933321,0.40322012,10,15
85ab,1704247815314506,0.82583886,6.3165331,0.39102763,9,25
85ab,1704247816316066,0.83024222,6.3146768,0.39016852,11,35
85ab,1704247817314535,0.84305954,6.3070374,0.4006992,12,45
85ab,1704247818314758,0.85120726,6.2626052,0.41176927,14,55
85ab,1704247819314574,0.85695177,6.2900734,0.40394953,10,65
85ab,1704247820314520,0.8502863,6.2593117,0.41524941,13,75
85ab,1704247821314589,0.85806197,6.2547488,0.42309573,13,85
85ab,1704247822314640,0.83932245,6.2214518,0.42836532,13,95
85ab,1704247823314651,0.83524007,6.2498951,0.42069438,10,105
85ab,1704247824313309,0.84083253,6.2683,0.40333527,10,115
85ab,1704247825314267,0.83443719,6.277061,0.40177852,11,125
85ab,1704247826314255,0.82696915,6.2790461,0.3981629,11,135
85ab,1704247827314237,0.81666386,6.2628589,0.39356592,11,145
85ab,1704247828314414,0.81087446,6.2536726,0.39965913,11,155
85ab,1704247829314862,0.80874527,6.28499,0.39268324,9,165
85ab,1704247830314246,0.80538625,6.2857275,0.40429518,11,175
85ab,1704247831314488,0.79636878,6.2770805,0.38620928,10,185
85ab,1704247832314226,0.80340689,6.2834091,0.394456,11,195
85ab,1704247833314624,0.81010848,6.2986231,0.39801091,10,205
85ab,1704247834314880,0.81591326,6.2673311,0.41584003,13,215
85ab,1704247835314606,0.81692517,6.2647238,0.4121691,11,225
85ab,1704247836314684,0.82347888,6.2846718,0.39377809,10,235
85ab,1704247837314699,0.83031863,6.312644,0.39164427,10,245
85ab,1704247838314688,0.83839536,6.3183618,0.40097603,11,255
85ab,1704247839314622,0.83421004,6.2643442,0.42703956,14,265
85ab,1704247840315066,0.82905447,6.244525,0.43526798,13,275
85ab,1704247841314742,0.83008009,6.2846713,0.41268912,10,285
85ab,1704247842314745,0.84329647,6.3143735,0.39942682,10,295
85ab,1704247843314910,0.8492071,6.3117008,0.40584058,12,305
85ab,1704247844314763,0.84815568,6.3085728,0.4088141,11,315
85ab,1704247845314934,0.84480816,6.2832193,0.41947907,13,325
85ab,1704247846314498,0.8393777,6.2940378,0.4186452,11,335
85ab,1704247847314478,0.83566362,6.2377138,0.44159821,15,345
85ab,1704247848314582,0.83249593,6.2711506,0.42790413,10,355
85ab,1704247849314816,0.83010232,6.2546492,0.42748466,12,365
85ab,1704247850314772,0.83742738,6.2643418,0.42787865,12,375
85ab,1704247851315288,0.837527,6.2092309,0.45693004,16,385
85ab,1704247852314784,0.84524,6.2525592,0.43042624,10,395
85ab,1704247853314829,0.8400299,6.2374649,0.40947321,12,405
85ab,1704247854314812,0.84315515,6.2467303,0.4236567,12,415
85ab,1704247855314834,0.84033948,6.2565608,0.42593524,11,425
85ab,1704247856314874,0.83412945,6.2632642,0.41314048,11,435
85ab,1704247857314864,0.81136131,6.242105,0.41159523,11,445
85ab,1704247858314445,0.79968882,6.2606225,0.41016957,10,455
85ab,1704247859314364,0.80107993,6.2247653,0.42122179,13,465
85ab,1704247860314432,0.82883853,6.2008634,0.438707,15,475
85ab,1704247861314884,0.82882488,6.2351007,0.42358205,10,485
85ab,1704247862314524,0.82514197,6.2176785,0.42721143,13,495
85ab,1704247863314469,0.82421041,6.2293139,0.41888976,11,505
85ab,1704247864314864,0.82573026,6.20606,0.42956585,14,515
85ab,1704247865314901,0.82614774,6.2542377,0.41736159,9,525
85ab,1704247866314824,0.85558331,6.2657938,0.42513323,13,535
85ab,1704247867314872,0.84518939,6.2481928,0.41748697,12,545
85ab,1704247868314888,0.86588621,6.3032784,0.40832448,12,555
85ab,1704247869314872,0.85438907,6.3286548,0.38739479,10,565
85ab,1704247870315415,0.84617984,6.3104992,0.39766842,12,575
85ab,1704247871314969,0.84512711,6.2947655,0.39751303,12,585
85ab,1704247872314741,0.82700074,6.2625985,0.39707363,12,595
85ab,1704247873314333,0.83280545,6.2747955,0.40230051,11,605
85ab,1704247874314780,0.82001776,6.2445564,0.41067618,12,615
85ab,1704247875314217,0.82406485,6.2348056,0.41983309,13,625
85ab,1704247876314267,0.82710022,6.2385964,0.42263842,12,635
85ab,1704247877314238,0.82216614,6.2464275,0.41178736,11,645
85ab,1704247878314886,0.8219927,6.2791533,0.40238118,9,655
85ab,1704247879314780,0.83248544,6.2893009,0.4011828,11,665
85ab,1704247880314820,0.82829005,6.2948222,0.40410894,11,675
85ab,1704247881314757,0.84085852,6.2860541,0.40761185,12,685
85ab,1704247882314822,0.84516841,6.2723808,0.40933394,12,695
85ab,1704247883314901,0.84660614,6.2956839,0.38895911,10,705
85ab,1704247884314502,0.84290582,6.3169007,0.38861188,10,715
85ab,1704247885314906,0.84379059,6.2875557,0.40354231,13,725
85ab,1704247886314800,0.83966446,6.240478,0.416245,14,735
85ab,1704247887314823,0.81104845,6.2152867,0.41136044,11,745
85ab,1704247888314846,0.80627936,6.2182975,0.41011167,11,755
85ab,1704247889315144,0.82034874,6.2497892,0.41019326,11,765
85ab,1704247890314254,0.82208312,6.3062639,0.39015672,13,775
85ab,1704247891314924,0.82032645,6.3067427,0.39208645,11,785
85ab,1704247892314314,0.82795429,6.3247929,0.39162263,10,795
85ab,1704247893314426,0.82595593,6.3167787,0.39099121,11,805
85ab,1704247894315103,0.82744008,6.306859,0.40219608,12,815
85ab,1704247895314863,0.81598973,6.2785163,0.40838519,12,825
85ab,1704247896314856,0.82520348,6.2922096,0.39709252,10,835
85ab,1704247897314865,0.8357057,6.3022981,0.38619959,10,845
85ab,1704247898314874,0.82807755,6.3375793,0.37209436,11,855
85ab,1704247899314930,0.83083224,6.3104205,0.38634726,12,865
85ab,1704247900315461,0.82084715,6.2980576,0.38491231,11,875
85ab,1704247901314974,0.82394743,6.2923331,0.39264986,11,885
85ab,1704247902314442,0.8339507,6.3195305,0.387935,10,895
85ab,1704247903315082,0.83081692,6.31355,0.38681802,11,905
85ab,1704247904314995,0.83400285,6.3148594,0.39413452,11,915
85ab,1704247905315159,0.83858806,6.3305469,0.39601478,10,925
85ab,1704247906315021,0.85800904,6.3368926,0.39232874,11,935
85ab,1704247907315010,0.84765381,6.3136306,0.38750312,11,945
85ab,1704247908315042,0.83933562,6.2688937,0.40720418,13,955
85ab,1704247909315058,0.84001386,6.2862039,0.4051342,11,965
85ab,1704247910315036,0.83351505,6.2882414,0.40216634,11,975
85ab,1704247911315376,0.83666384,6.2730136,0.40656543,12,985
85ab,1704247912315064,0.83214355,6.2761922,0.40789998,11,995
85ab,1704247913314470,0.8380878,6.298141,0.40603921,10,1005
85ab,1704247914314860,0.83789307,6.3032227,0.40419626,11,1015
85ab,1704247915315048,0.85060692,6.3567667,0.38621843,15,1025
85ab,1704247916315056,0.84927726,6.3196678,0.40406057,13,1035
85ab,1704247917315094,0.84928286,6.2997103,0.40105373,12,1045
85ab,1704247918315036,0.83901846,6.3100438,0.39576432,10,1055
85ab,1704247919315154,0.8324461,6.3122296,0.39786127,10,1065
85ab,1704247920315124,0.82872057,6.3088841,0.39718708,11,1075
85ab,1704247921314836,0.83936,6.275218,0.41227648,14,1085
85ab,1704247922315154,0.83137953,6.2484622,0.41985333,13,1095
85ab,1704247923315099,0.81336927,6.2941632,0.39534959,11,1105
85ab,1704247924315087,0.8143124,6.2868624,0.40243211,11,1115
85ab,1704247925315084,0.82416052,6.2696528,0.4062202,12,1125
85ab,1704247926315092,0.83557767,6.2158,0.43313804,16,1135
85ab,1704247927315092,0.84377837,6.187068,0.43288508,14,1145
85ab,1704247928314588,0.83892721,6.2258849,0.41845274,10,1155
85ab,1704247929315360,0.84292769,6.2351608,0.42273897,12,1165
85ab,1704247930314476,0.83352959,6.3023438,0.40358734,13,1175
85ab,1704247931314545,0.82855314,6.28248,0.40889686,12,1185
85ab,1704247932314738,0.82003045,6.2885022,0.40227517,10,1195
85ab,1704247933314792,0.82075328,6.2599316,0.41122112,13,1205
85ab,1704247934314819,0.82052004,6.2805328,0.40432367,10,1215
85ab,1704247935314651,0.8281675,6.2738533,0.42281616,12,1225
85ab,1704247936315088,0.8294149,6.2211065,0.43392107,15,1235
85ab,1704247937314580,0.8413769,6.2136946,0.44959083,14,1245
85ab,1704247938315139,0.83064705,6.1812658,0.45819485,14,1255
85ab,1704247939315204,0.82005686,6.1989565,0.44039711,11,1265
85ab,1704247940314455,0.8286674,6.2119212,0.4303568,12,1275
85ab,1704247941315179,0.81727648,6.2246881,0.42041975,11,1285
85ab,1704247942315079,0.82529604,6.2571731,0.40926924,10,1295
85ab,1704247943314585,0.83715576,6.2084541,0.42375875,15,1305
85ab,1704247944314834,0.83726579,6.225039,0.41828033,11,1315
85ab,1704247945314704,0.82813096,6.2478089,0.40080574,10,1325
85ab,1704247946314725,0.82498455,6.2301092,0.40779582,12,1335
85ab,1704247947315234,0.8178885,6.2318249,0.41492707,12,1345
85ab,1704247948314761,0.815314,6.2220387,0.42828211,13,1355
85ab,1704247949315536,0.82445616,6.2525954,0.42294216,11,1365
85ab,1704247950315132,0.80928981,6.2343965,0.41801229,11,1375
85ab,1704247951315259,0.8147586,6.2304091,0.4175646,12,1385
85ab,1704247952315278,0.81207097,6.2380142,0.42215669,11,1395
85ab,1704247953315273,0.82469249,6.2454667,0.42546171,12,1405
85ab,1704247954315521,0.81983262,6.2723532,0.41159716,10,1415
85ab,1704247955315120,0.81948894,6.2621055,0.40844685,12,1425
85ab,1704247956315165,0.82174641,6.2673197,0.39695463,11,1435
85ab,1704247957314743,0.80940479,6.2546968,0.40073159,11,5
85ab,1704247958314940,0.80951416,6.2719188,0.40556335,10,15
85ab,1704247959314562,0.81616157,6.2506914,0.40972608,13,25
85ab,1704247960315380,0.8156445,6.2593627,0.40593153,11,35
85ab,1704247961314827,0.82745355,6.3074,0.39797822,11,45
85ab,1704247962315203,0.82065493,6.2865725,0.40007141,11,55
85ab,1704247963314568,0.81827283,6.2858691,0.39723349,11,65
85ab,1704247964315226,0.80539691,6.2887969,0.39585334,10,75
85ab,1704247965314984,0.83604437,6.2958107,0.40455753,12,85
85ab,1704247966314638,0.83642429,6.2871003,0.40109193,11,95
85ab,1704247967315249,0.83201772,6.3218303,0.40110138,9,105
85ab,1704247968314799,0.83304924,6.313839,0.4012053,11,115
85ab,1704247969315086,0.83493817,6.2571793,0.42533121,15,125
85ab,1704247970316920,0.81915313,6.2399273,0.41663262,11,135
85ab,1704247971315108,0.81497896,6.2488213,0.41741127,11,145
85ab,1704247972314816,0.80853021,6.280283,0.40897742,9,155
85ab,1704247973314866,0.8242172,6.3085456,0.40269363,10,165
85ab,1704247974314828,0.82718885,6.2442875,0.42178491,15,175
85ab,1704247975314883,0.82244796,6.269608,0.41097051,10,185
85ab,1704247976315337,0.83393162,6.2754784,0.41419539,12,195
85ab,1704247977314762,0.84546572,6.2780409,0.41976377,12,205
85ab,1704247978314926,0.84703743,6.2959743,0.41117787,10,215
85ab,1704247979315220,0.82956082,6.2526541,0.41607469,13,225
85ab,1704247980314860,0.83012182,6.2519827,0.41938668,12,235
85ab,1704247981314962,0.8239128,6.2724662,0.41269764,10,245
85ab,1704247982315317,0.83189458,6.281714,0.41208604,11,255
85ab,1704247983315373,0.82193661,6.2815971,0.40992281,11,265
85ab,1704247984314807,0.8302595,6.2677259,0.41792682,13,275
85ab,1704247985314621,0.82620436,6.2266955,0.42527223,14,285
85ab,1704247986314685,0.82868922,6.2560105,0.41505107,10,295
85ab,1704247987314952,0.8150984,6.2345695,0.42060468,12,305
85ab,1704247988314987,0.84256172,6.2394409,0.42892244,13,315
85ab,1704247989314977,0.85546982,6.2422442,0.4158453,12,325
85ab,1704247990314694,0.8492471,6.2773414,0.41762337,10,335
85ab,1704247991314598,0.83676249,6.2897935,0.40452987,10,345
85ab,1704247992314868,0.83518696,6.2582107,0.42413953,13,355
85ab,1704247993314663,0.81701833,6.2960792,0.40362036,10,365
85ab,1704247994314836,0.81627846,6.2406073,0.42996725,15,375
85ab,1704247995314856,0.82526696,6.2120957,0.43296069,14,385
85ab,1704247996314688,0.827121,6.2520189,0.40536994,9,395
85ab,1704247997315207,0.83454865,6.2510924,0.40038815,12,405
85ab,1704247998314610,0.83682245,6.2734981,0.39430156,10,415
85ab,1704247999315203,0.83041626,6.2998595,0.38948423,9,425
85ab,1704248000314705,0.83370233,6.2656589,0.41016787,13,435
85ab,1704248001315271,0.82493258,6.2416973,0.41714373,12,445
85ab,1704248002314642,0.833957,6.286797,0.40323985,10,455
85ab,1704248003315370,0.84193164,6.2980151,0.40060794,11,465
85ab,1704248004315127,0.84929383,6.2872052,0.41535664,13,475
85ab,1704248005314714,0.83973336,6.3099,0.39369187,9,485
85ab,1704248006314999,0.82712853,6.2714944,0.41406274,13,495
85ab,1704248007314732,0.82527977,6.2542038,0.41855964,12,505
85ab,1704248008315201,0.82775682,6.2726035,0.41424745,11,515
85ab,1704248009315204,0.82543206,6.2757025,0.4058297,11,525
85ab,1704248010315388,0.83031011,6.2569566,0.41351241,13,535
85ab,1704248011315352,0.82519656,6.2408876,0.42461455,12,545
85ab,1704248012315360,0.816794,6.2469888,0.42705542,11,555
85ab,1704248013315400,0.81888986,6.2795744,0.41594282,10,565
85ab,1704248014315665,0.82173985,6.2492385,0.42512152,13,575
85ab,1704248015315032,0.83591807,6.2733965,0.42074788,11,585
85ab,1704248016315031,0.833032,6.239409,0.42755702,13,595
85ab,1704248017315021,0.83563709,6.2760906,0.41178671,10,605
85ab,1704248018315388,0.8350597,6.3087034,0.40665364,9,615
85ab,1704248019314849,0.84630311,6.2619176,0.42569143,15,625
85ab,1704248020315282,0.83683705,6.2681861,0.41811755,11,635
85ab,1704248021314829,0.84953034,6.2927961,0.40971348,11,645
85ab,1704248022315423,0.83925366,6.3448563,0.39937428,13,655
85ab,1704248023315324,0.843964,6.3579607,0.38610119,10,665
85ab,1704248024315139,0.84679639,6.3284254,0.40282592,12,675
85ab,1704248025314989,0.85073656,6.2888803,0.42005092,14,685
85ab,1704248026314877,0.82985991,6.2462411,0.42400318,13,695
85ab,1704248027315130,0.83515173,6.2371759,0.43298492,13,705
85ab,1704248028314775,0.84016192,6.2151546,0.42648554,13,715
85ab,1704248029315459,0.85523963,6.2227378,0.41990992,13,725
85ab,1704248030314852,0.85301173,6.2349405,0.41771904,12,735
85ab,1704248031315886,0.85722816,6.2570286,0.41959816,11,745
85ab,1704248032315151,0.84756672,6.2167435,0.43594873,14,755
85ab,1704248033315009,0.83326513,6.1853271,0.4311322,13,765
85ab,1704248034315466,0.8402077,6.1925697,0.42215034,12,775
85ab,1704248035314874,0.83770823,6.2475853,0.40077868,10,785
85ab,1704248036315279,0.83363515,6.2810841,0.38992858,9,795
85ab,1704248037314908,0.84851277,6.2554703,0.40870708,14,805
85ab,1704248038315312,0.84581614,6.2638364,0.41373485,11,815
85ab,1704248039314994,0.84620649,6.2899375,0.40834233,10,825
85ab,1704248040315550,0.82961261,6.2689252,0.40594721,11,835
85ab,1704248041315237,0.83362931,6.2985549,0.39190903,9,845
85ab,1704248042315669,0.82884014,6.27008,0.40193248,12,855
85ab,1704248043315095,0.81407517,6.2660737,0.39867091,10,865
85ab,1704248044315118,0.82837158,6.2585087,0.40356195,12,875
85ab,1704248045315169,0.82112354,6.3006191,0.39077368,10,885
85ab,1704248046315484,0.81641281,6.2675133,0.39986685,12,895
85ab,1704248047314944,0.8304922,6.3134522,0.39086008,12,905
85ab,1704248048315713,0.83042884,6.3282084,0.383969,10,915
85ab,1704248049315556,0.8193441,6.3078432,0.38861808,11,925
85ab,1704248050315647,0.8025021,6.3337827,0.37512878,10,935
85ab,1704248051315129,0.8005963,6.3627491,0.36375445,12,945
85ab,1704248052315455,0.82029039,6.2837167,0.38683963,15,955
85ab,1704248053314962,0.80877382,6.2685094,0.39050308,11,965
85ab,1704248054315165,0.82084596,6.2798724,0.39376569,11,975
85ab,1704248055315034,0.83271855,6.2485347,0.40595633,14,985
85ab,1704248056315402,0.84089351,6.2346649,0.41372448,13,995
85ab,1704248057315244,0.82866317,6.2250719,0.41474521,12,1005
85ab,1704248058316047,0.82281065,6.20357,0.42238373,13,1015
85ab,1704248059315267,0.8220982,6.25403,0.40564233,10,1025
85ab,1704248060315058,0.82337052,6.2669206,0.41112113,11,1035
85ab,1704248061315675,0.80961066,6.2696972,0.40470645,10,1045
85ab,1704248062315718,0.82071906,6.2902,0.40095025,10,1055
85ab,1704248063315092,0.83482373,6.3146615,0.40025473,10,1065
85ab,1704248064315059,0.83881009,6.3487458,0.38513625,12,1075
85ab,1704248065315066,0.84165365,6.3559618,0.38627547,10,1085
85ab,1704248066315146,0.82413751,6.3629713,0.38724273,9,1095
85ab,1704248067315604,0.81607908,6.3660793,0.37621519,9,1105
85ab,1704248068315632,0.79539925,6.3368235,0.39336947,11,1115
85ab,1704248069315898,0.82166249,6.3143973,0.41101497,13,1125
85ab,1704248070315604,0.82820666,6.266211,0.41475242,14,1135
85ab,1704248071315663,0.82779819,6.2676415,0.41337675,11,1145
85ab,1704248072315660,0.82956767,6.2975078,0.39117098,10,1155
85ab,1704248073315609,0.84023887,6.2968054,0.39818218,12,1165
85ab,1704248074315864,0.81325805,6.25725,0.40514073,12,1175
85ab,1704248075315672,0.81973332,6.28192,0.39538687,10,1185
85ab,1704248076315637,0.82859182,6.2466478,0.40315571,13,1195
85ab,1704248077315665,0.85743314,6.2002945,0.42991757,17,1205
85ab,1704248078315780,0.86066407,6.2128205,0.42070365,12,1215
85ab,1704248079315766,0.85745651,6.1879754,0.42693982,14,1225
85ab,1704248080315928,0.84514862,6.191565,0.42694479,12,1235
85ab,1704248081315752,0.85146952,6.2178869,0.41532084,11,1245
85ab,1704248082315774,0.85022062,6.2378917,0.4205924,11,1255
85ab,1704248083315766,0.85898024,6.2371483,0.41121203,12,1265
85ab,1704248084315860,0.84404373,6.261724,0.39130038,9,1275
85ab,1704248085315984,0.83824456,6.2305412,0.39272445,13,1285
85ab,1704248086315788,0.82805431,6.2421813,0.399696,11,1295
85ab,1704248087315811,0.83851004,6.2489929,0.41055921,12,1305
85ab,1704248088315822,0.84087092,6.2418571,0.42086488,13,1315
85ab,1704248089315408,0.84298831,6.2730494,0.41134226,10,1325
85ab,1704248090315264,0.8446089,6.2463517,0.42954651,14,1335
85ab,1704248091316005,0.83368522,6.2328362,0.43181881,12,1345
85ab,1704248092315309,0.83722663,6.2228909,0.43134382,13,1355
85ab,1704248093315376,0.83893418,6.2258973,0.41797405,12,1365
85ab,1704248094315874,0.82792038,6.255734,0.4030174,9,1375
85ab,1704248095315858,0.8270337,6.260499,0.40144712,11,1385
85ab,1704248096315870,0.84214526,6.2700858,0.39945444,12,1395
85ab,1704248097315354,0.8314175,6.2684097,0.38820168,10,1405
85ab,1704248098315301,0.82191914,6.2959695,0.37942106,9,1415
85ab,1704248099315276,0.83874351,6.3104682,0.37200463,10,1425
85ab,1704248100315846,0.84870541,6.2698464,0.38593811,14,1435
85ab,1704248101315864,0.85410833,6.282443,0.37644798,11,5
85ab,1704248102315680,0.86405849,6.3078322,0.38782048,11,15
85ab,1704248103315871,0.86878026,6.2658024,0.40316188,14,25
85ab,1704248104315863,0.86171234,6.2909284,0.39332122,10,35
85ab,1704248105315856,0.85711354,6.2961888,0.37679917,10,45
85ab,1704248106315856,0.84121174,6.289813,0.38317019,11,55
85ab,1704248107316440,0.835536,6.2842245,0.38793978,11,65
85ab,1704248108315819,0.82947475,6.2820439,0.39672881,11,75
85ab,1704248109315241,0.817882,6.3077378,0.38574532,9,85
85ab,1704248110315821,0.8257466,6.24706,0.41300857,15,95
85ab,1704248111315797,0.83858979,6.221601,0.4181703,14,105
85ab,1704248112316510,0.84204894,6.2583971,0.41862077,10,115
85ab,1704248113315782,0.83946085,6.3023562,0.39944175,11,125
85ab,1704248114315784,0.84485453,6.31063,0.38828462,10,135
85ab,1704248115315798,0.84381276,6.3382831,0.3900398,10,145
85ab,1704248116315773,0.83610135,6.3559375,0.38944867,9,155
85ab,1704248117315840,0.82924503,6.3473749,0.3892599,10,165
85ab,1704248118316037,0.823963,6.3242478,0.38602808,11,175
85ab,1704248119315434,0.83761829,6.3082194,0.39801905,12,185
85ab,1704248120315354,0.8343091,6.318202,0.38953775,10,195
85ab,1704248121315810,0.82815039,6.269042,0.405715,13,205
85ab,1704248122315802,0.83776104,6.2988992,0.39408338,10,215
85ab,1704248123315937,0.83822662,6.3172107,0.38504952,10,225
85ab,1704248124317335,0.82447,6.30822,0.38883305,10,235
85ab,1704248125315454,0.82374048,6.2818484,0.40360942,12,245
85ab,1704248126315830,0.82983178,6.3079205,0.39597717,10,255
85ab,1704248127315832,0.83029288,6.2842231,0.39566872,12,265
85ab,1704248128315843,0.82327634,6.2672663,0.395,11,275
85ab,1704248129315540,0.8306219,6.2316637,0.43150252,15,285
85ab,1704248130315881,0.83456546,6.2491794,0.42272139,11,295
85ab,1704248131315896,0.840384,6.2597542,0.42019507,11,305
85ab,1704248132315928,0.84774524,6.2891483,0.41340595,10,315
85ab,1704248133315861,0.850359,6.2783446,0.40784836,12,325
85ab,1704248134316157,0.85485625,6.3022833,0.40161374,10,335
85ab,1704248135315932,0.83911812,6.3114853,0.38964379,9,345
85ab,1704248136315466,0.85007805,6.3599405,0.38358349,14,355
85ab,1704248137315606,0.85106611,6.3778992,0.38307562,10,365
85ab,1704248138315674,0.86376834,6.3580446,0.38966724,12,375
85ab,1704248139315627,0.84398717,6.3644066,0.38325638,9,385
85ab,1704248140315679,0.82801968,6.3884244,0.3691549,12,395
85ab,1704248141315608,0.82710814,6.3510833,0.379142,12,405
85ab,1704248142315522,0.82051271,6.3255038,0.3769677,11,415
85ab,1704248143315588,0.8111605,6.2821836,0.39063674,12,425
85ab,1704248144315511,0.80381018,6.2623215,0.40118188,12,435
85ab,1704248145315454,0.79641366,6.2425008,0.40496808,12,445
85ab,1704248146316053,0.81111729,6.2480497,0.41076916,68,455
85ab,1704248147315469,0.81186128,6.27883,0.40007058,9,465
85ab,1704248148315599,0.81098425,6.2441964,0.39634514,12,475
85ab,1704248149315569,0.81582797,6.2415895,0.40722749,12,485
85ab,1704248150316048,0.81212008,6.2422671,0.39680707,11,495
85ab,1704248151315844,0.80019075,6.2330885,0.40353972,11,505
85ab,1704248152315916,0.79775453,6.2849293,0.38524172,11,515
85ab,1704248153315824,0.79888606,6.2902532,0.3834601,10,525
85ab,1704248154315499,0.79908705,6.283339,0.38461739,11,535
85ab,1704248155315844,0.82414383,6.3094435,0.3827787,10,545
85ab,1704248156316180,0.8285985,6.2760983,0.38891155,13,555
85ab,1704248157315561,0.82753235,6.2925715,0.38158789,10,565
85ab,1704248158315484,0.81200582,6.2952647,0.38050428,10,575
85ab,1704248159315496,0.82245052,6.265111,0.40196761,13,585
85ab,1704248160315591,0.82441038,6.2739487,0.40173352,11,595
85ab,1704248161315615,0.82844412,6.2457147,0.41386011,13,605
85ab,1704248162315474,0.83294433,6.2286472,0.42461371,13,615
85ab,1704248163315521,0.99415106,6.2938766,0.49206761,35,625
85ab,1704248164315565,0.94544047,6.3021946,0.46036306,10,635
85ab,1704248165315733,0.93127322,6.3260455,0.43878859,10,645
85ab,1704248166315476,0.91732478,6.3758574,0.41192332,15,655
85ab,1704248167315965,0.90757316,6.3733835,0.39814466,10,665
85ab,1704248168315618,0.88789076,6.3488278,0.40214548,11,675
85ab,1704248169316154,0.89784449,6.380136,0.38860241,13,685
85ab,1704248170315726,0.8713479,6.3686519,0.3763642,9,695
85ab,1704248171315440,0.87643474,6.3458028,0.38267297,12,705
85ab,1704248172315458,0.853102,6.334064,0.3816798,10,715
85ab,1704248173315624,0.85926044,6.3384752,0.38757724,11,725
85ab,1704248174315680,0.848686,6.348031,0.37607482,9,735
85ab,1704248175315646,0.83744836,6.3092871,0.38525724,12,745
85ab,1704248176315646,0.81206024,6.2851658,0.39547795,11,755
85ab,1704248177315676,0.79532653,6.23379,0.40530878,13,765
85ab,1704248178315590,0.80000466,6.1829696,0.42398009,15,775
85ab,1704248179315600,0.8101269,6.2117496,0.41022888,11,785
85ab,1704248180315698,0.81912422,6.2398758,0.40201443,11,795
85ab,1704248181315695,0.82374215,6.2153645,0.41436592,13,805
85ab,1704248182315766,0.81363642,6.2397695,0.41215137,10,815
85ab,1704248183315752,0.81888878,6.267271,0.40201911,10,825
85ab,1704248184315986,0.81878108,6.2987113,0.38849112,9,835
85ab,1704248185315494,0.81832284,6.2966113,0.37939179,10,845
85ab,1704248186316054,0.80893141,6.2613726,0.38741568,12,855
85ab,1704248187315483,0.83034915,6.2928905,0.38407522,10,865
85ab,1704248188316074,0.82813,6.2702513,0.396069,12,875
85ab,1704248189315924,0.83415931,6.2432313,0.40797815,13,885
85ab,1704248190316190,0.83978808,6.2508106,0.41108465,12,895
85ab,1704248191315499,0.83409107,6.293632,0.39449158,10,905
85ab,1704248192315768,0.82902706,6.2705059,0.40426993,12,915
85ab,1704248193315415,0.8168506,6.3089342,0.39490113,10,925
85ab,1704248194315638,0.82029831,6.2759533,0.40252295,13,935
85ab,1704248195315762,0.8368175,6.3037415,0.38843659,10,945
85ab,1704248196315774,0.8322829,6.2781844,0.40581876,13,955
85ab,1704248197315584,0.81996959,6.2653666,0.40122229,11,965
85ab,1704248198315556,0.83207285,6.2400846,0.41870204,14,975
85ab,1704248199315719,0.83406293,6.2637906,0.40789127,10,985
85ab,1704248200316000,0.82644874,6.2536631,0.41565618,12,995
85ab,1704248201315878,0.81521463,6.2229834,0.41497371,12,1005
85ab,1704248202316307,0.82640451,6.2215462,0.42433742,13,1015
85ab,1704248203316238,0.834438,6.2089047,0.42965102,13,1025
85ab,1704248204315818,0.83496082,6.2373071,0.43579558,11,1035
85ab,1704248205315922,0.83121085,6.2896476,0.41301027,11,1045
85ab,1704248206316382,0.81646734,6.3062959,0.40037647,9,1055
85ab,1704248207316327,0.82431322,6.3283858,0.3912327,10,1065
85ab,1704248208316313,0.8323921,6.2605157,0.41191915,15,1075
85ab,1704248209316310,0.8349508,6.2863116,0.40388513,10,1085
85ab,1704248210316313,0.83490449,6.2598987,0.41833323,13,1095
85ab,1704248211316265,0.83010429,6.2327967,0.43154633,13,1105
85ab,1704248212316153,0.83676112,6.2341514,0.43586582,12,1115
85ab,1704248213316461,0.85232109,6.3613882,0.39956015,70,1125
85ab,1704248214315694,0.84973305,6.32403,0.4021261,12,1135
85ab,1704248215316308,0.84191424,6.2743835,0.41155469,13,1145
85ab,1704248216315726,0.83828568,6.2705097,0.41478321,12,1155
85ab,1704248217315803,0.849816,6.3080707,0.40650192,10,1165
85ab,1704248218316070,0.84198922,6.3328104,0.39477724,10,1175
85ab,1704248219316069,0.84564912,6.3335662,0.38825181,10,1185
85ab,1704248220316412,0.83455557,6.3223252,0.39317176,11,1195
85ab,1704248221316928,0.83893895,6.3199906,0.39999241,11,1205
85ab,1704248222316199,0.84322786,6.3148217,0.39282376,11,1215
85ab,1704248223315793,0.858255,6.2640395,0.42165637,15,1225
85ab,1704248224315765,0.86114854,6.33949,0.40307763,16,1235
85ab,1704248225316346,0.85849947,6.3319821,0.40183914,11,1245
85ab,1704248226316363,0.84886479,6.3087516,0.40323165,12,1255
85ab,1704248227315805,0.84884858,6.2950773,0.40541553,12,1265
85ab,1704248228316106,0.85043281,6.3114247,0.3994756,10,1275
85ab,1704248229315938,0.84649831,6.284152,0.40891328,13,1285
85ab,1704248230315783,0.85103363,6.3089871,0.40305698,10,1295
85ab,1704248231316405,0.86120415,6.3094225,0.40329322,12,1305
85ab,1704248232315882,0.86115855,6.2835388,0.40604961,13,1315
85ab,1704248233316991,0.84081131,6.261323,0.40672591,12,1325
85ab,1704248234316028,0.81121838,6.2164254,0.42162719,13,1335
85ab,1704248235315932,0.81376773,6.1777658,0.43471959,14,1345
85ab,1704248236315690,0.82595366,6.2329488,0.42076454,10,1355
85ab,1704248237316353,0.8244397,6.2770519,0.39642,11,1365
85ab,1704248238315924,0.81157738,6.2567525,0.39620882,11,1375
85ab,1704248239315958,0.81993335,6.2078671,0.42497745,15,1385
85ab,1704248240316038,0.822501,6.2307291,0.40727642,10,1395
85ab,1704248241315984,0.82278192,6.2289596,0.41830054,12,1405
85ab,1704248242316372,0.83380544,6.24297,0.41359183,12,1415
85ab,1704248243316206,0.83402777,6.2108383,0.4283267,14,1425
85ab,1704248244315792,0.82129765,6.1926484,0.42502898,12,1435
85ab,1704248245316276,0.81843722,6.2048407,0.42871186,12,5
85ab,1704248246315770,0.82046354,6.2138958,0.43319258,12,15
85ab,1704248247315985,0.83511549,6.2544885,0.42861071,11,25
85ab,1704248248316027,0.82396734,6.2671061,0.41761756,10,35
85ab,1704248249316672,0.81633151,6.2723908,0.40838343,10,45
85ab,1704248250316426,0.81593555,6.2682104,0.40696687,11,55
85ab,1704248251316416,0.80885994,6.25144,0.4127984,12,65
85ab,1704248252316517,0.82528573,6.2746463,0.41002843,11,75
85ab,1704248253316464,0.83608192,6.2794809,0.40708879,11,85
85ab,1704248254316796,0.8265447,6.273931,0.40744817,11,95
85ab,1704248255316462,0.83120412,6.2636647,0.4237898,13,105
85ab,1704248256316270,0.824795,6.2581859,0.43131691,12,115
85ab,1704248257316282,0.82506692,6.2178941,0.4426164,14,125
85ab,1704248258316357,0.82328624,6.2178249,0.44331369,12,135
85ab,1704248259316354,0.8125875,6.2437906,0.4329626,10,145
85ab,1704248260317644,0.81369066,6.2567449,0.42017147,11,155
85ab,1704248261316522,0.8234067,6.2475743,0.42587566,13,165
85ab,1704248262315975,0.81738222,6.2753921,0.40834135,9,175
85ab,1704248263316380,0.81434995,6.2812562,0.40296021,10,185
85ab,1704248264315787,0.8269425,6.3104839,0.39914808,10,195
85ab,1704248265315994,0.82816541,6.3029914,0.393227,11,205
85ab,1704248266316466,0.81960243,6.2916694,0.38924608,11,215
85ab,1704248267315859,0.82309043,6.2810936,0.41012716,12,225
85ab,1704248268316447,0.8329398,6.2585611,0.41138479,13,235
85ab,1704248269316117,0.83383006,6.2423592,0.41087279,12,245
85ab,1704248270316110,0.83256853,6.2796984,0.39877895,9,255
85ab,1704248271316543,0.83748823,6.2657962,0.40411383,12,265
85ab,1704248272316458,0.82905006,6.2631674,0.4006688,11,275
85ab,1704248273316331,0.83301473,6.26393,0.39184749,11,285
85ab,1704248274316270,0.82722509,6.2874784,0.39423147,10,295
85ab,1704248275316536,0.83896506,6.2973962,0.39420295,11,305
85ab,1704248276316384,0.85860705,6.3358645,0.38882637,12,315
85ab,1704248277316640,0.85080534,6.301075,0.403415,13,325
85ab,1704248278318073,0.83941728,6.256197,0.41569722,13,335
85ab,1704248279316550,0.84117419,6.2732944,0.41299006,11,345
85ab,1704248280316584,0.83725137,6.2576637,0.41512054,12,355
85ab,1704248281316572,0.82805967,6.2823792,0.41022509,10,365
85ab,1704248282316794,0.82199574,6.2480497,0.41958693,13,375
85ab,1704248283315912,0.83577412,6.2738862,0.41297477,11,385
85ab,1704248284316500,0.84025681,6.2699456,0.410557,12,395
85ab,1704248285316337,0.84779286,6.281755,0.41132933,11,405
85ab,1704248286316523,0.8390342,6.27544,0.40280029,11,415
85ab,1704248287316528,0.82881594,6.2324815,0.41923395,14,425
85ab,1704248288316356,0.83101094,6.2757139,0.40494749,10,435
85ab,1704248289316310,0.83193189,6.259583,0.41218641,12,445
85ab,1704248290316482,0.84576505,6.2528267,0.41527575,13,455
85ab,1704248291316478,0.85360366,6.2626081,0.40649578,11,465
85ab,1704248292316763,0.84376997,6.2407193,0.42150393,13,475
85ab,1704248293316358,0.81058741,6.2293143,0.422259,11,485
85ab,1704248294316172,0.81477356,6.2210588,0.42451352,12,495
85ab,1704248295316262,0.80871087,6.2555852,0.41038063,9,505
85ab,1704248296316528,0.80895704,6.2767625,0.41597283,10,515
85ab,1704248297316208,0.80685711,6.2529273,0.4191699,12,525
85ab,1704248298316837,0.79976857,6.2652397,0.39668414,9,535
85ab,1704248299316592,0.8136183,6.2640653,0.39298078,12,545
85ab,1704248300316182,0.82327181,6.2417789,0.40037289,13,555
85ab,1704248301316674,0.83165663,6.2243967,0.42282906,14,565
85ab,1704248302316015,0.81764376,6.26288,0.39996871,9,575
85ab,1704248303316536,0.81823933,6.2873535,0.39588246,10,585
85ab,1704248304316116,0.840613,6.2278419,0.41895708,16,595
85ab,1704248305316102,0.83873451,6.2649484,0.41158822,10,605
85ab,1704248306316914,0.85124779,6.2856593,0.40186471,11,615
85ab,1704248307316624,0.85699922,6.2883205,0.41035476,12,625
85ab,1704248308316614,0.8252039,6.2713528,0.411918,11,635
85ab,1704248309316938,0.83344191,6.2800775,0.39437351,11,645
85ab,1704248310316556,0.82453066,6.2820239,0.38746309,10,655
85ab,1704248311316519,0.82117963,6.2813363,0.38815004,11,665
85ab,1704248312316674,0.81400591,6.2783775,0.37998372,10,675
85ab,1704248313316182,0.79575449,6.2610641,0.40028951,11,685
85ab,1704248314316595,0.81209493,6.2924747,0.40085158,10,695
85ab,1704248315316178,0.82548827,6.2702217,0.42509276,14,705
85ab,1704248316316204,0.82964683,6.2626209,0.43073866,12,715
85ab,1704248317316054,0.82693458,6.25075,0.44027239,12,725
85ab,1704248318316254,0.83253604,6.286396,0.42399102,10,735
85ab,1704248319316056,0.82117456,6.2822361,0.426622,11,745
85ab,1704248320315938,0.82637316,6.3175344,0.40582508,11,755
85ab,1704248321316172,0.83447385,6.3174462,0.40691197,11,765
85ab,1704248322315899,0.81791544,6.2654819,0.41343135,13,775
85ab,1704248323315843,0.81395662,6.2919769,0.406779,9,785
85ab,1704248324316571,0.80180079,6.3151875,0.39171973,9,795
85ab,1704248325315878,0.80300689,6.251965,0.40397561,14,805
85ab,1704248326314997,0.81496459,6.2377486,0.41593146,13,815
85ab,1704248327315791,0.79541785,6.2023082,0.41840994,12,825
85ab,1704248328314990,0.79493994,6.2205215,0.41399971,11,835
85ab,1704248329314898,0.82899213,6.1935983,0.43074575,15,845
85ab,1704248330315394,0.83114308,6.2161384,0.42276919,11,855
85ab,1704248331314873,0.83033192,6.2597332,0.42850462,10,865
85ab,1704248332314678,0.836108,6.2713628,0.40941894,11,875
85ab,1704248333314708,0.83142453,6.2799897,0.41746145,11,885
85ab,1704248334314538,0.837737,6.2739096,0.41974288,12,895
85ab,1704248335314358,0.84941238,6.325624,0.41032666,12,905
85ab,1704248336315200,0.85012108,6.3080382,0.40999833,12,915
85ab,1704248337314569,0.84440666,6.3066764,0.39811924,10,925
85ab,1704248338314519,0.83950114,6.2844009,0.39990479,12,935
85ab,1704248339314943,0.83278686,6.2594643,0.4087733,12,945
85ab,1704248340314574,0.83023047,6.27003,0.39985195,10,955
85ab,1704248341314127,0.82215613,6.2524023,0.40724906,12,965
85ab,1704248342314165,0.82170445,6.2500553,0.42033017,12,975
85ab,1704248343314122,0.82679045,6.3165908,0.40325195,14,985
85ab,1704248344314357,0.82140106,6.255991,0.42609808,14,995
85ab,1704248345313964,0.83716041,6.2181406,0.44669828,15,1005
85ab,1704248346314117,0.83215576,6.2692595,0.42891595,10,1015
85ab,1704248347313919,0.83657438,6.271666,0.41700089,11,1025
85ab,1704248348314362,0.8320452,6.244987,0.41872486,13,1035
85ab,1704248349313704,0.83892351,6.2669749,0.40803263,11,1045
85ab,1704248350314026,0.82980388,6.2567043,0.42744824,12,1055
85ab,1704248351313517,0.83907866,6.2602038,0.41371387,11,1065
85ab,1704248352314002,0.84236711,6.2410903,0.41507161,13,1075
85ab,1704248353313364,0.83498448,6.2741485,0.41210932,10,1085
85ab,1704248354314012,0.84039813,6.2448068,0.41290343,13,1095
85ab,1704248355313625,0.83237696,6.2768717,0.40618157,9,1105
85ab,1704248356312960,0.83390039,6.2815561,0.40569016,11,1115
85ab,1704248357313462,0.83301628,6.3363838,0.39458135,13,1125
85ab,1704248358313408,0.8323347,6.3139749,0.40075225,12,1135
85ab,1704248359313559,0.8299824,6.2974749,0.40205312,11,1145
85ab,1704248360313662,0.81541789,6.2975011,0.40069357,10,1155
85ab,1704248361313057,0.81432641,6.2882614,0.39176643,11,1165
85ab,1704248362313341,0.82821059,6.3032336,0.38568765,10,1175
85ab,1704248363313518,0.82767266,6.2617178,0.41227379,14,1185
85ab,1704248364312762,0.83680695,6.2476764,0.42598823,13,1195
85ab,1704248365313121,0.8443563,6.2855115,0.42246169,10,1205
85ab,1704248366312965,0.85144746,6.2771411,0.41878721,12,1215
85ab,1704248367312406,0.8369416,6.2731981,0.41151145,11,1225
85ab,1704248368312979,0.845138,6.274312,0.40985018,12,1235
85ab,1704248369312838,0.84366733,6.2990646,0.4107407,10,1245
85ab,1704248370312646,0.84544861,6.2696538,0.41829002,13,1255
85ab,1704248371312729,0.83917594,6.2501931,0.43601197,13,1265
85ab,1704248372312344,0.8395887,6.2374196,0.43510878,13,1275
85ab,1704248373312095,0.83798075,6.2545285,0.41987088,11,1285
85ab,1704248374313088,0.83363843,6.2448025,0.42125055,12,1295
85ab,1704248375312924,0.82356983,6.3079023,0.39285526,14,1305
85ab,1704248376312246,0.82559639,6.2964716,0.38900742,11,1315
85ab,1704248377312580,0.81944966,6.3286176,0.37378117,11,1325
85ab,1704248378312082,0.8270151,6.319242,0.38131464,11,1335
85ab,1704248379312432,0.82104421,6.296865,0.3846966,11,1345
85ab,1704248380312874,0.82689333,6.2941623,0.40115583,12,1355
85ab,1704248381312547,0.82919163,6.315527,0.38654786,9,1365
85ab,1704248382312236,0.8353824,6.3285036,0.39777976,11,1375
85ab,1704248383312219,0.82930636,6.2696934,0.40963024,14,1385
85ab,1704248384312398,0.82339221,6.2777019,0.40293467,10,1395
85ab,1704248385312317,0.84519243,6.2927289,0.40286663,11,1405
85ab,1704248386312023,0.84942871,6.2751632,0.40062392,12,1415
85ab,1704248387312168,0.8526994,6.2968936,0.39779738,10,1425
85ab,1704248388311904,0.84966093,6.2917733,0.40028104,11,1435
85ab,1704248389311878,0.82734621,6.2625933,0.4151381,12,5
85ab,1704248390312049,0.8405261,6.2423496,0.41379556,13,15
85ab,1704248391312006,0.82892358,6.2560697,0.39396751,10,25
85ab,1704248392311742,0.82860684,6.2788477,0.39581579,10,35
85ab,1704248393311840,0.8178398,6.2685957,0.39869714,11,45
85ab,1704248394311635,0.81800705,6.2351174,0.41207796,13,55
85ab,1704248395311596,0.82656711,6.2368116,0.4124876,12,65
85ab,1704248396311513,0.82821459,6.2834659,0.39438871,11,75
85ab,1704248397311552,0.83167309,6.2892418,0.39801428,11,85
85ab,1704248398311411,0.83057064,6.29709,0.38771358,10,95
85ab,1704248399311460,0.83224255,6.2832913,0.39036417,12,105
85ab,1704248400310734,0.84357059,6.3029895,0.38879976,11,115
85ab,1704248401310917,0.83835393,6.2792315,0.39501435,12,125
85ab,1704248402311181,0.829825,6.2895923,0.40353182,10,135
85ab,1704248403311308,0.83580214,6.2795925,0.40820453,12,145
85ab,1704248404310558,0.85414225,6.2871404,0.41768593,12,155
85ab,1704248405311780,0.85367447,6.3002496,0.39688766,10,165
85ab,1704248406310343,0.85843843,6.2916474,0.40240091,12,175
85ab,1704248407310536,0.85324132,6.2942543,0.40395731,11,185
85ab,1704248408310656,0.84752196,6.2936449,0.40789083,11,195
85ab,1704248409310340,0.83989155,6.333796,0.39005202,12,205
85ab,1704248410310253,0.85138911,6.351769,0.39174053,10,215
85ab,1704248411310368,0.84940672,6.3106203,0.38938251,12,225
85ab,1704248412309982,0.83947361,6.3461871,0.37814638,12,235
85ab,1704248413309891,0.82759821,6.2955022,0.39323041,13,245
85ab,1704248414310178,0.82334733,6.32493,0.38313013,10,255
85ab,1704248415310022,0.82286441,6.3480763,0.37423754,10,265
85ab,1704248416309972,0.81330919,6.3131504,0.38597181,12,275
85ab,1704248417309964,0.82011825,6.3017273,0.39217302,12,285
85ab,1704248418310614,0.8222996,6.2509527,0.41474083,14,295
85ab,1704248419309521,0.84622169,6.2067757,0.43082362,16,305
85ab,1704248420310352,0.83818257,6.2417126,0.41104081,10,315
85ab,1704248421309526,0.83663762,6.1968236,0.44292948,15,325
85ab,1704248422309907,0.83686924,6.1862483,0.43972471,13,335
85ab,1704248423309665,0.81825048,6.2074437,0.4302825,10,345
85ab,1704248424309787,0.81740057,6.1970448,0.43665248,13,355
85ab,1704248425309890,0.82324451,6.2031007,0.43440619,12,365
85ab,1704248426310160,0.81798768,6.1849294,0.42923132,13,375
85ab,1704248427309574,0.83094072,6.2305961,0.41303656,10,385
85ab,1704248428309442,0.82672888,6.2850184,0.39658052,11,395
85ab,1704248429309667,0.82706273,6.2304244,0.4230912,15,405
85ab,1704248430309287,0.80497646,6.238657,0.4149476,10,415
85ab,1704248431309783,0.80907774,6.2008128,0.42279583,14,425
85ab,1704248432311096,0.79723936,6.1875682,0.42627394,12,435
85ab,1704248433308908,0.81392962,6.23087,0.41990128,11,445
85ab,1704248434309160,0.816874,6.2526832,0.41153848,10,455
85ab,1704248435309480,0.81396878,6.23748,0.41476971,12,465
85ab,1704248436309114,0.80878568,6.2620687,0.39863771,9,475
85ab,1704248437308746,0.81782532,6.2927566,0.39293486,10,485
85ab,1704248438309288,0.81398308,6.2772994,0.40355873,12,495
85ab,1704248439309405,0.82172334,6.2950954,0.3992784,10,505
85ab,1704248440309927,0.82147205,6.2358127,0.4149344,14,515
85ab,1704248441309692,0.83302116,6.2773538,0.41192022,10,525
85ab,1704248442309283,0.83782768,6.2875462,0.40598467,11,535
85ab,1704248443309251,0.85384411,6.2982569,0.40510488,11,545
85ab,1704248444309231,0.86113894,6.3188243,0.38750562,10,555
85ab,1704248445309347,0.84135395,6.3127069,0.38408548,10,565
85ab,1704248446309724,0.84116673,6.2694097,0.40687144,14,575
85ab,1704248447309170,0.83557451,6.2240849,0.43548304,15,585
85ab,1704248448309003,1.0048929,6.3236113,0.50548995,38,595
85ab,1704248449308958,0.9542399,6.3271613,0.47118685,10,605
85ab,1704248450308901,0.92363113,6.29234,0.4664695,13,615
85ab,1704248451309047,0.89020509,6.2952538,0.45236066,10,625
85ab,1704248452308570,0.8666237,6.2659841,0.44395787,12,635
85ab,1704248453308683,0.85716379,6.2737956,0.4307178,11,645
85ab,1704248462208319,0.89535147,6.1732144,0.30885097,13,734
85ab,1704248463208142,0.88493824,6.240694,0.31477627,12,744
85ab,1704248464208130,0.85639191,6.22158,0.34812406,12,754
85ab,1704248465208174,0.8440128,6.2172694,0.37283868,12,764
85ab,1704248466208154,0.83287787,6.2136354,0.38948965,12,774
85ab,1704248467208079,0.8370409,6.2152419,0.40108284,12,784
85ab,1704248468207938,0.83499157,6.1850014,0.42189857,14,794
85ab,1704248469207854,0.84041226,6.2454882,0.40994996,10,804
85ab,1704248470207147,0.8415364,6.2506704,0.39880836,11,814
85ab,1704248471207074,0.8517049,6.2578216,0.40180594,12,824
85ab,1704248472207168,0.83453608,6.2826715,0.38765138,9,834
85ab,1704248473207266,0.83901829,6.2992673,0.37588355,10,844
85ab,1704248474207574,0.83795512,6.2784543,0.39394984,12,854
85ab,1704248475207378,0.82347858,6.3068428,0.37775144,9,864
85ab,1704248476206961,0.83033544,6.3615465,0.37550578,14,874
85ab,1704248477207073,0.83837354,6.3501897,0.37458825,11,884
85ab,1704248478207150,0.84659529,6.2907248,0.39759788,14,894
85ab,1704248479207477,0.84801233,6.2825747,0.39902434,12,904
85ab,1704248480206658,0.83711648,6.2824011,0.40755528,11,914
85ab,1704248481207019,0.8438375,6.28283,0.41193819,12,924
85ab,1704248482206849,0.84300524,6.309391,0.39828575,9,934
85ab,1704248483207332,0.83981365,6.2703876,0.40832406,13,944
85ab,1704248484207117,0.83559066,6.3012743,0.39745474,9,954
85ab,1704248485206693,0.84774315,6.3021955,0.40190598,12,964
85ab,1704248486207013,0.84666592,6.296977,0.39269388,11,974
85ab,1704248487206963,0.83486778,6.275629,0.40355045,12,984
85ab,1704248488206298,0.83224422,6.2564969,0.40859514,12,994
85ab,1704248489206941,0.83244371,6.2641282,0.39748964,11,1004
85ab,1704248490206494,0.83298784,6.2629309,0.39432621,11,1014
85ab,1704248491206566,0.84791011,6.3025665,0.3832159,11,1024
85ab,1704248492206172,0.83605742,6.3042021,0.38177666,10,1034
85ab,1704248493206644,0.82180077,6.29974,0.39342314,11,1044
85ab,1704248494206325,0.81951159,6.276495,0.40181428,12,1054
85ab,1704248495206487,0.81815696,6.2443295,0.41264346,13,1064
85ab,1704248496206090,0.8101204,6.2582736,0.40171373,10,1074
85ab,1704248497206517,0.81554151,6.2584276,0.40783244,12,1084
85ab,1704248498206382,0.81957579,6.249208,0.39982218,12,1094
85ab,1704248499206284,0.81708622,6.2784829,0.38790962,9,1104
85ab,1704248500206025,0.82370484,6.3044014,0.39015266,10,1114
85ab,1704248501206229,0.81371343,6.3041368,0.38813758,10,1124
85ab,1704248502206256,0.82263368,6.2928252,0.39939368,12,1134
85ab,1704248503205769,0.80310249,6.3175478,0.38264483,9,1144
85ab,1704248504205662,0.82453358,6.3272843,0.37557879,10,1154
85ab,1704248505205692,0.82816291,6.3216143,0.37851465,11,1164
85ab,1704248506205524,0.83127344,6.2608418,0.4092834,15,1174
85ab,1704248507205985,0.83578223,6.2758842,0.40217894,11,1184
85ab,1704248508205497,0.8186661,6.2826548,0.40889165,10,1194
85ab,1704248509205804,0.80939257,6.2525339,0.41078645,12,1204
85ab,1704248510205582,0.81867331,6.3000379,0.40478775,11,1214
85ab,1704248511205605,0.81682777,6.306252,0.40531734,10,1224
85ab,1704248512205382,0.81177092,6.3476233,0.3954345,12,1234
85ab,1704248513205619,0.80430174,6.3367739,0.38617724,10,1244
85ab,1704248514205079,0.80711257,6.3769403,0.37235931,13,1254
85ab,1704248515205391,0.82451117,6.35638,0.38628119,12,1264
85ab,1704248516205484,0.82307541,6.3136492,0.40782258,13,1274
85ab,1704248517205102,0.82853115,6.2829776,0.40790078,13,1284
85ab,1704248518205262,0.83263439,6.311707,0.3989678,10,1294
85ab,1704248519205290,0.83533889,6.2875824,0.40419385,12,1304
85ab,1704248520205062,0.83920223,6.2588372,0.41424105,13,1314
85ab,1704248521205272,0.83559084,6.270493,0.39664084,10,1324
85ab,1704248522204793,0.84704375,6.3058357,0.39389694,10,1334
85ab,1704248523205258,0.84431881,6.3402991,0.38458478,11,1344
85ab,1704248524204886,0.83343065,6.3536329,0.3737503,9,1354
85ab,1704248525205183,0.84544843,6.358582,0.36956233,10,1364
85ab,1704248526204823,0.84421176,6.3254371,0.37157056,12,1374
85ab,1704248527205168,0.84333068,6.318954,0.38661581,11,1384
85ab,1704248528204775,0.82971895,6.3252044,0.38314,9,1394
85ab,1704248529205083,0.84083527,6.32447,0.3823154,11,1404
85ab,1704248530204437,0.83497,6.3732777,0.3824499,13,1414
85ab,1704248531205052,0.83691722,6.379178,0.37586266,10,1424
85ab,1704248532204790,0.83233351,6.3614283,0.38303047,11,1434
85ab,1704248533204592,0.8177194,6.3950262,0.36894751,13,4
85ab,1704248534204627,0.80911934,6.3488593,0.38699484,12,14
85ab,1704248535204752,0.80887949,6.3445616,0.38202602,10,24
85ab,1704248536204349,0.80945909,6.3406963,0.38399112,10,34
85ab,1704248537204514,0.80802816,6.2927685,0.39548519,13,44
85ab,1704248538205274,0.815044,6.2310824,0.40877241,15,54
85ab,1704248539204090,0.82507932,6.2319636,0.41228443,12,64
85ab,1704248540204331,0.81982106,6.2659554,0.39911884,9,74
85ab,1704248541204285,0.8286401,6.2865043,0.3946507,10,84
85ab,1704248542204150,0.83053166,6.2998137,0.39633474,10,94
85ab,1704248543203998,0.8491751,6.3221283,0.38616231,10,104
85ab,1704248544204054,0.84002662,6.3414016,0.376921,10,114
85ab,1704248545204432,0.83247125,6.3161883,0.37345004,11,124
85ab,1704248546203948,0.82675785,6.326447,0.36879045,9,134
85ab,1704248547203856,0.82212466,6.3031831,0.38047993,12,144
85ab,1704248548203791,0.8179273,6.3603239,0.37037167,14,154
85ab,1704248549203868,0.81811529,6.3162084,0.39397591,13,164
85ab,1704248550203760,0.8185609,6.28892,0.39227062,12,174
85ab,1704248551203721,0.82614189,6.2942114,0.40115342,11,184
85ab,1704248552203682,0.83345181,6.3132529,0.40734714,11,194
85ab,1704248553203646,0.84349048,6.3222075,0.40907839,11,204
85ab,1704248554203599,0.83280945,6.3252974,0.39638844,10,214
85ab,1704248555203567,0.83403867,6.3331041,0.39912784,10,224
85ab,1704248556203532,0.80909258,6.2967968,0.40339944,11,234
85ab,1704248557203673,0.80958897,6.2990618,0.39400727,10,244
85ab,1704248558203206,0.80307096,6.3031893,0.38960832,10,254
85ab,1704248559203737,0.80285209,6.2992558,0.380408,10,264
85ab,1704248560203391,0.80463415,6.2727041,0.4037753,13,274
85ab,1704248561203224,0.80332047,6.222271,0.42224014,14,284
85ab,1704248562203571,0.8131488,6.2584333,0.41371667,10,294
85ab,1704248563203654,0.81117487,6.3058963,0.39627883,11,304
85ab,1704248564202958,0.82546818,6.2452745,0.42170158,15,314
85ab,1704248565203139,0.82666087,6.19616,0.43713385,15,324
85ab,1704248566203059,0.82722718,6.2589045,0.42255452,11,334
85ab,1704248567202789,0.83839458,6.2780576,0.42327264,11,344
85ab,1704248568203274,0.83085221,6.2870336,0.41453078,10,354
85ab,1704248569202957,0.82453108,6.3060007,0.41438654,10,364
85ab,1704248570203261,0.83405465,6.3099976,0.4191041,11,374
85ab,1704248571203364,0.83420253,6.3109016,0.41001424,11,384
85ab,1704248572203232,0.8243947,6.3102207,0.40864414,10,394
85ab,1704248573203153,0.81839526,6.2631731,0.42712548,14,404
85ab,1704248574203135,0.82827485,6.3168192,0.41158998,12,414
85ab,1704248575203242,0.83101678,6.3081489,0.4095329,11,424
85ab,1704248576203102,0.8369692,6.2919903,0.4098843,12,434
85ab,1704248577203122,0.83527935,6.3152957,0.39344391,9,444
85ab,1704248578202438,0.83181685,6.3029323,0.39376792,11,454
85ab,1704248579202708,0.84021562,6.282001,0.398122,12,464
85ab,1704248580202558,0.83955276,6.3116355,0.38555703,10,474
85ab,1704248581202534,0.84494364,6.286623,0.40428594,13,484
85ab,1704248582202767,0.83906162,6.3170576,0.39071465,10,494
85ab,1704248583202247,0.84491831,6.3135381,0.39098909,11,504
85ab,1704248584202432,0.83463967,6.34648,0.38057062,11,514
85ab,1704248585202381,0.82952219,6.287096,0.40482649,14,524
85ab,1704248586202778,0.83599567,6.3085885,0.40568143,10,534
85ab,1704248587202317,0.84748352,6.3167787,0.40694824,11,544
85ab,1704248588202430,0.84432733,6.2523279,0.43776295,15,554
85ab,1704248589202325,0.84413564,6.2893395,0.42625645,10,564
85ab,1704248590202490,0.82328862,6.25458,0.43705136,12,574
85ab,1704248591201896,0.82516462,6.266583,0.42095414,11,584
85ab,1704248592202714,0.83449548,6.2444816,0.42476171,13,594
85ab,1704248593201783,0.83562851,6.23151,0.42120922,12,604
85ab,1704248594203691,0.83978319,6.2163777,0.42596275,13,614
85ab,1704248595202104,0.8428992,6.1755676,0.44207641,15,624
85ab,1704248596202296,0.83055097,6.1639652,0.44547462,13,634
85ab,1704248597201826,0.83234477,6.2087116,0.43697336,11,644
85ab,1704248598202411,0.83732641,6.2189059,0.41857186,11,654
85ab,1704248599201840,0.83408821,6.2542963,0.40636772,10,664
85ab,1704248600201752,0.83276218,6.2327709,0.41411394,13,674
85ab,1704248601201776,0.81302631,6.2795434,0.40408546,9,684
85ab,1704248602201770,0.82393831,6.233912,0.42532554,15,694
85ab,1704248603201790,0.82226545,6.2075419,0.44204319,14,704
85ab,1704248604201525,0.83085918,6.2543206,0.42334,10,714
85ab,1704248605201704,0.82740927,6.2658558,0.41649655,11,724
85ab,1704248606201535,0.82945329,6.2700233,0.40378365,11,734
85ab,1704248607201800,0.8383854,6.2562089,0.40471819,12,744
85ab,1704248608201772,0.83304757,6.2959247,0.3962433,10,754
85ab,1704248609201417,0.83017367,6.328742,0.39118752,10,764
85ab,1704248610201630,0.83434516,6.3134212,0.39353338,11,774
85ab,1704248611201720,0.83265156,6.3113055,0.39171511,11,784
85ab,1704248612201179,0.82300395,6.3386841,0.39855021,9,794
85ab,1704248613201114,0.83981097,6.2849669,0.41499233,15,804
85ab,1704248614201400,0.83819014,6.2483125,0.43214878,14,814
85ab,1704248615201130,0.83913481,6.2281666,0.43076959,13,824
85ab,1704248616201167,0.83017558,6.2364674,0.42382753,11,834
85ab,1704248617201129,0.8448261,6.2543116,0.42207882,12,844
85ab,1704248618201487,0.8550843,6.2371926,0.4299854,14,854
85ab,1704248619201056,0.85842311,6.2523713,0.43203968,12,864
85ab,1704248620201383,0.85726345,6.23184,0.44105643,14,874
85ab,1704248621200690,0.83605343,6.2175422,0.44300595,12,884
85ab,1704248622201412,0.8244068,6.2188406,0.44859302,12,894
85ab,1704248623201077,0.83649784,6.2313943,0.42897373,12,904
85ab,1704248624201061,0.8279435,6.2277527,0.42391211,12,914
85ab,1704248625201292,0.83401948,6.2627974,0.41120762,10,924
85ab,1704248626200691,0.8429693,6.2820935,0.39763319,10,934
85ab,1704248627200699,0.83356076,6.3156791,0.39013997,10,944
85ab,1704248628201303,0.82935357,6.287641,0.39855015,12,954
85ab,1704248629201726,0.83657438,6.2718563,0.41061008,13,964
85ab,1704248630201100,0.82246006,6.2371583,0.41619498,13,974
85ab,1704248631201006,0.82559466,6.275403,0.41282642,10,984
85ab,1704248632201034,0.83298737,6.2473831,0.418032,13,994
85ab,1704248633201054,0.832074,6.2531161,0.41522816,11,1004
85ab,1704248634200426,0.82906204,6.2519274,0.41642505,12,1014
85ab,1704248635200984,0.817534,6.2332449,0.40582651,11,1024
85ab,1704248636200930,0.83243495,6.244843,0.41236854,12,1034
85ab,1704248637200883,0.84250879,6.2389493,0.4179818,13,1044
85ab,1704248638200810,0.83100396,6.2618895,0.41076806,10,1054
85ab,1704248639200777,0.82970226,6.2236853,0.41776133,14,1064
85ab,1704248640200747,0.83643389,6.1830726,0.43132523,15,1074
85ab,1704248641200768,0.83781606,6.208045,0.41579616,11,1084
85ab,1704248642200418,0.82042205,6.21428,0.40815324,11,1094
85ab,1704248643200334,0.81778055,6.2333436,0.41180104,11,1104
85ab,1704248644200645,0.81171197,6.2584119,0.40433383,10,1114
85ab,1704248645200006,0.82915455,6.2258568,0.41794425,14,1124
85ab,1704248646200596,0.82430875,6.2366614,0.41339764,11,1134
85ab,1704248647200469,0.83019429,6.2257595,0.41752794,13,1144
85ab,1704248648200289,0.82329041,6.2528677,0.41724011,10,1154
85ab,1704248649200074,0.81727636,6.2858667,0.39226988,10,1164
85ab,1704248650200244,0.82609,6.3100581,0.40211755,10,1174
85ab,1704248651199882,0.83677125,6.3308773,0.39667234,10,1184
85ab,1704248652199926,0.8400256,6.3571882,0.38788339,11,1194
85ab,1704248653199952,0.83134907,6.3397551,0.38284668,10,1204
85ab,1704248654199912,0.850734,6.3415322,0.38710791,11,1214
85ab,1704248655199876,0.83122033,6.3181429,0.38890862,11,1224
85ab,1704248656199847,0.85002792,6.3238683,0.39220029,11,1234
85ab,1704248657200121,0.85196805,6.3363452,0.38382614,10,1244
85ab,1704248658200618,0.84469193,6.33674,0.36754549,9,1254
85ab,1704248659200189,0.83962804,6.2881279,0.391211,13,1264
85ab,1704248660199948,0.8351419,6.2710075,0.39539933,12,1274
85ab,1704248661199740,0.83542925,6.3085666,0.39494833,10,1284
85ab,1704248662200162,0.8360284,6.2914648,0.41166764,12,1294
85ab,1704248663200228,0.8411032,6.263432,0.41664398,13,1304
85ab,1704248664200007,0.83950108,6.2670803,0.41502735,11,1314
85ab,1704248665199958,0.82910669,6.2705336,0.41069895,11,1324
85ab,1704248666199951,0.82120168,6.2479606,0.41944888,12,1334
85ab,1704248667199912,0.80654186,6.2819104,0.4074792,9,1344
85ab,1704248668199869,0.821281,6.2799077,0.41556,12,1354
85ab,1704248669199986,0.8180269,6.2741561,0.40906826,11,1364
85ab,1704248670199222,0.8188656,6.2805476,0.39840457,10,1374
85ab,1704248671199475,0.81372887,6.2825613,0.39910814,11,1384
85ab,1704248672199854,0.81992817,6.3013082,0.39699674,10,1394
85ab,1704248673199066,0.80594623,6.3203835,0.38991639,9,1404
85ab,1704248674199118,0.81500077,6.3507366,0.37545776,12,1414
85ab,1704248675199072,0.83052641,6.3049846,0.39181891,14,1424
85ab,1704248676199314,0.8256942,6.3234744,0.38762224,9,1434
85ab,1704248677199038,0.84423542,6.3267365,0.39291948,11,4
85ab,1704248678199007,0.82485378,6.3058276,0.38735357,10,14
85ab,1704248679199324,0.84884328,6.3248563,0.38320994,11,24
85ab,1704248680199117,0.84822506,6.3234878,0.38115335,11,34
85ab,1704248681198974,0.84740484,6.3388209,0.37982157,10,44
85ab,1704248682198924,0.8519153,6.3371167,0.38608357,11,54
85ab,1704248683198854,0.84473616,6.3097491,0.38330984,11,64
85ab,1704248684199356,0.84807664,6.2812753,0.39438638,13,74
85ab,1704248685198724,0.85533327,6.3066778,0.38784626,10,84
85ab,1704248686198402,0.85194188,6.3316436,0.38578215,9,94
85ab,1704248687198501,0.84985858,6.2919273,0.39040142,13,104
85ab,1704248688198742,0.85228485,6.2453961,0.40349144,14,114
85ab,1704248689198786,0.85207754,6.2700357,0.39620677,10,124
85ab,1704248690198546,0.85538161,6.2820578,0.39333794,11,134
85ab,1704248691198501,0.86562312,6.306746,0.3953647,11,144
85ab,1704248692198292,0.85531074,6.271008,0.40586472,13,154
85ab,1704248693198315,0.8549093,6.2555423,0.40961373,13,164
85ab,1704248694198254,0.854989,6.2716765,0.40965593,11,174
85ab,1704248695198706,0.85063279,6.300468,0.395151,9,184
85ab,1704248696198255,0.86557251,6.3150625,0.39204219,11,194
85ab,1704248697198258,0.85263616,6.3238959,0.39388353,10,204
85ab,1704248698198824,0.86095911,6.2929006,0.41559947,14,214
85ab,1704248699198122,0.8531307,6.2525363,0.425301,14,224
85ab,1704248700197950,0.94102716,6.15381,0.22012037,66,234
85ab,1704248701198210,0.9235999,6.1767359,0.27680081,13,244
85ab,1704248702198204,0.90130806,6.2339048,0.29402193,10,254
85ab,1704248703198046,0.87438375,6.2276187,0.33058557,12,264
85ab,1704248704197947,0.87689739,6.242146,0.35751268,12,274
85ab,1704248705197942,0.84753168,6.2680016,0.35838109,9,284
85ab,1704248706198344,0.84758878,6.288269,0.3772307,11,294
85ab,1704248707198323,0.841785,6.3006549,0.37705535,10,304
85ab,1704248708198483,0.85971206,6.3028555,0.39081749,12,314
85ab,1704248709198398,0.86588353,6.328826,0.38555714,10,324
85ab,1704248710198440,0.86359555,6.3251905,0.3948639,11,334
85ab,1704248711198331,0.85204017,6.296968,0.41483063,13,344
85ab,1704248712198494,0.84468395,6.2668881,0.43187642,13,354
85ab,1704248713198416,0.85570586,6.2348123,0.43965885,14,364
85ab,1704248714198297,0.853646,6.2180414,0.43906361,13,374
85ab,1704248715198081,0.84999722,6.2566504,0.42096317,10,384
85ab,1704248716198311,0.85128927,6.2399383,0.42156509,13,394
85ab,1704248717198278,0.83793038,6.2610178,0.40887684,10,404
85ab,1704248718198134,0.83050406,6.2574506,0.4093571,11,414
85ab,1704248719197953,0.83777195,6.2539668,0.4123688,12,424
85ab,1704248720197951,0.83809167,6.2610092,0.40794551,11,434
85ab,1704248721197812,0.82837731,6.2649651,0.39345315,10,444
85ab,1704248722197805,0.83324575,6.2715025,0.39387688,11,454
85ab,1704248723197944,0.82403475,6.293014,0.38676158,9,464
85ab,1704248724197706,0.82778877,6.2757831,0.39379254,12,474
85ab,1704248725197680,0.80969536,6.2956963,0.39611828,9,484
85ab,1704248726197681,0.81372863,6.2900653,0.39523229,11,494
85ab,1704248727197644,0.82505286,6.267127,0.41013354,13,504
85ab,1704248728198036,0.81774956,6.2760906,0.39843109,10,514
85ab,1704248729198078,0.83006328,6.2541351,0.41949272,14,524
85ab,1704248730197654,0.8231616,6.2740808,0.41481102,10,534
85ab,1704248731197610,0.82087308,6.3016057,0.39441198,9,544
85ab,1704248732197610,0.83494449,6.29459,0.38840321,12,554
85ab,1704248733197608,0.8304584,6.2769651,0.39289016,12,564
85ab,1704248734197571,0.828977,6.2741842,0.39211547,11,574
85ab,1704248735197612,0.82673925,6.2632771,0.40068221,12,584
85ab,1704248736197534,0.83604157,6.2705469,0.39815563,11,594
85ab,1704248737197527,0.84703952,6.2787461,0.402285,12,604
85ab,1704248738197654,0.84467065,6.2400136,0.41236785,14,614
85ab,1704248739197632,0.83745736,6.2356119,0.4241879,12,624
85ab,1704248740197596,0.83380407,6.2421432,0.40776139,11,634
85ab,1704248741197551,0.83772075,6.2242708,0.42641863,14,644
85ab,1704248742197530,0.85265565,6.2515259,0.41859269,11,654
85ab,1704248743197462,0.85071921,6.2610168,0.41125938,11,664
85ab,1704248744197414,0.84963846,6.2444315,0.41696396,13,674
85ab,1704248745197456,0.85282648,6.262619,0.41355732,11,684
85ab,1704248746197417,0.82739359,6.2664709,0.40692925,10,694
85ab,1704248747197314,0.82050461,6.2607322,0.40581554,11,704
85ab,1704248748198873,0.83175308,6.2888155,0.40642321,10,714
85ab,1704248749197271,0.83126265,6.2700076,0.40962186,12,724
85ab,1704248750197283,0.834417,6.2862325,0.40108112,10,734
85ab,1704248751197254,0.83190614,6.2878585,0.39850497,11,744
85ab,1704248752197145,0.83662182,6.3081126,0.38542685,10,754
85ab,1704248753197142,0.82873696,6.3308945,0.38789105,9,764
85ab,1704248754196422,0.816219,6.3694639,0.37231335,13,774
85ab,1704248755196420,0.81578082,6.3269782,0.39131841,12,784
85ab,1704248756196568,0.80814081,6.3525715,0.39686012,9,794
85ab,1704248757197037,0.82212073,6.3935218,0.39164284,14,804
85ab,1704248758196954,0.81535274,6.3348074,0.40746605,13,814
85ab,1704248759196955,0.82386315,6.3292751,0.40937227,11,824
85ab,1704248760196176,0.82471317,6.3136206,0.40059552,11,834
85ab,1704248761196624,0.82433558,6.3394356,0.401766,9,844
85ab,1704248762197048,0.83970606,6.3256063,0.41123605,12,854
85ab,1704248763196438,0.82063407,6.3059845,0.41340184,11,864
85ab,1704248764196836,0.81055588,6.3118396,0.40855858,10,874
85ab,1704248765196518,0.81253135,6.2883854,0.40737122,12,884
85ab,1704248766196757,0.80687255,6.31672,0.39331296,9,894
85ab,1704248767196386,0.81658852,6.2992272,0.40241855,12,904
85ab,1704248768196344,0.813127,6.3011432,0.4021042,10,914
85ab,1704248769196636,0.82436973,6.31063,0.39626351,11,924
85ab,1704248770196351,0.82110006,6.27964,0.4110617,13,934
85ab,1704248771196646,0.81875515,6.2835584,0.41796413,11,944
85ab,1704248772196813,0.80995983,6.2523346,0.4284775,13,954
85ab,1704248773196788,0.82958776,6.2664447,0.43076786,12,964
85ab,1704248774196796,0.83561546,6.2833834,0.41377342,10,974
85ab,1704248775196652,0.848553,6.2732038,0.42531991,13,984
85ab,1704248776196640,0.854595,6.2779922,0.4175165,11,994
85ab,1704248777196022,0.84073079,6.278717,0.41090557,11,1004
85ab,1704248778196141,0.84361917,6.2485957,0.42355385,14,1014
85ab,1704248779196463,0.84575778,6.2514806,0.42173985,12,1024
85ab,1704248780196333,0.82642937,6.2649322,0.41435426,10,1034
85ab,1704248781195946,0.83618373,6.2360611,0.42838803,14,1044
85ab,1704248782195722,0.84750915,6.2933178,0.4122729,12,1054
85ab,1704248783196457,0.86337346,6.3097792,0.40879634,11,1064
85ab,1704248784195994,0.84460622,6.3286095,0.39864922,9,1074
85ab,1704248785195594,0.83111012,6.273006,0.4177582,13,1084
85ab,1704248786195794,0.84516108,6.2641144,0.42072839,13,1094
85ab,1704248787195657,0.84693265,6.3001761,0.40598622,10,1104
85ab,1704248788195682,0.83536708,6.2979107,0.39744714,10,1114
85ab,1704248789195416,0.82478118,6.2696586,0.39568576,12,1124
85ab,1704248790195818,0.81397891,6.3181105,0.37714937,12,1134
85ab,1704248791195560,0.82445723,6.31973,0.38672215,11,1144
85ab,1704248792195390,0.82222927,6.280746,0.39852688,13,1154
85ab,1704248793195477,0.82840085,6.2919407,0.39549851,11,1164
85ab,1704248794195504,0.83255094,6.2915082,0.40180048,11,1174
85ab,1704248795195218,0.82245719,6.278986,0.40961537,11,1184
85ab,1704248796195372,0.81563485,6.26666,0.41814229,12,1194
85ab,1704248797195149,0.81780958,6.290029,0.40216881,10,1204
85ab,1704248798195399,0.84281957,6.2891779,0.40800723,12,1214
85ab,1704248799195324,0.84334213,6.271389,0.40952653,12,1224
85ab,1704248800195370,0.85105288,6.2842007,0.40602785,11,1234
85ab,1704248801195322,0.84266877,6.2838635,0.40601462,11,1244
85ab,1704248802195078,0.83446562,6.2799377,0.41209528,11,1254
85ab,1704248803195066,0.85793746,6.3020134,0.40711266,11,1264
85ab,1704248804194826,0.84202063,6.2657747,0.42015561,13,1274
85ab,1704248805195163,0.83148944,6.258574,0.42545778,12,1284
85ab,1704248806195214,0.83048987,6.3176341,0.41204813,13,1294
85ab,1704248807195410,0.84378463,6.3386569,0.40498859,10,1304
85ab,1704248808194995,0.84112769,6.3181171,0.4013727,11,1314
85ab,1704248809195443,0.85268724,6.3408132,0.4027808,10,1324
85ab,1704248810195068,0.85190797,6.3520074,0.40818086,10,1334
85ab,1704248811195321,0.84354544,6.3611231,0.39342803,9,1344
85ab,1704248812195276,0.84540832,6.3420334,0.40792692,12,1354
85ab,1704248813194970,0.86539024,6.2768378,0.43209624,16,1364
85ab,1704248814195137,0.85954714,6.2569203,0.41592023,12,1374
85ab,1704248815195019,0.86293739,6.2889657,0.41065273,10,1384
85ab,1704248816195206,0.87412739,6.2652812,0.41887927,14,1394
85ab,1704248817195312,0.87888592,6.2678661,0.41351935,12,1404
85ab,1704248818195335,0.86232543,6.248167,0.41856,12,1414
85ab,1704248819195339,0.85405242,6.2434468,0.41168123,12,1424
85ab,1704248820195283,0.84061027,6.2433605,0.40463054,11,1434
85ab,1704248821195136,0.8190434,6.2027073,0.42107511,13,4
85ab,1704248822194742,0.81241012,6.1841383,0.43885535,13,14
85ab,1704248823194980,0.8306914,6.2301641,0.42333773,10,24
85ab,1704248824194581,0.82358873,6.2877421,0.40119138,12,34
85ab,1704248825195058,0.82809508,6.3156843,0.39287794,9,44
85ab,1704248826194638,0.83450466,6.2803183,0.40723974,13,54
85ab,1704248827194828,0.85316914,6.2281051,0.44040543,16,64
85ab,1704248828194362,0.83906013,6.2584109,0.43398714,10,74
85ab,1704248829194965,0.83206463,6.2827067,0.41315103,9,84
85ab,1704248830194593,0.84295917,6.2654262,0.416898,13,94
85ab,1704248831194866,0.83953637,6.2726579,0.41354388,11,104
85ab,1704248832194314,0.83904332,6.2775826,0.40520939,11,114
85ab,1704248833194886,0.83795613,6.3059344,0.39773932,9,124
85ab,1704248834194411,0.81963491,6.2651324,0.41486338,13,134
85ab,1704248835194888,0.81162012,6.2511358,0.41291362,11,144
85ab,1704248836194875,0.812217,6.2876706,0.39208996,10,154
85ab,1704248837194845,0.83711535,6.2423377,0.4078882,15,164
85ab,1704248838197192,0.83624095,6.273736,0.39582166,10,174
85ab,1704248839194820,0.84791708,6.264555,0.39984757,12,184
85ab,1704248840194782,0.85703957,6.2597,0.40897948,13,194
85ab,1704248841194560,0.86173218,6.2644606,0.39216185,11,204
85ab,1704248842194548,0.84009874,6.2682552,0.39272249,10,214
85ab,1704248843194488,0.82695884,6.2815318,0.38783136,10,224
85ab,1704248844194452,0.83294559,6.3356094,0.38462451,13,234
85ab,1704248845194470,0.82600749,6.2863531,0.39580789,13,244
85ab,1704248846194352,0.80803454,6.2440634,0.41216928,13,254
85ab,1704248847194208,0.82057709,6.2642713,0.41340214,11,264
85ab,1704248848194544,0.83508062,6.2562289,0.40901989,12,274
85ab,1704248849194180,0.80619043,6.261364,0.40212974,9,284
85ab,1704248850193737,0.80559385,6.2812839,0.39616096,10,294
85ab,1704248851194266,0.80438471,6.2954159,0.39042103,10,304
85ab,1704248852194137,0.81196219,6.2865953,0.39689025,12,314
85ab,1704248853194069,0.82353246,6.2887011,0.40774211,12,324
85ab,1704248854194165,0.82069325,6.2817678,0.4030543,11,334
85ab,1704248855193074,0.82533377,6.294476,0.40873587,11,344
85ab,1704248856194370,0.828763,6.2947588,0.40411079,11,354
85ab,1704248857194432,0.82621777,6.2946577,0.4035219,11,364
85ab,1704248858194263,0.838401,6.2927489,0.38777336,11,374
85ab,1704248859194332,0.84515375,6.3057847,0.3831808,10,384
85ab,1704248860194497,0.83976519,6.3224578,0.37696439,9,394
85ab,1704248861193716,0.84727859,6.2799382,0.38831589,14,404
85ab,1704248862193997,0.84043849,6.2696147,0.38915673,11,414
85ab,1704248863193616,0.83828008,6.2680497,0.3980265,12,424
85ab,1704248864193621,0.81935072,6.2699127,0.39980558,10,434
85ab,1704248865193448,0.82508463,6.2558303,0.40378296,12,444
85ab,1704248866193677,0.82673311,6.2472606,0.39678505,12,454
85ab,1704248867193368,0.83859593,6.2536383,0.39656961,12,464
85ab,1704248868193601,0.81740159,6.29748,0.39032272,10,474
85ab,1704248869193884,0.82552946,6.3068709,0.3758615,10,484
85ab,1704248870193922,0.84462035,6.2760186,0.40270144,14,494
85ab,1704248871193569,0.84545362,6.2710223,0.41175184,12,504
85ab,1704248872193580,0.83172095,6.3134446,0.39523137,11,514
85ab,1704248873193932,0.84235346,6.3075514,0.38606402,11,524
85ab,1704248874193408,0.8514061,6.3101945,0.3892327,11,534
85ab,1704248875193838,0.83818978,6.2742896,0.39851317,12,544
85ab,1704248876193538,0.83625519,6.2835636,0.40252888,11,554
85ab,1704248877193822,0.83037364,6.2755661,0.40856165,11,564
85ab,1704248878194095,0.83257127,6.2829967,0.41109729,11,574
85ab,1704248879193889,0.83063322,6.2995796,0.41283539,10,584
85ab,1704248880193900,0.83823258,6.2918582,0.41160253,12,594
85ab,1704248881194026,0.84576142,6.3101459,0.40509093,10,604
85ab,1704248882194040,0.84564757,6.3376222,0.40766466,10,614
85ab,1704248883193825,0.83994758,6.2877359,0.4108018,13,624
85ab,1704248884193995,0.83505148,6.2696042,0.41007772,12,634
85ab,1704248885193763,0.83752942,6.2661204,0.41116396,12,644
85ab,1704248886193806,0.83973968,6.2382207,0.4167757,13,654
85ab,1704248887194532,0.83146107,6.2697468,0.39532018,9,664
85ab,1704248888193666,0.828223,6.2469668,0.40514708,13,674
85ab,1704248889193664,0.82282352,6.2740335,0.3872548,9,684
85ab,1704248890193802,0.83128625,6.2583232,0.40111747,13,694
85ab,1704248891193643,0.83397681,6.3169985,0.39014965,13,704
85ab,1704248892193825,0.84256941,6.3197584,0.38391319,11,714
85ab,1704248893193727,0.82879412,6.32346,0.3763113,9,724
85ab,1704248894193629,0.81863523,6.2903657,0.39696273,12,734
85ab,1704248895193585,0.82410187,6.2587628,0.39790007,13,744
85ab,1704248896193676,0.8267315,6.2723823,0.39021009,10,754
85ab,1704248897193468,0.83679032,6.2833161,0.38871577,11,764
85ab,1704248898193599,0.8299107,6.3107452,0.37530228,10,774
85ab,1704248899193495,0.8264184,6.3019342,0.3855857,11,784
85ab,1704248900193286,0.8230229,6.3321605,0.38653523,9,794
85ab,1704248901193256,0.8245284,6.3234277,0.38639194,11,804
85ab,1704248902194902,0.81711006,6.2766814,0.39381108,13,814
85ab,1704248903193282,0.82223153,6.2628279,0.40052438,12,824
85ab,1704248904192712,0.83412439,6.2845645,0.39674833,11,834
85ab,1704248905193356,0.83682078,6.2425981,0.4110502,14,844
85ab,1704248906192750,0.84041989,6.2620068,0.39528206,10,854
85ab,1704248907193036,0.8205359,6.2667284,0.39062986,10,864
85ab,1704248908192549,0.81671304,6.2531443,0.39514756,12,874
85ab,1704248909193087,0.83436519,6.2380071,0.40389213,13,884
85ab,1704248910192529,0.83994246,6.2921309,0.39467755,11,894
85ab,1704248911193167,0.83472794,6.2826118,0.39942965,11,904
85ab,1704248912192294,0.82988578,6.2585254,0.41337439,13,914
85ab,1704248913192807,0.82751513,6.2852221,0.40858018,10,924
85ab,1704248914192677,0.8318724,6.2841396,0.40842354,11,934
85ab,1704248915192760,0.83439815,6.3023009,0.40909716,10,944
85ab,1704248916192439,0.84364372,6.3117332,0.41460824,11,954
85ab,1704248917193016,0.85357022,6.3206682,0.41477919,11,964
85ab,1704248918192381,0.84121358,6.3634863,0.40714294,12,974
85ab,1704248919192739,0.8557992,6.2907672,0.42131853,15,984
85ab,1704248920192536,0.8394801,6.29544,0.41178864,10,994
85ab,1704248921192695,0.827109,6.3065157,0.40666115,10,1004
85ab,1704248922192234,0.83009446,6.3503704,0.38952896,13,1014
85ab,1704248923192336,0.82448775,6.3163805,0.39972305,12,1024
85ab,1704248924192223,0.81980568,6.3346992,0.39272815,9,1034
85ab,1704248925192001,0.82769543,6.3078566,0.40165651,12,1044
85ab,1704248926192658,0.8308987,6.2448516,0.42095888,15,1054
85ab,1704248927191935,0.83101785,6.2391515,0.42970821,12,1064
85ab,1704248928192575,0.81909317,6.2564859,0.42401952,10,1074
85ab,1704248929192847,0.8178218,6.2445374,0.415422,12,1084
85ab,1704248930192578,0.82460237,6.2536263,0.41355491,11,1094
85ab,1704248931192676,0.84322023,6.3170338,0.41213769,13,1104
85ab,1704248932192810,0.84107667,6.3263526,0.40167177,10,1114
85ab,1704248933192501,0.8255291,6.3466487,0.39522666,9,1124
85ab,1704248934192516,0.84498096,6.324307,0.409123,13,1134
85ab,1704248935192704,0.84534693,6.301981,0.41563225,12,1144
85ab,1704248936192482,0.83270991,6.2845111,0.40261647,11,1154
85ab,1704248937192510,0.8372246,6.2796383,0.39661735,11,1164
85ab,1704248938192674,0.84161144,6.3160625,0.38697293,11,1174
85ab,1704248939192453,0.84720874,6.2497878,0.41984978,16,1184
85ab,1704248940192477,0.8326543,6.2293897,0.42043015,12,1194
85ab,1704248941192590,0.83023894,6.2705951,0.41040784,9,1204
85ab,1704248942192488,0.83170515,6.2541242,0.4116894,12,1214
85ab,1704248943192372,0.83060044,6.2462096,0.41016221,12,1224
85ab,1704248944192597,0.84696561,6.2687879,0.4116382,11,1234
85ab,1704248945192364,0.83061719,6.3002553,0.39353859,9,1244
85ab,1704248946192354,0.83712274,6.2743273,0.39515507,13,1254
85ab,1704248947192456,0.83483469,6.303597,0.38148266,10,1264
85ab,1704248948192285,0.85089892,6.3131042,0.39494526,12,1274
85ab,1704248949192249,0.85272509,6.3318396,0.39140785,10,1284
85ab,1704248950192386,0.84047771,6.3004642,0.395515,12,1294
85ab,1704248951192226,0.85813415,6.3239326,0.38761646,10,1304
85ab,1704248952192482,0.87236112,6.2938924,0.39473468,13,1314
85ab,1704248953192286,0.85186887,6.2976022,0.38408908,10,1324
85ab,1704248954192095,0.6834349,6.4229198,0.76835948,72,1334
85ab,1704248955192179,0.715701,6.3826265,0.6805293,11,1344
85ab,1704248956192232,0.74364853,6.3607244,0.61740875,11,1354
85ab,1704248957192000,0.77299404,6.3500738,0.56097186,11,1364
85ab,1704248958192867,0.78585464,6.3685503,0.51263613,10,1374
85ab,1704248959192240,0.79390484,6.3789768,0.47484004,10,1384
85ab,1704248960191365,0.80338693,6.3718996,0.45737538,10,1394
85ab,1704248961191345,0.81193125,6.3385854,0.44264793,12,1404
85ab,1704248962191747,0.82092124,6.3167405,0.43814385,12,1414
85ab,1704248963191550,0.8167119,6.3200397,0.43781137,10,1424
85ab,1704248964191869,0.80941868,6.3237567,0.42060378,10,1434
85ab,1704248965192068,0.80798221,6.30754,0.42330396,11,4
85ab,1704248966191450,0.79773819,6.2939491,0.42107919,11,14
85ab,1704248967191747,0.79927129,6.2852964,0.40629578,11,24
85ab,1704248968191431,0.8125245,6.26677,0.41495335,13,34
85ab,1704248969191796,0.82904118,6.2760324,0.40412432,11,44
85ab,1704248970191079,0.82158941,6.2617106,0.39557508,11,54
85ab,1704248971191250,0.81868112,6.2732439,0.39474583,10,64
85ab,1704248972190987,0.807486,6.2568126,0.3926869,11,74
85ab,1704248973191082,0.8256228,6.2695704,0.39781779,12,84
85ab,1704248974191458,0.83264333,6.2678266,0.39880425,12,94
85ab,1704248975191028,0.82800585,6.2755818,0.39663523,11,104
85ab,1704248976191705,0.82561159,6.2755919,0.389459,11,114
85ab,1704248977191255,0.81430393,6.275701,0.38798273,10,124
85ab,1704248978191527,0.82387739,6.2851791,0.39103037,11,134
85ab,1704248979191554,0.83645433,6.2922878,0.39287,11,144
85ab,1704248980191088,0.82684958,6.3494692,0.38212278,14,154
85ab,1704248981191478,0.83063656,6.3749189,0.37454709,12,164
85ab,1704248982191522,0.838243,6.327353,0.39456728,13,174
85ab,1704248983191719,0.84451425,6.3073807,0.41041738,13,184
85ab,1704248984191072,0.83164662,6.2876697,0.40774849,11,194
85ab,1704248985191456,0.84191525,6.2293043,0.42767367,15,204
85ab,1704248986191683,0.85363805,6.207953,0.44415209,15,214
85ab,1704248987191033,0.84447861,6.1943092,0.44143447,13,224
85ab,1704248988191434,0.83623308,6.195209,0.44123772,12,234
85ab,1704248989190924,0.82632488,6.2056494,0.44000852,12,244
85ab,1704248990191338,0.81564873,6.1944904,0.43828213,12,254
85ab,1704248991191096,0.82406151,6.2102938,0.42516714,12,264
85ab,1704248992191564,0.82854551,6.2455692,0.41367304,10,274
85ab,1704248993191324,0.81015474,6.2581692,0.40397504,10,284
85ab,1704248994191380,0.8012414,6.2669816,0.40238187,10,294
85ab,1704248995191464,0.81305629,6.2748561,0.39666751,11,304
85ab,1704248996190863,0.82138485,6.2261963,0.41370806,15,314
85ab,1704248997191255,0.84297484,6.2554622,0.40246546,11,324
85ab,1704248998191479,0.83427113,6.2688732,0.39538786,10,334
85ab,1704248999191690,0.82410151,6.2377362,0.41541827,13,344
85ab,1704249000191289,0.81614548,6.2113953,0.43413189,13,354
85ab,1704249001190792,0.82444417,6.22653,0.42877987,12,364
85ab,1704249002190628,0.808269,6.2198529,0.417348,11,374
85ab,1704249003190880,0.80972511,6.2463579,0.40839621,10,384
85ab,1704249004191385,0.8100754,6.2828479,0.39522761,9,394
85ab,1704249005190798,0.82891434,6.3046722,0.3814142,10,404
85ab,1704249006191159,0.84569889,6.2823057,0.39642528,13,414
85ab,1704249007191286,0.84881103,6.2836952,0.39316478,11,424
85ab,1704249008190480,0.82932979,6.2972527,0.37135863,9,434
85ab,1704249009191099,0.820013,6.3158045,0.37234548,9,444
85ab,1704249010191206,0.81415981,6.3005471,0.38675365,11,454
85ab,1704249011190370,0.80764073,6.2837582,0.3947939,11,464
85ab,1704249012191483,0.82143652,6.2872138,0.39776292,11,474
85ab,1704249013191148,0.83352733,6.3162804,0.38691884,10,484
85ab,1704249014190405,0.822757,6.3032651,0.38578394,11,494
85ab,1704249015190587,0.8319717,6.3018441,0.39404428,11,504
85ab,1704249016190712,0.84423709,6.3000574,0.40165478,12,514
85ab,1704249017190589,0.84379292,6.2724938,0.40752673,13,524
85ab,1704249018190560,0.84701329,6.2964306,0.4032498,10,534
85ab,1704249019191135,0.84359187,6.2789454,0.41469589,12,544
85ab,1704249020190856,0.846854,6.2797432,0.41142341,11,554
85ab,1704249021190462,0.83611411,6.301939,0.40499011,9,564
85ab,1704249022190331,0.83757621,6.2671609,0.40685418,13,574
85ab,1704249023190266,0.83721817,6.240624,0.41726148,13,584
85ab,1704249024190206,0.82013512,6.2197905,0.41476917,12,594
85ab,1704249025190469,0.83072335,6.1851673,0.42607808,15,604
85ab,1704249026190265,0.83956182,6.1709833,0.44992658,15,614
85ab,1704249027190009,0.84163111,6.1597457,0.44348457,14,624
85ab,1704249028190451,0.81304491,6.2531042,0.411737,14,634
85ab,1704249029190517,0.82262957,6.3088117,0.39392069,13,644
85ab,1704249030190158,0.82526147,6.3294597,0.38261446,9,654
85ab,1704249031190437,0.82431418,6.3471231,0.37890381,9,664
85ab,1704249032190111,0.83129746,6.34439,0.37981835,11,674
85ab,1704249033190089,0.82262319,6.3693295,0.37802467,10,684
85ab,1704249034190296,0.84135038,6.3258448,0.39051062,13,694
85ab,1704249035189086,0.8297509,6.310534,0.39279327,11,704
85ab,1704249036189968,0.81696033,6.2437615,0.40970278,14,714
85ab,1704249037190777,0.80883217,6.2817307,0.38585612,10,724
85ab,1704249038190434,0.81264251,6.2856054,0.3871415,11,734
85ab,1704249039190489,0.82401282,6.2677064,0.39957759,13,744
85ab,1704249040190702,0.83180594,6.2977195,0.39313138,10,754
85ab,1704249041190135,0.84093857,6.2630196,0.40504071,14,764
85ab,1704249042190190,0.83201724,6.2630119,0.40347308,11,774
85ab,1704249043190424,0.83380395,6.2358274,0.42110375,14,784
85ab,1704249044189882,0.83146209,6.2557635,0.41561839,11,794
85ab,1704249045190160,0.82422048,6.2193651,0.41929838,13,804
85ab,1704249046190526,0.82382071,6.2321029,0.4174909,11,814
85ab,1704249047190276,0.83312321,6.272892,0.40531603,10,824
85ab,1704249048190241,0.83787751,6.3017864,0.39680952,10,834
85ab,1704249049190590,0.83376205,6.3205967,0.38727403,9,844
85ab,1704249050190295,0.82958645,6.2778096,0.40320697,13,854
85ab,1704249051190185,0.82550848,6.2633724,0.40876964,12,864
85ab,1704249052190590,0.83440864,6.2970033,0.39835012,10,874
85ab,1704249053190295,0.83453971,6.3140044,0.39255509,10,884
85ab,1704249054189996,0.8131749,6.2590733,0.40794185,13,894
85ab,1704249055190537,0.7978788,6.2366667,0.42384467,12,904
85ab,1704249056191262,0.79970741,6.2198391,0.42216271,12,914
85ab,1704249057190029,0.80532295,6.2405272,0.40808177,10,924
85ab,1704249058190360,0.81816077,6.2633963,0.40639916,11,934
85ab,1704249059189666,0.82190961,6.2216744,0.40976664,14,944
85ab,1704249060189901,0.81365734,6.2183485,0.41020969,12,954
85ab,1704249061189935,0.8159734,6.23735,0.4063929,11,964
85ab,1704249062190240,0.83886975,6.2761011,0.38909537,10,974
85ab,1704249063189565,0.82714534,6.2396526,0.40278673,13,984
85ab,1704249064192083,0.84138161,6.2726045,0.3983773,11,994
85ab,1704249065189382,0.83231515,6.2868719,0.38646388,10,1004
85ab,1704249066189410,0.82482016,6.309083,0.37948507,9,1014
85ab,1704249067189688,0.83108062,6.3063345,0.37944558,11,1024
85ab,1704249068189528,0.81742388,6.2716832,0.38740933,12,1034
85ab,1704249069189514,0.82905507,6.2227311,0.40905169,15,1044
85ab,1704249070189454,0.83997506,6.2569928,0.3961474,10,1054
85ab,1704249071189742,0.8390072,6.2673645,0.392837,11,1064
85ab,1704249072189384,0.83536452,6.295259,0.38963172,10,1074
85ab,1704249073189278,0.82860172,6.3033948,0.39213526,10,1084
85ab,1704249074189480,0.83745146,6.2631187,0.4136683,14,1094
85ab,1704249075189404,0.82167006,6.3003054,0.39967307,9,1104
85ab,1704249076189378,0.83408207,6.3022738,0.40610588,12,1114
85ab,1704249077189394,0.83497405,6.2776914,0.41536337,13,1124
85ab,1704249078189202,0.83857912,6.2355046,0.43446764,14,1134
85ab,1704249079189176,0.82917422,6.2408538,0.42656207,11,1144
85ab,1704249080189251,0.82930839,6.284008,0.4123801,10,1154
85ab,1704249081189112,0.81917733,6.2577162,0.40836659,12,1164
85ab,1704249082189112,0.81878072,6.2969265,0.39248398,10,1174
85ab,1704249083189330,0.82532156,6.2996559,0.39413643,11,1184
85ab,1704249084189260,0.82913303,6.290266,0.40731338,12,1194
85ab,1704249085189657,0.82919216,6.3086967,0.40390107,10,1204
85ab,1704249086189251,0.84011543,6.2781572,0.40893018,13,1214
85ab,1704249087189529,0.84314841,6.2926655,0.40233812,11,1224
85ab,1704249088189313,0.8362304,6.2868743,0.39265829,11,1234
85ab,1704249089189051,0.83362997,6.2545991,0.40323231,13,1244
85ab,1704249090189062,0.82910877,6.2089672,0.42055592,14,1254
85ab,1704249091189064,0.83288342,6.2050972,0.4300386,13,1264
85ab,1704249092189112,0.85156739,6.2280364,0.41764119,12,1274
85ab,1704249093188944,0.83659291,6.2198019,0.42312253,12,1284
85ab,1704249094188991,0.8436603,6.2114859,0.4247168,13,1294
85ab,1704249095188943,0.82890612,6.2772503,0.40362987,12,1304
85ab,1704249096189186,0.833668,6.2575159,0.41775739,13,1314
85ab,1704249097188805,0.83619064,6.279736,0.42307597,11,1324
85ab,1704249098188877,0.83129394,6.26509,0.43344197,12,1334
85ab,1704249099188818,0.823126,6.2590828,0.42818609,11,1344
85ab,1704249100188908,0.82616049,6.2583203,0.42868987,12,1354
85ab,1704249101188996,0.81987572,6.2364035,0.437303,13,1364
85ab,1704249102188994,0.8239584,6.2791266,0.42342216,9,1374
85ab,1704249103188947,0.83290875,6.2964654,0.40918922,10,1384
85ab,1704249104188951,0.83631045,6.2901068,0.41649359,12,1394
85ab,1704249105188814,0.83444375,6.2908525,0.4144069,11,1404
85ab,1704249106189358,0.83302885,6.3037238,0.40501329,10,1414
85ab,1704249107188882,0.83700055,6.313457,0.40314454,11,1424
85ab,1704249108189200,0.84556556,6.3209972,0.39801171,11,1434
85ab,1704249109189157,0.8325507,6.3400383,0.38936147,9,4
85ab,1704249110189299,0.83050644,6.3417449,0.38546902,10,14
85ab,1704249111189078,0.82075882,6.2998638,0.40213066,12,24
85ab,1704249112189016,0.8367815,6.2970486,0.41253349,12,34
85ab,1704249113189026,0.84165269,6.3111157,0.41265529,11,44
85ab,1704249114189153,0.83398533,6.3072391,0.40577778,10,54
85ab,1704249115189096,0.8121751,6.2951517,0.404678,10,64
85ab,1704249116189188,0.81899971,6.2832294,0.41409415,12,74
85ab,1704249117189150,0.82061458,6.2856059,0.41259128,11,84
85ab,1704249118189110,0.82606649,6.2744694,0.41628045,12,94
85ab,1704249119189116,0.824918,6.24541,0.42450744,13,104
85ab,1704249120189083,0.83321691,6.273181,0.40392959,10,114
85ab,1704249121188589,0.82071269,6.3135743,0.39165229,10,124
85ab,1704249122189194,0.83561057,6.3248925,0.38639566,10,134
85ab,1704249123188548,0.85108548,6.30151,0.3974874,13,144
85ab,1704249124189058,0.84551013,6.2781219,0.40364709,12,154
85ab,1704249125189032,0.85732752,6.3141832,0.39831147,10,164
85ab,1704249126188998,0.85498405,6.3232365,0.40072969,11,174
85ab,1704249127188953,0.85212815,6.3232503,0.40420997,11,184
85ab,1704249128188983,0.85289425,6.2852211,0.40274891,13,194
85ab,1704249129188962,0.84800261,6.2917624,0.40698612,11,204
85ab,1704249130188995,0.84323347,6.3147616,0.4042266,10,214
85ab,1704249131188791,0.83082783,6.2761378,0.41794631,13,224
85ab,1704249132188840,0.83105564,6.3341861,0.39835906,14,234
85ab,1704249133188699,0.83929706,6.3251615,0.3905898,11,244
85ab,1704249134188704,0.83225441,6.3226795,0.3875778,10,254
85ab,1704249135188540,0.83506453,6.27499,0.40786153,14,264
85ab,1704249136188564,0.82982171,6.2731075,0.40603888,11,274
85ab,1704249137188567,0.83444774,6.2842717,0.41320872,11,284
85ab,1704249138188831,0.83779424,6.2903867,0.40332291,11,294
85ab,1704249139188745,0.8307842,6.2914643,0.40388545,11,304
85ab,1704249140188809,0.7983613,6.2635484,0.40411681,11,314
85ab,1704249141188495,0.82423908,6.2927279,0.40311867,11,324
85ab,1704249142188512,0.83051443,6.2808294,0.40784943,12,334
85ab,1704249143188779,0.82750028,6.2430773,0.41539502,13,344
85ab,1704249144188602,0.83369625,6.2743678,0.40871692,10,354
85ab,1704249145188490,0.84475851,6.299705,0.39779449,10,364
85ab,1704249146188268,0.82106405,6.2734475,0.40094018,11,374
85ab,1704249147188135,0.83288509,6.2850218,0.4005433,11,384
85ab,1704249148188109,0.84283733,6.3124304,0.39008898,10,394
85ab,1704249149188315,0.83785844,6.2767763,0.40251344,13,404
85ab,1704249150187898,0.84623891,6.263495,0.41962534,13,414
85ab,1704249151188464,0.8321014,6.2562733,0.41285822,11,424
85ab,1704249152187998,0.82944417,6.2317624,0.42194077,13,434
85ab,1704249153188344,0.82084531,6.2750564,0.40949243,9,444
85ab,1704249154187994,0.84147626,6.2951,0.39992374,68,454
85ab,1704249155187962,0.84720784,6.2885938,0.40542674,12,464
85ab,1704249156188936,0.843021,6.322155,0.40309411,9,474
85ab,1704249157188381,0.83913851,6.2975292,0.41559702,12,484
85ab,1704249158187798,0.829968,6.3247819,0.4065952,9,494
85ab,1704249159187624,0.80591792,6.2886472,0.409292,11,504
85ab,1704249160188354,0.80243146,6.2990828,0.39996174,10,514
85ab,1704249161188920,0.82237583,6.2905669,0.39681011,12,524
85ab,1704249162188344,0.82030517,6.2859087,0.3973704,11,534
85ab,1704249163188337,0.80174613,6.289547,0.39061788,9,544
85ab,1704249164188337,0.81436974,6.278532,0.38811606,12,554
85ab,1704249165188232,0.82534593,6.2463045,0.3972621,13,564
85ab,1704249166188227,0.83170754,6.2782531,0.39193597,10,574
85ab,1704249167188240,0.83427292,6.2616787,0.39640796,12,584
85ab,1704249168188216,0.83840281,6.273941,0.3961086,11,594
85ab,1704249169188195,0.84113717,6.228219,0.41787037,15,604
85ab,1704249170188259,0.84908187,6.2559371,0.40594712,11,614
85ab,1704249171188288,0.85358441,6.2446313,0.42701471,13,624
85ab,1704249172188149,0.85327172,6.2578688,0.42235568,11,634
85ab,1704249173188112,0.84677535,6.2793064,0.4081293,10,644
85ab,1704249174188185,0.83158416,6.3195925,0.38829029,11,654
85ab,1704249175188156,0.82793814,6.3046317,0.38966206,11,664
85ab,1704249176188018,0.82997954,6.2785439,0.39654413,12,674
85ab,1704249177188030,0.82011539,6.2862725,0.39320782,10,684
85ab,1704249178188119,0.82625127,6.2590661,0.41183347,13,694
85ab,1704249179188069,0.82904977,6.2696452,0.42313763,11,704
85ab,1704249180188162,0.83961058,6.3003845,0.41394073,10,714
85ab,1704249181188056,0.82991511,6.2843447,0.41207248,11,724
85ab,1704249182188310,0.82169527,6.2467523,0.42909518,13,734
85ab,1704249183187858,0.82529742,6.2856054,0.40983176,10,744
85ab,1704249184187492,0.83094621,6.2928247,0.3975724,11,754
85ab,1704249185187893,0.82547969,6.3151579,0.39485863,9,764
85ab,1704249186187841,0.80494052,6.3067622,0.39653587,10,774
85ab,1704249187187684,0.81494141,6.2399921,0.42357603,15,784
85ab,1704249188187625,0.81840211,6.1980119,0.43712518,15,794
85ab,1704249189188068,0.826511,6.2398367,0.42639327,10,804
85ab,1704249190187380,0.84135377,6.2264442,0.43724152,14,814
85ab,1704249191187652,0.84883487,6.213388,0.44231731,14,824
85ab,1704249192187299,0.86907494,6.2446256,0.42393288,11,834
85ab,1704249193187690,0.86751711,6.2510481,0.41836178,12,844
85ab,1704249194187234,0.87319523,6.2303352,0.42939651,14,854
85ab,1704249195187820,0.87636691,6.1919804,0.4510344,16,864
85ab,1704249196187637,0.87692118,6.2224755,0.44225904,11,874
85ab,1704249197187288,0.87449086,6.2676897,0.4278366,10,884
85ab,1704249198187417,0.86309969,6.2978449,0.41954032,10,894
85ab,1704249199187672,0.85127914,6.3114486,0.41861424,10,904
85ab,1704249200187258,0.84527248,6.27964,0.42272833,13,914
85ab,1704249201187200,0.85104948,6.2837367,0.40692416,11,924
85ab,1704249202187629,0.84804982,6.3252144,0.39167914,12,934
85ab,1704249203187233,0.85809195,6.3227196,0.39665365,12,944
85ab,1704249204187621,0.84576392,6.31963,0.38859123,10,954
85ab,1704249205187300,0.83378637,6.3140297,0.38628772,10,964
85ab,1704249206187220,0.83475226,6.2787824,0.40348408,13,974
85ab,1704249207187393,0.8391223,6.291914,0.39469704,10,984
85ab,1704249208187660,0.83321655,6.2797108,0.39313263,11,994
85ab,1704249209186918,0.83690083,6.2760229,0.40379402,12,1004
85ab,1704249210188708,0.83719736,6.24524,0.41021043,13,1014
85ab,1704249211187466,0.84352589,6.2507949,0.4125424,12,1024
85ab,1704249212187091,0.84974009,6.1913,0.4440639,16,1034
85ab,1704249213187525,0.83306253,6.2271166,0.42102778,9,1044
85ab,1704249214187649,0.83511221,6.2674742,0.41832843,10,1054
85ab,1704249215187531,0.83064592,6.2860122,0.41734949,10,1064
85ab,1704249216187560,0.81969076,6.29043,0.41493163,10,1074
85ab,1704249217187752,0.8358947,6.3307462,0.38905928,13,1084
85ab,1704249218187553,0.82906765,6.2910223,0.40379882,13,1094
85ab,1704249219187515,0.83973533,6.2964363,0.40750015,11,1104
85ab,1704249220188143,0.83993125,6.3031507,0.40589032,11,1114
85ab,1704249221187283,0.83493865,6.3243022,0.39448711,9,1124
85ab,1704249222187584,0.83890212,6.3457227,0.38735178,10,1134
85ab,1704249223187386,0.84040117,6.2993064,0.39553007,13,1144
85ab,1704249224186866,0.85286504,6.2696,0.4029505,13,1154
85ab,1704249225187090,0.85051185,6.2682552,0.40282527,12,1164
85ab,1704249226187171,0.85131723,6.2425442,0.4155716,13,1174
85ab,1704249227186879,0.85411578,6.2747006,0.40834281,10,1184
85ab,1704249228187033,0.84671718,6.2693195,0.41524327,12,1194
85ab,1704249229186881,0.84479475,6.2836862,0.4025853,10,1204
85ab,1704249230186883,0.83673257,6.3029585,0.39701459,10,1214
85ab,1704249231187322,0.85233182,6.2776208,0.3949227,13,1224
85ab,1704249232187078,0.83468866,6.2533803,0.40650746,12,1234
85ab,1704249233186665,0.82045233,6.2592278,0.40776896,11,1244
85ab,1704249234187291,0.81244779,6.2658525,0.40273154,10,1254
85ab,1704249235186646,0.8058942,6.2399659,0.40249538,12,1264
85ab,1704249236187269,0.81197578,6.226768,0.3961724,12,1274
85ab,1704249237186936,0.82964396,6.2623825,0.38841724,10,1284
85ab,1704249238187219,0.82177293,6.2490678,0.40576673,12,1294
85ab,1704249239187197,0.83118588,6.286829,0.39794695,10,1304
85ab,1704249240186835,0.83279419,6.2790251,0.38659745,11,1314
85ab,1704249241186865,0.838029,6.2783718,0.39318645,12,1324
85ab,1704249242186715,0.84027153,6.2736135,0.39025369,11,1334
85ab,1704249243186957,0.84178233,6.3010831,0.39122942,10,1344
85ab,1704249244186662,0.83926088,6.26705,0.40068221,13,1354
85ab,1704249245186860,0.83590281,6.2596474,0.4017477,12,1364
85ab,1704249246187165,0.83705491,6.2820673,0.41099635,11,1374
85ab,1704249247186816,0.83277071,6.2623219,0.40938568,12,1384
85ab,1704249248186537,0.83507025,6.2765875,0.40035823,10,1394
85ab,1704249249186453,0.82500952,6.2767544,0.39124581,10,1404
85ab,1704249250186741,0.83182824,6.2654061,0.39445439,12,1414
85ab,1704249251187121,0.83008224,6.2401142,0.40831003,13,1424
85ab,1704249252187160,0.83965683,6.2053041,0.41426405,14,1434
85ab,1704249253186784,0.8446365,6.2237964,0.41295597,12,4
85ab,1704249254186616,0.83630013,6.2244697,0.41982368,12,14
85ab,1704249255186365,0.98484266,6.2876153,0.47714496,32,24
85ab,1704249256186984,0.93485326,6.3024278,0.44684932,9,34
85ab,1704249257186432,0.9131496,6.3292546,0.4367674,10,44
85ab,1704249258186348,0.89577425,6.3255863,0.43589339,11,54
85ab,1704249259186765,0.86334878,6.2855425,0.43476126,12,64
85ab,1704249260186682,0.86680889,6.3135114,0.42888376,10,74
85ab,1704249261186575,0.86178803,6.31312,0.43578547,11,84
85ab,1704249262186288,0.86086553,6.3128371,0.42363328,11,94
85ab,1704249263186744,0.84842694,6.29997,0.41933087,11,104
85ab,1704249264186579,0.82985646,6.3018484,0.40378422,10,114
85ab,1704249265186642,0.82700676,6.3145576,0.39269516,10,124
85ab,1704249266186777,0.83770585,6.3324523,0.38822848,10,134
85ab,1704249267186383,0.84536612,6.3245778,0.38460088,11,144
85ab,1704249268186747,0.83716989,6.3184595,0.38312155,10,154
85ab,1704249269186763,0.8432622,6.3097844,0.38791287,12,164
85ab,1704249270186410,0.84784049,6.3237357,0.39081836,10,174
85ab,1704249271186110,0.83985889,6.31293,0.39160371,11,184
85ab,1704249272186661,0.84734243,6.2866869,0.40593946,13,194
85ab,1704249273186525,0.83384788,6.3107367,0.38855478,9,204
85ab,1704249274186048,0.83702755,6.3576961,0.36918032,14,214
85ab,1704249275186601,0.83164549,6.2948565,0.38721067,14,224
85ab,1704249276186593,0.832758,6.2838464,0.38920641,12,234
85ab,1704249277186651,0.82592863,6.2888837,0.39606225,11,244
85ab,1704249278186598,0.82993871,6.278554,0.39630842,12,254
85ab,1704249279186717,0.83224833,6.3086081,0.39283982,10,264
85ab,1704249280186710,0.83842361,6.361968,0.37494162,15,274
85ab,1704249281186490,0.84236342,6.3379364,0.38285923,12,284
85ab,1704249282186032,0.84302288,6.2785115,0.41058466,15,294
85ab,1704249283186416,0.84752607,6.2491808,0.41176817,13,304
85ab,1704249284186667,0.82954586,6.2288175,0.40920186,12,314
85ab,1704249285185975,0.84281266,6.2396994,0.40106657,12,324
85ab,1704249286186239,0.82416952,6.2402482,0.3963221,11,334
85ab,1704249287185867,0.83232987,6.3100781,0.39291936,13,344
85ab,1704249288186495,0.86264414,6.2581816,0.41669267,16,354
85ab,1704249289186064,0.85271353,6.2830229,0.40633619,10,364
85ab,1704249290186098,0.83966619,6.2769928,0.40049332,11,374
85ab,1704249291186530,0.83967638,6.2572217,0.407107,13,384
85ab,1704249292186038,0.836228,6.2781773,0.4019689,10,394
85ab,1704249293186322,0.84353268,6.2837486,0.40521351,11,404
85ab,1704249294186081,0.8451454,6.2764182,0.41437498,12,414
85ab,1704249295185894,0.84407103,6.2861223,0.40708616,11,424
85ab,1704249296186550,0.83253658,6.2946115,0.40225655,10,434
85ab,1704249297186184,0.84764856,6.3117208,0.39357343,11,444
85ab,1704249298185974,0.84991932,6.2800574,0.4123953,13,454
85ab,1704249299186408,0.8376466,6.2775583,0.42358947,11,464
85ab,1704249300186122,0.84166831,6.2561369,0.42855906,13,474
85ab,1704249301186244,0.8508929,6.2625384,0.42009342,12,484
85ab,1704249302186332,0.84446806,6.2655044,0.41203362,11,494
85ab,1704249303186369,0.846036,6.2889915,0.41121253,10,504
85ab,1704249304186013,0.83941591,6.2783685,0.42459926,12,514
85ab,1704249305185967,0.8352803,6.3071852,0.40579626,9,524
85ab,1704249306185764,0.83034652,6.266943,0.41459021,13,534
85ab,1704249307186324,0.83398741,6.2469592,0.41736659,13,544
85ab,1704249308186351,0.85639554,6.2075782,0.42578015,15,554
85ab,1704249309186457,0.8452071,6.1992383,0.43058786,13,564
85ab,1704249310186404,0.82950246,6.2350926,0.41692963,9,574
85ab,1704249311185591,0.82968658,6.2059,0.42590579,14,584
85ab,1704249312186349,0.8232159,6.217227,0.42132166,11,594
85ab,1704249313185972,0.83262646,6.2369962,0.42449641,12,604
85ab,1704249314185871,0.83500046,6.2310443,0.43274665,13,614
85ab,1704249315186131,0.83748639,6.25701,0.42220289,11,624
85ab,1704249316185457,0.81768411,6.2064471,0.43375272,14,634
85ab,1704249317186158,0.82819247,6.2367435,0.4118534,10,644
85ab,1704249318185982,0.82026672,6.2168226,0.42158216,13,654
85ab,1704249319186255,0.82715845,6.2241,0.41484135,12,664
85ab,1704249320185610,0.83416075,6.2704153,0.39530417,11,674
85ab,1704249321185650,0.835746,6.2682457,0.38777643,11,684
85ab,1704249322185610,0.83811355,6.2822671,0.36755437,10,694
85ab,1704249323185484,0.84197617,6.3021412,0.36527047,10,704
85ab,1704249324186117,0.87316054,6.2660494,0.39035669,15,714
85ab,1704249325185494,0.85663706,6.2506003,0.3926962,12,724
85ab,1704249326186042,0.86467475,6.1996055,0.41620347,16,734
85ab,1704249327186020,0.86013496,6.227551,0.41837853,11,744
85ab,1704249328186016,0.85674357,6.2529383,0.4168424,11,754
85ab,1704249329186064,0.85086977,6.2787638,0.41013709,10,764
85ab,1704249330185960,0.84100533,6.2422161,0.41562289,13,774
85ab,1704249331185945,0.84213346,6.2324333,0.41719285,13,784
85ab,1704249332185894,0.8391726,6.1996675,0.43199071,14,794
85ab,1704249333185900,0.84844208,6.2485652,0.41794166,10,804
85ab,1704249334185872,0.8336007,6.2418423,0.41793397,11,814
85ab,1704249335185857,0.83127964,6.2465172,0.40593913,11,824
85ab,1704249336185993,0.82515448,6.304678,0.39126885,12,834
85ab,1704249337185842,0.8280679,6.3025002,0.40165323,11,844
85ab,1704249338185835,0.83194107,6.2897687,0.4109197,12,854
85ab,1704249339185836,0.841421,6.2652278,0.40596551,13,864
85ab,1704249340185943,0.82872123,6.2429843,0.41604623,12,874
85ab,1704249341185719,0.8215673,6.2589607,0.41562006,10,884
85ab,1704249342185865,0.82924652,6.2152157,0.43496069,15,894
85ab,1704249343185832,0.83426207,6.2461848,0.4200426,10,904
85ab,1704249344185811,0.83878249,6.3110132,0.40719825,13,914
85ab,1704249345185793,0.829657,6.3154526,0.39815918,10,924
85ab,1704249346185786,0.827208,6.3165255,0.39584443,10,934
85ab,1704249347185780,0.82058322,6.3219786,0.37839735,9,944
85ab,1704249348185779,0.80015373,6.324235,0.37983319,9,954
85ab,1704249349185756,0.80992907,6.3331065,0.38923717,10,964
85ab,1704249350185791,0.83110052,6.34798,0.392948,11,974
85ab,1704249351185828,0.83472311,6.3355074,0.38527521,11,984
85ab,1704249352185661,0.83066952,6.3095746,0.39264441,12,994
85ab,1704249353185715,0.83115387,6.3015943,0.39099559,11,1004
85ab,1704249354185726,0.82797986,6.3087068,0.38480812,10,1014
85ab,1704249355185774,0.8399052,6.3059483,0.38039702,11,1024
85ab,1704249356185727,0.827198,6.2573848,0.40063223,13,1034
85ab,1704249357185770,0.82427335,6.2908897,0.38599753,9,1044
85ab,1704249358185699,0.82723093,6.2771211,0.39054874,12,1054
85ab,1704249359185699,0.8381117,6.3036413,0.38625091,10,1064
85ab,1704249360185718,0.83835781,6.2883039,0.39576331,12,1074
85ab,1704249361185656,0.83872229,6.291254,0.39750877,11,1084
85ab,1704249362185886,0.82044894,6.27658,0.39172351,11,1094
85ab,1704249363185714,0.81887913,6.2980309,0.39032757,10,1104
85ab,1704249364187173,0.83307964,6.3013229,0.38346004,11,1114
85ab,1704249365185628,0.82022333,6.2865653,0.38822347,11,1124
85ab,1704249366185641,0.81700391,6.2671142,0.40207392,12,1134
85ab,1704249367185627,0.80561477,6.2714491,0.40288413,10,1144
85ab,1704249368185636,0.81254953,6.2444525,0.42744702,14,1154
85ab,1704249369185588,0.82541227,6.284761,0.4175685,10,1164
85ab,1704249370185542,0.83285111,6.2820668,0.40750951,11,1174
85ab,1704249371185552,0.82188612,6.2274022,0.42217451,14,1184
85ab,1704249372185725,0.8283065,6.2543578,0.41563097,11,1194
85ab,1704249373185132,0.82292455,6.2241516,0.42645529,13,1204
85ab,1704249374185571,0.83867538,6.2048903,0.44532853,15,1214
85ab,1704249375185168,0.83757496,6.2208414,0.43641463,11,1224
85ab,1704249376184859,0.82873791,6.2241778,0.42396429,11,1234
85ab,1704249377185136,0.82764685,6.2514558,0.41245121,10,1244
85ab,1704249378184896,0.82758516,6.2882848,0.40452558,9,1254
85ab,1704249379185400,0.82788485,6.261569,0.4114424,13,1264
85ab,1704249380185589,0.83621675,6.2829719,0.41024265,11,1274
85ab,1704249381184846,0.74707544,6.2765493,0.38658211,61,1284
85ab,1704249382185196,0.7749992,6.2840543,0.39215931,11,1294
85ab,1704249383185370,0.785836,6.2668428,0.39402923,12,1304
85ab,1704249384185296,0.79950035,6.2836819,0.38494238,10,1314
85ab,1704249385185080,0.81237608,6.2854695,0.40003681,12,1324
85ab,1704249386185204,0.81683308,6.2821884,0.39076832,11,1334
85ab,1704249387185131,0.81136292,6.3025661,0.38514212,9,1344
85ab,1704249388184633,0.80577,6.315907,0.37836435,9,1354
85ab,1704249389186623,0.8096956,6.3356676,0.37607279,9,1364
85ab,1704249390185190,0.82276046,6.2952113,0.40843007,14,1374
85ab,1704249391185196,0.83157063,6.3116689,0.39196971,10,1384
85ab,1704249392184828,0.82382113,6.278296,0.3990899,12,1394
85ab,1704249393184688,0.82469887,6.2655544,0.4042581,12,1404
85ab,1704249394184596,0.82755005,6.2816768,0.39642879,10,1414
85ab,1704249395184834,0.83116263,6.2389336,0.41339806,14,1424
85ab,1704249396184726,0.83486176,6.2716632,0.40612853,10,1434
85ab,1704249397184424,0.83747292,6.2963753,0.39347097,10,4
85ab,1704249398185127,0.83271915,6.27901,0.395251,12,14
85ab,1704249399184844,0.83179706,6.3007183,0.40065038,10,24
85ab,1704249400184773,0.82773411,6.354538,0.38218388,14,34
85ab,1704249401184856,0.80310804,6.3708143,0.37785122,9,44
85ab,1704249402184972,0.80181426,6.3368611,0.38748425,11,54
85ab,1704249403185138,0.80182123,6.3152261,0.40591231,12,64
85ab,1704249404184568,0.81664497,6.3206267,0.40878749,11,74
85ab,1704249405184786,0.82439524,6.2853036,0.41403082,13,84
85ab,1704249406184446,0.83611977,6.2593822,0.41206858,13,94
85ab,1704249407185016,0.83868885,6.3565,0.38744122,70,104
85ab,1704249408184879,0.83583236,6.3417931,0.37767044,10,114
85ab,1704249409184971,0.83881247,6.3048186,0.40235668,13,124
85ab,1704249410185052,0.84365243,6.2888789,0.41252819,12,134
85ab,1704249411184427,0.84286648,6.249114,0.42107368,14,144
85ab,1704249412184965,0.83916807,6.260108,0.41826937,11,154
85ab,1704249413184647,0.83731085,6.2901478,0.40670976,10,164
85ab,1704249414185026,0.83298969,6.2697039,0.41367033,12,174
85ab,1704249415184375,0.84863353,6.2842283,0.41226882,11,184
85ab,1704249416185021,0.84403491,6.2904482,0.4048225,11,194
85ab,1704249417184596,0.83618718,6.2562957,0.41549695,13,204
85ab,1704249418184613,0.82624084,6.24019,0.41690549,12,214
85ab,1704249419185020,0.82727164,6.2620931,0.41469517,11,224
85ab,1704249420184764,0.83278883,6.2247772,0.42945024,14,234
85ab,1704249421185137,0.84277421,6.2598348,0.41891754,10,244
85ab,1704249422185102,0.84220779,6.2931342,0.40324536,9,254
85ab,1704249423184426,0.8493163,6.3175983,0.39797461,10,264
85ab,1704249424184858,0.8390435,6.3223295,0.39379951,10,274
85ab,1704249425184611,0.84142548,6.2493744,0.42654404,16,284
85ab,1704249426184569,0.847463,6.272615,0.41887882,11,294
85ab,1704249427184673,0.84720844,6.3093119,0.40848121,10,304
85ab,1704249428184786,0.84113675,6.3191047,0.40085226,10,314
85ab,1704249429184589,0.86179209,6.2902713,0.40560117,14,324
85ab,1704249430184506,0.85391659,6.28833,0.40594068,11,334
85ab,1704249431184286,0.84358275,6.2879038,0.4002243,11,344
85ab,1704249432184784,0.84134859,6.2281318,0.4214699,15,354
85ab,1704249433184340,0.83129942,6.1963811,0.44322819,14,364
85ab,1704249434184826,0.83875364,6.2023983,0.4467085,13,374
85ab,1704249435184284,0.83956456,6.2498779,0.42687678,9,384
85ab,1704249436184351,0.8434698,6.276391,0.41590738,10,394
85ab,1704249437184216,0.8331725,6.3053727,0.40004858,9,404
85ab,1704249438184568,0.84175181,6.3184166,0.39596847,10,414
85ab,1704249439184282,0.85022652,6.3348575,0.38618463,10,424
85ab,1704249440184392,0.84598196,6.3132329,0.39592683,12,434
85ab,1704249441184336,0.84094357,6.2666917,0.40880552,13,444
85ab,1704249442184597,0.85290062,6.2645497,0.41099986,12,454
85ab,1704249443184412,0.84133887,6.22718,0.41680706,13,464
85ab,1704249444184238,0.82712668,6.2189417,0.41126487,11,474
85ab,1704249445184383,0.84436816,6.2016783,0.43338341,15,484
85ab,1704249446184089,0.83716244,6.1955113,0.43222907,12,494
85ab,1704249447184514,0.83594495,6.2041731,0.42597845,12,504
85ab,1704249448184498,0.8410179,6.1561947,0.44196418,16,514
85ab,1704249449184616,0.841626,6.158206,0.44834837,13,524
85ab,1704249450184565,0.84749186,6.1883759,0.43284994,11,534
85ab,1704249451183904,0.83424765,6.1974072,0.43452641,12,544
85ab,1704249452184370,0.83769536,6.2357221,0.43181235,11,554
85ab,1704249453183891,0.82771218,6.2452879,0.41276047,10,564
85ab,1704249454184437,0.826687,6.2819676,0.39546147,10,574
85ab,1704249455184186,0.82646453,6.2485995,0.40223,13,584
85ab,1704249456183924,0.82408905,6.2457027,0.39813596,11,594
85ab,1704249457183918,0.82121211,6.2548113,0.39474136,11,604
85ab,1704249458184096,0.8321107,6.2816296,0.38995716,10,614
85ab,1704249459183910,0.83290333,6.31796,0.38178772,11,624
85ab,1704249460184207,0.82746178,6.3034072,0.38733748,11,634
85ab,1704249461184136,0.84231323,6.3165379,0.38668734,11,644
85ab,1704249462184408,0.852927,6.33147,0.39285547,11,654
85ab,1704249463184081,0.84468549,6.3285384,0.38975242,10,664
85ab,1704249464184424,0.8275584,6.2917595,0.39740118,12,674
85ab,1704249465184164,0.8215856,6.3072181,0.38000324,9,684
85ab,1704249466183978,0.83801764,6.3009477,0.3885254,12,694
85ab,1704249467184415,0.83682537,6.335144,0.3832413,11,704
85ab,1704249468183785,0.82377988,6.3336329,0.38245595,10,714
85ab,1704249469183675,0.82910508,6.3555355,0.38609809,10,724
85ab,1704249470183812,0.83951825,6.3333731,0.40532285,12,734
85ab,1704249471184144,0.83830017,6.2938766,0.41186145,13,744
85ab,1704249472184461,0.83422214,6.3041348,0.406539,10,754
85ab,1704249473184515,0.8365252,6.2905903,0.39881054,11,764
85ab,1704249474183932,0.84850609,6.2873559,0.40484515,12,774
85ab,1704249475184070,0.84209788,6.2744708,0.40340737,12,784
85ab,1704249476183784,0.8348431,6.309011,0.38468108,10,794
85ab,1704249477184030,0.81169397,6.2599654,0.39924148,12,804
85ab,1704249478184360,0.80531853,6.271296,0.39908123,10,814
85ab,1704249479183809,0.82289964,6.2524357,0.40800947,13,824
85ab,1704249480184034,0.82619631,6.2426095,0.40511972,12,834
85ab,1704249481183923,0.82866883,6.2531071,0.39675629,11,844
85ab,1704249482184264,0.81128228,6.2125936,0.41227382,13,854
85ab,1704249483183980,0.816751,6.1655893,0.43042794,15,864
85ab,1704249484184267,0.81865662,6.1629415,0.43303779,13,874
85ab,1704249485183666,0.80342877,6.1846042,0.42132318,59,884
85ab,1704249486184352,0.83204079,6.170094,0.43341336,15,894
85ab,1704249487183985,0.81764328,6.1735358,0.43705028,12,904
85ab,1704249488182924,0.81896287,6.189208,0.43150073,12,914
85ab,1704249489183860,0.82365948,6.1904626,0.42644176,12,924
85ab,1704249490183873,0.83446366,6.1929173,0.42720914,13,934
85ab,1704249491183646,0.82271481,6.2418056,0.40487987,9,944
85ab,1704249492184036,0.82642496,6.2678933,0.39059862,10,954
85ab,1704249493183542,0.82810241,6.2710481,0.38846412,11,964
85ab,1704249494184416,0.83639461,6.2980218,0.38719416,10,974
85ab,1704249495183463,0.82821846,6.2672462,0.39133078,12,984
85ab,1704249496184100,0.81367338,6.249804,0.39303184,11,994
85ab,1704249497183733,0.81762719,6.2658434,0.39185017,11,1004
85ab,1704249498183880,0.81198257,6.281333,0.39256424,10,1014
85ab,1704249499183885,0.79434079,6.2904382,0.37751198,9,1024
85ab,1704249500183501,0.80700588,6.3050261,0.38365069,10,1034
85ab,1704249501184052,0.80324745,6.2767377,0.39260784,12,1044
85ab,1704249502183591,0.82063943,6.2741938,0.40713012,12,1054
85ab,1704249503183744,0.82084769,6.2807608,0.40475887,11,1064
85ab,1704249504183602,0.81107557,6.26236,0.4113583,12,1074
85ab,1704249505183648,0.81506932,6.23783,0.42141774,13,1084
85ab,1704249506183934,0.82433,6.22251,0.42542404,13,1094
85ab,1704249507183586,0.81075054,6.2609491,0.41443893,9,1104
85ab,1704249508183531,0.81491208,6.2676778,0.40928307,11,1114
85ab,1704249509183965,0.80608881,6.2500324,0.41891369,12,1124
85ab,1704249510183503,0.82311863,6.2085195,0.43973622,15,1134
85ab,1704249511183764,0.82436574,6.203548,0.43639457,12,1144
85ab,1704249512183568,0.82545942,6.2436471,0.40821436,9,1154
85ab,1704249513183864,0.81159765,6.2926254,0.39722842,10,1164
85ab,1704249514183928,0.807185,6.2879653,0.38845277,10,1174
85ab,1704249515183945,0.8111071,6.2838612,0.38802224,11,1184
85ab,1704249516183990,0.82395238,6.2908931,0.38824761,11,1194
85ab,1704249517183968,0.83080685,6.2717724,0.40394646,13,1204
85ab,1704249518185646,0.83212674,6.230689,0.41247591,14,1214
85ab,1704249519184012,0.82530749,6.2493386,0.40820202,10,1224
85ab,1704249520184120,0.80901426,6.2399931,0.41706866,11,1234
85ab,1704249521183896,0.82238859,6.2739239,0.4091365,10,1244
85ab,1704249522183904,0.81369966,6.2469049,0.41783416,12,1254
85ab,1704249523183898,0.83137649,6.2520432,0.42050916,12,1264
85ab,1704249524183935,0.82337725,6.2252979,0.42687839,13,1274
85ab,1704249525183972,0.82178295,6.198554,0.43206915,13,1284
85ab,1704249526183817,0.83925831,6.2477303,0.41933745,10,1294
85ab,1704249527183905,0.84386766,6.2634797,0.41201475,11,1304
85ab,1704249528183910,0.84008378,6.2593918,0.4030683,11,1314
85ab,1704249529183815,0.8319366,6.2543888,0.3959468,11,1324
85ab,1704249530183818,0.83113909,6.2294221,0.40362206,13,1334
85ab,1704249531184076,0.82427686,6.2146931,0.40407702,12,1344
85ab,1704249532183964,0.82433796,6.2232003,0.41243875,12,1354
85ab,1704249533183948,0.82107621,6.239634,0.41397092,11,1364
85ab,1704249534183943,0.83938992,6.2624764,0.41763121,12,1374
85ab,1704249535183933,0.82432449,6.237514,0.42130011,12,1384
85ab,1704249536183873,0.82382011,6.263226,0.40442386,10,1394
85ab,1704249537183874,0.84333318,6.2475986,0.41837275,14,1404
85ab,1704249538183870,0.83860904,6.209269,0.43442526,14,1414
85ab,1704249539183869,0.83871341,6.2314286,0.42846996,11,1424
85ab,1704249540183858,0.84897,6.2614202,0.4178752,11,1434
85ab,1704249541183920,0.83667564,6.2832627,0.40890312,10,4
85ab,1704249542183904,0.83985531,6.2794027,0.41419119,12,14
85ab,1704249543183864,0.84078681,6.3043671,0.39456528,9,24
85ab,1704249544183882,0.85424078,6.2559514,0.41386187,15,34
85ab,1704249545183787,0.837203,6.2536507,0.41103771,11,44
85ab,1704249546184422,0.84265262,6.266294,0.40511176,11,54
85ab,1704249547183790,0.85467839,6.2827992,0.40987828,11,64
85ab,1704249548183692,0.85298157,6.3268757,0.39802471,12,74
85ab,1704249549183741,0.83872646,6.3031979,0.402418,11,84
85ab,1704249550183788,0.84547311,6.290102,0.40757719,12,94
85ab,1704249551183769,0.832867,6.2938986,0.4061473,10,104
85ab,1704249552183887,0.81859267,6.2680941,0.41075474,12,114
85ab,1704249553183569,0.81745559,6.2446256,0.423369,13,124
85ab,1704249554183498,0.82420778,6.2866273,0.39965227,11,134
85ab,1704249555183482,0.80413932,6.2540078,0.40573597,12,144
85ab,1704249556183448,0.82836539,6.21859,0.41036916,14,154
85ab,1704249557183518,0.82847005,6.2495265,0.40198502,10,164
85ab,1704249558183656,0.81930953,6.2308068,0.41455832,12,174
85ab,1704249559183475,0.82864225,6.2402787,0.41245487,12,184
85ab,1704249560183018,0.8383072,6.2547312,0.40243849,11,194
85ab,1704249561182944,0.83888167,6.2827787,0.4005622,10,204
85ab,1704249562183380,0.83471709,6.2359428,0.40835628,14,214
85ab,1704249563182105,0.83326936,6.279583,0.40338618,9,224
85ab,1704249564183365,0.83814412,6.2757425,0.40144241,12,234
85ab,1704249565182808,0.83477277,6.2740755,0.4014338,11,244
85ab,1704249566182839,0.83583635,6.2882872,0.38799483,10,254
85ab,1704249567182862,0.83700436,6.2897115,0.3875142,11,264
85ab,1704249568182702,0.84317988,6.273005,0.39948303,13,274
85ab,1704249569183115,0.84690863,6.3109417,0.38434988,11,284
85ab,1704249570183005,0.86416835,6.310389,0.38210848,12,294
85ab,1704249571182991,0.83983928,6.2729578,0.40409443,12,304
85ab,1704249572183162,0.82642746,6.3508964,0.38499227,16,314
85ab,1704249573183243,0.85326391,6.3297257,0.40399754,13,324
85ab,1704249574182734,0.84545553,6.3148732,0.40006715,11,334
85ab,1704249575183061,0.8399263,6.3116736,0.39802015,11,344
85ab,1704249576182782,0.8385241,6.2949371,0.40094915,12,354
85ab,1704249577183447,0.82613629,6.278337,0.4014791,11,364
85ab,1704249578183453,0.81574118,6.238739,0.41111329,13,374
85ab,1704249579183612,0.8205297,6.2472115,0.41810551,12,384
85ab,1704249580183622,0.82538229,6.265749,0.41015059,11,394
85ab,1704249581183484,0.81479418,6.2818232,0.39593625,9,404
85ab,1704249582183568,0.81874037,6.3036222,0.40369114,10,414
85ab,1704249583183502,0.81248993,6.2977891,0.410423,11,424
85ab,1704249584183492,0.82990444,6.3484554,0.39128637,14,434
85ab,1704249585183491,0.83824581,6.3348374,0.39084253,11,444
85ab,1704249586183508,0.84303135,6.34084,0.3892518,10,454
85ab,1704249587183380,0.84058559,6.3412938,0.39046791,10,464
85ab,1704249588183397,0.84681737,6.3423071,0.3733041,10,474
85ab,1704249589183419,0.82686687,6.2674479,0.39616984,14,484
85ab,1704249590183374,0.81847823,6.2095194,0.40496054,14,494
85ab,1704249591183480,0.84781462,6.2356567,0.39216915,12,504
85ab,1704249592182967,0.85297078,6.2267213,0.41246358,13,514
85ab,1704249593183305,0.85425258,6.2536826,0.40437868,11,524
85ab,1704249594183060,0.85794115,6.2673841,0.40918878,11,534
85ab,1704249595182653,0.86286306,6.2844009,0.39911482,11,544
85ab,1704249596183378,0.85360444,6.2604589,0.40506738,12,554
85ab,1704249597182602,0.84109867,6.2593522,0.40677252,11,564
85ab,1704249598183264,0.85374808,6.2329741,0.42503175,14,574
85ab,1704249599182882,0.86105442,6.2518129,0.41176695,11,584
85ab,1704249600182601,0.86610091,6.249836,0.41904032,13,594
85ab,1704249601182804,0.85786492,6.2497969,0.41250139,68,604
85ab,1704249602182639,0.85724407,6.2776756,0.4165352,11,614
85ab,1704249603183205,0.84346861,6.2971554,0.40047094,9,624
85ab,1704249604182737,0.84714454,6.2621312,0.4191584,14,634
85ab,1704249605183080,0.84619844,6.2415485,0.42051995,13,644
85ab,1704249606182662,0.85356313,6.228025,0.42893845,13,654
85ab,1704249607183102,0.861494,6.2664142,0.4135699,10,664
85ab,1704249608183036,0.84371853,6.2962642,0.39252189,9,674
85ab,1704249609182606,0.84585994,6.276104,0.4042097,13,684
85ab,1704249610183115,0.84855211,6.2171249,0.423571,15,694
85ab,1704249611183060,0.83967626,6.2443929,0.41654533,10,704
85ab,1704249612182478,0.8356207,6.3034325,0.39564559,13,714
85ab,1704249613182703,0.85418135,6.3054762,0.39225236,12,724
85ab,1704249614183029,0.8560127,6.3043456,0.3805052,11,734
85ab,1704249615182391,0.85952,6.2791247,0.41029558,14,744
85ab,1704249616183020,0.83039612,6.2571139,0.42115882,12,754
85ab,1704249617183369,0.83145618,6.2822719,0.3964867,9,764
85ab,1704249618182690,0.82030278,6.2624817,0.41161689,12,774
85ab,1704249619182698,0.83104193,6.257411,0.40487304,12,784
85ab,1704249620182364,0.82111996,6.2272449,0.4257637,13,794
85ab,1704249621182906,0.82484084,6.26274,0.40722767,10,804
85ab,1704249622182453,0.833886,6.1995673,0.42985728,16,814
85ab,1704249623182606,0.82116979,6.2001519,0.42644435,12,824
85ab,1704249624182410,0.82489896,6.1956434,0.42184252,13,834
85ab,1704249625182656,0.809592,6.2148185,0.40109482,10,844
85ab,1704249626182420,0.83084464,6.2085648,0.41073546,14,854
85ab,1704249627183135,0.824478,6.2365823,0.39560753,10,864
85ab,1704249628182749,0.82124496,6.2209883,0.41987327,13,874
85ab,1704249629182521,0.81544256,6.2301497,0.42096558,11,884
85ab,1704249630182906,0.8289907,6.2338958,0.423908,12,894
85ab,1704249631182952,0.81935447,6.2696786,0.40475771,9,904
85ab,1704249632182496,0.82611489,6.2454095,0.4142212,13,914
85ab,1704249633182252,0.82607603,6.271656,0.41051778,10,924
85ab,1704249634182950,0.83481461,6.2464871,0.41883653,13,934
85ab,1704249635182726,0.84518766,6.2715812,0.41275391,11,944
85ab,1704249636182162,0.84206688,6.2618251,0.41204563,12,954
85ab,1704249637182412,0.84241325,6.2669034,0.40813279,11,964
85ab,1704249638182375,0.82942146,6.2955728,0.39260566,9,974
85ab,1704249639182083,0.79277056,6.29761,0.61698872,68,984
85ab,1704249640182785,0.800687,6.344152,0.55092049,13,994
85ab,1704249641182018,0.82388425,6.3581662,0.49926504,10,1004
85ab,1704249642182947,0.83355242,6.3569541,0.47636989,11,1014
85ab,1704249643182327,0.83015454,6.3555646,0.44997028,10,1024
85ab,1704249644181995,0.8290652,6.3203645,0.43677631,12,1034
85ab,1704249645182658,0.82285577,6.2816262,0.44014531,13,1044
85ab,1704249646182468,0.82543963,6.3171487,0.41898853,10,1054
85ab,1704249647182500,0.82705283,6.3251295,0.41738015,10,1064
85ab,1704249648182668,0.81672025,6.3022895,0.42044738,11,1074
85ab,1704249649182219,0.80743963,6.2557311,0.43319398,13,1084
85ab,1704249650182222,0.80737644,6.2587543,0.42981225,11,1094
85ab,1704249651182969,0.81916153,6.2849121,0.41426057,10,1104
85ab,1704249652182443,0.818246,6.273345,0.40819687,11,1114
85ab,1704249653182342,0.81208718,6.2243586,0.4297289,14,1124
85ab,1704249654182968,0.82021034,6.2653041,0.40655383,10,1134
85ab,1704249655182200,0.83370972,6.2451415,0.41993493,14,1144
85ab,1704249656182162,0.84200186,6.2527614,0.41163144,12,1154
85ab,1704249657182414,0.84822541,6.2342281,0.42222169,13,1164
85ab,1704249658182065,0.85209459,6.2618942,0.40729341,10,1174
85ab,1704249659182238,0.84223193,6.2907534,0.39818257,9,1184
85ab,1704249660182172,0.83727574,6.2930913,0.39413953,11,1194
85ab,1704249661182180,0.84127367,6.3419185,0.38351339,13,1204
85ab,1704249662182234,0.85184109,6.2708039,0.4101992,16,1214
85ab,1704249663182521,0.87467563,6.3055243,0.4005284,11,1224
85ab,1704249664182215,0.85515678,6.3344536,0.39505124,10,1234
85ab,1704249665182079,0.85515487,6.3038292,0.41272718,13,1244
85ab,1704249666182420,0.83533764,6.2989855,0.41127452,10,1254
85ab,1704249667182280,0.83884758,6.283699,0.41363603,12,1264
85ab,1704249668182653,0.83195847,6.2682877,0.42074177,12,1274
85ab,1704249669182837,0.82381368,6.2774553,0.41252932,10,1284
85ab,1704249670182710,0.82360852,6.3043671,0.4051232,9,1294
85ab,1704249671182162,0.83662993,6.2963486,0.4136515,12,1304
85ab,1704249672183778,0.83098215,6.2657027,0.41492936,12,1314
85ab,1704249673182236,0.82887751,6.279213,0.40714663,10,1324
85ab,1704249674182157,0.84275758,6.25948,0.41454974,13,1334
85ab,1704249675182207,0.85138392,6.2579875,0.42922175,13,1344
85ab,1704249676182535,0.84996235,6.2672963,0.41556269,11,1354
85ab,1704249677182228,0.84504426,6.2767119,0.41156518,11,1364
85ab,1704249678182048,0.83976763,6.2584157,0.41768423,12,1374
85ab,1704249679182410,0.83445293,6.27528,0.40906411,10,1384
85ab,1704249680182155,0.82098097,6.2616634,0.42023665,12,1394
85ab,1704249681182822,0.81908143,6.2679954,0.41279942,11,1404
85ab,1704249682182110,0.804581,6.2281137,0.42627686,13,1414
85ab,1704249683182162,0.80545396,6.2145262,0.42653817,12,1424
85ab,1704249684182263,0.8109405,6.1826949,0.44299105,14,1434
85ab,1704249685181863,0.81321192,6.237452,0.42523307,9,4
85ab,1704249686182324,0.81784374,6.2947655,0.40624213,12,14
85ab,1704249687181908,0.82059366,6.3282142,0.39670509,10,24
85ab,1704249688181811,0.816162,6.2914019,0.40117887,12,34
85ab,1704249689182004,0.81645238,6.2657571,0.3933216,12,44
85ab,1704249690181907,0.82361495,6.2715912,0.38754004,11,54
85ab,1704249691181867,0.83075023,6.2926073,0.40190941,11,64
85ab,1704249692181786,0.83685905,6.23639,0.42405304,15,74
85ab,1704249693182498,0.83940959,6.2567306,0.40780485,10,84
85ab,1704249694181935,0.82716864,6.263082,0.3999486,10,94
85ab,1704249695182205,0.83196908,6.239244,0.40705711,13,104
85ab,1704249696182566,0.95386863,6.2708306,0.45027855,56,114
85ab,1704249697182225,0.91601562,6.3218102,0.42822942,12,124
85ab,1704249698182890,0.89897448,6.3618412,0.40654474,13,134
85ab,1704249699182548,0.8879512,6.3326645,0.40911403,12,144
85ab,1704249700182358,0.88671929,6.3208413,0.39772239,11,154
85ab,1704249701181782,0.85995775,6.2980647,0.39700243,11,164
85ab,1704249702181850,0.84272981,6.2948928,0.39597282,10,174
85ab,1704249703181562,0.84439594,6.263731,0.41355753,13,184
85ab,1704249704182139,0.82734346,6.2791567,0.41641712,10,194
85ab,1704249705182470,0.81380355,6.2489729,0.41204417,12,204
85ab,1704249706182104,0.82078832,6.2375011,0.41540438,12,214
85ab,1704249707181868,0.82424539,6.1976314,0.4213683,14,224
85ab,1704249708182079,0.83767718,6.2238226,0.42431018,12,234
85ab,1704249709181738,0.83648914,6.2357779,0.43622223,12,244
85ab,1704249710182002,0.82935357,6.2474604,0.42721814,11,254
85ab,1704249711182083,0.8307299,6.2396908,0.43643522,13,264
85ab,1704249712181868,0.82659876,6.2193737,0.43130609,13,274
85ab,1704249713182222,0.81958288,6.2311945,0.41704589,11,284
85ab,1704249714182600,0.80532634,6.24339,0.41988018,10,294
85ab,1704249715181548,0.80824143,6.2203631,0.40739039,12,304
85ab,1704249716182025,0.80787581,6.2329435,0.40735123,11,314
85ab,1704249717182440,0.80464494,6.2286139,0.40976825,12,324
85ab,1704249718181872,0.80147672,6.2216396,0.41136244,12,334
85ab,1704249719181907,0.8079291,6.2623582,0.39691639,9,344
85ab,1704249720181638,0.80169147,6.2735429,0.38389286,10,354
85ab,1704249721182286,0.81506497,6.29414,0.38366944,10,364
85ab,1704249722181907,0.81739211,6.2814837,0.38963327,12,374
85ab,1704249723181720,0.82830173,6.25496,0.40274069,13,384
85ab,1704249724181412,0.827697,6.2242002,0.41747087,14,394
85ab,1704249725181771,0.8095848,6.2614808,0.40867621,9,404
85ab,1704249726181653,0.813282,6.2681723,0.40457025,11,414
85ab,1704249727182095,0.817372,6.2788963,0.40485653,11,424
85ab,1704249728181465,0.82190508,6.2821264,0.40899548,11,434
85ab,1704249729182206,0.814538,6.2780652,0.42540169,11,444
85ab,1704249730181408,0.81096274,6.2934847,0.41442713,10,454
85ab,1704249731182071,0.81321228,6.2621622,0.41929847,13,464
85ab,1704249732181572,0.81672215,6.254354,0.42720184,12,474
85ab,1704249733182008,0.80462438,6.2828259,0.40975973,9,484
85ab,1704249734181370,0.80624992,6.2530675,0.41538063,13,494
85ab,1704249735182236,0.810459,6.22917,0.43079895,13,504
85ab,1704249736181309,0.82664186,6.2475252,0.41626483,11,514
85ab,1704249737181939,0.83562505,6.2686844,0.39503711,10,524
85ab,1704249738182030,0.82326686,6.2237148,0.41652128,14,534
85ab,1704249739181267,0.81459963,6.2088456,0.42233169,12,544
85ab,1704249740181944,0.81977147,6.1892109,0.435143,14,554
85ab,1704249741181903,0.82422757,6.15776,0.44766387,15,564
85ab,1704249742181331,0.83125663,6.1901536,0.44322085,12,574
85ab,1704249743181266,0.816232,6.1779509,0.43499148,12,584
85ab,1704249744181568,0.80855644,6.1938176,0.43206716,11,594
85ab,1704249745181478,0.81364888,6.2277141,0.42711172,11,604
85ab,1704249746181459,0.82476038,6.2509441,0.41250628,11,614
85ab,1704249747182129,0.82363367,6.2692723,0.40668043,10,624
85ab,1704249748181846,0.8220107,6.2963567,0.40201557,10,634
85ab,1704249749182364,0.8219527,6.2908993,0.41498396,12,644
85ab,1704249750181524,0.82162058,6.2861576,0.41398346,11,654
85ab,1704249751181756,0.81136239,6.2980223,0.40760991,10,664
85ab,1704249752181562,0.80393541,6.2874341,0.40516764,11,674
85ab,1704249753181679,0.81676769,6.306097,0.39862019,10,684
85ab,1704249754181581,0.82091564,6.34124,0.3843126,12,694
85ab,1704249755181862,0.82286978,6.3244262,0.38001254,11,704
85ab,1704249756182050,0.82983392,6.3165922,0.39142537,11,714
85ab,1704249757181470,0.8354373,6.2768874,0.40493423,13,724
85ab,1704249758181841,0.83002061,6.253231,0.42016318,13,734
85ab,1704249759182006,0.84069574,6.2429123,0.42066708,13,744
85ab,1704249760181983,0.83737183,6.2682505,0.41464987,10,754
85ab,1704249761181457,0.84144175,6.2807183,0.40631783,11,764
85ab,1704249762181726,0.84783238,6.2620225,0.42369536,13,774
85ab,1704249763181862,0.85223603,6.264904,0.42376006,12,784
85ab,1704249764181834,0.839289,6.2559142,0.4246625,12,794
85ab,1704249765181538,0.836064,6.2683997,0.4103663,10,804
85ab,1704249766181828,0.80253208,6.2114882,0.42400479,13,814
85ab,1704249767181760,0.81644213,6.2022781,0.43504381,14,824
85ab,1704249768181573,0.81147093,6.2122822,0.43021616,11,834
85ab,1704249769181217,0.82678694,6.2310753,0.41762707,11,844
85ab,1704249770181378,0.83864218,6.2383404,0.42126536,12,854
85ab,1704249771181166,0.83329964,6.2376,0.41179335,11,864
85ab,1704249772181887,0.83289891,6.2595811,0.402007,10,874
85ab,1704249773181658,0.82486576,6.2930946,0.38681698,9,884
85ab,1704249774182012,0.83756357,6.3261547,0.38433605,10,894
85ab,1704249775181732,0.82318497,6.3222065,0.37653664,10,904
85ab,1704249776181714,0.80580527,6.2568216,0.40412304,14,914
85ab,1704249777182024,0.80681795,6.2855482,0.4024339,10,924
85ab,1704249778181637,0.82036889,6.2868428,0.39799151,11,934
85ab,1704249779181657,0.81842196,6.2834253,0.39538112,11,944
85ab,1704249780181975,0.82607126,6.2524176,0.41028672,13,954
85ab,1704249781181584,0.82865328,6.2553163,0.4222258,12,964
85ab,1704249782181658,0.82723814,6.2340488,0.4306052,13,974
85ab,1704249783181775,0.82319087,6.23274,0.41299537,11,984
85ab,1704249784181375,0.83460265,6.2648153,0.39203119,10,994
85ab,1704249785181574,0.84159124,6.2711644,0.40096271,12,1004
85ab,1704249786181167,0.836173,6.2138276,0.4186129,15,1014
85ab,1704249787181462,0.83835721,6.2137666,0.41788846,12,1024
85ab,1704249788181540,0.83359408,6.2191696,0.40801284,11,1034
85ab,1704249789181245,0.83679461,6.2623062,0.39832246,10,1044
85ab,1704249790181100,0.85501182,6.265635,0.39764935,12,1054
85ab,1704249791181478,0.86268872,6.27997,0.40016243,11,1064
85ab,1704249792181731,0.85495132,6.3220491,0.3885754,11,1074
85ab,1704249793181486,0.85357755,6.3173728,0.39287519,11,1084
85ab,1704249794182170,0.86747384,6.333569,0.40059406,11,1094
85ab,1704249795181799,0.85629141,6.302166,0.40344369,12,1104
85ab,1704249796181564,0.85381758,6.298686,0.40278164,11,1114
85ab,1704249797181558,0.84865242,6.2637448,0.4087429,13,1124
85ab,1704249798182001,0.83088619,6.2431641,0.4112305,12,1134
85ab,1704249799181589,0.82001954,6.2070513,0.41420218,13,1144
85ab,1704249800181622,0.81159377,6.2587132,0.40616241,9,1154
85ab,1704249801181850,0.80191666,6.3077164,0.39243048,11,1164
85ab,1704249802181542,0.810099,6.3193645,0.38689137,10,1174
85ab,1704249803181614,0.81602842,6.3196206,0.39743626,11,1184
85ab,1704249804181802,0.828383,6.3081026,0.4040657,12,1194
85ab,1704249805181617,0.82257628,6.337265,0.38283125,11,1204
85ab,1704249806181559,0.83586574,6.3182659,0.37795749,12,1214
85ab,1704249807181727,0.84179711,6.3285484,0.36764672,10,1224
85ab,1704249808180882,0.82379293,6.3099251,0.37295663,10,1234
85ab,1704249809181218,0.8155452,6.2922087,0.38241914,11,1244
85ab,1704249810181354,0.8247655,6.2436428,0.41676217,15,1254
85ab,1704249811180950,0.833842,6.2130055,0.41638896,14,1264
85ab,1704249812181082,0.83583397,6.2306938,0.41072616,11,1274
85ab,1704249813181830,0.84423864,6.2399759,0.42100763,12,1284
85ab,1704249814181005,0.83926243,6.2564459,0.40845552,10,1294
85ab,1704249815181150,0.84967548,6.2870703,0.4005127,10,1304
85ab,1704249816181340,0.84589088,6.2798338,0.40342411,12,1314
85ab,1704249817180964,0.83351862,6.2722735,0.40259475,11,1324
85ab,1704249818180651,0.82611257,6.2460685,0.41564611,13,1334
85ab,1704249819181214,0.82124072,6.2983794,0.38845575,12,1344
85ab,1704249820181425,0.82170212,6.339417,0.38581339,11,1354
85ab,1704249821181266,0.81467718,6.3041086,0.39083675,12,1364
85ab,1704249822181321,0.81156456,6.2978029,0.3859542,10,1374
85ab,1704249823181282,0.81180876,6.2715011,0.38955387,12,1384
85ab,1704249824181241,0.82191467,6.2785563,0.38673255,11,1394
85ab,1704249825181278,0.81846523,6.3247166,0.36898568,12,1404
85ab,1704249826182366,0.83431572,6.3252339,0.36874244,11,1414
85ab,1704249827181422,0.85122359,6.3205972,0.37030455,11,1424
85ab,1704249828181208,0.83120728,6.2648525,0.38482165,13,1434
85ab,1704249829181264,0.83244139,6.2565832,0.39401519,12,4
85ab,1704249830181250,0.84834421,6.2462397,0.40587604,13,14
85ab,1704249831181444,0.86682904,6.230495,0.41250968,14,24
85ab,1704249832181374,0.8602581,6.2241578,0.41766718,13,34
85ab,1704249833181393,0.86301011,6.2059326,0.42180625,14,44
85ab,1704249834181338,0.84507763,6.2150226,0.41903111,11,54
85ab,1704249835181307,0.858914,6.1964369,0.43653029,15,64
85ab,1704249836181254,0.84702575,6.2067609,0.419581,11,74
85ab,1704249837181278,0.8083325,6.2403316,0.39972734,60,84
85ab,1704249838181302,0.81821209,6.2620363,0.39570189,11,94
85ab,1704249839181254,0.81049919,6.2535534,0.39744642,11,104
85ab,1704249840181255,0.83410734,6.2610083,0.39960378,12,114
85ab,1704249841181301,0.82840323,6.2972407,0.39546323,9,124
85ab,1704249842181327,0.82739586,6.32657,0.38525054,10,134
85ab,1704249843181205,0.82149786,6.3200431,0.38668406,10,144
85ab,1704249844181200,0.8001709,6.2650213,0.41388071,13,154
85ab,1704249845181240,0.79921907,6.2722621,0.40440464,10,164
85ab,1704249846181193,0.78754705,6.2446628,0.42212224,12,174
85ab,1704249847181171,0.76953006,6.2184839,0.42782438,12,184
85ab,1704249848181083,0.782878,6.2284932,0.42262024,11,194
85ab,1704249849181167,0.81117159,6.2396631,0.42216074,12,204
85ab,1704249850181194,0.82022756,6.264926,0.41366106,10,214
85ab,1704249851180973,0.82420665,6.2677975,0.41174835,11,224
85ab,1704249852181098,0.82497656,6.2464957,0.41392651,13,234
85ab,1704249853180796,0.84084636,6.2633891,0.39889359,11,244
85ab,1704249854180454,0.84158492,6.2803688,0.39299026,10,254
85ab,1704249855180381,0.83017778,6.2555175,0.39712524,12,264
85ab,1704249856180392,0.81745845,6.2365022,0.41404164,12,274
85ab,1704249857180834,0.80782533,6.1811094,0.43360749,15,284
85ab,1704249858180644,0.8253485,6.2154489,0.42660725,11,294
85ab,1704249859180769,0.84049273,6.2569804,0.405154,10,304
85ab,1704249860180614,0.83313996,6.2569604,0.40542835,11,314
85ab,1704249861180605,0.80470634,6.2611952,0.40047994,9,324
85ab,1704249862180371,0.80082572,6.2099843,0.42590746,14,334
85ab,1704249863180507,0.79381305,6.2427492,0.41118583,9,344
85ab,1704249864180322,0.81207931,6.2476068,0.40620658,12,354
85ab,1704249865180366,0.8221305,6.2429409,0.4132477,12,364
85ab,1704249866180553,0.85430121,6.2102437,0.43915012,16,374
85ab,1704249867180556,0.85707891,6.2213993,0.428988,12,384
85ab,1704249868180317,0.860987,6.2460694,0.42374936,11,394
85ab,1704249869180420,0.90843004,6.2192388,0.263144,68,404
85ab,1704249870180618,0.88853341,6.2444487,0.29721475,11,414
85ab,1704249871180604,0.87873518,6.2885251,0.31483206,10,424
85ab,1704249872180564,0.86108059,6.2845864,0.32869333,11,434
85ab,1704249873180256,0.8464551,6.3264217,0.34230602,11,444
85ab,1704249874180890,0.83762294,6.3360682,0.34759668,9,454
85ab,1704249875179546,0.83616841,6.3178897,0.36685646,12,464
85ab,1704249876180577,0.84165,6.3028436,0.37246594,12,474
85ab,1704249877180372,0.83626604,6.31287,0.38051292,10,484
85ab,1704249878180413,0.83885181,6.3193288,0.39339659,11,494
85ab,1704249879180371,0.84810108,6.2567034,0.41374242,15,504
85ab,1704249880180378,0.83849436,6.3057489,0.39641634,12,514
85ab,1704249881180526,0.84562594,6.3046303,0.38006794,11,524
85ab,1704249882180890,0.84546977,6.31115,0.38695893,11,534
85ab,1704249883180490,0.84239155,6.324532,0.37928417,10,544
85ab,1704249884180557,0.85471481,6.3240581,0.38514194,11,554
85ab,1704249885180537,0.85448223,6.3427362,0.38660571,10,564
85ab,1704249886180564,0.85357112,6.3756881,0.3812052,12,574
85ab,1704249887180456,0.84699988,6.3541384,0.38151658,11,584
85ab,1704249888180536,0.87547314,6.303699,0.39446393,15,594
85ab,1704249889180679,0.86600387,6.309967,0.39194089,10,604
85ab,1704249890180565,0.85963,6.2847619,0.39785987,12,614
85ab,1704249891180348,0.85851383,6.2900352,0.39407304,11,624
85ab,1704249892180278,0.84113318,6.2750659,0.3952992,11,634
85ab,1704249893180366,0.84611547,6.281415,0.3997682,11,644
85ab,1704249894180715,0.84654504,6.280375,0.39580491,11,654
85ab,1704249895180316,0.84429979,6.2969122,0.38767436,10,664
85ab,1704249896180249,0.84907907,6.3232989,0.38391116,10,674
85ab,1704249897180359,0.85827947,6.30761,0.38649279,12,684
85ab,1704249898180322,0.84279376,6.3312488,0.37420037,10,694
85ab,1704249899180153,0.84406191,6.2710609,0.38635361,14,704
85ab,1704249900180144,0.84521586,6.2818666,0.39285362,11,714
85ab,1704249901180280,0.84916729,6.2908382,0.3886396,11,724
85ab,1704249902180450,0.84663773,6.2549891,0.39045534,13,734
85ab,1704249903180005,0.98664862,6.314095,0.45868292,32,744
85ab,1704249904180003,0.94209242,6.3052454,0.4518747,11,754
85ab,1704249905180126,0.91597056,6.3096032,0.41980022,10,764
85ab,1704249906180471,0.88795155,6.3367128,0.40781364,10,774
85ab,1704249907180210,0.86823195,6.3120847,0.40239939,11,784
85ab,1704249908180270,0.84844309,6.2663531,0.41529858,13,794
85ab,1704249909180163,0.84617257,6.3025928,0.39762205,10,804
85ab,1704249910180128,0.84512424,6.3054619,0.38410115,10,814
85ab,1704249911180242,0.86554742,6.3048306,0.37810174,12,824
85ab,1704249912180120,0.84196866,6.3130755,0.37285373,9,834
85ab,1704249913180086,0.82593369,6.2989311,0.3743515,10,844
85ab,1704249914180119,0.82686794,6.3117228,0.37713942,10,854
85ab,1704249915179990,0.83008397,6.3038645,0.393466,12,864
85ab,1704249916179975,0.83482385,6.2880359,0.38376185,11,874
85ab,1704249917180269,0.83626914,6.2541938,0.40527743,14,884
85ab,1704249918180373,0.84467119,6.29188,0.40419313,10,894
85ab,1704249919180616,0.84363049,6.29016,0.40040085,11,904
85ab,1704249920179965,0.82852286,6.3286028,0.38842008,11,914
85ab,1704249921180351,0.818531,6.2863007,0.39772326,12,924
85ab,1704249922180104,0.82883918,6.3300047,0.39900845,11,934
85ab,1704249923180586,0.83856755,6.3223009,0.40369,12,944
85ab,1704249924180346,0.83983642,6.3380651,0.40030196,10,954
85ab,1704249925180661,0.83338708,6.3158464,0.39798564,11,964
85ab,1704249926180047,0.84249103,6.3424087,0.38973922,10,974
85ab,1704249927180204,0.83687478,6.3055811,0.40219602,12,984
85ab,1704249928180069,0.82976204,6.2854977,0.41424882,12,994
85ab,1704249929180455,0.83684522,6.2841506,0.40611833,11,1004
85ab,1704249930180178,0.83152026,6.2751064,0.40523428,11,1014
85ab,1704249931180685,0.84401071,6.2582097,0.41078687,13,1024
85ab,1704249932180652,0.84722126,6.3008232,0.38316169,12,1034
85ab,1704249933180661,0.8627066,6.2796216,0.40718192,14,1044
85ab,1704249934180664,0.84572726,6.2660375,0.40407661,11,1054
85ab,1704249935180143,0.84145635,6.2667966,0.40382424,11,1064
85ab,1704249936180233,0.8297087,6.2935414,0.38962534,9,1074
85ab,1704249937180007,0.83973145,6.2705197,0.3971028,13,1084
85ab,1704249938180638,0.85635662,6.2202287,0.42714074,16,1094
85ab,1704249939180061,0.79661107,6.1884584,0.42601255,59,1104
85ab,1704249940180112,0.80631709,6.2129021,0.41015333,11,1114
85ab,1704249941180102,0.801675,6.2594309,0.40297246,9,1124
85ab,1704249942179938,0.82119232,6.2946253,0.38575259,10,1134
85ab,1704249943179861,0.81283146,6.3071065,0.38863108,10,1144
85ab,1704249944180005,0.81276894,6.2774882,0.39593065,12,1154
85ab,1704249945179962,0.816026,6.2852988,0.38825014,10,1164
85ab,1704249946180766,0.814789,6.3141088,0.37568009,10,1174
85ab,1704249947179870,0.80202174,6.3229384,0.36436182,9,1184
85ab,1704249948179873,0.78302372,6.2777762,0.38583562,12,1194
85ab,1704249949180086,0.80366081,6.2535954,0.41196233,14,1204
85ab,1704249950179999,0.81580573,6.2404408,0.40812346,12,1214
85ab,1704249951180190,0.825826,6.2353067,0.39900526,12,1224
85ab,1704249952179898,0.82591456,6.2698689,0.40522867,10,1234
85ab,1704249953180163,0.83688587,6.2705941,0.40245879,12,1244
85ab,1704249954179858,0.83747822,6.2928758,0.40620637,10,1254
85ab,1704249955179846,0.82680309,6.2767911,0.40542203,11,1264
85ab,1704249956180208,0.81574821,6.2724819,0.41766277,11,1274
85ab,1704249957180302,0.81717926,6.2582674,0.42002004,12,1284
85ab,1704249958180430,0.82227659,6.2824125,0.39741582,10,1294
85ab,1704249959180401,0.81767952,6.2877645,0.38750815,10,1304
85ab,1704249960180413,0.79809308,6.2543921,0.4027361,12,1314
85ab,1704249961180424,0.79952079,6.259181,0.40202481,11,1324
85ab,1704249962180495,0.80281687,6.2558527,0.41277209,12,1334
85ab,1704249963180345,0.80195755,6.2391567,0.41673809,12,1344
85ab,1704249964180382,0.79577214,6.2321653,0.41558442,11,1354
85ab,1704249965180368,0.809091,6.2486005,0.41728386,11,1364
85ab,1704249966179870,0.798901,6.2897544,0.39920565,10,1374
85ab,1704249967179907,0.81297386,6.2890716,0.38871327,11,1384
85ab,1704249968180334,0.79728979,6.2768435,0.39984345,11,1394
85ab,1704249969180333,0.8046127,6.2542672,0.40233552,12,1404
85ab,1704249970179899,0.816024,6.2675714,0.40022349,11,1414
85ab,1704249971180405,0.81488824,6.2769389,0.38346204,10,1424
85ab,1704249972179988,0.80424535,6.2813787,0.38774925,10,1434
85ab,1704249973179918,0.81477588,6.2639079,0.38974813,12,4
85ab,1704249974179909,0.81312191,6.2707095,0.3872987,10,14
85ab,1704249975179886,0.82034081,6.2505956,0.39897656,13,24
85ab,1704249976179846,0.81510043,6.2341104,0.40681466,12,34
85ab,1704249977180435,0.82438344,6.2204161,0.41032156,13,44
85ab,1704249978180560,0.82403582,6.2525096,0.40612578,10,54
85ab,1704249979179692,0.82481629,6.256247,0.40390521,11,64
85ab,1704249980181472,0.83935165,6.2175274,0.42749318,15,74
85ab,1704249981180286,0.84660077,6.1942244,0.4384321,14,84
85ab,1704249982180282,0.86115026,6.1642294,0.45048606,16,94
85ab,1704249983179650,0.85125077,6.1938848,0.442683,11,104
85ab,1704249984179946,0.85927176,6.2115645,0.43700212,12,114
85ab,1704249985180322,0.86303431,6.2160945,0.44658408,13,124
85ab,1704249986179894,0.86399972,6.1750846,0.46196643,16,134
85ab,1704249987180272,0.85078138,6.1921926,0.44709343,11,144
85ab,1704249988179936,0.84880459,6.209825,0.45545614,12,154
85ab,1704249989179952,0.83868176,6.2124815,0.45064071,12,164
85ab,1704249990180206,0.82076293,6.2597051,0.43003562,9,174
85ab,1704249991179650,0.813569,6.2242317,0.43001345,13,184
85ab,1704249992180243,0.79155988,6.2244854,0.43384787,11,194
85ab,1704249993179609,0.81151503,6.2432404,0.43643388,12,204
85ab,1704249994180258,0.81522703,6.2828918,0.41358456,10,214
85ab,1704249995179856,0.8186518,6.2434778,0.43202856,14,224
85ab,1704249996179491,0.83548784,6.2774725,0.43297875,11,234
85ab,1704249997179876,0.83013916,6.3155842,0.41270763,11,244
85ab,1704249998179516,0.822796,6.3068161,0.40339667,10,254
85ab,1704249999179494,0.8187604,6.2632556,0.40929571,13,264
85ab,1704250000179575,0.82714134,6.2491317,0.41761893,13,274
85ab,1704250001179526,0.81981945,6.2792368,0.40253398,9,284
85ab,1704250002179715,0.817269,6.2170548,0.42146567,15,294
85ab,1704250003180032,0.83259338,6.2021136,0.42616042,14,304
85ab,1704250004180047,0.83970267,6.2674518,0.40737525,12,314
85ab,1704250005179636,0.8465147,6.2862043,0.38905874,10,324
85ab,1704250006179486,0.83771,6.2891297,0.39569291,11,334
85ab,1704250007179728,0.84629267,6.3161659,0.38376907,10,344
85ab,1704250008179394,0.849248,6.3149242,0.37680319,11,354
85ab,1704250009179568,0.86876523,6.3346019,0.3777442,11,364
85ab,1704250010180036,0.859681,6.304554,0.3934339,12,374
85ab,1704250011179568,0.858475,6.3008814,0.39588425,11,384
85ab,1704250012179503,0.8500939,6.2995543,0.37991387,10,394
85ab,1704250013179674,0.83183759,6.250843,0.39047426,13,404
85ab,1704250014179632,0.83575433,6.2683849,0.38981226,11,414
85ab,1704250015180020,0.82148206,6.29181,0.3817856,9,424
85ab,1704250016179304,0.82542223,6.27246,0.39517957,12,434
85ab,1704250017179722,0.83151507,6.3014627,0.38533783,10,444
85ab,1704250018179744,0.81574738,6.2990513,0.38814867,10,454
85ab,1704250019179353,0.81830037,6.2882967,0.39866179,12,464
85ab,1704250020179902,0.80599064,6.2761769,0.40539512,11,474
85ab,1704250021179354,0.8201955,6.286026,0.40554538,11,484
85ab,1704250022179871,0.83772272,6.253994,0.40861782,14,494
85ab,1704250023179924,0.83387738,6.2893829,0.39872116,9,504
85ab,1704250024179625,0.83564866,6.2518353,0.40640971,13,514
85ab,1704250025179882,0.820143,6.2424793,0.41280258,11,524
85ab,1704250026179962,0.82670629,6.3201747,0.39223155,16,534
85ab,1704250027179441,0.8201201,6.2901096,0.40719163,12,544
85ab,1704250028179561,0.81153458,6.2646255,0.40506679,12,554
85ab,1704250029179448,0.79958087,6.279036,0.38843721,9,564
85ab,1704250030179640,0.8164047,6.2816496,0.39082244,11,574
85ab,1704250031179638,0.80339509,6.3006992,0.38713512,9,584
85ab,1704250032179411,0.80937934,6.2515516,0.40749627,14,594
85ab,1704250033179504,0.81862634,6.231576,0.40830979,13,604
85ab,1704250034179410,0.82584423,6.225266,0.4146826,13,614
85ab,1704250035179374,0.820717,6.2392612,0.41310629,11,624
85ab,1704250036179487,0.82860881,6.2613182,0.41008317,11,634
85ab,1704250037179494,0.84711868,6.2590661,0.40048862,12,644
85ab,1704250038179792,0.84105736,6.2051606,0.41973418,15,654
85ab,1704250039179322,0.8391816,6.2408657,0.42473531,11,664
85ab,1704250040179402,0.83994091,6.2936306,0.41811186,11,674
85ab,1704250041179550,0.81591266,6.2899718,0.42166761,10,684
85ab,1704250042179414,0.81264341,6.2522449,0.42928681,13,694
85ab,1704250043179228,0.801907,6.2773547,0.40742093,9,704
85ab,1704250044179403,0.8192454,6.2703137,0.40893748,12,714
85ab,1704250045179929,0.8172335,6.2929292,0.40177873,10,724
85ab,1704250046179756,0.81975812,6.3056855,0.39658552,10,734
85ab,1704250047179569,0.81787586,6.3179951,0.39737436,10,744
85ab,1704250048179835,0.817276,6.2969317,0.39200407,11,754
85ab,1704250049180194,0.73563355,6.3079596,0.36571896,62,764
85ab,1704250050180073,0.76774031,6.2688422,0.39699307,14,774
85ab,1704250051179920,0.7719661,6.2839069,0.39276975,10,784
85ab,1704250052179938,0.79777193,6.2565923,0.41578358,14,794
85ab,1704250053179940,0.7968455,6.263876,0.41273156,11,804
85ab,1704250054179924,0.80202836,6.260098,0.40677598,11,814
85ab,1704250055179880,0.79707354,6.2637744,0.41870341,11,824
85ab,1704250056179978,0.80134761,6.2614374,0.41925839,11,834
85ab,1704250057179873,0.81151,6.2569571,0.41804114,12,844
85ab,1704250058179400,0.80659127,6.2271051,0.41170073,12,854
85ab,1704250059179367,0.804598,6.2466507,0.4108966,10,864
85ab,1704250060179430,0.80954188,6.2548065,0.40698054,11,874
85ab,1704250061179379,0.810656,6.2476058,0.39711696,11,884
85ab,1704250062179362,0.81552577,6.2549124,0.38778895,11,894
85ab,1704250063179102,0.81775349,6.2300467,0.40505412,13,904
85ab,1704250064179346,0.80161268,6.2375689,0.40127432,10,914
85ab,1704250065179896,0.81427133,6.25658,0.39835712,11,924
85ab,1704250066179239,0.808668,6.231349,0.39914453,12,934
85ab,1704250067179240,0.80362934,6.2333746,0.40557992,11,944
85ab,1704250068180003,0.79627806,6.2108927,0.41216257,12,954
85ab,1704250069179297,0.81322116,6.224834,0.40524724,12,964
85ab,1704250070179741,0.81673741,6.1847486,0.4213441,14,974
85ab,1704250071179844,0.81571406,6.2591033,0.40190476,13,984
85ab,1704250072179338,0.82089067,6.2735405,0.39587802,10,994
85ab,1704250073179214,0.8224892,6.2941785,0.37566462,9,1004
85ab,1704250074183039,0.83869541,6.2447629,0.40318492,15,1014
85ab,1704250075179722,0.8545776,6.3067141,0.3865588,14,1024
85ab,1704250076179148,0.85384107,6.303308,0.39026949,11,1034
85ab,1704250077179006,0.85124385,6.3251553,0.38350216,9,1044
85ab,1704250078178946,0.84378684,6.31104,0.38572735,11,1054
85ab,1704250079179676,0.8367945,6.2811446,0.40715122,13,1064
85ab,1704250080179642,0.850422,6.28058,0.40500709,12,1074
85ab,1704250081179588,0.84428722,6.2979593,0.39970976,10,1084
85ab,1704250082179182,0.83856082,6.2583976,0.4058724,13,1094
85ab,1704250083179403,0.83615214,6.2526412,0.41541612,12,1104
85ab,1704250084179321,0.83541191,6.2304292,0.42176878,13,1114
85ab,1704250085179356,0.82676607,6.2633433,0.40775269,9,1124
85ab,1704250086179544,0.83204734,6.2348695,0.42163193,14,1134
85ab,1704250087179161,0.84878576,6.2390513,0.4169172,12,1144
85ab,1704250088179322,0.85112023,6.14581,0.4630231,66,1154
85ab,1704250089179380,0.86222297,6.209568,0.44067183,10,1164
85ab,1704250090179064,0.85568887,6.2553525,0.4152759,10,1174
85ab,1704250091179613,0.85460156,6.2779818,0.41165185,11,1184
85ab,1704250092179776,0.84941012,6.2958183,0.41887084,11,1194
85ab,1704250093179410,0.85815936,6.3135204,0.41336474,11,1204
85ab,1704250094179192,0.85049695,6.3318172,0.40432629,9,1214
85ab,1704250095179360,0.85020781,6.27707,0.4216736,14,1224
85ab,1704250096179200,0.84422141,6.254148,0.41738382,12,1234
85ab,1704250097179600,0.8411392,6.2722344,0.41792819,11,1244
85ab,1704250098179016,0.83696353,6.2830691,0.41323674,11,1254
85ab,1704250099179358,0.818292,6.2745657,0.4211356,11,1264
85ab,1704250100179700,0.82094377,6.2684164,0.41697082,12,1274
85ab,1704250101179776,0.84972513,6.2936187,0.40488452,11,1284
85ab,1704250102179222,0.84888643,6.234848,0.4222956,15,1294
85ab,1704250103179380,0.84351486,6.2656264,0.41484043,69,1304
85ab,1704250104179586,0.83871961,6.301641,0.3962332,10,1314
85ab,1704250105179140,0.84503061,6.33216,0.38903737,10,1324
85ab,1704250106179506,0.84905905,6.3065534,0.39392406,12,1334
85ab,1704250107179715,0.840304,6.2766676,0.39886194,12,1344
85ab,1704250108178886,0.82937807,6.2981644,0.39791855,10,1354
85ab,1704250109179636,0.82974875,6.2845993,0.40133005,12,1364
85ab,1704250110178986,0.81592441,6.2558112,0.42102748,13,1374
85ab,1704250111178886,0.79423082,6.2413354,0.42167509,11,1384
85ab,1704250112178899,0.79219556,6.2249603,0.42344895,12,1394
85ab,1704250113179474,0.80794305,6.2565689,0.41367474,10,1404
85ab,1704250114178852,0.81538886,6.3099613,0.40437126,12,1414
85ab,1704250115179603,0.80146545,6.2700462,0.41858616,12,1424
85ab,1704250116179580,0.80931544,6.2750006,0.41737464,11,1434
85ab,1704250117179601,0.8149597,6.3071446,0.41220841,9,4
85ab,1704250118179644,0.82429081,6.323555,0.4059962,10,14
85ab,1704250119179575,0.82680988,6.306273,0.41406602,12,24
85ab,1704250120179723,0.83097053,6.3013606,0.40927544,11,34
85ab,1704250121179582,0.83223003,6.3150806,0.40319827,10,44
85ab,1704250122179538,0.82992077,6.3099852,0.40505344,11,54
85ab,1704250123179501,0.81129438,6.3361149,0.40035012,9,64
85ab,1704250124179554,0.8152923,6.3278313,0.39478141,11,74
85ab,1704250125179550,0.80027533,6.2748876,0.40930486,13,84
85ab,1704250126179422,0.8128987,6.2282562,0.41864577,14,94
85ab,1704250127179453,0.80839378,6.2084384,0.42064205,13,104
85ab,1704250128179827,0.81314534,6.2232842,0.42082524,11,114
85ab,1704250129179353,0.8156327,6.2264843,0.40805358,11,124
85ab,1704250130178954,0.80883706,6.2297263,0.41141123,11,134
85ab,1704250131179138,0.7945351,6.2418013,0.4033646,10,144
85ab,1704250132179164,0.79255915,6.2373734,0.40327412,11,154
85ab,1704250133179334,0.80748117,6.2869945,0.39108321,11,164
85ab,1704250134180745,0.82090127,6.2883348,0.3870987,11,174
85ab,1704250135179348,0.83641541,6.2745991,0.40166476,13,184
85ab,1704250136179298,0.81368262,6.236567,0.42029065,13,194
85ab,1704250137179194,0.81416529,6.248455,0.41673014,11,204
85ab,1704250138179224,0.80522853,6.2423639,0.41004327,11,214
85ab,1704250139179234,0.80440354,6.2682405,0.40815184,10,224
85ab,1704250140179381,0.81201738,6.2990565,0.40772533,10,234
85ab,1704250141179290,0.79592228,6.324975,0.39351979,9,244
85ab,1704250142179374,0.79924566,6.3090739,0.39337921,11,254
85ab,1704250143179210,0.79926139,6.3384752,0.37929589,11,264
85ab,1704250144179238,0.819463,6.29862,0.40336516,14,274
85ab,1704250145179336,0.82069069,6.3039007,0.3980529,10,284
85ab,1704250146179190,0.82183784,6.2940764,0.40052557,11,294
85ab,1704250147179209,0.81510353,6.2935452,0.39028206,10,304
85ab,1704250148179251,0.82621861,6.3021684,0.38314489,11,314
85ab,1704250149179210,0.80690652,6.315609,0.37336761,8,324
85ab,1704250150179262,0.823041,6.3071003,0.39034629,12,334
85ab,1704250151179276,0.82805121,6.2878647,0.39625826,12,344
85ab,1704250152179491,0.81969613,6.2827635,0.39691931,11,354
85ab,1704250153179158,0.82295209,6.2885365,0.39293525,11,364
85ab,1704250154179263,0.83393359,6.2619319,0.39977956,13,374
85ab,1704250155179236,0.81792146,6.2478371,0.40536609,11,384
85ab,1704250156179155,0.82359231,6.2573094,0.40914097,11,394
85ab,1704250157178912,0.82932317,6.2764616,0.41128939,11,404
85ab,1704250158178852,0.8282131,6.3140159,0.3931295,11,414
85ab,1704250159179257,0.84553736,6.3067622,0.39786449,12,424
85ab,1704250160179272,0.84013879,6.2915549,0.39662153,11,434
85ab,1704250161179238,0.82920456,6.3445892,0.37937906,14,444
85ab,1704250162179196,0.8245663,6.33788,0.37388846,10,454
85ab,1704250163179239,0.82597721,6.3373685,0.37003744,10,464
85ab,1704250164179260,0.82261384,6.32448,0.36550564,10,474
85ab,1704250165179258,0.83036017,6.2973447,0.37396702,12,484
85ab,1704250166179266,0.83216119,6.3108778,0.3709273,69,494
85ab,1704250167178905,0.82725626,6.2835221,0.37745714,12,504
85ab,1704250168178880,0.82543242,6.3061662,0.37412852,9,514
85ab,1704250169179128,0.82726759,6.3032131,0.37807906,11,524
85ab,1704250170178946,0.81773609,6.2866631,0.38044107,11,534
85ab,1704250171178536,0.82855749,6.25322,0.39402586,14,544
85ab,1704250172179255,0.84069395,6.2675056,0.39303282,11,554
85ab,1704250173178823,0.83809292,6.309659,0.38515374,11,564
85ab,1704250174178421,0.83470005,6.2921991,0.39904305,12,574
85ab,1704250175179258,0.82882446,6.3059444,0.39537069,10,584
85ab,1704250176179061,0.82365835,6.2612252,0.40667483,13,594
85ab,1704250177178486,0.83629006,6.2653322,0.40755448,12,604
85ab,1704250178178535,0.82113659,6.2676978,0.4003455,10,614
85ab,1704250179178325,0.80580264,6.254169,0.39633542,11,624
85ab,1704250180178429,0.8111735,6.3037834,0.38115674,12,634
85ab,1704250181179066,0.80466676,6.3194938,0.37696344,9,644
85ab,1704250182179050,0.81367975,6.330061,0.37358057,10,654
85ab,1704250183178376,0.81019187,6.3072691,0.39468539,12,664
85ab,1704250184178482,0.82509464,6.2909255,0.40121508,12,674
85ab,1704250185178405,0.8362717,6.2664576,0.41061881,13,684
85ab,1704250186178974,0.82739538,6.29142,0.39519703,9,694
85ab,1704250187179192,0.835695,6.2858334,0.39970252,12,704
85ab,1704250188178945,0.83554637,6.2651463,0.40049443,12,714
85ab,1704250189179001,0.82723,6.3002129,0.38759413,10,724
85ab,1704250190179111,0.8217079,6.2595468,0.39009821,13,734
85ab,1704250191179071,0.82053095,6.2843714,0.38313964,10,744
85ab,1704250192179010,0.81300974,6.2593327,0.39015582,12,754
85ab,1704250193178709,0.813998,6.2548671,0.38868862,11,764
85ab,1704250194178543,0.81345195,6.2724385,0.37711519,10,774
85ab,1704250195178830,0.82308453,6.2771077,0.37823689,11,784
85ab,1704250196178524,0.82304382,6.2825427,0.38204676,11,794
85ab,1704250197178281,0.82676315,6.2797446,0.39834753,12,804
85ab,1704250198178167,0.82836163,6.2705836,0.3975566,12,814
85ab,1704250199178278,0.83727133,6.2886019,0.39973131,11,824
85ab,1704250200178266,0.8417275,6.2744923,0.41181403,13,834
85ab,1704250201178846,0.85095239,6.2821913,0.41752735,12,844
85ab,1704250202178842,0.84800535,6.2845979,0.41893116,11,854
85ab,1704250203177580,0.83028674,6.3077049,0.39984187,9,864
85ab,1704250204178175,0.83001709,6.3075533,0.3922579,10,874
85ab,1704250205178364,0.82647675,6.2899179,0.39149582,11,884
85ab,1704250206178208,0.82155228,6.3234334,0.38388178,10,894
85ab,1704250207178235,0.83124024,6.3423853,0.39173019,10,904
85ab,1704250208178505,0.81662393,6.3207064,0.39245674,11,914
85ab,1704250209178432,0.83174527,6.2847819,0.4077107,14,924
85ab,1704250210178430,0.82922244,6.3103251,0.40644389,10,934
85ab,1704250211178688,0.84010953,6.2711167,0.40791732,13,944
85ab,1704250212178877,0.853792,6.2845616,0.41195908,12,954
85ab,1704250213178301,0.8538087,6.3052187,0.41291395,10,964
85ab,1704250214178908,0.85744351,6.3020978,0.41170615,12,974
85ab,1704250215178492,0.84935117,6.2987242,0.40785018,11,984
85ab,1704250216178259,0.84898621,6.3206515,0.40131873,10,994
85ab,1704250217179014,0.84395057,6.2925816,0.41048685,12,1004
85ab,1704250218178719,0.84713149,6.2777839,0.41649723,12,1014
85ab,1704250219178885,0.83155876,6.2999144,0.39762026,9,1024
85ab,1704250220178985,0.83599627,6.307447,0.39272976,11,1034
85ab,1704250221178906,0.82571691,6.2722287,0.39946365,12,1044
85ab,1704250222178898,0.82426214,6.286181,0.38623884,10,1054
85ab,1704250223178942,0.82323891,6.278553,0.39588442,12,1064
85ab,1704250224178770,0.83233315,6.2754683,0.40426841,12,1074
85ab,1704250225178846,0.82789886,6.29259,0.39516294,10,1084
85ab,1704250226178424,0.80958897,6.261086,0.40046656,12,1094
85ab,1704250227178840,0.81878436,6.2355447,0.40831465,13,1104
85ab,1704250228178930,0.81859028,6.2732673,0.39547995,9,1114
85ab,1704250229179003,0.82849658,6.2989416,0.38017124,10,1124
85ab,1704250230178945,0.82676047,6.2759957,0.3966949,12,1134
85ab,1704250231178767,0.8232013,6.278451,0.38549873,10,1144
85ab,1704250232178944,0.82368958,6.2949758,0.39390412,10,1154
85ab,1704250233178944,0.82642871,6.2728157,0.40035057,12,1164
85ab,1704250234178969,0.83228993,6.2689323,0.40576762,12,1174
85ab,1704250235178911,0.82627374,6.2768149,0.40248466,10,1184
85ab,1704250236178043,0.82142419,6.3274512,0.39251471,12,1194
85ab,1704250237178766,0.82068491,6.3119493,0.39040783,11,1204
85ab,1704250238178502,0.82159662,6.3104925,0.40419474,11,1214
85ab,1704250239178026,0.82485652,6.2675309,0.40256804,13,1224
85ab,1704250240178302,0.82146513,6.2784948,0.40472811,11,1234
85ab,1704250241178248,0.83428925,6.2765427,0.41185883,12,1244
85ab,1704250242178078,0.834029,6.262825,0.41758987,12,1254
85ab,1704250243178288,0.81390578,6.2929921,0.40146902,8,1264
85ab,1704250244178712,0.8295604,6.3065968,0.3860445,10,1274
85ab,1704250245178550,0.83417994,6.2763119,0.40986374,13,1284
85ab,1704250246178259,0.844059,6.3155203,0.4003872,11,1294
85ab,1704250247178778,0.83742535,6.2798829,0.42687085,13,1304
85ab,1704250248178041,0.82572448,6.3054514,0.41437435,9,1314
85ab,1704250249179289,0.83773375,6.3060493,0.4105542,11,1324
85ab,1704250250178957,0.84686363,6.2902036,0.42152584,13,1334
85ab,1704250251178803,0.82648104,6.2491355,0.425104,12,1344
85ab,1704250252178200,0.83254242,6.2856665,0.41059387,10,1354
85ab,1704250253178192,0.822995,6.234983,0.42130908,14,1364
85ab,1704250254178221,0.82267982,6.2211871,0.42128468,12,1374
85ab,1704250255178722,0.82501054,6.2130504,0.43704611,13,1384
85ab,1704250256178177,0.82222503,6.2409348,0.42728621,10,1394
85ab,1704250257178710,0.82057208,6.2878413,0.41124314,10,1404
85ab,1704250258178524,0.82562715,6.3009543,0.41705489,11,1414
85ab,1704250259178130,0.80951756,6.2678752,0.42229769,12,1424
85ab,1704250260178512,0.81802827,6.2749825,0.4225713,11,1434
85ab,1704250261178371,0.821456,6.2575231,0.42434451,12,4
85ab,1704250262179151,0.81035918,6.2997384,0.39672816,11,14
85ab,1704250263178560,0.81522465,6.2939067,0.40255767,11,24
85ab,1704250264178561,0.81970751,6.3023386,0.38592488,10,34
85ab,1704250265177937,0.82270479,6.2901678,0.38849986,11,44
85ab,1704250266177786,0.82423949,6.2852974,0.39529279,11,54
85ab,1704250267177776,0.80985683,6.2680721,0.39149836,11,64
85ab,1704250268178062,0.81170434,6.2157979,0.42437798,15,74
85ab,1704250269177916,0.81045455,6.251965,0.40907258,9,84
85ab,1704250270178390,0.781901,6.2280111,0.40831229,11,94
85ab,1704250271177867,0.78183937,6.2138658,0.41344616,12,104
85ab,1704250272178966,0.79250562,6.2328649,0.40670228,11,114
85ab,1704250273178029,0.81056482,6.2667089,0.401336,10,124
85ab,1704250274178382,0.81464088,6.2815809,0.4002853,10,134
85ab,1704250275177992,0.814884,6.2867041,0.40024814,11,144
85ab,1704250276178135,0.8134324,6.2947984,0.40641066,11,154
85ab,1704250277178061,0.81213057,6.2973385,0.40260375,10,164
85ab,1704250278177910,0.81079262,6.2906752,0.40376124,11,174
85ab,1704250279177825,0.82390052,6.2866068,0.40151757,12,184
85ab,1704250280178435,0.82230908,6.286921,0.39613304,11,194
85ab,1704250281178170,0.82612288,6.2927814,0.39070386,11,204
85ab,1704250282178092,0.83625358,6.2741976,0.40501282,13,214
85ab,1704250283178112,0.83707923,6.2953596,0.39391431,10,224
85ab,1704250284178072,0.82331854,6.3013573,0.40140206,10,234
85ab,1704250285178109,0.84586275,6.331542,0.39677733,10,244
85ab,1704250286178755,0.84832525,6.3078094,0.41009724,13,254
85ab,1704250287178217,0.84747142,6.2809272,0.4127388,13,264
85ab,1704250288179374,0.850859,6.3230376,0.39430231,12,274
85ab,1704250289177882,0.84313446,6.3312607,0.38808346,10,284
85ab,1704250290178289,0.84614217,6.3739052,0.37342709,14,294
85ab,1704250291178505,0.84766477,6.3452635,0.37799719,12,304
85ab,1704250292178018,0.838548,6.2912374,0.39911237,13,314
85ab,1704250293177916,0.84818679,6.2581582,0.4104341,14,324
85ab,1704250294178186,0.84369111,6.2427549,0.40524036,12,334
85ab,1704250295178042,0.82866418,6.2427325,0.41096365,11,344
85ab,1704250296177858,0.82983005,6.256526,0.41424832,11,354
85ab,1704250297178140,0.83144534,6.2796621,0.41425428,10,364
85ab,1704250298177973,0.81176496,6.2639537,0.41123313,11,374
85ab,1704250299178311,0.81092966,6.2432284,0.42523688,13,384
85ab,1704250300178401,0.83342296,6.2158046,0.43986544,15,394
85ab,1704250301178302,0.84179121,6.2796826,0.42033905,12,404
85ab,1704250302178260,0.82935905,6.272254,0.41879451,11,414
85ab,1704250303177930,0.81892753,6.2846127,0.41126931,10,424
85ab,1704250304178076,0.82350749,6.2800136,0.39605615,11,434
85ab,1704250305178015,0.85144413,6.2819228,0.41734189,13,444
85ab,1704250306178326,0.8373453,6.3274245,0.40222675,12,454
85ab,1704250307177752,0.83915859,6.3118916,0.41326037,12,464
85ab,1704250308177922,0.84015995,6.3007836,0.41092914,11,474
85ab,1704250309177958,0.84831268,6.3211317,0.39204592,10,484
85ab,1704250310178439,0.83424467,6.3395858,0.38509792,9,494
85ab,1704250311178177,0.83507454,6.342454,0.37930661,10,504
85ab,1704250312178425,0.82852131,6.3446894,0.3788521,10,514
85ab,1704250313178522,0.82211542,6.3227425,0.38485038,11,524
85ab,1704250314178257,0.81517148,6.3117781,0.37905982,10,534
85ab,1704250315177731,0.82005227,6.308949,0.38497943,11,544
85ab,1704250316178153,0.8412196,6.3163939,0.38764769,11,554
85ab,1704250317176794,0.8421393,6.2619734,0.40205812,14,564
85ab,1704250318178480,0.83179605,6.2846513,0.38976836,9,574
85ab,1704250319178465,0.82897645,6.280561,0.38735166,11,584
85ab,1704250320177986,0.84174049,6.3064661,0.38016072,10,594
85ab,1704250321177905,0.86366504,6.3392191,0.382842,11,604
85ab,1704250322177991,0.85009724,6.314888,0.38839835,11,614
85ab,1704250323178064,0.83961296,6.3258777,0.38104451,9,624
85ab,1704250324178008,0.82518142,6.2863717,0.40137184,12,634
85ab,1704250325178275,0.83340979,6.2307625,0.41750628,15,644
85ab,1704250326177836,0.84469837,6.2092204,0.42854476,14,654
85ab,1704250327177993,0.83665186,6.2327514,0.42068565,11,664
85ab,1704250328178098,0.839536,6.2623277,0.40474275,10,674
85ab,1704250329177618,0.84124464,6.2597532,0.4028613,12,684
85ab,1704250330177974,0.83005583,6.2752366,0.4001314,10,694
85ab,1704250331177688,0.82096887,6.2585206,0.40873659,12,704
85ab,1704250332178613,0.82476521,6.2595711,0.42806971,12,714
85ab,1704250333177587,0.82354838,6.265419,0.41125676,11,724
85ab,1704250334177671,0.83300662,6.2981334,0.40129602,10,734
85ab,1704250335178005,0.83270615,6.2661619,0.41577896,13,744
85ab,1704250336178142,0.81143886,6.2710533,0.40835291,10,754
85ab,1704250337178099,0.81506896,6.2137432,0.43577155,15,764
85ab,1704250338178514,0.80863023,6.1928134,0.44834012,13,774
85ab,1704250339177800,0.78954691,6.1974077,0.43729779,11,784
85ab,1704250340178390,0.8124181,6.230567,0.4233523,11,794
85ab,1704250341178022,0.81429315,6.2303591,0.41622484,12,804
85ab,1704250342178136,0.82194734,6.2384181,0.411741,12,814
85ab,1704250343178360,0.83701855,6.2728148,0.4077383,11,824
85ab,1704250344178248,0.840462,6.2610388,0.41187346,12,834
85ab,1704250345178195,0.8653211,6.3138866,0.39353877,13,844
85ab,1704250346178366,0.86938077,6.2526007,0.42876777,16,854
85ab,1704250347178140,0.87509751,6.2828074,0.40994951,10,864
85ab,1704250348178140,0.85768324,6.3016367,0.40739319,10,874
85ab,1704250349178343,0.859617,6.3023787,0.40497935,11,884
85ab,1704250350178088,0.84637618,6.2522783,0.41367272,13,894
85ab,1704250351178210,0.92214936,6.1691561,0.2103163,67,904
85ab,1704250352178312,0.88689893,6.1810741,0.26117328,11,914
85ab,1704250353178082,0.8679558,6.1977992,0.2961072,11,924
85ab,1704250354178088,0.84901083,6.207592,0.33074507,11,934
85ab,1704250355178238,0.83462155,6.2050638,0.35338053,12,944
85ab,1704250356178096,0.84087014,6.2519484,0.362491,10,954
85ab,1704250357178078,0.82941478,6.2407508,0.38089511,12,964
85ab,1704250358178266,0.84946823,6.1942525,0.40886408,16,974
85ab,1704250359178161,0.83729273,6.2450886,0.39168876,10,984
85ab,1704250360178236,0.82150483,6.2163229,0.41699013,13,994
85ab,1704250361178398,0.82331526,6.2342076,0.40731543,11,1004
85ab,1704250362178125,0.81287944,6.2361293,0.40220138,11,1014
85ab,1704250363178151,0.81610888,6.2263532,0.40258822,12,1024
85ab,1704250364178376,0.82916576,6.2687573,0.39220843,10,1034
85ab,1704250365178263,0.82979846,6.2417049,0.40185109,13,1044
85ab,1704250366178116,0.80778342,6.271142,0.39295059,9,1054
85ab,1704250367178428,0.81256646,6.2747884,0.39853802,11,1064
85ab,1704250368178234,0.81955194,6.2506356,0.40574077,13,1074
85ab,1704250369177838,0.8211211,6.2833719,0.39406469,9,1084
85ab,1704250370177970,0.83732277,6.3107443,0.39958537,11,1094
85ab,1704250371177656,0.84541351,6.3028769,0.40150762,12,1104
85ab,1704250372177918,0.83767778,6.2864108,0.39970881,11,1114
85ab,1704250373178544,0.83471543,6.3352919,0.38307202,13,1124
85ab,1704250374177821,0.84006256,6.3475966,0.37866193,10,1134
85ab,1704250375178280,0.84165812,6.3317275,0.38850465,11,1144
85ab,1704250376178721,0.84210664,6.2959538,0.39884144,13,1154
85ab,1704250377178293,0.82783824,6.2809744,0.41466075,12,1164
85ab,1704250378177644,0.86429286,6.25278,0.4289799,15,1174
85ab,1704250379178479,0.86683667,6.2273993,0.43304276,14,1184
85ab,1704250380177995,0.85031909,6.2644005,0.41136533,9,1194
85ab,1704250381177832,0.84169364,6.2728519,0.41677278,11,1204
85ab,1704250382178312,0.8376503,6.2891726,0.40812275,10,1214
85ab,1704250383177870,0.83905548,6.3199048,0.40727246,10,1224
85ab,1704250384177785,0.83765817,6.3017082,0.41422307,12,1234
85ab,1704250385178075,0.83400434,6.2999845,0.39630359,10,1244
85ab,1704250386177946,0.81493962,6.2907352,0.39901882,10,1254
85ab,1704250387178074,0.83692014,6.3109984,0.39015251,11,1264
85ab,1704250388178327,0.84106559,6.3040919,0.390125,11,1274
85ab,1704250389178016,0.8155995,6.2782483,0.39787409,11,1284
85ab,1704250390178317,0.82711315,6.2872572,0.40454438,11,1294
85ab,1704250391178395,0.81951839,6.2903919,0.40897557,11,1304
85ab,1704250392179057,0.82476592,6.2823253,0.40625733,12,1314
85ab,1704250393178099,0.81995249,6.2600074,0.41000396,12,1324
85ab,1704250394178371,0.81442779,6.2771983,0.39985722,10,1334
85ab,1704250395178474,0.82855713,6.3227305,0.39437526,12,1344
85ab,1704250396177991,0.83646637,6.3359771,0.39255452,10,1354
85ab,1704250397178436,0.84300613,6.3505983,0.39726502,10,1364
85ab,1704250398178388,0.84719551,6.3555431,0.40487334,11,1374
85ab,1704250399178285,0.83039755,6.3117776,0.39923272,11,1384
85ab,1704250400178288,0.83919185,6.3198218,0.40078744,11,1394
85ab,1704250401178138,0.8433215,6.323997,0.39757481,11,1404
85ab,1704250402178328,0.84372711,6.2777638,0.41341037,14,1414
85ab,1704250403178920,0.85062486,6.2819977,0.41751808,12,1424
85ab,1704250404178451,0.84956127,6.2767406,0.41167146,12,1434
85ab,1704250405178375,0.83584785,6.2438207,0.42195073,13,4
85ab,1704250406178210,0.84031212,6.2351522,0.42167822,13,14
85ab,1704250407179016,0.82118177,6.2468982,0.40797636,10,24
85ab,1704250408178195,0.81275344,6.2530608,0.39938051,10,34
85ab,1704250409178584,0.80273688,6.2215624,0.40636957,12,44
85ab,1704250410178316,0.79970813,6.2102356,0.41634926,12,54
85ab,1704250411178476,0.8143056,6.2379293,0.40834382,11,64
85ab,1704250412178556,0.83365303,6.1905103,0.42945215,16,74
85ab,1704250413178839,0.84614277,6.2292752,0.4218221,11,84
85ab,1704250414178495,0.85716957,6.2701068,0.41693309,10,94
85ab,1704250415178608,0.83857369,6.2509522,0.41985574,12,104
85ab,1704250416178455,0.81473011,6.2070403,0.43171468,13,114
85ab,1704250417179034,0.81898236,6.2087827,0.43037656,12,124
85ab,1704250418178518,0.83424509,6.2380552,0.42464587,11,134
85ab,1704250419178874,0.82548773,6.2402287,0.42244691,11,144
85ab,1704250420178774,0.81605172,6.2521372,0.40933231,10,154
85ab,1704250421179054,0.81573296,6.2189631,0.41594839,13,164
85ab,1704250422178288,0.81053782,6.2092834,0.41955271,12,174
85ab,1704250423178540,0.82132959,6.2015066,0.42282003,13,184
85ab,1704250424178830,0.82594162,6.18099,0.43180689,14,194
85ab,1704250425178490,0.81710464,6.2153597,0.41617325,10,204
85ab,1704250426178595,0.81377947,6.2456503,0.40703785,10,214
85ab,1704250427178912,0.81023192,6.2764339,0.40517339,10,224
85ab,1704250428178451,0.81562513,6.3171611,0.39677691,11,234
85ab,1704250429178525,0.8277657,6.3387036,0.39245504,10,244
85ab,1704250430178882,0.82621235,6.3573952,0.38926193,9,254
85ab,1704250431178578,0.81168509,6.3326569,0.37429422,10,264
85ab,1704250432178958,0.809968,6.3407445,0.36996642,9,274
85ab,1704250433178710,0.82966888,6.3380694,0.37595132,11,284
85ab,1704250434179128,0.83612049,6.2983856,0.3912299,13,294
85ab,1704250435178973,0.83758259,6.2935104,0.39001107,11,304
85ab,1704250436179014,0.8295657,6.2913828,0.38891265,11,314
85ab,1704250437179021,0.83378547,6.3178277,0.38752294,10,324
85ab,1704250438178681,0.83585125,6.3038073,0.39662468,12,334
85ab,1704250439179175,0.83666247,6.276227,0.40805203,13,344
85ab,1704250440178721,0.83618826,6.272294,0.41406158,12,354
85ab,1704250441179071,0.83396274,6.3104844,0.39620084,11,364
85ab,1704250442180764,0.830826,6.3282585,0.3864952,9,374
85ab,1704250443179227,0.84130204,6.3205013,0.39196756,12,384
85ab,1704250444178720,0.83682382,6.2921395,0.38951814,12,394
85ab,1704250445178785,0.82748616,6.2423916,0.41317797,14,404
85ab,1704250446178754,0.83879721,6.2798734,0.40475535,10,414
85ab,1704250447178806,0.833473,6.2847023,0.4033522,11,424
85ab,1704250448178832,0.82612693,6.2876024,0.40208858,11,434
85ab,1704250449178743,0.82218939,6.3000679,0.38698855,10,444
85ab,1704250450179438,0.82751572,6.3352289,0.38158935,11,454
85ab,1704250451179633,0.82138884,6.2999783,0.38731754,12,464
85ab,1704250452179480,0.82763427,6.2779727,0.39337835,12,474
85ab,1704250453177870,0.83536136,6.2700286,0.41291454,13,484
85ab,1704250454178950,0.84467185,6.2833447,0.41291574,11,494
85ab,1704250455178783,0.83849412,6.338027,0.39255881,14,504
85ab,1704250456179368,0.83531988,6.3408771,0.38260588,10,514
85ab,1704250457179130,0.8237142,6.3015957,0.38746098,12,524
85ab,1704250458179804,0.82279217,6.2672563,0.40349475,13,534
85ab,1704250459179215,0.83285081,6.2893014,0.40995145,11,544
85ab,1704250460179420,0.83978194,6.3083038,0.40601295,10,554
85ab,1704250461179387,0.84289831,6.2499247,0.42466006,15,564
85ab,1704250462179395,0.85045767,6.2829137,0.41598737,10,574
85ab,1704250463179568,0.84923911,6.2711391,0.41134304,12,584
85ab,1704250464179001,0.83613139,6.2998886,0.39589721,9,594
85ab,1704250465179540,0.84311366,6.2848711,0.41107222,13,604
85ab,1704250466179794,0.843131,6.3118038,0.40707919,10,614
85ab,1704250467178929,0.8481164,6.341188,0.38848132,11,624
85ab,1704250468179556,0.83888316,6.3115077,0.39535111,12,634
85ab,1704250469179820,0.83567709,6.3201671,0.40061724,10,644
85ab,1704250470179218,0.84713566,6.3541536,0.39589724,11,654
85ab,1704250471178998,0.85316694,6.3537865,0.39189506,11,664
85ab,1704250472179513,0.83611208,6.2965717,0.39904436,13,674
85ab,1704250473179219,0.84490365,6.291532,0.40429482,12,684
85ab,1704250474179734,0.84126872,6.314188,0.40116063,10,694
85ab,1704250475179545,0.83261496,6.3053627,0.39410591,11,704
85ab,1704250476179338,0.84374565,6.3011727,0.40282112,12,714
85ab,1704250477179496,0.82646662,6.2693205,0.40310335,12,724
85ab,1704250478179338,0.82225436,6.2867632,0.39237803,10,734
85ab,1704250479179716,0.80621964,6.2895489,0.39331713,10,744
85ab,1704250480179538,0.80720872,6.2806158,0.41456127,12,754
85ab,1704250481179620,0.81442934,6.2758961,0.40179634,11,764
85ab,1704250482179698,0.81913412,6.3094859,0.39501035,10,774
85ab,1704250483179964,0.82302427,6.3083539,0.39657742,11,784
85ab,1704250484180339,0.83435494,6.2975206,0.39383051,12,794
85ab,1704250485180048,0.821027,6.257215,0.40651256,13,804
85ab,1704250486179396,0.82594216,6.2869782,0.4068574,10,814
85ab,1704250487179808,0.83059311,6.3339653,0.40157554,12,824
85ab,1704250488179968,0.82462114,6.2947264,0.40752876,12,834
85ab,1704250489179310,0.82068104,6.2654696,0.40894464,12,844
85ab,1704250490180525,0.83661371,6.2758765,0.40258589,11,854
85ab,1704250491179842,0.8306213,6.3069358,0.39305666,9,864
85ab,1704250492179339,0.82686925,6.3113489,0.39303187,10,874
85ab,1704250493180430,0.83027536,6.3114133,0.38594159,10,884
85ab,1704250494179432,0.82622981,6.2498164,0.40960205,14,894
85ab,1704250495179427,0.83090842,6.2688308,0.40554523,11,904
85ab,1704250496181648,0.83221728,6.29669,0.39758843,10,914
85ab,1704250497179511,0.82571006,6.2946682,0.39726189,11,924
85ab,1704250498179764,0.83082867,6.3346829,0.3910192,11,934
85ab,1704250499179729,0.84531844,6.3176761,0.39293063,12,944
85ab,1704250500179902,0.84884572,6.325295,0.38913363,10,954
85ab,1704250501180012,0.84197968,6.3279295,0.38064027,10,964
85ab,1704250502179452,0.83329391,6.2996383,0.38393679,12,974
85ab,1704250503179717,0.83803225,6.2986307,0.38680479,11,984
85ab,1704250504179920,0.83351439,6.2660222,0.39858171,13,994
85ab,1704250505180008,0.82865912,6.2934456,0.39060372,9,1004
85ab,1704250506179713,0.83132535,6.2928629,0.38876855,11,1014
85ab,1704250507180124,0.83366591,6.282227,0.40374032,12,1024
85ab,1704250508179632,0.8346619,6.2883129,0.40459678,11,1034
85ab,1704250509179855,0.82765979,6.2994695,0.39239162,10,1044
85ab,1704250510179851,0.81353444,6.29994,0.38250524,10,1054
85ab,1704250511179697,0.82437909,6.3104253,0.39831498,11,1064
85ab,1704250512180257,0.82363826,6.278873,0.40446278,12,1074
85ab,1704250513180295,0.83297855,6.27806,0.39616317,11,1084
85ab,1704250514179634,0.84218466,6.2824469,0.39773133,11,1094
85ab,1704250515179601,0.84140122,6.267858,0.40201986,12,1104
85ab,1704250516180228,0.81606227,6.2551007,0.39812234,11,1114
85ab,1704250517179594,0.82106829,6.269227,0.38933697,10,1124
85ab,1704250518179668,0.82428879,6.2749085,0.38528815,11,1134
85ab,1704250519180053,0.82930887,6.26908,0.38056421,11,1144
85ab,1704250520179991,0.82734978,6.2512875,0.3938536,12,1154
85ab,1704250521179719,0.83540195,6.2227049,0.40690342,14,1164
85ab,1704250522179697,0.84364712,6.1873417,0.43179277,15,1174
85ab,1704250523179967,0.84359843,6.20321,0.42561686,12,1184
85ab,1704250524179730,0.84287071,6.2453394,0.42151746,10,1194
85ab,1704250525179859,0.84808373,6.2527027,0.42100781,12,1204
85ab,1704250526179888,0.85825974,6.2240467,0.42747512,14,1214
85ab,1704250527179947,0.86301422,6.2520828,0.41799316,11,1224
85ab,1704250528179874,0.86320847,6.2705307,0.41183856,11,1234
85ab,1704250529180517,0.85863358,6.2471972,0.4082118,13,1244
85ab,1704250530180481,0.86325246,6.2429376,0.41450366,13,1254
85ab,1704250531180272,0.84000313,6.2660656,0.39218965,9,1264
85ab,1704250532180299,0.83057255,6.2593145,0.39432386,11,1274
85ab,1704250533181087,0.83258277,6.2474747,0.39776695,12,1284
85ab,1704250534180027,0.82761931,6.2766032,0.395906,10,1294
85ab,1704250535179933,0.8330496,6.2510071,0.40906557,13,1304
85ab,1704250536179697,0.833186,6.2600884,0.41427216,11,1314
85ab,1704250537179847,0.83171105,6.2832375,0.40139082,10,1324
85ab,1704250538179958,0.83023256,6.279501,0.3956477,11,1334
85ab,1704250539180092,0.847252,6.2923031,0.39735422,11,1344
85ab,1704250540180002,0.84226054,6.2781806,0.39821252,12,1354
85ab,1704250541180050,0.84512877,6.2379341,0.41707358,14,1364
85ab,1704250542179778,0.83954012,6.2559433,0.40335825,10,1374
85ab,1704250543179915,0.82724983,6.2500892,0.41411614,12,1384
85ab,1704250544180236,0.80413103,6.2123408,0.428852,13,1394
85ab,1704250545179892,0.81579638,6.1980052,0.43448526,13,1404
85ab,1704250546179782,0.82710493,6.2291627,0.42342415,11,1414
85ab,1704250547180042,0.81892216,6.2176318,0.4249495,12,1424
85ab,1704250548179872,0.82972044,6.2083888,0.43681324,14,1434
85ab,1704250549179841,0.84354246,6.2468877,0.42885211,11,4
85ab,1704250550179954,0.84167963,6.2843971,0.40224427,10,14
85ab,1704250551180104,0.81679147,6.2627749,0.40554771,11,24
85ab,1704250552179984,0.82238466,6.2555237,0.41500044,12,34
85ab,1704250553180088,0.83622044,6.2839494,0.40125263,10,44
85ab,1704250554180071,0.82197642,6.2949715,0.385954,9,54
85ab,1704250555180120,0.80486631,6.31824,0.37742397,9,64
85ab,1704250556180118,0.81450778,6.2945938,0.38327053,12,74
85ab,1704250557180143,0.81946719,6.276155,0.38996583,12,84
85ab,1704250558180409,0.83497822,6.30968,0.390914,10,94
85ab,1704250559180015,0.82701623,6.2794185,0.39556661,12,104
85ab,1704250560180242,0.82936192,6.2589288,0.41734016,13,114
85ab,1704250561180460,0.81231457,6.2007475,0.4305242,14,124
85ab,1704250562180352,0.81973529,6.2192593,0.42378476,11,134
85ab,1704250563179925,0.83334756,6.2653141,0.40687072,10,144
85ab,1704250564180565,0.84319437,6.2730985,0.39938471,11,154
85ab,1704250565180060,0.84585822,6.2769747,0.40678024,12,164
85ab,1704250566180010,0.85734075,6.2757144,0.41183379,12,174
85ab,1704250567180679,0.84982657,6.2971396,0.3929818,9,184
85ab,1704250568180100,0.84824365,6.3215919,0.38914162,10,194
85ab,1704250569180266,0.84741873,6.3192806,0.39126867,11,204
85ab,1704250570180162,0.83946741,6.3172278,0.39276075,10,214
85ab,1704250571180457,0.85023439,6.335772,0.38691312,10,224
85ab,1704250572180344,0.85697311,6.3007035,0.4098694,14,234
85ab,1704250573180344,0.8366102,6.2532754,0.43058196,13,244
85ab,1704250574180427,0.84805077,6.2356043,0.43200338,13,254
85ab,1704250575180399,0.82778966,6.2444611,0.42606366,10,264
85ab,1704250576180357,0.81140637,6.196898,0.4305782,13,274
85ab,1704250577180242,0.80900335,6.2217493,0.42495438,11,284
85ab,1704250578180303,0.8077035,6.21911,0.42421013,12,294
85ab,1704250579180498,0.82069719,6.2287412,0.4302614,12,304
85ab,1704250580180530,0.81554484,6.2184196,0.43179113,12,314
85ab,1704250581180954,0.82143271,6.2558746,0.41972545,10,324
85ab,1704250582180408,0.8158896,6.2334304,0.41616812,12,334
85ab,1704250583180953,0.82944667,6.2567697,0.40243772,11,344
85ab,1704250584181012,0.83953494,6.25183,0.40346423,12,354
85ab,1704250585180522,0.82999128,6.2762294,0.39037132,9,364
85ab,1704250586181006,0.83519155,6.2961545,0.38809615,10,374
85ab,1704250587180991,0.82364148,6.2852249,0.38885561,11,384
85ab,1704250588180976,0.8099519,6.2855749,0.38536745,10,394
85ab,1704250589180692,0.81833762,6.2994423,0.38736564,10,404
85ab,1704250590180642,0.81811345,6.2766747,0.39959097,12,414
85ab,1704250591181131,0.81276834,6.310585,0.39882946,9,424
85ab,1704250592180464,0.8230409,6.31231,0.4069097,11,434
85ab,1704250593180579,0.818594,6.3474541,0.39088729,12,444
85ab,1704250594180574,0.82664359,6.2807775,0.41387323,15,454
85ab,1704250595180816,0.8289097,6.2917304,0.41075969,11,464
85ab,1704250596182378,0.80854458,6.2911081,0.41134357,10,474
85ab,1704250597180656,0.81470621,6.2892709,0.40779009,11,484
85ab,1704250598180443,0.81527972,6.3179007,0.39324021,10,494
85ab,1704250599180440,0.81646627,6.311698,0.39611903,11,504
85ab,1704250600180578,0.82844454,6.2946525,0.39982387,12,514
85ab,1704250601180636,0.8153435,6.2708693,0.40437177,12,524
85ab,1704250602180568,0.82621032,6.2793918,0.40317202,11,534
85ab,1704250603180929,0.82389843,6.2455692,0.40760103,13,544
85ab,1704250604181001,0.83547008,6.26895,0.39952284,11,554
85ab,1704250605180563,0.8319906,6.2735457,0.40408489,11,564
85ab,1704250606180892,0.83852386,6.2597709,0.41187385,13,574
85ab,1704250607180763,0.83938515,6.2825923,0.39981136,10,584
85ab,1704250608181078,0.83892989,6.2839103,0.39527768,11,594
85ab,1704250609180632,0.83418763,6.2894888,0.39264032,10,604
85ab,1704250610180792,0.8320576,6.2845559,0.40102988,11,614
85ab,1704250611180589,0.83271688,6.275104,0.40601906,12,624
85ab,1704250612180662,0.83521551,6.2860775,0.39521578,10,634
85ab,1704250613180901,0.81744635,6.2631273,0.40778306,12,644
85ab,1704250614180642,0.82909989,6.2876096,0.40995413,11,654
85ab,1704250615180630,0.82315874,6.3175311,0.39999682,9,664
85ab,1704250616180769,0.81939828,6.2752724,0.40393689,13,674
85ab,1704250617180814,0.79913276,6.2740331,0.39682677,10,684
85ab,1704250618181268,0.78629428,6.3007278,0.39072496,8,694
85ab,1704250619180740,0.80524433,6.324615,0.38546732,10,704
85ab,1704250620181166,0.83737844,6.3043404,0.4023245,14,714
85ab,1704250621180752,0.84441614,6.3210049,0.38046402,10,724
85ab,1704250622180834,0.84754038,6.3386841,0.39304778,10,734
85ab,1704250623180636,0.84395307,6.347538,0.3870737,10,744
85ab,1704250624181238,0.834367,6.3158631,0.38939631,11,754
85ab,1704250625181030,0.81989384,6.3071203,0.39064091,10,764
85ab,1704250626180630,0.81326139,6.3361974,0.37435472,11,774
85ab,1704250627180561,0.82776123,6.31333,0.38453117,12,784
85ab,1704250628180736,0.8301686,6.32139,0.38901389,10,794
85ab,1704250629180776,0.82834482,6.3258152,0.38304758,10,804
85ab,1704250630180759,0.82002079,6.2983656,0.39548722,12,814
85ab,1704250631180654,0.82258809,6.2955222,0.3979812,11,824
85ab,1704250632181473,0.81423706,6.2368088,0.4235374,14,834
85ab,1704250633181592,0.82823366,6.2500725,0.42153394,12,844
85ab,1704250634180820,0.82874775,6.2885733,0.40865654,9,854
85ab,1704250635180627,0.83504778,6.2805543,0.40984768,12,864
85ab,1704250636181020,0.83124924,6.2487597,0.41830632,13,874
85ab,1704250637181292,0.83835649,6.2409744,0.42947525,13,884
85ab,1704250638181465,0.85059947,6.2502375,0.4299719,12,894
85ab,1704250639180978,0.83483434,6.2545428,0.420154,11,904
85ab,1704250640180740,0.83629763,6.3099942,0.41042915,12,914
85ab,1704250641181117,0.83110958,6.2789545,0.41416252,12,924
85ab,1704250642181403,0.83312321,6.2721095,0.41986385,12,934
85ab,1704250643181054,0.83276659,6.3034816,0.40280211,10,944
85ab,1704250644181155,0.82856321,6.3303418,0.40572679,9,954
85ab,1704250645181466,0.82235628,6.3104606,0.40226474,11,964
85ab,1704250646181447,0.8331418,6.2979689,0.4128142,12,974
85ab,1704250647181410,0.82688558,6.2995329,0.39961916,10,984
85ab,1704250648181474,0.83911622,6.3046694,0.4030416,11,994
85ab,1704250649181913,0.83688813,6.3248687,0.38441181,10,1004
85ab,1704250650180937,0.83301151,6.2547774,0.40466428,15,1014
85ab,1704250651181087,0.84072191,6.2520595,0.41192868,12,1024
85ab,1704250652180824,0.83147532,6.2551,0.40576443,11,1034
85ab,1704250653181059,0.8233909,6.2244682,0.41407245,13,1044
85ab,1704250654182057,0.81479096,6.2336936,0.40756962,11,1054
85ab,1704250655181564,0.82088429,6.24151,0.41374576,12,1064
85ab,1704250656181488,0.82468486,6.2211471,0.41445693,13,1074
85ab,1704250657181475,0.81693619,6.2227721,0.40542904,11,1084
85ab,1704250658181564,0.82243973,6.2550783,0.40288314,10,1094
85ab,1704250659180898,0.82217216,6.245995,0.39670491,12,1104
85ab,1704250660181605,0.8165468,6.2489223,0.39101872,11,1114
85ab,1704250661181286,0.82160217,6.2478738,0.39395592,12,1124
85ab,1704250662180930,0.8237741,6.2509389,0.39911193,11,1134
85ab,1704250663181050,0.81827414,6.2367735,0.41702464,12,1144
85ab,1704250664181134,0.84029424,6.2826982,0.40428984,11,1154
85ab,1704250665181014,0.83188891,6.2699676,0.40948591,12,1164
85ab,1704250666181592,0.82638067,6.25728,0.41908273,12,1174
85ab,1704250667181129,0.83703607,6.2733006,0.41172704,11,1184
85ab,1704250668180980,0.83940446,6.2743888,0.40826881,11,1194
85ab,1704250669180952,0.83453292,6.3231521,0.38712043,13,1204
85ab,1704250670181117,0.820276,6.3277698,0.37393335,9,1214
85ab,1704250671181244,0.83413059,6.2950039,0.39715737,13,1224
85ab,1704250672180993,0.82325339,6.3009496,0.39684525,10,1234
85ab,1704250673181442,0.83273834,6.2512851,0.42802536,15,1244
85ab,1704250674181217,0.83907747,6.2484231,0.41989785,12,1254
85ab,1704250675181040,0.84189737,6.2780476,0.41322908,10,1264
85ab,1704250676181114,0.83825606,6.325212,0.396824,12,1274
85ab,1704250677181133,0.82005233,6.3277149,0.3917551,9,1284
85ab,1704250678180861,0.82653576,6.3129048,0.40619931,12,1294
85ab,1704250679180974,0.82709783,6.3304791,0.39587018,9,1304
85ab,1704250680181000,0.8271392,6.3022528,0.39476016,12,1314
85ab,1704250681180922,0.83634156,6.26642,0.40581205,14,1324
85ab,1704250682181136,0.83852631,6.231524,0.42903307,14,1334
85ab,1704250683181222,0.8197031,6.22896,0.41952661,11,1344
85ab,1704250684181037,0.82900566,6.29586,0.41551423,12,1354
85ab,1704250685181688,0.83004349,6.3198967,0.39876804,9,1364
85ab,1704250686181058,0.84363437,6.3012056,0.40816981,13,1374
85ab,1704250687181037,0.85892063,6.3020554,0.40962386,12,1384
85ab,1704250688181325,0.85873353,6.334084,0.40327585,10,1394
85ab,1704250689181006,0.84793651,6.3147883,0.40232602,11,1404
85ab,1704250690181744,0.84461385,6.3021464,0.40149745,11,1414
85ab,1704250691181120,0.82238716,6.2437954,0.42398903,14,1424
85ab,1704250692181552,0.83095896,6.3080149,0.40699482,13,1434
85ab,1704250693181720,0.83848709,6.2525458,0.41274554,14,4
85ab,1704250694181390,0.82905692,6.2775803,0.39778394,9,14
85ab,1704250695181483,0.82457429,6.2601748,0.40217116,12,24
85ab,1704250696181335,0.81907535,6.2211022,0.42723089,14,34
85ab,1704250697181443,0.83540827,6.2005925,0.43975198,14,44
85ab,1704250698181502,0.81032342,6.1816416,0.44090539,12,54
85ab,1704250699181401,0.81464356,6.2134247,0.44051892,11,64
85ab,1704250700181823,0.81891745,6.2755923,0.41798705,12,74
85ab,1704250701181634,0.827274,6.28414,0.41910946,11,84
85ab,1704250702181205,0.81487703,6.2449918,0.42933568,13,94
85ab,1704250703181153,0.82496476,6.2514153,0.42852834,12,104
85ab,1704250704181269,0.81744331,6.2590957,0.41589552,10,114
85ab,1704250705181847,0.82177389,6.2439003,0.42563096,13,124
85ab,1704250706181175,0.81202954,6.226366,0.42433721,12,134
85ab,1704250707181835,0.82209319,6.2572989,0.4167701,10,144
85ab,1704250708181463,0.82471293,6.2628131,0.44988459,68,154
85ab,1704250709181875,0.813201,6.2572794,0.43659896,11,164
85ab,1704250710181223,0.83565247,6.2687955,0.43156946,12,174
85ab,1704250711181766,0.83693743,6.2620339,0.4406215,12,184
85ab,1704250712181751,0.83600086,6.2787185,0.42613444,10,194
85ab,1704250713181474,0.83344132,6.2691064,0.41731089,11,204
85ab,1704250714181848,0.83485508,6.2690983,0.41671905,12,214
85ab,1704250715181489,0.82669795,6.2929935,0.39872959,9,224
85ab,1704250716181800,0.82537657,6.2969279,0.39203617,10,234
85ab,1704250717181753,0.82143682,6.2551508,0.40268391,13,244
85ab,1704250718181772,0.82487363,6.2611818,0.39792421,11,254
85ab,1704250719181428,0.83612454,6.25544,0.41200125,13,264
85ab,1704250720181904,0.83905613,6.2666063,0.40705377,11,274
85ab,1704250721181562,0.84677917,6.2408204,0.43010902,14,284
85ab,1704250722181476,0.83939612,6.2514081,0.43091112,11,294
85ab,1704250723181791,0.84481263,6.272687,0.42360961,11,304
85ab,1704250724181836,0.84632868,6.2995815,0.40946329,10,314
85ab,1704250725181859,0.85815364,6.3228369,0.40587249,10,324
85ab,1704250726181901,0.85631335,6.2874832,0.41463888,13,334
85ab,1704250727181664,0.85089654,6.266089,0.41631562,12,344
85ab,1704250728181746,0.85818934,6.2912965,0.41492313,11,354
85ab,1704250729181843,0.84698027,6.3099627,0.39578158,9,364
85ab,1704250730181447,0.83230191,6.3136191,0.39424559,10,374
85ab,1704250731182081,0.83704633,6.3092904,0.4010976,11,384
85ab,1704250732181370,0.82882071,6.3572631,0.39634502,12,394
85ab,1704250733182005,0.82813019,6.31101,0.41667709,13,404
85ab,1704250734182022,0.83048868,6.2906909,0.41291749,12,414
85ab,1704250735181419,0.84179008,6.253993,0.43168053,14,424
85ab,1704250736181540,0.81972659,6.2403746,0.42707562,11,434
85ab,1704250737181493,0.82271904,6.2436953,0.4193629,11,444
85ab,1704250738182069,0.82357717,6.2530832,0.41497314,11,454
85ab,1704250739182064,0.80340326,6.2430949,0.40186703,10,464
85ab,1704250740182685,0.82367396,6.2754407,0.39391631,10,474
85ab,1704250741182051,0.83580273,6.2806563,0.40085062,12,484
85ab,1704250742182184,0.8461417,6.3127456,0.38309112,11,494
85ab,1704250743182095,0.82929742,6.2926,0.3912178,11,504
85ab,1704250744182229,0.82865125,6.2960067,0.39128554,11,514
85ab,1704250745182860,0.84660661,6.3081341,0.38545161,11,524
85ab,1704250746182134,0.84398091,6.2878289,0.39093709,12,534
85ab,1704250747182094,0.83468038,6.2591314,0.40395075,13,544
85ab,1704250748182156,0.8787818,6.1952863,0.35010403,67,554
85ab,1704250749181620,0.86342984,6.2162137,0.3752349,11,564
85ab,1704250750183100,0.85395908,6.2289276,0.38280374,11,574
85ab,1704250751182174,0.85865307,6.2036138,0.39685571,14,584
85ab,1704250752182294,0.8504402,6.2162013,0.38556942,11,594
85ab,1704250753182203,0.85091609,6.1941514,0.41175157,14,604
85ab,1704250754182139,0.84721303,6.1990094,0.41187614,12,614
85ab,1704250755182127,0.83634365,6.1562142,0.429587,15,624
85ab,1704250756181694,0.83704877,6.1767149,0.43262693,12,634
85ab,1704250757181880,0.84925711,6.1692047,0.44589815,14,644
85ab,1704250758182287,0.82971203,6.2159524,0.467541,69,654
85ab,1704250759182159,0.838651,6.2187552,0.44474727,12,664
85ab,1704250760182148,0.82845169,6.2039151,0.44079682,12,674
85ab,1704250761182216,0.82159412,6.2244496,0.43582246,11,684
85ab,1704250762182207,0.80536568,6.2601347,0.42172223,9,694
85ab,1704250763182183,0.81744891,6.248384,0.41713449,12,704
85ab,1704250764182201,0.82163221,6.2448349,0.41286272,12,714
85ab,1704250765182276,0.8245104,6.2678986,0.39684516,10,724
85ab,1704250766182294,0.82660234,6.2885976,0.38465711,10,734
85ab,1704250767182290,0.8260352,6.2727695,0.38802388,12,744
85ab,1704250768182228,0.8303895,6.2418232,0.40238121,13,754
85ab,1704250769182342,0.83585024,6.246202,0.3997128,12,764
85ab,1704250770181708,0.83077395,6.26346,0.39483398,10,774
85ab,1704250771181771,0.84308594,6.2767196,0.3947677,11,784
85ab,1704250772182282,0.83146453,6.2812943,0.4001404,11,794
85ab,1704250773182321,0.83404177,6.277936,0.39421073,11,804
85ab,1704250774182254,0.84043533,6.2975121,0.3957527,11,814
85ab,1704250775182290,0.84093076,6.3121166,0.39387453,10,824
85ab,1704250776181855,0.84008908,6.2904086,0.39621568,12,834
85ab,1704250777182206,0.83877075,6.2891498,0.38331753,11,844
85ab,1704250778181668,0.846528,6.2517905,0.39841551,14,854
85ab,1704250779181984,0.84097642,6.21297,0.40292034,14,864
85ab,1704250780181721,0.84562325,6.2565041,0.38830534,10,874
85ab,1704250781182304,0.84253877,6.2595515,0.39320502,11,884
85ab,1704250782182274,0.84586436,6.2970848,0.38000664,10,894
85ab,1704250783182277,0.83790016,6.3131676,0.36992136,9,904
85ab,1704250784182315,0.83194846,6.293932,0.3803086,12,914
85ab,1704250785182395,0.82421672,6.2434506,0.40926662,14,924
85ab,1704250786182414,0.82943267,6.2485123,0.41837248,12,934
85ab,1704250787182470,0.83439946,6.2857027,0.39949873,10,944
85ab,1704250788182422,0.83179307,6.3206105,0.38789615,10,954
85ab,1704250789182473,0.83437544,6.3171806,0.39707714,11,964
85ab,1704250790182469,0.839578,6.2810359,0.40934861,13,974
85ab,1704250791182568,0.84805995,6.2757993,0.40297776,12,984
85ab,1704250792182496,0.85204512,6.2778792,0.40850505,12,994
85ab,1704250793182478,0.85832351,6.28129,0.39749542,11,1004
85ab,1704250794182490,0.86812019,6.2844634,0.40039304,12,1014
85ab,1704250795182450,0.847753,6.2576003,0.40748629,12,1024
85ab,1704250796182500,0.84777915,6.2743473,0.40511635,11,1034
85ab,1704250797182493,0.85721862,6.2805891,0.39980263,11,1044
85ab,1704250798182483,0.84422725,6.2975626,0.3926903,10,1054
85ab,1704250799182194,0.83816069,6.2851653,0.39558378,11,1064
85ab,1704250800182487,0.85627723,6.2805381,0.39864227,12,1074