BLE,1703214000080904517,D3:F4:55:AB:96:20,-65
BLE,1703214000307658099,DF:DF:EE:00:00:04,-53
BLE,1703214000377993942,DF:A6:DC:DC:2E:81,-73
BLE,1703214000378023067,DF:DF:EE:00:00:01,-73
BLE,1703214000464060088,D3:F4:55:AB:96:20,-50
BLE,1703214000662511509,D3:F4:55:AB:96:20,-64
BLE,1703214000842352807,DF:DF:EE:00:00:04,-54
BLE,1703214001231547475,D3:F4:55:AB:96:20,-51
BLE,1703214001298527417,DF:DF:EE:00:00:04,-37
BLE,1703214001383718984,DF:A6:DC:DC:2E:81,-72
BLE,1703214001383735067,DF:DF:EE:00:00:01,-72
BLE,1703214001428347403,D3:F4:55:AB:96:20,-62
BLE,1703214001844507906,DF:DF:EE:00:00:04,-53
BLE,1703214002013333296,D3:F4:55:AB:96:20,-63
BLE,1703214002301999844,DF:DF:EE:00:00:04,-56
BLE,1703214002386305164,DF:A6:DC:DC:2E:81,-70
BLE,1703214002386316123,DF:DF:EE:00:00:01,-70
BLE,1703214002391126434,D3:F4:55:AB:96:20,-63
BLE,1703214002581337809,D3:F4:55:AB:96:20,-66
BLE,1703214002777009243,D3:F4:55:AB:96:20,-62
BLE,1703214002963634718,D3:F4:55:AB:96:20,-64
BLE,1703214003308656506,DF:DF:EE:00:00:04,-55
BLE,1703214003348042783,D3:F4:55:AB:96:20,-65
BLE,1703214003396336644,DF:A6:DC:DC:2E:81,-70
BLE,1703214003396361186,DF:DF:EE:00:00:01,-70
BLE,1703214003541828100,D3:F4:55:AB:96:20,-63
BLE,1703214003847926151,DF:DF:EE:00:00:04,-54
BLE,1703214003924720298,D3:F4:55:AB:96:20,-62
BLE,1703214004311611143,D3:F4:55:AB:96:20,-49
BLE,1703214004838782552,DF:DF:EE:00:00:04,-54
BLE,1703214004889985650,D3:F4:55:AB:96:20,-63
BLE,1703214005303987705,DF:DF:EE:00:00:04,-53
BLE,1703214005410215133,DF:A6:DC:DC:2E:81,-57
BLE,1703214005410250466,DF:DF:EE:00:00:01,-57
BLE,1703214005843897430,DF:DF:EE:00:00:04,-53
BLE,1703214006046188000,D3:F4:55:AB:96:20,-64
BLE,1703214006241865766,D3:F4:55:AB:96:20,-62
BLE,1703214006304230146,DF:DF:EE:00:00:04,-55
BLE,1703214006430617690,D3:F4:55:AB:96:20,-65
BLE,1703214006619487613,D3:F4:55:AB:96:20,-62
BLE,1703214006620819565,D3:F4:55:AB:96:20,-62
BLE,1703214006810053945,D3:F4:55:AB:96:20,-63
BLE,1703214006847236441,DF:DF:EE:00:00:04,-55
BLE,1703214007007074581,D3:F4:55:AB:96:20,-64
BLE,1703214007391689437,D3:F4:55:AB:96:20,-64
BLE,1703214007413363795,DF:A6:DC:DC:2E:81,-72
BLE,1703214007413391004,DF:DF:EE:00:00:01,-72
BLE,1703214007584632549,D3:F4:55:AB:96:20,-60
BLE,1703214007780143859,D3:F4:55:AB:96:20,-63
BLE,1703214008413728486,DF:A6:DC:DC:2E:81,-70
BLE,1703214008413761695,DF:DF:EE:00:00:01,-70
BLE,1703214008557466409,D3:F4:55:AB:96:20,-47
BLE,1703214008743455512,D3:F4:55:AB:96:20,-65
BLE,1703214009125082590,D3:F4:55:AB:96:20,-62
BLE,1703214009301097822,DF:DF:EE:00:00:04,-40
BLE,1703214009310879236,D3:F4:55:AB:96:20,-63
BLE,1703214009505121634,D3:F4:55:AB:96:20,-62
BLE,1703214009885234844,D3:F4:55:AB:96:20,-62
BLE,1703214010072510025,D3:F4:55:AB:96:20,-64
BLE,1703214010429046593,DF:A6:DC:DC:2E:81,-73
BLE,1703214010429077801,DF:DF:EE:00:00:01,-73
BLE,1703214010457091714,D3:F4:55:AB:96:20,-80
BLE,1703214010852033773,D3:F4:55:AB:96:20,-62
BLE,1703214011042066482,D3:F4:55:AB:96:20,-64
BLE,1703214011301679913,DF:DF:EE:00:00:04,-57
BLE,1703214011433435682,D3:F4:55:AB:96:20,-60
BLE,1703214011436801542,DF:A6:DC:DC:2E:81,-58
BLE,1703214011436827125,DF:DF:EE:00:00:01,-58
BLE,1703214011629507906,D3:F4:55:AB:96:20,-63
BLE,1703214011631081815,D3:F4:55:AB:96:20,-46
BLE,1703214011823026182,D3:F4:55:AB:96:20,-62
BLE,1703214011844894249,DF:DF:EE:00:00:04,-54
BLE,1703214012007751750,D3:F4:55:AB:96:20,-65
BLE,1703214012199689784,D3:F4:55:AB:96:20,-61
BLE,1703214012201021319,D3:F4:55:AB:96:20,-63
BLE,1703214012303889721,DF:DF:EE:00:00:04,-39
BLE,1703214012392092940,D3:F4:55:AB:96:20,-64
BLE,1703214012437541856,DF:A6:DC:DC:2E:81,-78
BLE,1703214012437562231,DF:DF:EE:00:00:01,-78
BLE,1703214012774798555,D3:F4:55:AB:96:20,-63
BLE,1703214012969696076,D3:F4:55:AB:96:20,-64
BLE,1703214013308261560,DF:DF:EE:00:00:04,-55
BLE,1703214013353481311,D3:F4:55:AB:96:20,-62
BLE,1703214013546543673,D3:F4:55:AB:96:20,-61
BLE,1703214013840454321,DF:DF:EE:00:00:04,-55
BLE,1703214014454180290,DF:A6:DC:DC:2E:81,-72
BLE,1703214014454212082,DF:DF:EE:00:00:01,-72
BLE,1703214014506226301,D3:F4:55:AB:96:20,-50
BLE,1703214014698438459,D3:F4:55:AB:96:20,-63
BLE,1703214014843972039,DF:DF:EE:00:00:04,-53
BLE,1703214014889040124,D3:F4:55:AB:96:20,-65
BLE,1703214015082377985,D3:F4:55:AB:96:20,-62
BLE,1703214015272935858,D3:F4:55:AB:96:20,-65
BLE,1703214015309024234,DF:DF:EE:00:00:04,-54
BLE,1703214015467635505,D3:F4:55:AB:96:20,-62
BLE,1703214015655873097,D3:F4:55:AB:96:20,-64
BLE,1703214015838483716,DF:DF:EE:00:00:04,-54
BLE,1703214016238878958,D3:F4:55:AB:96:20,-69
BLE,1703214016429080958,D3:F4:55:AB:96:20,-60
BLE,1703214016464046089,DF:A6:DC:DC:2E:81,-73
BLE,1703214016464074839,DF:DF:EE:00:00:01,-73
BLE,1703214016624080311,D3:F4:55:AB:96:20,-50
BLE,1703214017016069217,D3:F4:55:AB:96:20,-47
BLE,1703214017306809755,DF:DF:EE:00:00:04,-54
BLE,1703214017395877887,D3:F4:55:AB:96:20,-60
BLE,1703214017588969374,D3:F4:55:AB:96:20,-63
BLE,1703214017779168207,D3:F4:55:AB:96:20,-62
BLE,1703214017839366139,DF:DF:EE:00:00:04,-53
BLE,1703214017968982876,D3:F4:55:AB:96:20,-66
BLE,1703214018167785003,D3:F4:55:AB:96:20,-63
BLE,1703214018306002868,DF:DF:EE:00:00:04,-53
BLE,1703214018359183207,D3:F4:55:AB:96:20,-46
BLE,1703214018482683514,DF:A6:DC:DC:2E:81,-72
BLE,1703214018482696264,DF:DF:EE:00:00:01,-72
BLE,1703214018548951001,D3:F4:55:AB:96:20,-63
BLE,1703214019121718950,D3:F4:55:AB:96:20,-65
BLE,1703214019300506253,DF:DF:EE:00:00:04,-53
BLE,1703214019313558818,D3:F4:55:AB:96:20,-62
BLE,1703214019481224296,DF:A6:DC:DC:2E:81,-59
BLE,1703214019481241088,DF:DF:EE:00:00:01,-59
BLE,1703214019499390713,D3:F4:55:AB:96:20,-64
BLE,1703214019697811134,D3:F4:55:AB:96:20,-62
BLE,1703214019889081671,D3:F4:55:AB:96:20,-60
BLE,1703214020302835351,DF:DF:EE:00:00:04,-41
BLE,1703214020471682158,D3:F4:55:AB:96:20,-65
BLE,1703214020483580145,DF:A6:DC:DC:2E:81,-72
BLE,1703214020483591270,DF:DF:EE:00:00:01,-72
BLE,1703214020666361638,D3:F4:55:AB:96:20,-63
BLE,1703214020851918534,D3:F4:55:AB:96:20,-64
BLE,1703214021047851133,D3:F4:55:AB:96:20,-63
BLE,1703214021309114098,DF:DF:EE:00:00:04,-54
BLE,1703214021436171889,D3:F4:55:AB:96:20,-65
BLE,1703214021481566847,DF:A6:DC:DC:2E:81,-74
BLE,1703214021481581180,DF:DF:EE:00:00:01,-74
BLE,1703214022012152115,D3:F4:55:AB:96:20,-62
BLE,1703214022201228871,D3:F4:55:AB:96:20,-68
BLE,1703214022394195942,D3:F4:55:AB:96:20,-63
BLE,1703214022489028756,DF:A6:DC:DC:2E:81,-57
BLE,1703214022489044964,DF:DF:EE:00:00:01,-57
BLE,1703214022773061241,D3:F4:55:AB:96:20,-60
BLE,1703214022968060594,D3:F4:55:AB:96:20,-64
BLE,1703214023354910273,D3:F4:55:AB:96:20,-60
BLE,1703214023499153402,DF:A6:DC:DC:2E:81,-73
BLE,1703214023499198735,DF:DF:EE:00:00:01,-73
BLE,1703214023839756210,DF:DF:EE:00:00:04,-40
BLE,1703214023933966027,D3:F4:55:AB:96:20,-64
BLE,1703214024306608230,DF:DF:EE:00:00:04,-54
BLE,1703214025078481847,D3:F4:55:AB:96:20,-50
BLE,1703214025301454405,DF:DF:EE:00:00:04,-55
BLE,1703214025461299961,D3:F4:55:AB:96:20,-64
BLE,1703214025516375125,DF:A6:DC:DC:2E:81,-70
BLE,1703214025516389958,DF:DF:EE:00:00:01,-70
BLE,1703214025661229042,D3:F4:55:AB:96:20,-62
BLE,1703214025839662263,DF:DF:EE:00:00:04,-55
BLE,1703214026045110110,D3:F4:55:AB:96:20,-63
BLE,1703214026241643956,D3:F4:55:AB:96:20,-62
BLE,1703214026297962197,DF:DF:EE:00:00:04,-38
BLE,1703214026432045080,D3:F4:55:AB:96:20,-64
BLE,1703214026627866221,D3:F4:55:AB:96:20,-47
BLE,1703214026842663900,DF:DF:EE:00:00:04,-57
BLE,1703214027018543550,D3:F4:55:AB:96:20,-63
BLE,1703214027209503296,D3:F4:55:AB:96:20,-47
BLE,1703214027306292310,DF:DF:EE:00:00:04,-53
BLE,1703214027400754000,D3:F4:55:AB:96:20,-66
BLE,1703214027524227474,DF:A6:DC:DC:2E:81,-73
BLE,1703214027524259766,DF:DF:EE:00:00:01,-73
BLE,1703214027840394270,DF:DF:EE:00:00:04,-55
BLE,1703214028179964292,D3:F4:55:AB:96:20,-63
BLE,1703214028307902328,DF:DF:EE:00:00:04,-40
BLE,1703214028373892608,D3:F4:55:AB:96:20,-62
BLE,1703214028563443028,D3:F4:55:AB:96:20,-63
BLE,1703214028750742625,D3:F4:55:AB:96:20,-64
BLE,1703214028838823220,DF:DF:EE:00:00:04,-53
BLE,1703214029139406629,D3:F4:55:AB:96:20,-62
BLE,1703214029301418759,DF:DF:EE:00:00:04,-57
BLE,1703214029522239119,D3:F4:55:AB:96:20,-62
BLE,1703214029536919468,DF:A6:DC:DC:2E:81,-74
BLE,1703214029536935093,DF:DF:EE:00:00:01,-74
BLE,1703214029712342869,D3:F4:55:AB:96:20,-62
BLE,1703214029838667414,DF:DF:EE:00:00:04,-54
BLE,1703214029897760267,D3:F4:55:AB:96:20,-64
BLE,1703214030284583196,D3:F4:55:AB:96:20,-62
BLE,1703214030474106241,D3:F4:55:AB:96:20,-62
BLE,1703214030543615838,DF:A6:DC:DC:2E:81,-72
BLE,1703214030543628421,DF:DF:EE:00:00:01,-72
BLE,1703214030854459659,D3:F4:55:AB:96:20,-75
BLE,1703214031298879698,DF:DF:EE:00:00:04,-54
BLE,1703214031622767500,D3:F4:55:AB:96:20,-62
BLE,1703214031817601021,D3:F4:55:AB:96:20,-62
BLE,1703214031844632855,DF:DF:EE:00:00:04,-56
BLE,1703214032011860419,D3:F4:55:AB:96:20,-64
BLE,1703214032209925008,D3:F4:55:AB:96:20,-67
BLE,1703214032549231281,DF:A6:DC:DC:2E:81,-59
BLE,1703214032549268323,DF:DF:EE:00:00:01,-59
BLE,1703214032589528971,D3:F4:55:AB:96:20,-46
BLE,1703214032778699976,D3:F4:55:AB:96:20,-65
BLE,1703214032843328970,DF:DF:EE:00:00:04,-52
BLE,1703214033168384267,D3:F4:55:AB:96:20,-59
BLE,1703214033304376142,DF:DF:EE:00:00:04,-53
BLE,1703214033547639981,D3:F4:55:AB:96:20,-46
BLE,1703214033550917633,DF:A6:DC:DC:2E:81,-56
BLE,1703214033551042424,DF:DF:EE:00:00:01,-56
BLE,1703214033741642214,D3:F4:55:AB:96:20,-64
BLE,1703214033846251108,DF:DF:EE:00:00:04,-55
BLE,1703214033931290759,D3:F4:55:AB:96:20,-60
BLE,1703214034123752415,D3:F4:55:AB:96:20,-64
BLE,1703214034300844642,DF:DF:EE:00:00:04,-56
BLE,1703214034502850213,D3:F4:55:AB:96:20,-62
BLE,1703214034554639892,DF:A6:DC:DC:2E:81,-73
BLE,1703214034554662142,DF:DF:EE:00:00:01,-73
BLE,1703214034689428522,D3:F4:55:AB:96:20,-50
BLE,1703214034879315399,D3:F4:55:AB:96:20,-46
BLE,1703214035266661284,D3:F4:55:AB:96:20,-63
BLE,1703214035298750136,DF:DF:EE:00:00:04,-52
BLE,1703214035455396249,D3:F4:55:AB:96:20,-64
BLE,1703214035649025276,D3:F4:55:AB:96:20,-62
BLE,1703214035834427965,D3:F4:55:AB:96:20,-50
BLE,1703214036030711270,D3:F4:55:AB:96:20,-64
BLE,1703214036217532286,D3:F4:55:AB:96:20,-50
BLE,1703214036600757899,D3:F4:55:AB:96:20,-50
BLE,1703214036837032854,DF:DF:EE:00:00:04,-55
BLE,1703214036986227626,D3:F4:55:AB:96:20,-50
BLE,1703214037298294607,DF:DF:EE:00:00:04,-53
BLE,1703214037371388730,D3:F4:55:AB:96:20,-60
BLE,1703214037571045603,DF:A6:DC:DC:2E:81,-75
BLE,1703214037571083645,DF:DF:EE:00:00:01,-75
BLE,1703214037840758988,DF:DF:EE:00:00:04,-53
BLE,1703214037948863449,D3:F4:55:AB:96:20,-64
BLE,1703214038576481354,DF:A6:DC:DC:2E:81,-73
BLE,1703214038576519437,DF:DF:EE:00:00:01,-73
BLE,1703214039097718749,D3:F4:55:AB:96:20,-50
BLE,1703214039304783088,DF:DF:EE:00:00:04,-53
BLE,1703214039582022646,DF:A6:DC:DC:2E:81,-72
BLE,1703214039582090271,DF:DF:EE:00:00:01,-72
BLE,1703214039866563213,D3:F4:55:AB:96:20,-65
BLE,1703214040060776320,D3:F4:55:AB:96:20,-62
BLE,1703214040644295928,D3:F4:55:AB:96:20,-62
BLE,1703214040831802399,D3:F4:55:AB:96:20,-64
BLE,1703214041219535741,D3:F4:55:AB:96:20,-62
BLE,1703214041305022389,DF:DF:EE:00:00:04,-65
BLE,1703214041414419469,D3:F4:55:AB:96:20,-64
BLE,1703214041845053906,DF:DF:EE:00:00:04,-53
BLE,1703214041997327164,D3:F4:55:AB:96:20,-63
BLE,1703214042191030106,D3:F4:55:AB:96:20,-61
BLE,1703214042573127266,D3:F4:55:AB:96:20,-62
BLE,1703214042595938994,DF:A6:DC:DC:2E:81,-72
BLE,1703214042595960577,DF:DF:EE:00:00:01,-72
BLE,1703214042765700088,D3:F4:55:AB:96:20,-64
BLE,1703214042835747516,DF:DF:EE:00:00:04,-39
BLE,1703214042960719483,D3:F4:55:AB:96:20,-63
BLE,1703214043148193079,D3:F4:55:AB:96:20,-64
BLE,1703214043531036860,D3:F4:55:AB:96:20,-64
BLE,1703214043920742776,D3:F4:55:AB:96:20,-61
BLE,1703214044298258915,DF:DF:EE:00:00:04,-53
BLE,1703214044499353532,D3:F4:55:AB:96:20,-77
BLE,1703214044844261529,DF:DF:EE:00:00:04,-55
BLE,1703214044883282475,D3:F4:55:AB:96:20,-64
BLE,1703214045076935084,D3:F4:55:AB:96:20,-63
BLE,1703214045271182358,D3:F4:55:AB:96:20,-46
BLE,1703214045460810277,D3:F4:55:AB:96:20,-62
BLE,1703214045655406882,D3:F4:55:AB:96:20,-62
BLE,1703214045842646854,DF:DF:EE:00:00:04,-55
BLE,1703214045848088329,D3:F4:55:AB:96:20,-64
BLE,1703214046037576250,D3:F4:55:AB:96:20,-61
BLE,1703214046231976606,D3:F4:55:AB:96:20,-64
BLE,1703214046300684415,DF:DF:EE:00:00:04,-53
BLE,1703214046426872334,D3:F4:55:AB:96:20,-61
BLE,1703214046615989131,D3:F4:55:AB:96:20,-64
BLE,1703214046623334014,DF:A6:DC:DC:2E:81,-71
BLE,1703214046623381472,DF:DF:EE:00:00:01,-71
BLE,1703214046812788184,D3:F4:55:AB:96:20,-62
BLE,1703214047004397303,D3:F4:55:AB:96:20,-61
BLE,1703214047197781497,D3:F4:55:AB:96:20,-50
BLE,1703214047304631673,DF:DF:EE:00:00:04,-56
BLE,1703214047393060474,D3:F4:55:AB:96:20,-58
BLE,1703214047629635386,DF:A6:DC:DC:2E:81,-75
BLE,1703214047629671678,DF:DF:EE:00:00:01,-75
BLE,1703214047973243264,D3:F4:55:AB:96:20,-62
BLE,1703214048164272927,D3:F4:55:AB:96:20,-69
BLE,1703214048550060987,D3:F4:55:AB:96:20,-64
BLE,1703214048744312927,D3:F4:55:AB:96:20,-63
BLE,1703214048935205590,D3:F4:55:AB:96:20,-63
BLE,1703214049321028399,D3:F4:55:AB:96:20,-62
BLE,1703214049517690120,D3:F4:55:AB:96:20,-64
BLE,1703214049644621578,DF:A6:DC:DC:2E:81,-73
BLE,1703214049644654244,DF:DF:EE:00:00:01,-73
BLE,1703214049838384187,DF:DF:EE:00:00:04,-54
BLE,1703214049907239537,D3:F4:55:AB:96:20,-60
BLE,1703214050100854563,D3:F4:55:AB:96:20,-65
BLE,1703214050297775741,D3:F4:55:AB:96:20,-63
BLE,1703214050485757460,D3:F4:55:AB:96:20,-64
BLE,1703214050864763800,D3:F4:55:AB:96:20,-63
BLE,1703214051060676482,D3:F4:55:AB:96:20,-63
BLE,1703214051257084829,D3:F4:55:AB:96:20,-61
BLE,1703214051647541325,D3:F4:55:AB:96:20,-62
BLE,1703214051656278201,DF:A6:DC:DC:2E:81,-73
BLE,1703214051656306785,DF:DF:EE:00:00:01,-73
BLE,1703214051840310688,D3:F4:55:AB:96:20,-46
BLE,1703214052034271838,D3:F4:55:AB:96:20,-78
BLE,1703214052301729441,DF:DF:EE:00:00:04,-55
BLE,1703214052661753286,DF:A6:DC:DC:2E:81,-72
BLE,1703214052661785369,DF:DF:EE:00:00:01,-72
BLE,1703214052987128998,D3:F4:55:AB:96:20,-60
BLE,1703214053176966125,D3:F4:55:AB:96:20,-63
BLE,1703214053303545709,DF:DF:EE:00:00:04,-56
BLE,1703214053363504267,D3:F4:55:AB:96:20,-64
BLE,1703214053558355621,D3:F4:55:AB:96:20,-47
BLE,1703214053749293034,D3:F4:55:AB:96:20,-65
BLE,1703214054131612484,D3:F4:55:AB:96:20,-50
BLE,1703214054325925091,D3:F4:55:AB:96:20,-62
BLE,1703214054519406117,D3:F4:55:AB:96:20,-60
BLE,1703214054668407516,DF:A6:DC:DC:2E:81,-59
BLE,1703214054668423182,DF:DF:EE:00:00:01,-59
BLE,1703214054709160370,D3:F4:55:AB:96:20,-63
BLE,1703214054842116175,DF:DF:EE:00:00:04,-55
BLE,1703214054895790428,D3:F4:55:AB:96:20,-66
BLE,1703214055089439204,D3:F4:55:AB:96:20,-63
BLE,1703214055279056457,D3:F4:55:AB:96:20,-63
BLE,1703214055296531335,DF:DF:EE:00:00:04,-53
BLE,1703214055470701243,D3:F4:55:AB:96:20,-63
BLE,1703214055659531541,D3:F4:55:AB:96:20,-64
BLE,1703214055676872586,DF:A6:DC:DC:2E:81,-73
BLE,1703214055676884003,DF:DF:EE:00:00:01,-73
BLE,1703214056044673228,D3:F4:55:AB:96:20,-64
BLE,1703214056304782240,DF:DF:EE:00:00:04,-56
BLE,1703214056675235995,DF:A6:DC:DC:2E:81,-59
BLE,1703214056675268286,DF:DF:EE:00:00:01,-59
BLE,1703214056842246310,DF:DF:EE:00:00:04,-55
BLE,1703214056996541184,D3:F4:55:AB:96:20,-62
BLE,1703214057191051289,D3:F4:55:AB:96:20,-64
BLE,1703214057383960027,D3:F4:55:AB:96:20,-63
BLE,1703214057573229323,D3:F4:55:AB:96:20,-50
BLE,1703214057681796532,DF:A6:DC:DC:2E:81,-73
BLE,1703214057681811532,DF:DF:EE:00:00:01,-73
BLE,1703214057765840729,D3:F4:55:AB:96:20,-63
BLE,1703214057951549542,D3:F4:55:AB:96:20,-78
BLE,1703214058151053249,D3:F4:55:AB:96:20,-62
BLE,1703214058304968125,DF:DF:EE:00:00:04,-55
BLE,1703214058533923905,D3:F4:55:AB:96:20,-62
BLE,1703214058687146117,DF:A6:DC:DC:2E:81,-75
BLE,1703214058687201700,DF:DF:EE:00:00:01,-75
BLE,1703214058845035433,DF:DF:EE:00:00:04,-40
BLE,1703214059299241594,DF:DF:EE:00:00:04,-56
BLE,1703214059684497197,D3:F4:55:AB:96:20,-70
BLE,1703214059844717210,DF:DF:EE:00:00:04,-54
BLE,1703214059882865035,D3:F4:55:AB:96:20,-79
BLE,1703214060259954967,D3:F4:55:AB:96:20,-61
BLE,1703214060296459466,DF:DF:EE:00:00:04,-53
BLE,1703214060453490285,D3:F4:55:AB:96:20,-66
BLE,1703214060687684667,DF:A6:DC:DC:2E:81,-72
BLE,1703214060687721750,DF:DF:EE:00:00:01,-72
BLE,1703214060835131447,D3:F4:55:AB:96:20,-66
BLE,1703214060837041980,DF:DF:EE:00:00:04,-53
BLE,1703214061029917260,D3:F4:55:AB:96:20,-63
BLE,1703214061215061033,D3:F4:55:AB:96:20,-63
BLE,1703214061299034272,DF:DF:EE:00:00:04,-57
BLE,1703214061598180104,D3:F4:55:AB:96:20,-50
BLE,1703214061690914386,DF:A6:DC:DC:2E:81,-74
BLE,1703214061690959553,DF:DF:EE:00:00:01,-74
BLE,1703214061983339083,D3:F4:55:AB:96:20,-65
BLE,1703214062174728786,D3:F4:55:AB:96:20,-67
BLE,1703214062748405856,D3:F4:55:AB:96:20,-64
BLE,1703214062937199571,D3:F4:55:AB:96:20,-62
BLE,1703214063127897111,D3:F4:55:AB:96:20,-50
BLE,1703214063697423992,D3:F4:55:AB:96:20,-61
BLE,1703214063702020471,DF:A6:DC:DC:2E:81,-71
BLE,1703214063702032804,DF:DF:EE:00:00:01,-71
BLE,1703214064299498140,DF:DF:EE:00:00:04,-53
BLE,1703214064703534490,DF:A6:DC:DC:2E:81,-73
BLE,1703214064703582031,DF:DF:EE:00:00:01,-73
BLE,1703214064838595827,DF:DF:EE:00:00:04,-53
BLE,1703214064857321324,D3:F4:55:AB:96:20,-64
BLE,1703214065246915699,D3:F4:55:AB:96:20,-64
BLE,1703214065306404009,DF:DF:EE:00:00:04,-55
BLE,1703214065637500028,D3:F4:55:AB:96:20,-62
BLE,1703214065832028717,D3:F4:55:AB:96:20,-64
BLE,1703214065843355665,DF:DF:EE:00:00:04,-55
BLE,1703214066222278922,D3:F4:55:AB:96:20,-61
BLE,1703214066300635645,DF:DF:EE:00:00:04,-54
BLE,1703214066610466470,D3:F4:55:AB:96:20,-62
BLE,1703214066719313720,DF:A6:DC:DC:2E:81,-72
BLE,1703214066719332469,DF:DF:EE:00:00:01,-72
BLE,1703214066804490411,D3:F4:55:AB:96:20,-62
BLE,1703214066840058956,DF:DF:EE:00:00:04,-65
BLE,1703214066994345788,D3:F4:55:AB:96:20,-63
BLE,1703214067180807514,D3:F4:55:AB:96:20,-64
BLE,1703214067297254687,DF:DF:EE:00:00:04,-42
BLE,1703214067372000635,D3:F4:55:AB:96:20,-63
BLE,1703214067563488546,D3:F4:55:AB:96:20,-65
BLE,1703214067756021285,D3:F4:55:AB:96:20,-62
BLE,1703214067944347669,D3:F4:55:AB:96:20,-65
BLE,1703214068137603197,D3:F4:55:AB:96:20,-63
BLE,1703214068298686039,DF:DF:EE:00:00:04,-56
BLE,1703214068711045435,D3:F4:55:AB:96:20,-64
BLE,1703214068838015601,DF:DF:EE:00:00:04,-55
BLE,1703214069106207159,D3:F4:55:AB:96:20,-62
BLE,1703214069302690130,DF:DF:EE:00:00:04,-54
BLE,1703214069836038386,DF:DF:EE:00:00:04,-54
BLE,1703214070058646529,D3:F4:55:AB:96:20,-63
BLE,1703214070297584138,DF:DF:EE:00:00:04,-54
BLE,1703214070635520001,D3:F4:55:AB:96:20,-63
BLE,1703214070837390489,DF:DF:EE:00:00:04,-57
BLE,1703214071021807724,D3:F4:55:AB:96:20,-47
BLE,1703214071207537745,D3:F4:55:AB:96:20,-65
BLE,1703214071600175315,D3:F4:55:AB:96:20,-62
BLE,1703214071792732012,D3:F4:55:AB:96:20,-64
BLE,1703214071985650208,D3:F4:55:AB:96:20,-62
BLE,1703214072302499626,DF:DF:EE:00:00:04,-57
BLE,1703214072375126792,D3:F4:55:AB:96:20,-69
BLE,1703214072841336440,DF:DF:EE:00:00:04,-55
BLE,1703214073140289982,D3:F4:55:AB:96:20,-65
BLE,1703214073336096665,D3:F4:55:AB:96:20,-62
BLE,1703214073531172767,D3:F4:55:AB:96:20,-60
BLE,1703214073722395721,D3:F4:55:AB:96:20,-62
BLE,1703214074301961931,D3:F4:55:AB:96:20,-63
BLE,1703214074685225793,D3:F4:55:AB:96:20,-63
BLE,1703214074754437267,DF:A6:DC:DC:2E:81,-73
BLE,1703214074754468933,DF:DF:EE:00:00:01,-73
BLE,1703214074872978347,D3:F4:55:AB:96:20,-65
BLE,1703214075071140477,D3:F4:55:AB:96:20,-67
BLE,1703214075302588787,DF:DF:EE:00:00:04,-53
BLE,1703214075453667176,D3:F4:55:AB:96:20,-46
BLE,1703214075639629237,D3:F4:55:AB:96:20,-64
BLE,1703214075761675718,DF:A6:DC:DC:2E:81,-72
BLE,1703214075761707843,DF:DF:EE:00:00:01,-72
BLE,1703214076019271158,D3:F4:55:AB:96:20,-66
BLE,1703214076299312495,DF:DF:EE:00:00:04,-55
BLE,1703214076404677761,D3:F4:55:AB:96:20,-65
BLE,1703214076598177413,D3:F4:55:AB:96:20,-62
BLE,1703214076844678696,DF:DF:EE:00:00:04,-57
BLE,1703214077173632933,D3:F4:55:AB:96:20,-64
BLE,1703214077551362071,D3:F4:55:AB:96:20,-64
BLE,1703214077748002416,D3:F4:55:AB:96:20,-63
BLE,1703214077934311434,D3:F4:55:AB:96:20,-64
BLE,1703214078123409940,D3:F4:55:AB:96:20,-46
BLE,1703214078312386487,D3:F4:55:AB:96:20,-64
BLE,1703214078502862986,D3:F4:55:AB:96:20,-46
BLE,1703214078697474341,D3:F4:55:AB:96:20,-77
BLE,1703214078783674945,DF:A6:DC:DC:2E:81,-72
BLE,1703214078783702862,DF:DF:EE:00:00:01,-72
BLE,1703214078839932353,DF:DF:EE:00:00:04,-53
BLE,1703214079083903064,D3:F4:55:AB:96:20,-64
BLE,1703214079274680604,D3:F4:55:AB:96:20,-63
BLE,1703214079297724456,DF:DF:EE:00:00:04,-57
BLE,1703214079463741901,D3:F4:55:AB:96:20,-51
BLE,1703214079652812615,D3:F4:55:AB:96:20,-61
BLE,1703214079786490541,DF:A6:DC:DC:2E:81,-71
BLE,1703214079786512583,DF:DF:EE:00:00:01,-71
BLE,1703214079838178845,DF:DF:EE:00:00:04,-55
BLE,1703214080422816282,D3:F4:55:AB:96:20,-63
BLE,1703214080611661372,D3:F4:55:AB:96:20,-65
BLE,1703214080807084015,D3:F4:55:AB:96:20,-47
BLE,1703214081003806985,D3:F4:55:AB:96:20,-62
BLE,1703214081842440670,DF:DF:EE:00:00:04,-55
BLE,1703214082301301143,DF:DF:EE:00:00:04,-54
BLE,1703214082527717060,D3:F4:55:AB:96:20,-65
BLE,1703214082838003925,DF:DF:EE:00:00:04,-53
BLE,1703214083306473562,DF:DF:EE:00:00:04,-56
BLE,1703214083685928483,D3:F4:55:AB:96:20,-63
BLE,1703214083805229351,DF:A6:DC:DC:2E:81,-74
BLE,1703214083805265393,DF:DF:EE:00:00:01,-74
BLE,1703214083844339463,DF:DF:EE:00:00:04,-41
BLE,1703214084064634033,D3:F4:55:AB:96:20,-61
BLE,1703214084300341283,DF:DF:EE:00:00:04,-54
BLE,1703214084828354604,D3:F4:55:AB:96:20,-61
BLE,1703214084837711353,DF:DF:EE:00:00:04,-56
BLE,1703214085399224229,D3:F4:55:AB:96:20,-62
BLE,1703214085592681339,D3:F4:55:AB:96:20,-60
BLE,1703214085817673680,DF:A6:DC:DC:2E:81,-71
BLE,1703214085817725596,DF:DF:EE:00:00:01,-71
BLE,1703214085977782360,D3:F4:55:AB:96:20,-61
BLE,1703214086170173683,D3:F4:55:AB:96:20,-64
BLE,1703214086362893964,D3:F4:55:AB:96:20,-63
BLE,1703214086551896095,D3:F4:55:AB:96:20,-64
BLE,1703214086745430413,D3:F4:55:AB:96:20,-63
BLE,1703214086820126819,DF:A6:DC:DC:2E:81,-73
BLE,1703214086820166778,DF:DF:EE:00:00:01,-73
BLE,1703214086940430683,D3:F4:55:AB:96:20,-61
BLE,1703214087130123602,D3:F4:55:AB:96:20,-63
BLE,1703214087297088001,DF:DF:EE:00:00:04,-52
BLE,1703214087317490824,D3:F4:55:AB:96:20,-66
BLE,1703214087708494442,D3:F4:55:AB:96:20,-60
BLE,1703214088284932458,D3:F4:55:AB:96:20,-64
BLE,1703214088479342272,D3:F4:55:AB:96:20,-63
BLE,1703214088666432745,D3:F4:55:AB:96:20,-65
BLE,1703214088839774490,DF:DF:EE:00:00:04,-56
BLE,1703214088865425913,D3:F4:55:AB:96:20,-62
BLE,1703214089247959196,D3:F4:55:AB:96:20,-62
BLE,1703214089296241390,DF:DF:EE:00:00:04,-53
BLE,1703214089630357520,D3:F4:55:AB:96:20,-63
BLE,1703214089820268189,D3:F4:55:AB:96:20,-60
BLE,1703214089832938589,DF:A6:DC:DC:2E:81,-73
BLE,1703214089832967589,DF:DF:EE:00:00:01,-73
BLE,1703214089836363281,DF:DF:EE:00:00:04,-54
BLE,1703214090011124811,D3:F4:55:AB:96:20,-62
BLE,1703214090198849489,D3:F4:55:AB:96:20,-64
BLE,1703214090305417083,DF:DF:EE:00:00:04,-40
BLE,1703214090589383568,D3:F4:55:AB:96:20,-61
BLE,1703214090777920659,D3:F4:55:AB:96:20,-62
BLE,1703214090841236202,DF:A6:DC:DC:2E:81,-73
BLE,1703214090841272326,DF:DF:EE:00:00:01,-73
BLE,1703214090971846018,D3:F4:55:AB:96:20,-60
BLE,1703214091736616126,D3:F4:55:AB:96:20,-60
BLE,1703214091845289501,DF:A6:DC:DC:2E:81,-70
BLE,1703214091845331042,DF:DF:EE:00:00:01,-70
BLE,1703214092303887183,DF:DF:EE:00:00:04,-56
BLE,1703214092311427815,D3:F4:55:AB:96:20,-64
BLE,1703214092500174364,D3:F4:55:AB:96:20,-62
BLE,1703214092689453952,D3:F4:55:AB:96:20,-63
BLE,1703214092876090927,D3:F4:55:AB:96:20,-64
BLE,1703214093072970646,D3:F4:55:AB:96:20,-63
BLE,1703214093271022111,D3:F4:55:AB:96:20,-62
BLE,1703214093460501281,D3:F4:55:AB:96:20,-50
BLE,1703214093838489251,DF:DF:EE:00:00:04,-55
BLE,1703214093857598538,DF:A6:DC:DC:2E:81,-73
BLE,1703214093857627913,DF:DF:EE:00:00:01,-73
BLE,1703214094039623576,D3:F4:55:AB:96:20,-62
BLE,1703214094811161444,D3:F4:55:AB:96:20,-64
BLE,1703214094841329764,DF:DF:EE:00:00:04,-40
BLE,1703214095770868572,D3:F4:55:AB:96:20,-62
BLE,1703214095842356910,DF:DF:EE:00:00:04,-54
BLE,1703214095956122554,D3:F4:55:AB:96:20,-64
BLE,1703214096841465274,DF:DF:EE:00:00:04,-54
BLE,1703214097299376126,DF:DF:EE:00:00:04,-55
BLE,1703214097490542080,D3:F4:55:AB:96:20,-50
BLE,1703214098304476754,DF:DF:EE:00:00:04,-55
BLE,1703214098641656912,D3:F4:55:AB:96:20,-61
BLE,1703214098837550802,D3:F4:55:AB:96:20,-66
BLE,1703214098880222856,DF:A6:DC:DC:2E:81,-78
BLE,1703214098880242356,DF:DF:EE:00:00:01,-78
BLE,1703214099031469869,D3:F4:55:AB:96:20,-62
BLE,1703214099227177635,D3:F4:55:AB:96:20,-60
BLE,1703214099303859116,DF:DF:EE:00:00:04,-55
BLE,1703214099422423613,D3:F4:55:AB:96:20,-63
BLE,1703214099840419524,DF:DF:EE:00:00:04,-55
BLE,1703214099991227497,D3:F4:55:AB:96:20,-46
BLE,1703214100301973443,DF:DF:EE:00:00:04,-54
BLE,1703214100381499618,D3:F4:55:AB:96:20,-62
BLE,1703214100572348032,D3:F4:55:AB:96:20,-65
BLE,1703214100764267775,D3:F4:55:AB:96:20,-47
BLE,1703214101148764673,D3:F4:55:AB:96:20,-62
BLE,1703214101299631313,DF:DF:EE:00:00:04,-55
BLE,1703214101539248586,D3:F4:55:AB:96:20,-63
BLE,1703214101732433739,D3:F4:55:AB:96:20,-63
BLE,1703214101833587774,DF:DF:EE:00:00:04,-54
BLE,1703214101891231842,DF:A6:DC:DC:2E:81,-73
BLE,1703214101891266842,DF:DF:EE:00:00:01,-73
BLE,1703214101925487434,D3:F4:55:AB:96:20,-61
BLE,1703214102505771307,D3:F4:55:AB:96:20,-63
BLE,1703214102838047113,DF:DF:EE:00:00:04,-56
BLE,1703214102893028693,DF:A6:DC:DC:2E:81,-71
BLE,1703214102893076735,DF:DF:EE:00:00:01,-71
BLE,1703214103665145559,D3:F4:55:AB:96:20,-76
BLE,1703214103841228207,DF:DF:EE:00:00:04,-54
BLE,1703214103857451383,D3:F4:55:AB:96:20,-64
BLE,1703214103894203714,DF:A6:DC:DC:2E:81,-72
BLE,1703214103894233714,DF:DF:EE:00:00:01,-72
BLE,1703214104436053139,D3:F4:55:AB:96:20,-62
BLE,1703214104627152885,D3:F4:55:AB:96:20,-61
BLE,1703214104823250608,D3:F4:55:AB:96:20,-81
BLE,1703214104896146981,DF:A6:DC:DC:2E:81,-70
BLE,1703214104896181439,DF:DF:EE:00:00:01,-70
BLE,1703214105793083314,D3:F4:55:AB:96:20,-64
BLE,1703214105836454323,DF:DF:EE:00:00:04,-53
BLE,1703214106298010284,DF:DF:EE:00:00:04,-55
BLE,1703214106369183207,D3:F4:55:AB:96:20,-64
BLE,1703214106556806760,D3:F4:55:AB:96:20,-65
BLE,1703214106747976465,D3:F4:55:AB:96:20,-62
BLE,1703214106838033467,DF:DF:EE:00:00:04,-56
BLE,1703214106943143650,D3:F4:55:AB:96:20,-60
BLE,1703214107138201045,D3:F4:55:AB:96:20,-64
BLE,1703214107333683854,D3:F4:55:AB:96:20,-63
BLE,1703214107522796068,D3:F4:55:AB:96:20,-65
BLE,1703214107718040420,D3:F4:55:AB:96:20,-63
BLE,1703214107912502692,D3:F4:55:AB:96:20,-60
BLE,1703214107916215967,DF:A6:DC:DC:2E:81,-72
BLE,1703214107916243967,DF:DF:EE:00:00:01,-72
BLE,1703214108688456916,D3:F4:55:AB:96:20,-63
BLE,1703214108843148621,DF:DF:EE:00:00:04,-55
BLE,1703214108880704240,D3:F4:55:AB:96:20,-60
BLE,1703214109297644989,DF:DF:EE:00:00:04,-66
BLE,1703214109458704207,D3:F4:55:AB:96:20,-65
BLE,1703214109650538158,D3:F4:55:AB:96:20,-68
BLE,1703214110036921672,D3:F4:55:AB:96:20,-62
BLE,1703214110225577180,D3:F4:55:AB:96:20,-63
BLE,1703214110306678765,DF:DF:EE:00:00:04,-56
BLE,1703214110417840962,D3:F4:55:AB:96:20,-62
BLE,1703214111000736990,D3:F4:55:AB:96:20,-67
BLE,1703214111298808786,DF:DF:EE:00:00:04,-57
BLE,1703214111784307595,D3:F4:55:AB:96:20,-61
BLE,1703214111949333544,DF:A6:DC:DC:2E:81,-72
BLE,1703214111949387669,DF:DF:EE:00:00:01,-72
BLE,1703214112176273250,D3:F4:55:AB:96:20,-62
BLE,1703214112365986670,D3:F4:55:AB:96:20,-60
BLE,1703214112555705922,D3:F4:55:AB:96:20,-62
BLE,1703214113520329027,D3:F4:55:AB:96:20,-47
BLE,1703214113839532143,DF:DF:EE:00:00:04,-56
BLE,1703214113903279725,D3:F4:55:AB:96:20,-63
BLE,1703214114303542592,DF:DF:EE:00:00:04,-56
BLE,1703214114473180354,D3:F4:55:AB:96:20,-64
BLE,1703214114672282980,D3:F4:55:AB:96:20,-62
BLE,1703214114833528322,DF:DF:EE:00:00:04,-53
BLE,1703214114859166370,D3:F4:55:AB:96:20,-64
BLE,1703214114968864241,DF:A6:DC:DC:2E:81,-73
BLE,1703214114968902366,DF:DF:EE:00:00:01,-73
BLE,1703214115298125643,DF:DF:EE:00:00:04,-55
BLE,1703214115440496863,D3:F4:55:AB:96:20,-64
BLE,1703214115842244933,DF:DF:EE:00:00:04,-55
BLE,1703214116011763153,D3:F4:55:AB:96:20,-61
BLE,1703214116787682001,D3:F4:55:AB:96:20,-62
BLE,1703214116978912038,D3:F4:55:AB:96:20,-62
BLE,1703214116987590457,DF:A6:DC:DC:2E:81,-73
BLE,1703214116987623623,DF:DF:EE:00:00:01,-73
BLE,1703214117171086446,D3:F4:55:AB:96:20,-63
BLE,1703214117302622675,DF:DF:EE:00:00:04,-57
BLE,1703214117361658862,D3:F4:55:AB:96:20,-61
BLE,1703214117553829811,D3:F4:55:AB:96:20,-62
BLE,1703214117836101596,DF:DF:EE:00:00:04,-40
BLE,1703214117940729740,D3:F4:55:AB:96:20,-64
BLE,1703214118298235471,DF:DF:EE:00:00:04,-53
BLE,1703214118895804806,D3:F4:55:AB:96:20,-62
BLE,1703214119089309541,D3:F4:55:AB:96:20,-64
BLE,1703214119282339445,D3:F4:55:AB:96:20,-63
BLE,1703214119303974554,DF:DF:EE:00:00:04,-57
BLE,1703214119469824416,D3:F4:55:AB:96:20,-64
BLE,1703214119851160329,D3:F4:55:AB:96:20,-64
BLE,1703214120006201991,DF:A6:DC:DC:2E:81,-73
BLE,1703214120006256408,DF:DF:EE:00:00:01,-73
BLE,1703214120041875285,D3:F4:55:AB:96:20,-62
BLE,1703214120233256489,D3:F4:55:AB:96:20,-64
BLE,1703214120296723197,DF:DF:EE:00:00:04,-55
BLE,1703214120815309354,D3:F4:55:AB:96:20,-62
BLE,1703214121015241309,DF:A6:DC:DC:2E:81,-58
BLE,1703214121015288726,DF:DF:EE:00:00:01,-58
BLE,1703214121773511405,D3:F4:55:AB:96:20,-62
BLE,1703214122015765333,DF:A6:DC:DC:2E:81,-74
BLE,1703214122015808458,DF:DF:EE:00:00:01,-74
BLE,1703214122164574857,D3:F4:55:AB:96:20,-63
BLE,1703214122350356877,D3:F4:55:AB:96:20,-64
BLE,1703214122922065998,D3:F4:55:AB:96:20,-62
BLE,1703214123116912644,D3:F4:55:AB:96:20,-66
BLE,1703214123503965989,D3:F4:55:AB:96:20,-62
BLE,1703214123833237599,DF:DF:EE:00:00:04,-53
BLE,1703214123889017676,D3:F4:55:AB:96:20,-62
BLE,1703214124080799252,D3:F4:55:AB:96:20,-65
BLE,1703214124273230701,D3:F4:55:AB:96:20,-60
BLE,1703214124470239128,D3:F4:55:AB:96:20,-60
BLE,1703214124661594581,D3:F4:55:AB:96:20,-62
BLE,1703214124834046788,DF:DF:EE:00:00:04,-56
BLE,1703214124849455051,D3:F4:55:AB:96:20,-64
BLE,1703214125026905193,DF:A6:DC:DC:2E:81,-73
BLE,1703214125027002359,DF:DF:EE:00:00:01,-73
BLE,1703214125041740333,D3:F4:55:AB:96:20,-62
BLE,1703214125228071851,D3:F4:55:AB:96:20,-65
BLE,1703214125296846743,DF:DF:EE:00:00:04,-53
BLE,1703214125425035570,D3:F4:55:AB:96:20,-63
BLE,1703214125811477168,D3:F4:55:AB:96:20,-62
BLE,1703214125836579886,DF:DF:EE:00:00:04,-53
BLE,1703214126006163273,D3:F4:55:AB:96:20,-62
BLE,1703214126032741192,DF:A6:DC:DC:2E:81,-72
BLE,1703214126032769151,DF:DF:EE:00:00:01,-72
BLE,1703214126300712460,DF:DF:EE:00:00:04,-55
BLE,1703214126392819995,D3:F4:55:AB:96:20,-62
BLE,1703214127300616070,DF:DF:EE:00:00:04,-53
BLE,1703214127362310744,D3:F4:55:AB:96:20,-63
BLE,1703214127553350033,D3:F4:55:AB:96:20,-46
BLE,1703214127745583440,D3:F4:55:AB:96:20,-62
BLE,1703214127835802067,DF:DF:EE:00:00:04,-56
BLE,1703214128041814203,DF:A6:DC:DC:2E:81,-73
BLE,1703214128041869286,DF:DF:EE:00:00:01,-73
BLE,1703214128131954997,D3:F4:55:AB:96:20,-64
BLE,1703214128296966071,DF:DF:EE:00:00:04,-54
BLE,1703214128331321621,D3:F4:55:AB:96:20,-63
BLE,1703214128528439048,D3:F4:55:AB:96:20,-75
BLE,1703214128840942069,DF:DF:EE:00:00:04,-54
BLE,1703214129049434444,DF:A6:DC:DC:2E:81,-72
BLE,1703214129049474569,DF:DF:EE:00:00:01,-72
BLE,1703214129490482249,D3:F4:55:AB:96:20,-61
BLE,1703214129880348664,D3:F4:55:AB:96:20,-62
BLE,1703214130069710918,D3:F4:55:AB:96:20,-64
BLE,1703214130653223318,D3:F4:55:AB:96:20,-65
BLE,1703214131055362260,DF:A6:DC:DC:2E:81,-74
BLE,1703214131055406302,DF:DF:EE:00:00:01,-74
BLE,1703214131427831214,D3:F4:55:AB:96:20,-46
BLE,1703214131811292451,D3:F4:55:AB:96:20,-62
BLE,1703214132005891972,D3:F4:55:AB:96:20,-64
BLE,1703214132061820215,DF:A6:DC:DC:2E:81,-73
BLE,1703214132061851090,DF:DF:EE:00:00:01,-73
BLE,1703214132196274430,D3:F4:55:AB:96:20,-63
BLE,1703214132296046346,DF:DF:EE:00:00:04,-53
BLE,1703214132578482881,D3:F4:55:AB:96:20,-62
BLE,1703214132774596104,D3:F4:55:AB:96:20,-61
BLE,1703214132835620656,DF:DF:EE:00:00:04,-37
BLE,1703214133062254573,DF:A6:DC:DC:2E:81,-73
BLE,1703214133062285322,DF:DF:EE:00:00:01,-73
BLE,1703214133158525921,D3:F4:55:AB:96:20,-62
BLE,1703214133300382394,DF:DF:EE:00:00:04,-55
BLE,1703214133735746350,D3:F4:55:AB:96:20,-64
BLE,1703214133929713000,D3:F4:55:AB:96:20,-63
BLE,1703214134066350371,DF:A6:DC:DC:2E:81,-72
BLE,1703214134066379621,DF:DF:EE:00:00:01,-72
BLE,1703214134116559682,D3:F4:55:AB:96:20,-65
BLE,1703214134295419026,DF:DF:EE:00:00:04,-54
BLE,1703214134313827483,D3:F4:55:AB:96:20,-63
BLE,1703214135064914946,DF:A6:DC:DC:2E:81,-72
BLE,1703214135064975487,DF:DF:EE:00:00:01,-72
BLE,1703214135270910707,D3:F4:55:AB:96:20,-51
BLE,1703214135296873879,DF:DF:EE:00:00:04,-54
BLE,1703214135845711688,D3:F4:55:AB:96:20,-63
BLE,1703214136803267535,D3:F4:55:AB:96:20,-62
BLE,1703214137184649531,D3:F4:55:AB:96:20,-62
BLE,1703214137300641789,DF:DF:EE:00:00:04,-54
BLE,1703214137374244117,D3:F4:55:AB:96:20,-63
BLE,1703214137568648473,D3:F4:55:AB:96:20,-61
BLE,1703214137948320685,D3:F4:55:AB:96:20,-61
BLE,1703214138297031540,DF:DF:EE:00:00:04,-56
BLE,1703214138525669280,D3:F4:55:AB:96:20,-64
BLE,1703214138905416909,D3:F4:55:AB:96:20,-63
BLE,1703214139293152959,DF:DF:EE:00:00:04,-53
BLE,1703214139481079511,D3:F4:55:AB:96:20,-62
BLE,1703214139835651589,DF:DF:EE:00:00:04,-53
BLE,1703214139869990056,D3:F4:55:AB:96:20,-47
BLE,1703214140253235169,D3:F4:55:AB:96:20,-62
BLE,1703214140295928972,DF:DF:EE:00:00:04,-55
BLE,1703214140442607423,D3:F4:55:AB:96:20,-64
BLE,1703214140638542313,D3:F4:55:AB:96:20,-63
BLE,1703214140839880512,DF:DF:EE:00:00:04,-56
BLE,1703214141028549770,D3:F4:55:AB:96:20,-65
BLE,1703214141220438470,D3:F4:55:AB:96:20,-63
BLE,1703214141294913795,DF:DF:EE:00:00:04,-53
BLE,1703214141409516434,D3:F4:55:AB:96:20,-64
BLE,1703214141837549757,DF:DF:EE:00:00:04,-53
BLE,1703214142082020258,DF:A6:DC:DC:2E:81,-85
BLE,1703214142082067216,DF:DF:EE:00:00:01,-85
BLE,1703214142172405092,D3:F4:55:AB:96:20,-64
BLE,1703214142369613852,D3:F4:55:AB:96:20,-63
BLE,1703214142565587576,D3:F4:55:AB:96:20,-61
BLE,1703214143301095568,DF:DF:EE:00:00:04,-54
BLE,1703214143712319302,D3:F4:55:AB:96:20,-61
BLE,1703214143907453446,D3:F4:55:AB:96:20,-65
BLE,1703214144098794316,D3:F4:55:AB:96:20,-63
BLE,1703214144288080863,D3:F4:55:AB:96:20,-64
BLE,1703214144302562504,DF:DF:EE:00:00:04,-55
BLE,1703214144673093592,D3:F4:55:AB:96:20,-64
BLE,1703214145093379867,DF:A6:DC:DC:2E:81,-73
BLE,1703214145093425701,DF:DF:EE:00:00:01,-73
BLE,1703214145302278948,DF:DF:EE:00:00:04,-54
BLE,1703214145441883223,D3:F4:55:AB:96:20,-46
BLE,1703214145838632023,DF:DF:EE:00:00:04,-54
BLE,1703214146100589319,DF:A6:DC:DC:2E:81,-81
BLE,1703214146100641610,DF:DF:EE:00:00:01,-81
BLE,1703214146403430384,D3:F4:55:AB:96:20,-64
BLE,1703214146835832687,DF:DF:EE:00:00:04,-53
BLE,1703214146985488416,D3:F4:55:AB:96:20,-66
BLE,1703214147101294467,DF:A6:DC:DC:2E:81,-72
BLE,1703214147101345633,DF:DF:EE:00:00:01,-72
BLE,1703214147296546944,DF:DF:EE:00:00:04,-55
BLE,1703214148134748672,D3:F4:55:AB:96:20,-69
BLE,1703214148294433479,DF:DF:EE:00:00:04,-54
BLE,1703214148705235757,D3:F4:55:AB:96:20,-46
BLE,1703214148901329355,D3:F4:55:AB:96:20,-64
BLE,1703214149096165834,D3:F4:55:AB:96:20,-62
BLE,1703214149116581615,DF:A6:DC:DC:2E:81,-74
BLE,1703214149116612698,DF:DF:EE:00:00:01,-74
BLE,1703214149286555750,D3:F4:55:AB:96:20,-64
BLE,1703214149478390534,D3:F4:55:AB:96:20,-67
BLE,1703214149840070455,DF:DF:EE:00:00:04,-55
BLE,1703214150048052248,D3:F4:55:AB:96:20,-64
BLE,1703214150116125518,DF:A6:DC:DC:2E:81,-73
BLE,1703214150116158060,DF:DF:EE:00:00:01,-73
BLE,1703214150246568460,D3:F4:55:AB:96:20,-62
BLE,1703214150298677804,DF:DF:EE:00:00:04,-53
BLE,1703214150438057413,D3:F4:55:AB:96:20,-61
BLE,1703214150820683986,D3:F4:55:AB:96:20,-60
BLE,1703214150839177151,DF:DF:EE:00:00:04,-53
BLE,1703214151011627733,D3:F4:55:AB:96:20,-62
BLE,1703214151197429004,D3:F4:55:AB:96:20,-64
BLE,1703214151294996638,DF:DF:EE:00:00:04,-54
BLE,1703214151781168319,D3:F4:55:AB:96:20,-66
BLE,1703214151841054252,DF:DF:EE:00:00:04,-56
BLE,1703214151973056562,D3:F4:55:AB:96:20,-46
BLE,1703214152352866023,D3:F4:55:AB:96:20,-46
BLE,1703214152545756136,D3:F4:55:AB:96:20,-64
BLE,1703214152744189140,D3:F4:55:AB:96:20,-80
BLE,1703214152838065417,DF:DF:EE:00:00:04,-53
BLE,1703214153134221263,D3:F4:55:AB:96:20,-64
BLE,1703214153135552674,D3:F4:55:AB:96:20,-61
BLE,1703214153522729018,D3:F4:55:AB:96:20,-46
BLE,1703214153718055162,D3:F4:55:AB:96:20,-66
BLE,1703214153835747745,DF:DF:EE:00:00:04,-54
BLE,1703214153914470217,D3:F4:55:AB:96:20,-62
BLE,1703214154111373769,D3:F4:55:AB:96:20,-62
BLE,1703214154684880924,D3:F4:55:AB:96:20,-50
BLE,1703214155269235986,D3:F4:55:AB:96:20,-64
BLE,1703214155303263746,DF:DF:EE:00:00:04,-55
BLE,1703214155462837763,D3:F4:55:AB:96:20,-62
BLE,1703214155832515354,DF:DF:EE:00:00:04,-52
BLE,1703214156036224542,D3:F4:55:AB:96:20,-64
BLE,1703214156301415781,DF:DF:EE:00:00:04,-54
BLE,1703214156421477187,D3:F4:55:AB:96:20,-60
BLE,1703214156611627563,D3:F4:55:AB:96:20,-62
BLE,1703214156798325162,D3:F4:55:AB:96:20,-64
BLE,1703214157300826685,DF:DF:EE:00:00:04,-55
BLE,1703214157753800852,D3:F4:55:AB:96:20,-62
BLE,1703214157831999867,DF:DF:EE:00:00:04,-53
BLE,1703214157951352610,D3:F4:55:AB:96:20,-61
BLE,1703214158160769063,DF:A6:DC:DC:2E:81,-73
BLE,1703214158160811063,DF:DF:EE:00:00:01,-73
BLE,1703214158298803012,DF:DF:EE:00:00:04,-55
BLE,1703214159164160240,DF:A6:DC:DC:2E:81,-73
BLE,1703214159164218282,DF:DF:EE:00:00:01,-73
BLE,1703214159299267036,D3:F4:55:AB:96:20,-50
BLE,1703214159691381149,D3:F4:55:AB:96:20,-47
BLE,1703214160077078334,D3:F4:55:AB:96:20,-62
BLE,1703214160266549129,D3:F4:55:AB:96:20,-64
BLE,1703214160461802648,D3:F4:55:AB:96:20,-63
BLE,1703214160658898908,D3:F4:55:AB:96:20,-63
BLE,1703214161046375668,D3:F4:55:AB:96:20,-62
BLE,1703214161178276769,DF:A6:DC:DC:2E:81,-73
BLE,1703214161178321894,DF:DF:EE:00:00:01,-73
BLE,1703214161436477332,D3:F4:55:AB:96:20,-64
BLE,1703214161823854675,D3:F4:55:AB:96:20,-60
BLE,1703214162012680890,D3:F4:55:AB:96:20,-63
BLE,1703214162176130722,DF:A6:DC:DC:2E:81,-74
BLE,1703214162176179430,DF:DF:EE:00:00:01,-74
BLE,1703214162301451021,DF:DF:EE:00:00:04,-56
BLE,1703214162392669435,D3:F4:55:AB:96:20,-63
BLE,1703214162584518677,D3:F4:55:AB:96:20,-65
BLE,1703214162975804503,D3:F4:55:AB:96:20,-62
BLE,1703214163171196312,D3:F4:55:AB:96:20,-61
BLE,1703214163184192878,DF:A6:DC:DC:2E:81,-72
BLE,1703214163184224586,DF:DF:EE:00:00:01,-72
BLE,1703214163360762816,D3:F4:55:AB:96:20,-63
BLE,1703214163835152884,DF:DF:EE:00:00:04,-56
BLE,1703214163940375608,D3:F4:55:AB:96:20,-60
BLE,1703214164130845607,D3:F4:55:AB:96:20,-65
BLE,1703214164192726156,DF:A6:DC:DC:2E:81,-73
BLE,1703214164192767448,DF:DF:EE:00:00:01,-73
BLE,1703214164299091375,DF:DF:EE:00:00:04,-54
BLE,1703214164322127644,D3:F4:55:AB:96:20,-62
BLE,1703214165093078474,D3:F4:55:AB:96:20,-63
BLE,1703214165278762245,D3:F4:55:AB:96:20,-63
BLE,1703214165475083925,D3:F4:55:AB:96:20,-63
BLE,1703214165670001571,D3:F4:55:AB:96:20,-61
BLE,1703214165859176826,D3:F4:55:AB:96:20,-63
BLE,1703214166049271410,D3:F4:55:AB:96:20,-65
BLE,1703214166196397900,DF:A6:DC:DC:2E:81,-72
BLE,1703214166196450233,DF:DF:EE:00:00:01,-72
BLE,1703214166239530160,D3:F4:55:AB:96:20,-63
BLE,1703214166295347903,DF:DF:EE:00:00:04,-53
BLE,1703214166623830434,D3:F4:55:AB:96:20,-63
BLE,1703214166833015139,DF:DF:EE:00:00:04,-54
BLE,1703214167297678502,DF:DF:EE:00:00:04,-56
BLE,1703214167582183902,D3:F4:55:AB:96:20,-61
BLE,1703214167777920793,D3:F4:55:AB:96:20,-65
BLE,1703214167837935892,DF:DF:EE:00:00:04,-56
BLE,1703214167973538019,D3:F4:55:AB:96:20,-63
BLE,1703214168158844791,D3:F4:55:AB:96:20,-50
BLE,1703214168206100449,DF:A6:DC:DC:2E:81,-60
BLE,1703214168206137699,DF:DF:EE:00:00:01,-60
BLE,1703214168538181714,D3:F4:55:AB:96:20,-62
BLE,1703214168728297339,D3:F4:55:AB:96:20,-61
BLE,1703214168835249306,DF:DF:EE:00:00:04,-53
BLE,1703214169111951075,D3:F4:55:AB:96:20,-61
BLE,1703214169211418076,DF:A6:DC:DC:2E:81,-73
BLE,1703214169211443742,DF:DF:EE:00:00:01,-73
BLE,1703214169685623853,D3:F4:55:AB:96:20,-62
BLE,1703214169876456892,D3:F4:55:AB:96:20,-61
BLE,1703214170644208070,D3:F4:55:AB:96:20,-62
BLE,1703214170837322765,DF:DF:EE:00:00:04,-53
BLE,1703214170840274876,D3:F4:55:AB:96:20,-64
BLE,1703214171032933699,D3:F4:55:AB:96:20,-62
BLE,1703214171296443862,DF:DF:EE:00:00:04,-55
BLE,1703214171612514992,D3:F4:55:AB:96:20,-60
BLE,1703214171833982015,DF:DF:EE:00:00:04,-54
BLE,1703214172300266620,DF:DF:EE:00:00:04,-53
BLE,1703214172767210556,D3:F4:55:AB:96:20,-62
BLE,1703214172961088248,D3:F4:55:AB:96:20,-60
BLE,1703214173721462709,D3:F4:55:AB:96:20,-64
BLE,1703214173831899452,DF:DF:EE:00:00:04,-53
BLE,1703214173916122814,D3:F4:55:AB:96:20,-62
BLE,1703214174104242407,D3:F4:55:AB:96:20,-66
BLE,1703214174239104495,DF:A6:DC:DC:2E:81,-60
BLE,1703214174239146037,DF:DF:EE:00:00:01,-60
BLE,1703214174296612773,DF:DF:EE:00:00:04,-55
BLE,1703214174501006916,D3:F4:55:AB:96:20,-63
BLE,1703214174695869145,D3:F4:55:AB:96:20,-62
BLE,1703214174831902894,DF:DF:EE:00:00:04,-56
BLE,1703214174887801137,D3:F4:55:AB:96:20,-64
BLE,1703214175244473164,DF:A6:DC:DC:2E:81,-72
BLE,1703214175244527372,DF:DF:EE:00:00:01,-72
BLE,1703214175277830968,D3:F4:55:AB:96:20,-61
BLE,1703214175301665317,DF:DF:EE:00:00:04,-55
BLE,1703214175656692934,D3:F4:55:AB:96:20,-64
BLE,1703214176836601466,DF:DF:EE:00:00:04,-56
BLE,1703214177207992884,D3:F4:55:AB:96:20,-64
BLE,1703214177254024172,DF:A6:DC:DC:2E:81,-74
BLE,1703214177254057088,DF:DF:EE:00:00:01,-74
BLE,1703214177294836942,DF:DF:EE:00:00:04,-54
BLE,1703214177404731145,D3:F4:55:AB:96:20,-62
BLE,1703214177589913669,D3:F4:55:AB:96:20,-50
BLE,1703214177784183900,D3:F4:55:AB:96:20,-62
BLE,1703214177836917658,DF:DF:EE:00:00:04,-54
BLE,1703214178257344266,DF:A6:DC:DC:2E:81,-74
BLE,1703214178257393141,DF:DF:EE:00:00:01,-74
BLE,1703214178301589562,DF:DF:EE:00:00:04,-55
BLE,1703214178357377181,D3:F4:55:AB:96:20,-64
BLE,1703214178737848056,D3:F4:55:AB:96:20,-64
BLE,1703214179261644564,DF:A6:DC:DC:2E:81,-72
BLE,1703214179261700897,DF:DF:EE:00:00:01,-72
BLE,1703214179327839135,D3:F4:55:AB:96:20,-61
BLE,1703214179905740893,D3:F4:55:AB:96:20,-64
BLE,1703214180103032653,D3:F4:55:AB:96:20,-62
BLE,1703214180265322156,DF:A6:DC:DC:2E:81,-74
BLE,1703214180265367281,DF:DF:EE:00:00:01,-74
BLE,1703214180289183463,D3:F4:55:AB:96:20,-64
BLE,1703214180483678902,D3:F4:55:AB:96:20,-62
BLE,1703214180871136995,D3:F4:55:AB:96:20,-64
BLE,1703214181060263251,D3:F4:55:AB:96:20,-47
BLE,1703214181294154508,DF:DF:EE:00:00:04,-55
BLE,1703214181829518046,D3:F4:55:AB:96:20,-62
BLE,1703214181831093664,D3:F4:55:AB:96:20,-61
BLE,1703214181833704110,DF:DF:EE:00:00:04,-57
BLE,1703214182024306984,D3:F4:55:AB:96:20,-66
BLE,1703214182218145592,D3:F4:55:AB:96:20,-63
BLE,1703214182285016326,DF:A6:DC:DC:2E:81,-73
BLE,1703214182285048160,DF:DF:EE:00:00:01,-73
BLE,1703214182404584027,D3:F4:55:AB:96:20,-64
BLE,1703214183289016167,DF:A6:DC:DC:2E:81,-71
BLE,1703214183289072042,DF:DF:EE:00:00:01,-71
BLE,1703214183378118758,D3:F4:55:AB:96:20,-61
BLE,1703214183568518215,D3:F4:55:AB:96:20,-63
BLE,1703214183838489432,DF:DF:EE:00:00:04,-56
BLE,1703214183954842647,D3:F4:55:AB:96:20,-64
BLE,1703214184153168193,D3:F4:55:AB:96:20,-63
BLE,1703214184346488804,D3:F4:55:AB:96:20,-61
BLE,1703214184835989386,DF:DF:EE:00:00:04,-53
BLE,1703214184925600224,D3:F4:55:AB:96:20,-65
BLE,1703214185119293042,D3:F4:55:AB:96:20,-62
BLE,1703214185308267506,D3:F4:55:AB:96:20,-64
BLE,1703214185697670882,D3:F4:55:AB:96:20,-46
BLE,1703214185833441341,DF:DF:EE:00:00:04,-45
BLE,1703214185893140525,D3:F4:55:AB:96:20,-64
BLE,1703214186089739537,D3:F4:55:AB:96:20,-63
BLE,1703214186276552553,D3:F4:55:AB:96:20,-69
BLE,1703214186656506931,D3:F4:55:AB:96:20,-64
BLE,1703214186833548991,DF:DF:EE:00:00:04,-54
BLE,1703214187041171703,D3:F4:55:AB:96:20,-63
BLE,1703214187429280627,D3:F4:55:AB:96:20,-62
BLE,1703214187833719975,DF:DF:EE:00:00:04,-54
BLE,1703214188296261390,DF:DF:EE:00:00:04,-53
BLE,1703214188388724839,D3:F4:55:AB:96:20,-64
BLE,1703214188582852488,D3:F4:55:AB:96:20,-62
BLE,1703214189291664020,DF:DF:EE:00:00:04,-53
BLE,1703214189318754062,DF:A6:DC:DC:2E:81,-71
BLE,1703214189318784520,DF:DF:EE:00:00:01,-71
BLE,1703214189726236105,D3:F4:55:AB:96:20,-62
BLE,1703214190296241942,DF:DF:EE:00:00:04,-40
BLE,1703214190323081443,DF:A6:DC:DC:2E:81,-73
BLE,1703214190323117777,DF:DF:EE:00:00:01,-73
BLE,1703214190493764783,D3:F4:55:AB:96:20,-63
BLE,1703214190835404546,DF:DF:EE:00:00:04,-55
BLE,1703214190872205126,D3:F4:55:AB:96:20,-62
BLE,1703214191249307184,D3:F4:55:AB:96:20,-64
BLE,1703214191300118075,DF:DF:EE:00:00:04,-55
BLE,1703214191330487602,DF:A6:DC:DC:2E:81,-73
BLE,1703214191330532935,DF:DF:EE:00:00:01,-73
BLE,1703214192016225657,D3:F4:55:AB:96:20,-47
BLE,1703214192205483328,D3:F4:55:AB:96:20,-63
BLE,1703214192339332921,DF:A6:DC:DC:2E:81,-73
BLE,1703214192339379462,DF:DF:EE:00:00:01,-73
BLE,1703214192835581389,DF:DF:EE:00:00:04,-54
BLE,1703214192978087442,D3:F4:55:AB:96:20,-69
BLE,1703214193295571856,DF:DF:EE:00:00:04,-53
BLE,1703214193339446363,DF:A6:DC:DC:2E:81,-74
BLE,1703214193339501029,DF:DF:EE:00:00:01,-74
BLE,1703214193835310541,DF:DF:EE:00:00:04,-54
BLE,1703214193948732644,D3:F4:55:AB:96:20,-65
BLE,1703214194332039798,D3:F4:55:AB:96:20,-65
BLE,1703214194911916631,D3:F4:55:AB:96:20,-66
BLE,1703214195110616468,D3:F4:55:AB:96:20,-63
BLE,1703214195350305449,DF:A6:DC:DC:2E:81,-72
BLE,1703214195350352907,DF:DF:EE:00:00:01,-72
BLE,1703214196271875544,D3:F4:55:AB:96:20,-62
BLE,1703214196301555241,DF:DF:EE:00:00:04,-55
BLE,1703214196852462749,D3:F4:55:AB:96:20,-65
BLE,1703214197049430218,D3:F4:55:AB:96:20,-65
BLE,1703214197249174216,D3:F4:55:AB:96:20,-63
BLE,1703214197446686641,D3:F4:55:AB:96:20,-63
BLE,1703214197641387037,D3:F4:55:AB:96:20,-60
BLE,1703214197832855823,DF:DF:EE:00:00:04,-55
BLE,1703214198021697538,D3:F4:55:AB:96:20,-64
BLE,1703214198212880826,D3:F4:55:AB:96:20,-47
BLE,1703214198370798641,DF:A6:DC:DC:2E:81,-72
BLE,1703214198370835474,DF:DF:EE:00:00:01,-72
BLE,1703214198409242422,D3:F4:55:AB:96:20,-61
BLE,1703214198604843606,D3:F4:55:AB:96:20,-64
BLE,1703214199181930119,D3:F4:55:AB:96:20,-67
BLE,1703214199295571805,DF:DF:EE:00:00:04,-55
BLE,1703214199563257115,D3:F4:55:AB:96:20,-62
BLE,1703214199751920581,D3:F4:55:AB:96:20,-64
BLE,1703214200719602006,D3:F4:55:AB:96:20,-64
BLE,1703214201100594587,D3:F4:55:AB:96:20,-65
BLE,1703214201289457093,D3:F4:55:AB:96:20,-46
BLE,1703214201295133942,DF:DF:EE:00:00:04,-55
BLE,1703214201381788710,DF:A6:DC:DC:2E:81,-72
BLE,1703214201381818960,DF:DF:EE:00:00:01,-72
BLE,1703214201481634584,D3:F4:55:AB:96:20,-65
BLE,1703214201838790525,DF:DF:EE:00:00:04,-39
BLE,1703214202294451596,DF:DF:EE:00:00:04,-54
BLE,1703214202443059496,D3:F4:55:AB:96:20,-62
BLE,1703214202630625925,D3:F4:55:AB:96:20,-64
BLE,1703214202832938412,DF:DF:EE:00:00:04,-53
BLE,1703214203014945241,D3:F4:55:AB:96:20,-64
BLE,1703214203401768254,D3:F4:55:AB:96:20,-60
BLE,1703214203791927085,D3:F4:55:AB:96:20,-64
BLE,1703214203983266996,D3:F4:55:AB:96:20,-64
BLE,1703214204297856841,DF:DF:EE:00:00:04,-53
BLE,1703214204373298411,D3:F4:55:AB:96:20,-62
BLE,1703214204400172162,DF:A6:DC:DC:2E:81,-73
BLE,1703214204400201787,DF:DF:EE:00:00:01,-73
BLE,1703214204836975237,DF:DF:EE:00:00:04,-53
BLE,1703214204943880120,D3:F4:55:AB:96:20,-62
BLE,1703214205138356851,D3:F4:55:AB:96:20,-60
BLE,1703214205293922552,DF:DF:EE:00:00:04,-55
BLE,1703214205399334109,DF:A6:DC:DC:2E:81,-72
BLE,1703214205399378817,DF:DF:EE:00:00:01,-72
BLE,1703214205527040438,D3:F4:55:AB:96:20,-63
BLE,1703214205721992792,D3:F4:55:AB:96:20,-61
BLE,1703214205835774018,DF:DF:EE:00:00:04,-40
BLE,1703214206099788679,D3:F4:55:AB:96:20,-66
BLE,1703214206679804387,D3:F4:55:AB:96:20,-64
BLE,1703214206869274932,D3:F4:55:AB:96:20,-61
BLE,1703214207831533174,D3:F4:55:AB:96:20,-50
BLE,1703214208299258356,DF:DF:EE:00:00:04,-54
BLE,1703214208400831472,D3:F4:55:AB:96:20,-60
BLE,1703214208412047754,DF:A6:DC:DC:2E:81,-73
BLE,1703214208412079212,DF:DF:EE:00:00:01,-73
BLE,1703214208594086875,D3:F4:55:AB:96:20,-64
BLE,1703214208975420288,D3:F4:55:AB:96:20,-65
BLE,1703214209166492034,D3:F4:55:AB:96:20,-62
BLE,1703214209289729676,DF:DF:EE:00:00:04,-53
BLE,1703214209361236889,D3:F4:55:AB:96:20,-64
BLE,1703214209829037445,DF:DF:EE:00:00:04,-53
BLE,1703214210139895849,D3:F4:55:AB:96:20,-62
BLE,1703214210299076700,DF:DF:EE:00:00:04,-56
BLE,1703214210328442024,D3:F4:55:AB:96:20,-66
BLE,1703214210432086297,DF:A6:DC:DC:2E:81,-72
BLE,1703214210432127172,DF:DF:EE:00:00:01,-72
BLE,1703214210524301081,D3:F4:55:AB:96:20,-62
BLE,1703214211109507807,D3:F4:55:AB:96:20,-62
BLE,1703214211292382174,DF:DF:EE:00:00:04,-54
BLE,1703214211296565738,D3:F4:55:AB:96:20,-65
BLE,1703214211692094252,D3:F4:55:AB:96:20,-63
BLE,1703214212299115669,DF:DF:EE:00:00:04,-58
BLE,1703214212460234137,D3:F4:55:AB:96:20,-62
BLE,1703214212657184064,D3:F4:55:AB:96:20,-63
BLE,1703214212839688225,DF:DF:EE:00:00:04,-55
BLE,1703214212849421930,D3:F4:55:AB:96:20,-64
BLE,1703214213040689175,D3:F4:55:AB:96:20,-63
BLE,1703214213426857274,D3:F4:55:AB:96:20,-63
BLE,1703214213613934331,D3:F4:55:AB:96:20,-64
BLE,1703214213807953688,D3:F4:55:AB:96:20,-47
BLE,1703214213834815982,DF:DF:EE:00:00:04,-53
BLE,1703214214300492590,DF:DF:EE:00:00:04,-56
BLE,1703214214781091255,D3:F4:55:AB:96:20,-64
BLE,1703214214839566653,DF:DF:EE:00:00:04,-56
BLE,1703214214974376199,D3:F4:55:AB:96:20,-63
BLE,1703214215355132990,D3:F4:55:AB:96:20,-62
BLE,1703214215442340047,DF:A6:DC:DC:2E:81,-72
BLE,1703214215442378047,DF:DF:EE:00:00:01,-72
BLE,1703214215745335195,D3:F4:55:AB:96:20,-62
BLE,1703214215834529285,DF:DF:EE:00:00:04,-56
BLE,1703214215937763227,D3:F4:55:AB:96:20,-46
BLE,1703214216450402369,DF:A6:DC:DC:2E:81,-73
BLE,1703214216450455453,DF:DF:EE:00:00:01,-73
BLE,1703214216506248446,D3:F4:55:AB:96:20,-63
BLE,1703214216701323424,D3:F4:55:AB:96:20,-61
BLE,1703214216896337944,D3:F4:55:AB:96:20,-64
BLE,1703214217090824466,D3:F4:55:AB:96:20,-62
BLE,1703214217278566561,D3:F4:55:AB:96:20,-64
BLE,1703214217294626612,DF:DF:EE:00:00:04,-56
BLE,1703214217469448391,D3:F4:55:AB:96:20,-61
BLE,1703214217665305157,D3:F4:55:AB:96:20,-64
BLE,1703214217829784442,DF:DF:EE:00:00:04,-44
BLE,1703214217856255987,D3:F4:55:AB:96:20,-63
BLE,1703214218241030968,D3:F4:55:AB:96:20,-64
BLE,1703214218460233168,DF:A6:DC:DC:2E:81,-57
BLE,1703214218460273293,DF:DF:EE:00:00:01,-57
BLE,1703214218622740296,D3:F4:55:AB:96:20,-62
BLE,1703214218809437770,D3:F4:55:AB:96:20,-64
BLE,1703214218833298077,DF:DF:EE:00:00:04,-53
BLE,1703214219005322620,D3:F4:55:AB:96:20,-62
BLE,1703214219296847529,DF:DF:EE:00:00:04,-56
BLE,1703214219467204162,DF:A6:DC:DC:2E:81,-71
BLE,1703214219467234912,DF:DF:EE:00:00:01,-71
BLE,1703214219575802913,D3:F4:55:AB:96:20,-64
BLE,1703214219767021033,D3:F4:55:AB:96:20,-62
BLE,1703214219956984035,D3:F4:55:AB:96:20,-66
BLE,1703214220147775490,D3:F4:55:AB:96:20,-62
BLE,1703214220295956517,DF:DF:EE:00:00:04,-53
BLE,1703214220338188281,D3:F4:55:AB:96:20,-64
BLE,1703214220475115652,DF:A6:DC:DC:2E:81,-75
BLE,1703214220475157985,DF:DF:EE:00:00:01,-75
BLE,1703214220533405800,D3:F4:55:AB:96:20,-63
BLE,1703214220721740268,D3:F4:55:AB:96:20,-64
BLE,1703214221298657864,DF:DF:EE:00:00:04,-55
BLE,1703214221504097753,D3:F4:55:AB:96:20,-63
BLE,1703214221833653529,DF:DF:EE:00:00:04,-55
BLE,1703214221892242426,D3:F4:55:AB:96:20,-65
BLE,1703214222277361655,D3:F4:55:AB:96:20,-64
BLE,1703214222292650876,DF:DF:EE:00:00:04,-56
BLE,1703214222472919839,D3:F4:55:AB:96:20,-61
BLE,1703214222487584730,DF:A6:DC:DC:2E:81,-57
BLE,1703214222487614938,DF:DF:EE:00:00:01,-57
BLE,1703214222662174885,D3:F4:55:AB:96:20,-60
BLE,1703214222835867378,DF:DF:EE:00:00:04,-53
BLE,1703214223048533567,D3:F4:55:AB:96:20,-61
BLE,1703214223293619981,DF:DF:EE:00:00:04,-54
BLE,1703214223427104492,D3:F4:55:AB:96:20,-60
BLE,1703214223818003028,D3:F4:55:AB:96:20,-62
BLE,1703214223829248810,DF:DF:EE:00:00:04,-54
BLE,1703214224397489530,D3:F4:55:AB:96:20,-47
BLE,1703214224496008202,DF:A6:DC:DC:2E:81,-72
BLE,1703214224496048410,DF:DF:EE:00:00:01,-72
BLE,1703214224586020663,D3:F4:55:AB:96:20,-62
BLE,1703214224976034994,D3:F4:55:AB:96:20,-64
BLE,1703214225167274698,D3:F4:55:AB:96:20,-62
BLE,1703214225362745924,D3:F4:55:AB:96:20,-61
BLE,1703214225495594688,DF:A6:DC:DC:2E:81,-73
BLE,1703214225495627063,DF:DF:EE:00:00:01,-73
BLE,1703214225755552201,D3:F4:55:AB:96:20,-62
BLE,1703214225945503036,D3:F4:55:AB:96:20,-64
BLE,1703214226332217299,D3:F4:55:AB:96:20,-61
BLE,1703214226499370197,DF:A6:DC:DC:2E:81,-73
BLE,1703214226499418321,DF:DF:EE:00:00:01,-73
BLE,1703214226521820885,D3:F4:55:AB:96:20,-63
BLE,1703214226833635576,DF:DF:EE:00:00:04,-56
BLE,1703214227094671959,D3:F4:55:AB:96:20,-60
BLE,1703214227482775299,D3:F4:55:AB:96:20,-46
BLE,1703214227835139720,DF:DF:EE:00:00:04,-53
BLE,1703214227872201966,D3:F4:55:AB:96:20,-63
BLE,1703214228300515122,DF:DF:EE:00:00:04,-55
BLE,1703214228448620482,D3:F4:55:AB:96:20,-62
BLE,1703214228640608808,D3:F4:55:AB:96:20,-51
BLE,1703214228834801956,D3:F4:55:AB:96:20,-62
BLE,1703214229023627171,D3:F4:55:AB:96:20,-64
BLE,1703214229217258031,D3:F4:55:AB:96:20,-62
BLE,1703214229407087074,D3:F4:55:AB:96:20,-64
BLE,1703214229605548828,D3:F4:55:AB:96:20,-62
BLE,1703214229792977008,D3:F4:55:AB:96:20,-65
BLE,1703214229833011199,DF:DF:EE:00:00:04,-54
BLE,1703214230174270504,D3:F4:55:AB:96:20,-64
BLE,1703214230365554458,D3:F4:55:AB:96:20,-67
BLE,1703214230553342845,D3:F4:55:AB:96:20,-63
BLE,1703214230744794839,D3:F4:55:AB:96:20,-62
BLE,1703214230935628045,D3:F4:55:AB:96:20,-64
BLE,1703214231130606231,D3:F4:55:AB:96:20,-62
BLE,1703214231699278741,D3:F4:55:AB:96:20,-50
BLE,1703214232080228489,D3:F4:55:AB:96:20,-63
BLE,1703214232466139173,D3:F4:55:AB:96:20,-64
BLE,1703214232524529238,DF:A6:DC:DC:2E:81,-72
BLE,1703214232524563779,DF:DF:EE:00:00:01,-72
BLE,1703214232657227586,D3:F4:55:AB:96:20,-62
BLE,1703214232835631182,DF:DF:EE:00:00:04,-54
BLE,1703214233037714419,D3:F4:55:AB:96:20,-62
BLE,1703214233231008447,D3:F4:55:AB:96:20,-51
BLE,1703214233294289447,DF:DF:EE:00:00:04,-55
BLE,1703214233526027340,DF:A6:DC:DC:2E:81,-72
BLE,1703214233526073923,DF:DF:EE:00:00:01,-72
BLE,1703214233808056793,D3:F4:55:AB:96:20,-62
BLE,1703214233996289469,D3:F4:55:AB:96:20,-64
BLE,1703214234195178221,D3:F4:55:AB:96:20,-62
BLE,1703214234291987401,DF:DF:EE:00:00:04,-53
BLE,1703214234389994408,D3:F4:55:AB:96:20,-62
BLE,1703214234531248092,DF:A6:DC:DC:2E:81,-74
BLE,1703214234531288092,DF:DF:EE:00:00:01,-74
BLE,1703214234579923410,D3:F4:55:AB:96:20,-66
BLE,1703214234769510955,D3:F4:55:AB:96:20,-62
BLE,1703214234828436475,DF:DF:EE:00:00:04,-53
BLE,1703214234964857390,D3:F4:55:AB:96:20,-65
BLE,1703214235158723040,D3:F4:55:AB:96:20,-62
BLE,1703214235344837434,D3:F4:55:AB:96:20,-64
BLE,1703214235536997383,DF:A6:DC:DC:2E:81,-72
BLE,1703214235537019425,DF:DF:EE:00:00:01,-72
BLE,1703214235833088813,DF:DF:EE:00:00:04,-56
BLE,1703214235916018515,D3:F4:55:AB:96:20,-46
BLE,1703214236298037467,DF:DF:EE:00:00:04,-54
BLE,1703214236305581807,D3:F4:55:AB:96:20,-47
BLE,1703214236496901927,D3:F4:55:AB:96:20,-66
BLE,1703214236541069349,DF:A6:DC:DC:2E:81,-74
BLE,1703214236541083682,DF:DF:EE:00:00:01,-74
BLE,1703214236689989081,D3:F4:55:AB:96:20,-63
BLE,1703214236886353053,D3:F4:55:AB:96:20,-62
BLE,1703214237266631971,D3:F4:55:AB:96:20,-62
BLE,1703214237299666360,DF:DF:EE:00:00:04,-40
BLE,1703214237839197504,D3:F4:55:AB:96:20,-62
BLE,1703214238027496680,D3:F4:55:AB:96:20,-64
BLE,1703214238420846079,D3:F4:55:AB:96:20,-67
BLE,1703214238608685757,D3:F4:55:AB:96:20,-64
BLE,1703214238992316784,D3:F4:55:AB:96:20,-50
BLE,1703214239184481942,D3:F4:55:AB:96:20,-62
BLE,1703214239299044707,DF:DF:EE:00:00:04,-55
BLE,1703214239567924929,D3:F4:55:AB:96:20,-62
BLE,1703214239839516888,DF:DF:EE:00:00:04,-56
BLE,1703214239954295444,D3:F4:55:AB:96:20,-46
BLE,1703214240290798938,DF:DF:EE:00:00:04,-55
BLE,1703214240527770431,D3:F4:55:AB:96:20,-61
BLE,1703214241299918922,D3:F4:55:AB:96:20,-75
BLE,1703214241571411090,DF:A6:DC:DC:2E:81,-73
BLE,1703214241571460423,DF:DF:EE:00:00:01,-73
BLE,1703214242076635933,D3:F4:55:AB:96:20,-64
BLE,1703214242269277464,D3:F4:55:AB:96:20,-62
BLE,1703214242569915290,DF:A6:DC:DC:2E:81,-73
BLE,1703214242569956914,DF:DF:EE:00:00:01,-73
BLE,1703214243235101897,D3:F4:55:AB:96:20,-67
BLE,1703214243290099103,DF:DF:EE:00:00:04,-54
BLE,1703214243425359189,D3:F4:55:AB:96:20,-64
BLE,1703214243615805980,D3:F4:55:AB:96:20,-62
BLE,1703214243804605236,D3:F4:55:AB:96:20,-64
BLE,1703214243829893995,DF:DF:EE:00:00:04,-53
BLE,1703214244003022324,D3:F4:55:AB:96:20,-63
BLE,1703214244197180723,D3:F4:55:AB:96:20,-46
BLE,1703214244590511205,D3:F4:55:AB:96:20,-62
BLE,1703214244777951135,D3:F4:55:AB:96:20,-64
BLE,1703214244832101719,DF:DF:EE:00:00:04,-55
BLE,1703214244968607175,D3:F4:55:AB:96:20,-62
BLE,1703214245292038187,DF:DF:EE:00:00:04,-53
BLE,1703214245586720832,DF:A6:DC:DC:2E:81,-74
BLE,1703214245586766832,DF:DF:EE:00:00:01,-74
BLE,1703214246129973251,D3:F4:55:AB:96:20,-61
BLE,1703214246290716761,DF:DF:EE:00:00:04,-44
BLE,1703214246519997457,D3:F4:55:AB:96:20,-63
BLE,1703214246712508405,D3:F4:55:AB:96:20,-64
BLE,1703214246838425992,DF:DF:EE:00:00:04,-55
BLE,1703214247288385090,D3:F4:55:AB:96:20,-62
BLE,1703214247293692899,DF:DF:EE:00:00:04,-53
BLE,1703214247482037699,D3:F4:55:AB:96:20,-46
BLE,1703214248053786153,D3:F4:55:AB:96:20,-63
BLE,1703214248239895964,D3:F4:55:AB:96:20,-64
BLE,1703214248297530074,DF:DF:EE:00:00:04,-55
BLE,1703214248612890998,DF:A6:DC:DC:2E:81,-72
BLE,1703214248612932915,DF:DF:EE:00:00:01,-72
BLE,1703214248622767161,D3:F4:55:AB:96:20,-64
BLE,1703214248819359841,D3:F4:55:AB:96:20,-62
BLE,1703214248833121944,DF:DF:EE:00:00:04,-56
BLE,1703214249388646723,D3:F4:55:AB:96:20,-66
BLE,1703214249612173111,DF:A6:DC:DC:2E:81,-87
BLE,1703214249612218569,DF:DF:EE:00:00:01,-87
BLE,1703214249767533563,D3:F4:55:AB:96:20,-64
BLE,1703214250347147689,D3:F4:55:AB:96:20,-63
BLE,1703214250535832197,D3:F4:55:AB:96:20,-65
BLE,1703214250725275950,D3:F4:55:AB:96:20,-60
BLE,1703214250828112103,DF:DF:EE:00:00:04,-54
BLE,1703214250917086568,D3:F4:55:AB:96:20,-64
BLE,1703214251296010201,DF:DF:EE:00:00:04,-56
BLE,1703214251623370529,DF:A6:DC:DC:2E:81,-71
BLE,1703214251623409237,DF:DF:EE:00:00:01,-71
BLE,1703214251676618450,D3:F4:55:AB:96:20,-64
BLE,1703214251833793811,DF:DF:EE:00:00:04,-55
BLE,1703214251867560906,D3:F4:55:AB:96:20,-60
BLE,1703214252060201520,D3:F4:55:AB:96:20,-62
BLE,1703214252291076166,DF:DF:EE:00:00:04,-53
BLE,1703214253415124497,D3:F4:55:AB:96:20,-64
BLE,1703214253605246164,D3:F4:55:AB:96:20,-62
BLE,1703214253833990404,DF:DF:EE:00:00:04,-40
BLE,1703214253992158551,D3:F4:55:AB:96:20,-63
BLE,1703214254179066983,D3:F4:55:AB:96:20,-50
BLE,1703214254295325574,DF:DF:EE:00:00:04,-54
BLE,1703214254375386789,D3:F4:55:AB:96:20,-63
BLE,1703214254562896135,D3:F4:55:AB:96:20,-64
BLE,1703214254834053471,DF:DF:EE:00:00:04,-54
BLE,1703214255640318263,DF:A6:DC:DC:2E:81,-72
BLE,1703214255640374638,DF:DF:EE:00:00:01,-72
BLE,1703214255837867521,DF:DF:EE:00:00:04,-55
BLE,1703214256295129502,DF:DF:EE:00:00:04,-53
BLE,1703214256308405649,D3:F4:55:AB:96:20,-62
BLE,1703214256499876560,D3:F4:55:AB:96:20,-65
BLE,1703214256690293185,D3:F4:55:AB:96:20,-63
BLE,1703214256830073417,DF:DF:EE:00:00:04,-55
BLE,1703214257076475367,D3:F4:55:AB:96:20,-63
BLE,1703214257460916766,D3:F4:55:AB:96:20,-62
BLE,1703214257648143405,DF:A6:DC:DC:2E:81,-74
BLE,1703214257648188154,DF:DF:EE:00:00:01,-74
BLE,1703214257651533972,D3:F4:55:AB:96:20,-62
BLE,1703214257827353497,DF:DF:EE:00:00:04,-54
BLE,1703214257847100323,D3:F4:55:AB:96:20,-64
BLE,1703214258242276172,D3:F4:55:AB:96:20,-63
BLE,1703214258297699834,DF:DF:EE:00:00:04,-53
BLE,1703214258432336340,D3:F4:55:AB:96:20,-64
BLE,1703214258621652261,D3:F4:55:AB:96:20,-62
BLE,1703214258651740247,DF:A6:DC:DC:2E:81,-72
BLE,1703214258651772039,DF:DF:EE:00:00:01,-72
BLE,1703214258816112825,D3:F4:55:AB:96:20,-64
BLE,1703214259008110442,D3:F4:55:AB:96:20,-63
BLE,1703214259390256851,D3:F4:55:AB:96:20,-62
BLE,1703214259580648225,D3:F4:55:AB:96:20,-64
BLE,1703214259962872676,D3:F4:55:AB:96:20,-64
BLE,1703214260344136298,D3:F4:55:AB:96:20,-65
BLE,1703214260729437109,D3:F4:55:AB:96:20,-65
BLE,1703214260832940966,DF:DF:EE:00:00:04,-56
BLE,1703214261116912952,D3:F4:55:AB:96:20,-61
BLE,1703214261289301826,DF:DF:EE:00:00:04,-53
BLE,1703214261312996133,D3:F4:55:AB:96:20,-64
BLE,1703214261704181084,D3:F4:55:AB:96:20,-62
BLE,1703214261831554874,DF:DF:EE:00:00:04,-54
BLE,1703214261896943823,D3:F4:55:AB:96:20,-64
BLE,1703214262095734450,D3:F4:55:AB:96:20,-63
BLE,1703214262295526032,DF:DF:EE:00:00:04,-55
BLE,1703214262485210951,D3:F4:55:AB:96:20,-65
BLE,1703214262676513404,D3:F4:55:AB:96:20,-61
BLE,1703214262835488048,DF:DF:EE:00:00:04,-55
BLE,1703214263291757992,DF:DF:EE:00:00:04,-37
BLE,1703214263637406277,D3:F4:55:AB:96:20,-60
BLE,1703214263681751073,DF:A6:DC:DC:2E:81,-70
BLE,1703214263681791698,DF:DF:EE:00:00:01,-70
BLE,1703214263826008118,D3:F4:55:AB:96:20,-62
BLE,1703214263830274223,DF:DF:EE:00:00:04,-53
BLE,1703214264289550903,DF:DF:EE:00:00:04,-45
BLE,1703214264400566351,D3:F4:55:AB:96:20,-61
BLE,1703214264687405323,DF:A6:DC:DC:2E:81,-74
BLE,1703214264687449406,DF:DF:EE:00:00:01,-74
BLE,1703214264776961536,D3:F4:55:AB:96:20,-64
BLE,1703214264832761363,DF:DF:EE:00:00:04,-40
BLE,1703214264975701539,D3:F4:55:AB:96:20,-63
BLE,1703214265163020344,D3:F4:55:AB:96:20,-64
BLE,1703214265356696037,D3:F4:55:AB:96:20,-62
BLE,1703214265545384752,D3:F4:55:AB:96:20,-64
BLE,1703214265937315450,D3:F4:55:AB:96:20,-63
BLE,1703214266132974092,D3:F4:55:AB:96:20,-61
BLE,1703214266523754211,D3:F4:55:AB:96:20,-63
BLE,1703214266831541921,DF:DF:EE:00:00:04,-54
BLE,1703214266914549997,D3:F4:55:AB:96:20,-64
BLE,1703214267295240830,DF:DF:EE:00:00:04,-38
BLE,1703214267494052207,D3:F4:55:AB:96:20,-62
BLE,1703214267683151213,D3:F4:55:AB:96:20,-66
BLE,1703214267832401610,DF:DF:EE:00:00:04,-55
BLE,1703214267874714165,D3:F4:55:AB:96:20,-63
BLE,1703214268258610316,D3:F4:55:AB:96:20,-62
BLE,1703214268443513924,D3:F4:55:AB:96:20,-64
BLE,1703214268632626638,D3:F4:55:AB:96:20,-61
BLE,1703214269010602691,D3:F4:55:AB:96:20,-65
BLE,1703214269012120351,D3:F4:55:AB:96:20,-62
BLE,1703214269201526896,D3:F4:55:AB:96:20,-63
BLE,1703214269389999988,D3:F4:55:AB:96:20,-65
BLE,1703214269720701092,DF:A6:DC:DC:2E:81,-74
BLE,1703214269720734842,DF:DF:EE:00:00:01,-74
BLE,1703214269776022713,D3:F4:55:AB:96:20,-64
BLE,1703214269829684549,DF:DF:EE:00:00:04,-56
BLE,1703214270540186865,D3:F4:55:AB:96:20,-64
BLE,1703214270723769479,DF:A6:DC:DC:2E:81,-70
BLE,1703214270723827187,DF:DF:EE:00:00:01,-70
BLE,1703214270732258232,D3:F4:55:AB:96:20,-63
BLE,1703214270827828042,DF:DF:EE:00:00:04,-38
BLE,1703214270925606134,D3:F4:55:AB:96:20,-61
BLE,1703214271121265984,D3:F4:55:AB:96:20,-65
BLE,1703214271316627919,D3:F4:55:AB:96:20,-64
BLE,1703214271506161048,D3:F4:55:AB:96:20,-65
BLE,1703214271701744523,D3:F4:55:AB:96:20,-62
BLE,1703214271728652149,DF:A6:DC:DC:2E:81,-73
BLE,1703214271728682274,DF:DF:EE:00:00:01,-73
BLE,1703214271834020165,DF:DF:EE:00:00:04,-56
BLE,1703214271888485206,D3:F4:55:AB:96:20,-66
BLE,1703214272084782428,D3:F4:55:AB:96:20,-47
BLE,1703214272290740273,DF:DF:EE:00:00:04,-53
BLE,1703214272470475988,D3:F4:55:AB:96:20,-50
BLE,1703214273050246488,D3:F4:55:AB:96:20,-62
BLE,1703214273290351509,DF:DF:EE:00:00:04,-54
BLE,1703214273740497231,DF:A6:DC:DC:2E:81,-72
BLE,1703214273740557980,DF:DF:EE:00:00:01,-72
BLE,1703214273823021518,D3:F4:55:AB:96:20,-64
BLE,1703214274214378968,D3:F4:55:AB:96:20,-60
BLE,1703214274745608816,DF:A6:DC:DC:2E:81,-86
BLE,1703214274745649191,DF:DF:EE:00:00:01,-86
BLE,1703214274787467041,D3:F4:55:AB:96:20,-64
BLE,1703214274827969771,DF:DF:EE:00:00:04,-57
BLE,1703214275293240965,DF:DF:EE:00:00:04,-56
BLE,1703214275366356462,D3:F4:55:AB:96:20,-67
BLE,1703214275755375173,DF:A6:DC:DC:2E:81,-73
BLE,1703214275755413131,DF:DF:EE:00:00:01,-73
BLE,1703214275938097707,D3:F4:55:AB:96:20,-64
BLE,1703214276133058561,D3:F4:55:AB:96:20,-64
BLE,1703214276292352786,DF:DF:EE:00:00:04,-55
BLE,1703214276520937985,D3:F4:55:AB:96:20,-66
BLE,1703214276720519526,D3:F4:55:AB:96:20,-63
BLE,1703214276829038318,DF:DF:EE:00:00:04,-56
BLE,1703214276907056043,D3:F4:55:AB:96:20,-78
BLE,1703214277289264202,D3:F4:55:AB:96:20,-65
BLE,1703214277481873816,D3:F4:55:AB:96:20,-63
BLE,1703214277827930724,DF:DF:EE:00:00:04,-53
BLE,1703214277866507422,D3:F4:55:AB:96:20,-63
BLE,1703214278060437030,D3:F4:55:AB:96:20,-61
BLE,1703214278254946761,D3:F4:55:AB:96:20,-65
BLE,1703214278293013169,DF:DF:EE:00:00:04,-56
BLE,1703214278452401061,D3:F4:55:AB:96:20,-63
BLE,1703214278637976082,D3:F4:55:AB:96:20,-50
BLE,1703214279015506888,D3:F4:55:AB:96:20,-62
BLE,1703214279288248759,DF:DF:EE:00:00:04,-54
BLE,1703214279593283106,D3:F4:55:AB:96:20,-60
BLE,1703214279831492052,DF:DF:EE:00:00:04,-54
BLE,1703214279977958087,D3:F4:55:AB:96:20,-47
BLE,1703214280364214685,D3:F4:55:AB:96:20,-67
BLE,1703214280829560420,DF:DF:EE:00:00:04,-55
BLE,1703214281136367009,D3:F4:55:AB:96:20,-65
BLE,1703214281293245871,DF:DF:EE:00:00:04,-53
BLE,1703214281516626635,D3:F4:55:AB:96:20,-64
BLE,1703214281829002741,DF:DF:EE:00:00:04,-71
BLE,1703214281902217820,D3:F4:55:AB:96:20,-65
BLE,1703214282094684352,D3:F4:55:AB:96:20,-63
BLE,1703214282480526994,D3:F4:55:AB:96:20,-62
BLE,1703214282861675450,D3:F4:55:AB:96:20,-62
BLE,1703214283242792614,D3:F4:55:AB:96:20,-64
BLE,1703214283631764158,D3:F4:55:AB:96:20,-64
BLE,1703214283791335008,DF:A6:DC:DC:2E:81,-91
BLE,1703214283791366757,DF:DF:EE:00:00:01,-91
BLE,1703214283828415337,DF:DF:EE:00:00:04,-56
BLE,1703214284208233424,D3:F4:55:AB:96:20,-63
BLE,1703214284298542675,DF:DF:EE:00:00:04,-56
BLE,1703214284395406188,D3:F4:55:AB:96:20,-64
BLE,1703214284591698160,D3:F4:55:AB:96:20,-62
BLE,1703214284781992660,D3:F4:55:AB:96:20,-64
BLE,1703214284827430493,DF:DF:EE:00:00:04,-53
BLE,1703214284973213739,D3:F4:55:AB:96:20,-63
BLE,1703214285351557957,D3:F4:55:AB:96:20,-61
BLE,1703214285735039235,D3:F4:55:AB:96:20,-62
BLE,1703214285803131672,DF:A6:DC:DC:2E:81,-71
BLE,1703214285803151422,DF:DF:EE:00:00:01,-71
BLE,1703214285831792665,DF:DF:EE:00:00:04,-55
BLE,1703214286293696624,DF:DF:EE:00:00:04,-55
BLE,1703214286308745014,D3:F4:55:AB:96:20,-50
BLE,1703214286506953227,D3:F4:55:AB:96:20,-63
BLE,1703214286698030807,D3:F4:55:AB:96:20,-60
BLE,1703214286803243739,DF:A6:DC:DC:2E:81,-73
BLE,1703214286803298489,DF:DF:EE:00:00:01,-73
BLE,1703214286826706756,DF:DF:EE:00:00:04,-53
BLE,1703214286890558630,D3:F4:55:AB:96:20,-62
BLE,1703214287268257976,D3:F4:55:AB:96:20,-47
BLE,1703214287654996572,D3:F4:55:AB:96:20,-63
BLE,1703214287835134619,DF:DF:EE:00:00:04,-55
BLE,1703214287843757246,D3:F4:55:AB:96:20,-64
BLE,1703214288037855520,D3:F4:55:AB:96:20,-63
BLE,1703214288230756091,D3:F4:55:AB:96:20,-62
BLE,1703214288424775490,D3:F4:55:AB:96:20,-65
BLE,1703214288620133675,D3:F4:55:AB:96:20,-63
BLE,1703214289004567991,D3:F4:55:AB:96:20,-47
BLE,1703214289197491687,D3:F4:55:AB:96:20,-60
BLE,1703214289296586148,DF:DF:EE:00:00:04,-55
BLE,1703214289390587007,D3:F4:55:AB:96:20,-64
BLE,1703214289587279519,D3:F4:55:AB:96:20,-63
BLE,1703214289778165725,D3:F4:55:AB:96:20,-64
BLE,1703214289830022111,DF:DF:EE:00:00:04,-56
BLE,1703214290159977385,D3:F4:55:AB:96:20,-65
BLE,1703214290295652136,DF:DF:EE:00:00:04,-53
BLE,1703214290353071164,D3:F4:55:AB:96:20,-62
BLE,1703214290540313345,D3:F4:55:AB:96:20,-64
BLE,1703214290831311090,DF:DF:EE:00:00:04,-53
BLE,1703214290834358201,DF:A6:DC:DC:2E:81,-73
BLE,1703214290834370701,DF:DF:EE:00:00:01,-73
BLE,1703214291119523889,D3:F4:55:AB:96:20,-62
BLE,1703214291289095818,DF:DF:EE:00:00:04,-54
BLE,1703214291501815548,D3:F4:55:AB:96:20,-63
BLE,1703214291688842563,D3:F4:55:AB:96:20,-64
BLE,1703214291844034307,DF:A6:DC:DC:2E:81,-76
BLE,1703214291844095099,DF:DF:EE:00:00:01,-76
BLE,1703214292072163216,D3:F4:55:AB:96:20,-65
BLE,1703214292289344218,DF:DF:EE:00:00:04,-55
BLE,1703214292456042409,D3:F4:55:AB:96:20,-50
BLE,1703214292457575444,D3:F4:55:AB:96:20,-46
BLE,1703214292645660454,D3:F4:55:AB:96:20,-62
BLE,1703214292827944324,DF:DF:EE:00:00:04,-40
BLE,1703214292849700974,DF:A6:DC:DC:2E:81,-73
BLE,1703214292849713224,DF:DF:EE:00:00:01,-73
BLE,1703214293407490367,D3:F4:55:AB:96:20,-46
BLE,1703214293599463192,D3:F4:55:AB:96:20,-64
BLE,1703214293794232755,D3:F4:55:AB:96:20,-63
BLE,1703214293828178182,DF:DF:EE:00:00:04,-54
BLE,1703214293853461983,DF:A6:DC:DC:2E:81,-70
BLE,1703214293853492024,DF:DF:EE:00:00:01,-70
BLE,1703214293990856851,D3:F4:55:AB:96:20,-62
BLE,1703214294292094174,DF:DF:EE:00:00:04,-57
BLE,1703214294378294777,D3:F4:55:AB:96:20,-75
BLE,1703214294959399188,D3:F4:55:AB:96:20,-62
BLE,1703214295296385138,DF:DF:EE:00:00:04,-53
BLE,1703214295724325045,D3:F4:55:AB:96:20,-61
BLE,1703214295919572522,D3:F4:55:AB:96:20,-51
BLE,1703214296115584663,D3:F4:55:AB:96:20,-62
BLE,1703214296303017967,D3:F4:55:AB:96:20,-65
BLE,1703214296830114043,DF:DF:EE:00:00:04,-57
BLE,1703214296863369599,DF:A6:DC:DC:2E:81,-90
BLE,1703214296863402765,DF:DF:EE:00:00:01,-90
BLE,1703214296876475788,D3:F4:55:AB:96:20,-47
BLE,1703214297064955047,D3:F4:55:AB:96:20,-66
BLE,1703214297263715049,D3:F4:55:AB:96:20,-63
BLE,1703214297450392191,D3:F4:55:AB:96:20,-50
BLE,1703214297643378887,D3:F4:55:AB:96:20,-63
BLE,1703214297828926075,DF:DF:EE:00:00:04,-53
BLE,1703214297866843609,DF:A6:DC:DC:2E:81,-73
BLE,1703214297866860025,DF:DF:EE:00:00:01,-73
BLE,1703214298030675939,D3:F4:55:AB:96:20,-66
BLE,1703214298227088410,D3:F4:55:AB:96:20,-62
BLE,1703214298413927884,D3:F4:55:AB:96:20,-50
BLE,1703214298796135168,D3:F4:55:AB:96:20,-50
BLE,1703214298828072897,DF:DF:EE:00:00:04,-56
BLE,1703214298873118606,DF:A6:DC:DC:2E:81,-56
BLE,1703214298873129981,DF:DF:EE:00:00:01,-56
BLE,1703214298993836093,D3:F4:55:AB:96:20,-62
BLE,1703214299180385901,D3:F4:55:AB:96:20,-65
BLE,1703214299572564139,D3:F4:55:AB:96:20,-60
BLE,1703214299768287114,D3:F4:55:AB:96:20,-66
BLE,1703214300158626027,D3:F4:55:AB:96:20,-60
BLE,1703214300352209429,D3:F4:55:AB:96:20,-77
BLE,1703214300741773221,D3:F4:55:AB:96:20,-62
BLE,1703214300831392433,DF:DF:EE:00:00:04,-54
BLE,1703214300933842921,D3:F4:55:AB:96:20,-64
BLE,1703214301130726390,D3:F4:55:AB:96:20,-62
BLE,1703214301320695392,D3:F4:55:AB:96:20,-64
BLE,1703214301511443681,D3:F4:55:AB:96:20,-63
BLE,1703214301701991971,D3:F4:55:AB:96:20,-64
BLE,1703214301878400743,DF:A6:DC:DC:2E:81,-75
BLE,1703214301878421077,DF:DF:EE:00:00:01,-75
BLE,1703214302287156030,DF:DF:EE:00:00:04,-37
BLE,1703214302465699251,D3:F4:55:AB:96:20,-50
BLE,1703214302827883627,DF:DF:EE:00:00:04,-54
BLE,1703214302886215234,DF:A6:DC:DC:2E:81,-72
BLE,1703214302886245358,DF:DF:EE:00:00:01,-72
BLE,1703214303043468802,D3:F4:55:AB:96:20,-63
BLE,1703214303238808612,D3:F4:55:AB:96:20,-62
BLE,1703214303820837852,D3:F4:55:AB:96:20,-46
BLE,1703214303829356563,DF:DF:EE:00:00:04,-71
BLE,1703214304013461841,D3:F4:55:AB:96:20,-62
BLE,1703214304210583476,D3:F4:55:AB:96:20,-63
BLE,1703214304296499498,DF:DF:EE:00:00:04,-55
BLE,1703214304402706343,D3:F4:55:AB:96:20,-64
BLE,1703214304598046111,D3:F4:55:AB:96:20,-67
BLE,1703214304793195672,D3:F4:55:AB:96:20,-61
BLE,1703214304828751925,DF:DF:EE:00:00:04,-53
BLE,1703214304984596250,D3:F4:55:AB:96:20,-64
BLE,1703214305178304109,D3:F4:55:AB:96:20,-75
BLE,1703214305288833642,DF:DF:EE:00:00:04,-55
BLE,1703214305290291761,DF:DF:EE:00:00:04,-55
BLE,1703214305368448276,D3:F4:55:AB:96:20,-64
BLE,1703214305564728832,D3:F4:55:AB:96:20,-63
BLE,1703214305756314659,D3:F4:55:AB:96:20,-60
BLE,1703214305947349031,D3:F4:55:AB:96:20,-47
BLE,1703214306134973459,D3:F4:55:AB:96:20,-64
BLE,1703214306291551031,DF:DF:EE:00:00:04,-53
BLE,1703214306713231300,D3:F4:55:AB:96:20,-62
BLE,1703214306830380720,DF:DF:EE:00:00:04,-54
BLE,1703214306899556610,D3:F4:55:AB:96:20,-66
BLE,1703214306911154640,DF:A6:DC:DC:2E:81,-73
BLE,1703214306911200306,DF:DF:EE:00:00:01,-73
BLE,1703214307091190353,D3:F4:55:AB:96:20,-63
BLE,1703214307296475618,DF:DF:EE:00:00:04,-55
BLE,1703214307855674546,D3:F4:55:AB:96:20,-63
BLE,1703214307912184911,DF:A6:DC:DC:2E:81,-79
BLE,1703214307912208578,DF:DF:EE:00:00:01,-79
BLE,1703214308242860515,D3:F4:55:AB:96:20,-62
BLE,1703214308433586888,D3:F4:55:AB:96:20,-45
BLE,1703214308629763153,D3:F4:55:AB:96:20,-64
BLE,1703214308823427637,D3:F4:55:AB:96:20,-63
BLE,1703214308920513566,DF:A6:DC:DC:2E:81,-75
BLE,1703214308920564940,DF:DF:EE:00:00:01,-75
BLE,1703214309201868897,D3:F4:55:AB:96:20,-46
BLE,1703214309285647720,DF:DF:EE:00:00:04,-53
BLE,1703214309396584168,D3:F4:55:AB:96:20,-66
BLE,1703214309781627772,D3:F4:55:AB:96:20,-64
BLE,1703214309925317195,DF:A6:DC:DC:2E:81,-57
BLE,1703214309925336070,DF:DF:EE:00:00:01,-57
BLE,1703214310162787519,D3:F4:55:AB:96:20,-65
BLE,1703214310357934705,D3:F4:55:AB:96:20,-62
BLE,1703214310738541538,D3:F4:55:AB:96:20,-62
BLE,1703214310924536641,D3:F4:55:AB:96:20,-65
BLE,1703214311123546767,D3:F4:55:AB:96:20,-62
BLE,1703214311319267867,D3:F4:55:AB:96:20,-47
BLE,1703214311508867870,D3:F4:55:AB:96:20,-67
BLE,1703214311827010407,DF:DF:EE:00:00:04,-53
BLE,1703214311888103210,D3:F4:55:AB:96:20,-62
BLE,1703214312277820626,D3:F4:55:AB:96:20,-64
BLE,1703214312668217789,D3:F4:55:AB:96:20,-62
BLE,1703214312930904581,DF:A6:DC:DC:2E:81,-74
BLE,1703214312930955372,DF:DF:EE:00:00:01,-74
BLE,1703214313053513725,D3:F4:55:AB:96:20,-62
BLE,1703214313244762012,D3:F4:55:AB:96:20,-64
BLE,1703214313288501978,DF:DF:EE:00:00:04,-53
BLE,1703214313439375617,D3:F4:55:AB:96:20,-63
BLE,1703214313630636321,D3:F4:55:AB:96:20,-60
BLE,1703214313823467059,D3:F4:55:AB:96:20,-62
BLE,1703214313827809622,DF:DF:EE:00:00:04,-66
BLE,1703214314020962901,D3:F4:55:AB:96:20,-47
BLE,1703214314208542746,D3:F4:55:AB:96:20,-64
BLE,1703214314291680781,DF:DF:EE:00:00:04,-57
BLE,1703214314404476012,D3:F4:55:AB:96:20,-62
BLE,1703214314594786470,D3:F4:55:AB:96:20,-65
BLE,1703214314785861758,D3:F4:55:AB:96:20,-62
BLE,1703214314825882366,DF:DF:EE:00:00:04,-56
BLE,1703214314944224155,DF:A6:DC:DC:2E:81,-73
BLE,1703214314944259821,DF:DF:EE:00:00:01,-73
BLE,1703214314974468682,D3:F4:55:AB:96:20,-64
BLE,1703214315166718882,D3:F4:55:AB:96:20,-61
BLE,1703214315292154096,DF:DF:EE:00:00:04,-38
BLE,1703214315363427644,D3:F4:55:AB:96:20,-46
BLE,1703214315559193077,D3:F4:55:AB:96:20,-65
BLE,1703214315756747585,D3:F4:55:AB:96:20,-62
BLE,1703214315832789277,DF:DF:EE:00:00:04,-69
BLE,1703214316141245650,D3:F4:55:AB:96:20,-63
BLE,1703214316288512931,DF:DF:EE:00:00:04,-40
BLE,1703214316335413965,D3:F4:55:AB:96:20,-62
BLE,1703214316907972290,D3:F4:55:AB:96:20,-64
BLE,1703214317291828817,DF:DF:EE:00:00:04,-53
BLE,1703214317294774762,D3:F4:55:AB:96:20,-69
BLE,1703214318062705938,D3:F4:55:AB:96:20,-59
BLE,1703214318255438177,D3:F4:55:AB:96:20,-79
BLE,1703214318296721695,DF:DF:EE:00:00:04,-54
BLE,1703214318441214572,D3:F4:55:AB:96:20,-64
BLE,1703214318636953839,D3:F4:55:AB:96:20,-63
BLE,1703214318830256742,D3:F4:55:AB:96:20,-62
BLE,1703214319020625033,D3:F4:55:AB:96:20,-63
BLE,1703214319215742927,D3:F4:55:AB:96:20,-62
BLE,1703214319596947174,D3:F4:55:AB:96:20,-62
BLE,1703214319788969833,D3:F4:55:AB:96:20,-65
BLE,1703214319963730571,DF:A6:DC:DC:2E:81,-74
BLE,1703214319963771654,DF:DF:EE:00:00:01,-74
BLE,1703214320174512976,D3:F4:55:AB:96:20,-64
BLE,1703214320963818555,DF:A6:DC:DC:2E:81,-73
BLE,1703214320963875388,DF:DF:EE:00:00:01,-73
BLE,1703214321141099864,D3:F4:55:AB:96:20,-64
BLE,1703214321292904374,DF:DF:EE:00:00:04,-40
BLE,1703214321522671193,D3:F4:55:AB:96:20,-64
BLE,1703214322287862799,DF:DF:EE:00:00:04,-53
BLE,1703214322681057199,D3:F4:55:AB:96:20,-62
BLE,1703214322826052407,DF:DF:EE:00:00:04,-53
BLE,1703214322972327401,DF:A6:DC:DC:2E:81,-70
BLE,1703214322972366067,DF:DF:EE:00:00:01,-70
BLE,1703214323292000264,DF:DF:EE:00:00:04,-55
BLE,1703214323451899445,D3:F4:55:AB:96:20,-62
BLE,1703214323641441740,D3:F4:55:AB:96:20,-64
BLE,1703214324033771311,D3:F4:55:AB:96:20,-62
BLE,1703214324221903154,D3:F4:55:AB:96:20,-65
BLE,1703214324419772244,D3:F4:55:AB:96:20,-63
BLE,1703214324831722766,DF:DF:EE:00:00:04,-54
BLE,1703214324975726562,DF:A6:DC:DC:2E:81,-72
BLE,1703214324975765104,DF:DF:EE:00:00:01,-72
BLE,1703214324995810845,D3:F4:55:AB:96:20,-47
BLE,1703214325574835682,D3:F4:55:AB:96:20,-64
BLE,1703214325827006023,DF:DF:EE:00:00:04,-39
BLE,1703214325964896722,D3:F4:55:AB:96:20,-62
BLE,1703214325978707658,DF:A6:DC:DC:2E:81,-73
BLE,1703214325978738491,DF:DF:EE:00:00:01,-73
BLE,1703214326153578354,D3:F4:55:AB:96:20,-62
BLE,1703214326291893468,DF:DF:EE:00:00:04,-37
BLE,1703214326535837888,D3:F4:55:AB:96:20,-63
BLE,1703214326917536591,D3:F4:55:AB:96:20,-62
BLE,1703214326982027794,DF:A6:DC:DC:2E:81,-73
BLE,1703214326982060461,DF:DF:EE:00:00:01,-73
BLE,1703214327107128510,D3:F4:55:AB:96:20,-51
BLE,1703214327828811025,DF:DF:EE:00:00:04,-54
BLE,1703214327983529522,DF:A6:DC:DC:2E:81,-73
BLE,1703214327983572646,DF:DF:EE:00:00:01,-73
BLE,1703214328266200305,D3:F4:55:AB:96:20,-62
BLE,1703214328287322666,DF:DF:EE:00:00:04,-57
BLE,1703214328454623438,D3:F4:55:AB:96:20,-64
BLE,1703214328644240941,D3:F4:55:AB:96:20,-61
BLE,1703214328830665751,DF:DF:EE:00:00:04,-56
BLE,1703214329023317781,D3:F4:55:AB:96:20,-61
BLE,1703214329212062747,D3:F4:55:AB:96:20,-47
BLE,1703214329399137928,D3:F4:55:AB:96:20,-66
BLE,1703214329828246496,DF:DF:EE:00:00:04,-54
BLE,1703214329978375597,D3:F4:55:AB:96:20,-62
BLE,1703214330165676069,D3:F4:55:AB:96:20,-64
BLE,1703214330292537444,DF:DF:EE:00:00:04,-58
BLE,1703214330357614062,D3:F4:55:AB:96:20,-63
BLE,1703214330554646447,D3:F4:55:AB:96:20,-61
BLE,1703214330744327742,D3:F4:55:AB:96:20,-63
BLE,1703214330941393710,D3:F4:55:AB:96:20,-62
BLE,1703214331011334139,DF:A6:DC:DC:2E:81,-73
BLE,1703214331011364013,DF:DF:EE:00:00:01,-73
BLE,1703214331129864260,D3:F4:55:AB:96:20,-64
BLE,1703214331289891524,DF:DF:EE:00:00:04,-53
BLE,1703214331326794605,D3:F4:55:AB:96:20,-62
BLE,1703214331703376331,D3:F4:55:AB:96:20,-51
BLE,1703214331827398844,DF:DF:EE:00:00:04,-54
BLE,1703214332016441766,DF:A6:DC:DC:2E:81,-73
BLE,1703214332016501724,DF:DF:EE:00:00:01,-73
BLE,1703214332082465713,D3:F4:55:AB:96:20,-60
BLE,1703214332291810708,DF:DF:EE:00:00:04,-57
BLE,1703214332473948787,D3:F4:55:AB:96:20,-63
BLE,1703214333052147378,D3:F4:55:AB:96:20,-62
BLE,1703214333246825066,D3:F4:55:AB:96:20,-65
BLE,1703214333288285750,DF:DF:EE:00:00:04,-53
BLE,1703214333827189147,D3:F4:55:AB:96:20,-62
BLE,1703214334018697058,D3:F4:55:AB:96:20,-60
BLE,1703214334032490203,DF:A6:DC:DC:2E:81,-74
BLE,1703214334032519578,DF:DF:EE:00:00:01,-74
BLE,1703214334211376214,D3:F4:55:AB:96:20,-64
BLE,1703214334295217036,DF:DF:EE:00:00:04,-57
BLE,1703214334781557966,D3:F4:55:AB:96:20,-61
BLE,1703214335036602043,DF:A6:DC:DC:2E:81,-72
BLE,1703214335036643752,DF:DF:EE:00:00:01,-72
BLE,1703214335542526300,D3:F4:55:AB:96:20,-64
BLE,1703214335832861590,DF:DF:EE:00:00:04,-53
BLE,1703214335936254948,D3:F4:55:AB:96:20,-62
BLE,1703214336290146362,DF:DF:EE:00:00:04,-45
BLE,1703214336320078308,D3:F4:55:AB:96:20,-62
BLE,1703214336511950508,D3:F4:55:AB:96:20,-64
BLE,1703214336513277377,D3:F4:55:AB:96:20,-61
BLE,1703214336904656661,D3:F4:55:AB:96:20,-63
BLE,1703214337094030707,D3:F4:55:AB:96:20,-63
BLE,1703214337286589654,D3:F4:55:AB:96:20,-62
BLE,1703214337291142383,DF:DF:EE:00:00:04,-56
BLE,1703214337666465116,D3:F4:55:AB:96:20,-46
BLE,1703214337830305820,DF:DF:EE:00:00:04,-57
BLE,1703214338055057995,D3:F4:55:AB:96:20,-62
BLE,1703214338055652284,DF:A6:DC:DC:2E:81,-57
BLE,1703214338055680867,DF:DF:EE:00:00:01,-57
BLE,1703214338247750317,D3:F4:55:AB:96:20,-60
BLE,1703214338633439835,D3:F4:55:AB:96:20,-46
BLE,1703214338828049482,D3:F4:55:AB:96:20,-50
BLE,1703214339018687480,D3:F4:55:AB:96:20,-75
BLE,1703214339053827819,DF:A6:DC:DC:2E:81,-74
BLE,1703214339053856068,DF:DF:EE:00:00:01,-74
BLE,1703214339208864897,D3:F4:55:AB:96:20,-65
BLE,1703214339592242384,D3:F4:55:AB:96:20,-64
BLE,1703214339788369982,D3:F4:55:AB:96:20,-62
BLE,1703214339833142610,DF:DF:EE:00:00:04,-56
BLE,1703214340063856632,DF:A6:DC:DC:2E:81,-60
BLE,1703214340063897007,DF:DF:EE:00:00:01,-60
BLE,1703214340177036361,D3:F4:55:AB:96:20,-70
BLE,1703214340571091049,D3:F4:55:AB:96:20,-63
BLE,1703214340833495051,DF:DF:EE:00:00:04,-56
BLE,1703214341291572444,DF:DF:EE:00:00:04,-40
BLE,1703214341722518546,D3:F4:55:AB:96:20,-63
BLE,1703214341918486144,D3:F4:55:AB:96:20,-62
BLE,1703214342080891147,DF:A6:DC:DC:2E:81,-73
BLE,1703214342080928439,DF:DF:EE:00:00:01,-73
BLE,1703214342306194403,D3:F4:55:AB:96:20,-61
BLE,1703214342501353922,D3:F4:55:AB:96:20,-62
BLE,1703214342695239280,D3:F4:55:AB:96:20,-64
BLE,1703214342889794761,D3:F4:55:AB:96:20,-62
BLE,1703214343080243551,D3:F4:55:AB:96:20,-64
BLE,1703214343857306811,D3:F4:55:AB:96:20,-63
BLE,1703214344049387344,D3:F4:55:AB:96:20,-64
BLE,1703214344089674659,DF:A6:DC:DC:2E:81,-73
BLE,1703214344089715284,DF:DF:EE:00:00:01,-73
BLE,1703214344289494532,DF:DF:EE:00:00:04,-55
BLE,1703214344441596791,D3:F4:55:AB:96:20,-62
BLE,1703214344825740816,DF:DF:EE:00:00:04,-55
BLE,1703214345006660567,D3:F4:55:AB:96:20,-63
BLE,1703214345095606366,DF:A6:DC:DC:2E:81,-73
BLE,1703214345095637949,DF:DF:EE:00:00:01,-73
BLE,1703214345194733077,D3:F4:55:AB:96:20,-64
BLE,1703214345285642742,DF:DF:EE:00:00:04,-53
BLE,1703214345386607320,D3:F4:55:AB:96:20,-62
BLE,1703214345577920523,D3:F4:55:AB:96:20,-65
BLE,1703214345769758058,D3:F4:55:AB:96:20,-62
BLE,1703214345959822975,D3:F4:55:AB:96:20,-64
BLE,1703214346094239024,DF:A6:DC:DC:2E:81,-73
BLE,1703214346094275773,DF:DF:EE:00:00:01,-73
BLE,1703214346149435020,D3:F4:55:AB:96:20,-62
BLE,1703214346287381927,DF:DF:EE:00:00:04,-56
BLE,1703214346340548308,D3:F4:55:AB:96:20,-64
BLE,1703214346536402657,D3:F4:55:AB:96:20,-62
BLE,1703214346730629805,D3:F4:55:AB:96:20,-60
BLE,1703214346824130584,DF:DF:EE:00:00:04,-54
BLE,1703214347113639711,D3:F4:55:AB:96:20,-62
BLE,1703214347284295967,DF:DF:EE:00:00:04,-53
BLE,1703214347303012631,D3:F4:55:AB:96:20,-62
BLE,1703214347489836897,D3:F4:55:AB:96:20,-64
BLE,1703214347868889987,D3:F4:55:AB:96:20,-64
BLE,1703214348057845077,D3:F4:55:AB:96:20,-61
BLE,1703214348108980425,DF:A6:DC:DC:2E:81,-72
BLE,1703214348109009091,DF:DF:EE:00:00:01,-72
BLE,1703214348446106749,D3:F4:55:AB:96:20,-63
BLE,1703214348637373286,D3:F4:55:AB:96:20,-64
BLE,1703214348833698217,D3:F4:55:AB:96:20,-63
BLE,1703214349114875340,DF:A6:DC:DC:2E:81,-71
BLE,1703214349114918923,DF:DF:EE:00:00:01,-71
BLE,1703214349219070195,D3:F4:55:AB:96:20,-64
BLE,1703214349415780123,D3:F4:55:AB:96:20,-63
BLE,1703214349806145245,D3:F4:55:AB:96:20,-66
BLE,1703214349999229482,D3:F4:55:AB:96:20,-62
BLE,1703214350186862827,D3:F4:55:AB:96:20,-64
BLE,1703214350293360879,DF:DF:EE:00:00:04,-55
BLE,1703214350377483200,D3:F4:55:AB:96:20,-61
BLE,1703214350566214249,D3:F4:55:AB:96:20,-62
BLE,1703214350752877057,D3:F4:55:AB:96:20,-64
BLE,1703214350831241072,DF:DF:EE:00:00:04,-55
BLE,1703214351123968851,DF:A6:DC:DC:2E:81,-88
BLE,1703214351124012851,DF:DF:EE:00:00:01,-88
BLE,1703214351147767075,D3:F4:55:AB:96:20,-62
BLE,1703214351286336479,DF:DF:EE:00:00:04,-55
BLE,1703214351337947408,D3:F4:55:AB:96:20,-64
BLE,1703214351534157464,D3:F4:55:AB:96:20,-47
BLE,1703214351719735527,D3:F4:55:AB:96:20,-64
BLE,1703214352129158936,DF:A6:DC:DC:2E:81,-70
BLE,1703214352129187686,DF:DF:EE:00:00:01,-70
BLE,1703214352290869026,DF:DF:EE:00:00:04,-54
BLE,1703214352500922768,D3:F4:55:AB:96:20,-63
BLE,1703214352833822321,DF:DF:EE:00:00:04,-70
BLE,1703214352886555370,D3:F4:55:AB:96:20,-65
BLE,1703214353079342983,D3:F4:55:AB:96:20,-60
BLE,1703214353457898826,D3:F4:55:AB:96:20,-61
BLE,1703214354036501206,D3:F4:55:AB:96:20,-65
BLE,1703214354135299419,DF:A6:DC:DC:2E:81,-56
BLE,1703214354135340793,DF:DF:EE:00:00:01,-56
BLE,1703214354226748415,D3:F4:55:AB:96:20,-46
BLE,1703214354424586505,D3:F4:55:AB:96:20,-60
BLE,1703214354616513580,D3:F4:55:AB:96:20,-63
BLE,1703214354809993857,D3:F4:55:AB:96:20,-61
BLE,1703214354998800031,D3:F4:55:AB:96:20,-62
BLE,1703214355140148422,DF:A6:DC:DC:2E:81,-74
BLE,1703214355140192505,DF:DF:EE:00:00:01,-74
BLE,1703214355189246447,D3:F4:55:AB:96:20,-60
BLE,1703214355287905118,DF:DF:EE:00:00:04,-55
BLE,1703214355828390549,DF:DF:EE:00:00:04,-56
BLE,1703214356151214023,D3:F4:55:AB:96:20,-64
BLE,1703214356294261281,DF:DF:EE:00:00:04,-53
BLE,1703214356344416301,D3:F4:55:AB:96:20,-75
BLE,1703214356826140794,DF:DF:EE:00:00:04,-53
BLE,1703214356914042098,D3:F4:55:AB:96:20,-64
BLE,1703214357110364903,D3:F4:55:AB:96:20,-62
BLE,1703214357306585959,D3:F4:55:AB:96:20,-60
BLE,1703214357495451715,D3:F4:55:AB:96:20,-62
BLE,1703214357689041700,D3:F4:55:AB:96:20,-62
BLE,1703214357878437787,D3:F4:55:AB:96:20,-62
BLE,1703214358149116501,DF:A6:DC:DC:2E:81,-73
BLE,1703214358149159084,DF:DF:EE:00:00:01,-73
BLE,1703214358451774401,D3:F4:55:AB:96:20,-62
BLE,1703214358640682157,D3:F4:55:AB:96:20,-63
BLE,1703214359212521152,D3:F4:55:AB:96:20,-64
BLE,1703214359405407598,D3:F4:55:AB:96:20,-62
BLE,1703214359602102569,D3:F4:55:AB:96:20,-60
BLE,1703214359826598828,DF:DF:EE:00:00:04,-55
BLE,1703214359985420389,D3:F4:55:AB:96:20,-61
BLE,1703214360174801185,D3:F4:55:AB:96:20,-62
BLE,1703214360287422250,DF:DF:EE:00:00:04,-55
BLE,1703214360563037441,D3:F4:55:AB:96:20,-65
BLE,1703214360752224321,D3:F4:55:AB:96:20,-60
BLE,1703214360753702689,D3:F4:55:AB:96:20,-62
BLE,1703214360826305106,DF:DF:EE:00:00:04,-55
BLE,1703214360943814940,D3:F4:55:AB:96:20,-64
BLE,1703214361141320448,D3:F4:55:AB:96:20,-62
BLE,1703214361290459388,DF:DF:EE:00:00:04,-55
BLE,1703214361326827679,D3:F4:55:AB:96:20,-64
BLE,1703214362100330746,D3:F4:55:AB:96:20,-60
BLE,1703214362825622578,DF:DF:EE:00:00:04,-56
BLE,1703214363060602122,D3:F4:55:AB:96:20,-65
BLE,1703214363827071097,DF:DF:EE:00:00:04,-53
BLE,1703214363828534382,DF:DF:EE:00:00:04,-56
BLE,1703214363840627493,D3:F4:55:AB:96:20,-62
BLE,1703214364030102705,D3:F4:55:AB:96:20,-65
BLE,1703214364179210436,DF:A6:DC:DC:2E:81,-73
BLE,1703214364179264019,DF:DF:EE:00:00:01,-73
BLE,1703214364287700229,DF:DF:EE:00:00:04,-56
BLE,1703214364417701964,D3:F4:55:AB:96:20,-62
BLE,1703214364606211847,D3:F4:55:AB:96:20,-63
BLE,1703214364798020632,D3:F4:55:AB:96:20,-46
BLE,1703214364824360010,DF:DF:EE:00:00:04,-53
BLE,1703214365182625321,D3:F4:55:AB:96:20,-62
BLE,1703214365188488961,DF:A6:DC:DC:2E:81,-72
BLE,1703214365188519586,DF:DF:EE:00:00:01,-72
BLE,1703214365292887564,DF:DF:EE:00:00:04,-55
BLE,1703214365564431732,D3:F4:55:AB:96:20,-62
BLE,1703214365753849278,D3:F4:55:AB:96:20,-63
BLE,1703214365940629585,D3:F4:55:AB:96:20,-65
BLE,1703214366131933039,D3:F4:55:AB:96:20,-62
BLE,1703214366193920962,DF:A6:DC:DC:2E:81,-70
BLE,1703214366193959629,DF:DF:EE:00:00:01,-70
BLE,1703214366285555457,DF:DF:EE:00:00:04,-54
BLE,1703214366513921865,D3:F4:55:AB:96:20,-80
BLE,1703214367096385478,D3:F4:55:AB:96:20,-60
BLE,1703214367684387191,D3:F4:55:AB:96:20,-62
BLE,1703214367827926281,DF:DF:EE:00:00:04,-53
BLE,1703214368070742372,D3:F4:55:AB:96:20,-63
BLE,1703214368294470218,DF:DF:EE:00:00:04,-56
BLE,1703214368828128973,DF:DF:EE:00:00:04,-54
BLE,1703214369420205083,D3:F4:55:AB:96:20,-62
BLE,1703214369825138846,DF:DF:EE:00:00:04,-56
BLE,1703214370003259152,D3:F4:55:AB:96:20,-80
BLE,1703214370211535944,DF:A6:DC:DC:2E:81,-79
BLE,1703214370211578694,DF:DF:EE:00:00:01,-79
BLE,1703214370290299790,DF:DF:EE:00:00:04,-55
BLE,1703214370386323682,D3:F4:55:AB:96:20,-47
BLE,1703214370774321647,D3:F4:55:AB:96:20,-64
BLE,1703214370972005905,D3:F4:55:AB:96:20,-63
BLE,1703214371166817967,D3:F4:55:AB:96:20,-60
BLE,1703214371288980114,DF:DF:EE:00:00:04,-55
BLE,1703214371739049460,D3:F4:55:AB:96:20,-62
BLE,1703214372224673810,DF:A6:DC:DC:2E:81,-72
BLE,1703214372224731560,DF:DF:EE:00:00:01,-72
BLE,1703214372285820904,DF:DF:EE:00:00:04,-54
BLE,1703214372316983886,D3:F4:55:AB:96:20,-60
BLE,1703214372702224989,D3:F4:55:AB:96:20,-63
BLE,1703214372826133961,DF:DF:EE:00:00:04,-53
BLE,1703214372895308643,D3:F4:55:AB:96:20,-65
BLE,1703214373087759966,D3:F4:55:AB:96:20,-62
BLE,1703214373468189925,D3:F4:55:AB:96:20,-62
BLE,1703214373855261728,D3:F4:55:AB:96:20,-47
BLE,1703214374233150324,DF:A6:DC:DC:2E:81,-73
BLE,1703214374233206448,DF:DF:EE:00:00:01,-73
BLE,1703214374242743321,D3:F4:55:AB:96:20,-64
BLE,1703214374439046835,D3:F4:55:AB:96:20,-63
BLE,1703214374627252595,D3:F4:55:AB:96:20,-64
BLE,1703214374817934843,D3:F4:55:AB:96:20,-80
BLE,1703214375394263942,D3:F4:55:AB:96:20,-61
BLE,1703214375586997972,D3:F4:55:AB:96:20,-62
BLE,1703214375779360379,D3:F4:55:AB:96:20,-61
BLE,1703214375824639130,DF:DF:EE:00:00:04,-54
BLE,1703214376239327139,DF:A6:DC:DC:2E:81,-58
BLE,1703214376239376972,DF:DF:EE:00:00:01,-58
BLE,1703214376288654746,DF:DF:EE:00:00:04,-53
BLE,1703214376357042473,D3:F4:55:AB:96:20,-64
BLE,1703214377129681711,D3:F4:55:AB:96:20,-61
BLE,1703214377242061278,DF:A6:DC:DC:2E:81,-71
BLE,1703214377242108277,DF:DF:EE:00:00:01,-71
BLE,1703214377833304684,DF:DF:EE:00:00:04,-56
BLE,1703214377905292352,D3:F4:55:AB:96:20,-62
BLE,1703214378247014114,DF:A6:DC:DC:2E:81,-73
BLE,1703214378247059031,DF:DF:EE:00:00:01,-73
BLE,1703214378674159483,D3:F4:55:AB:96:20,-64
BLE,1703214378824581875,DF:DF:EE:00:00:04,-56
BLE,1703214378871478201,D3:F4:55:AB:96:20,-47
BLE,1703214379060049042,D3:F4:55:AB:96:20,-65
BLE,1703214379250423666,DF:A6:DC:DC:2E:81,-72
BLE,1703214379250477291,DF:DF:EE:00:00:01,-72
BLE,1703214379285475588,DF:DF:EE:00:00:04,-53
BLE,1703214380017700513,D3:F4:55:AB:96:20,-62
BLE,1703214380211985036,D3:F4:55:AB:96:20,-62
BLE,1703214380254381716,DF:A6:DC:DC:2E:81,-71
BLE,1703214380254415216,DF:DF:EE:00:00:01,-71
BLE,1703214380789308047,D3:F4:55:AB:96:20,-65
BLE,1703214381257130229,DF:A6:DC:DC:2E:81,-72
BLE,1703214381257183687,DF:DF:EE:00:00:01,-72
BLE,1703214381554324404,D3:F4:55:AB:96:20,-66
BLE,1703214381750444627,D3:F4:55:AB:96:20,-62
BLE,1703214381943740363,D3:F4:55:AB:96:20,-46
BLE,1703214382137947387,D3:F4:55:AB:96:20,-78
BLE,1703214382264822053,DF:A6:DC:DC:2E:81,-72
BLE,1703214382264870262,DF:DF:EE:00:00:01,-72
BLE,1703214382288536278,DF:DF:EE:00:00:04,-55
BLE,1703214382336229767,D3:F4:55:AB:96:20,-63
BLE,1703214382718235760,D3:F4:55:AB:96:20,-62
BLE,1703214382823572359,DF:DF:EE:00:00:04,-54
BLE,1703214382906529811,D3:F4:55:AB:96:20,-64
BLE,1703214383263420378,DF:A6:DC:DC:2E:81,-72
BLE,1703214383263475919,DF:DF:EE:00:00:01,-72
BLE,1703214383287131102,DF:DF:EE:00:00:04,-54
BLE,1703214383293503323,D3:F4:55:AB:96:20,-61
BLE,1703214383482346079,D3:F4:55:AB:96:20,-63
BLE,1703214383675298942,D3:F4:55:AB:96:20,-61
BLE,1703214384057766974,D3:F4:55:AB:96:20,-60
BLE,1703214384268198382,DF:A6:DC:DC:2E:81,-73
BLE,1703214384268240423,DF:DF:EE:00:00:01,-73
BLE,1703214384444075823,D3:F4:55:AB:96:20,-61
BLE,1703214384636039023,D3:F4:55:AB:96:20,-66
BLE,1703214384822699707,DF:DF:EE:00:00:04,-42
BLE,1703214385020304964,D3:F4:55:AB:96:20,-64
BLE,1703214385271414685,DF:A6:DC:DC:2E:81,-56
BLE,1703214385271450601,DF:DF:EE:00:00:01,-56
BLE,1703214385285169080,DF:DF:EE:00:00:04,-55
BLE,1703214385597380102,D3:F4:55:AB:96:20,-63
BLE,1703214385783089998,D3:F4:55:AB:96:20,-66
BLE,1703214385824102393,DF:DF:EE:00:00:04,-58
BLE,1703214385977779519,D3:F4:55:AB:96:20,-62
BLE,1703214386282220661,DF:DF:EE:00:00:04,-37
BLE,1703214386368338057,D3:F4:55:AB:96:20,-64
BLE,1703214386559738760,D3:F4:55:AB:96:20,-62
BLE,1703214386937958437,D3:F4:55:AB:96:20,-61
BLE,1703214387278452538,DF:A6:DC:DC:2E:81,-71
BLE,1703214387278498871,DF:DF:EE:00:00:01,-71
BLE,1703214387320825176,D3:F4:55:AB:96:20,-60
BLE,1703214387511636007,D3:F4:55:AB:96:20,-62
BLE,1703214388282231338,DF:DF:EE:00:00:04,-53
BLE,1703214388673798287,D3:F4:55:AB:96:20,-46
BLE,1703214388822588478,DF:DF:EE:00:00:04,-70
BLE,1703214389064022076,D3:F4:55:AB:96:20,-63
BLE,1703214389287586631,DF:A6:DC:DC:2E:81,-73
BLE,1703214389287631048,DF:DF:EE:00:00:01,-73
BLE,1703214389289153332,DF:DF:EE:00:00:04,-55
BLE,1703214389447237397,D3:F4:55:AB:96:20,-63
BLE,1703214390209790140,D3:F4:55:AB:96:20,-62
BLE,1703214390287277492,DF:A6:DC:DC:2E:81,-75
BLE,1703214390287316575,DF:DF:EE:00:00:01,-75
BLE,1703214390404266454,D3:F4:55:AB:96:20,-60
BLE,1703214390830528535,DF:DF:EE:00:00:04,-55
BLE,1703214391288395346,DF:DF:EE:00:00:04,-56
BLE,1703214391291728581,DF:A6:DC:DC:2E:81,-73
BLE,1703214391291755706,DF:DF:EE:00:00:01,-73
BLE,1703214391364792120,D3:F4:55:AB:96:20,-64
BLE,1703214391828011198,DF:DF:EE:00:00:04,-57
BLE,1703214392136084323,D3:F4:55:AB:96:20,-61
BLE,1703214392300177402,DF:A6:DC:DC:2E:81,-73
BLE,1703214392300220901,DF:DF:EE:00:00:01,-73
BLE,1703214392326726196,D3:F4:55:AB:96:20,-62
BLE,1703214392512387051,D3:F4:55:AB:96:20,-65
BLE,1703214392701412640,D3:F4:55:AB:96:20,-60
BLE,1703214392893671422,D3:F4:55:AB:96:20,-64
BLE,1703214393090424059,D3:F4:55:AB:96:20,-62
BLE,1703214393277651948,D3:F4:55:AB:96:20,-64
BLE,1703214393284851748,DF:DF:EE:00:00:04,-56
BLE,1703214393307479478,DF:A6:DC:DC:2E:81,-56
BLE,1703214393307506394,DF:DF:EE:00:00:01,-56
BLE,1703214393472249970,D3:F4:55:AB:96:20,-62
BLE,1703214393660919894,D3:F4:55:AB:96:20,-64
BLE,1703214393832639979,DF:DF:EE:00:00:04,-56
BLE,1703214394439681354,D3:F4:55:AB:96:20,-63
BLE,1703214394629738563,D3:F4:55:AB:96:20,-64
BLE,1703214394826803324,D3:F4:55:AB:96:20,-65
BLE,1703214395016481201,D3:F4:55:AB:96:20,-62
BLE,1703214395318634062,DF:A6:DC:DC:2E:81,-73
BLE,1703214395318674687,DF:DF:EE:00:00:01,-73
BLE,1703214395400195020,D3:F4:55:AB:96:20,-61
BLE,1703214395595645329,D3:F4:55:AB:96:20,-65
BLE,1703214395787729404,D3:F4:55:AB:96:20,-79
BLE,1703214395982142219,D3:F4:55:AB:96:20,-60
BLE,1703214396173009299,D3:F4:55:AB:96:20,-62
BLE,1703214396285577240,DF:DF:EE:00:00:04,-56
BLE,1703214396366778491,D3:F4:55:AB:96:20,-61
BLE,1703214396557226782,D3:F4:55:AB:96:20,-47
BLE,1703214396750503768,D3:F4:55:AB:96:20,-60
BLE,1703214396830839066,DF:DF:EE:00:00:04,-53
BLE,1703214397282280698,DF:DF:EE:00:00:04,-53
BLE,1703214397520656643,D3:F4:55:AB:96:20,-62
BLE,1703214397896867871,D3:F4:55:AB:96:20,-60
BLE,1703214398091152978,D3:F4:55:AB:96:20,-64
BLE,1703214398288652570,DF:DF:EE:00:00:04,-55
BLE,1703214398476158207,D3:F4:55:AB:96:20,-64
BLE,1703214398828197505,DF:DF:EE:00:00:04,-55
BLE,1703214398866727619,D3:F4:55:AB:96:20,-60
BLE,1703214399254301795,D3:F4:55:AB:96:20,-62
BLE,1703214399328641453,DF:A6:DC:DC:2E:81,-73
BLE,1703214399328676495,DF:DF:EE:00:00:01,-73
BLE,1703214399840608807,D3:F4:55:AB:96:20,-63
BLE,1703214400291827857,DF:DF:EE:00:00:04,-55
BLE,1703214400415136040,D3:F4:55:AB:96:20,-46
BLE,1703214400606803159,D3:F4:55:AB:96:20,-63
BLE,1703214400793679341,D3:F4:55:AB:96:20,-64
BLE,1703214400829232636,DF:DF:EE:00:00:04,-55
BLE,1703214400987249784,D3:F4:55:AB:96:20,-62
BLE,1703214401759371108,D3:F4:55:AB:96:20,-65
BLE,1703214401827935209,DF:DF:EE:00:00:04,-53
BLE,1703214402338478570,D3:F4:55:AB:96:20,-62
BLE,1703214402719898232,D3:F4:55:AB:96:20,-63
BLE,1703214402908736989,D3:F4:55:AB:96:20,-64
BLE,1703214403104824045,D3:F4:55:AB:96:20,-62
BLE,1703214403288614034,DF:DF:EE:00:00:04,-53
BLE,1703214403289819445,D3:F4:55:AB:96:20,-64
BLE,1703214403861896689,D3:F4:55:AB:96:20,-61
BLE,1703214404243210768,D3:F4:55:AB:96:20,-62
BLE,1703214404281590300,DF:DF:EE:00:00:04,-54
BLE,1703214404433238269,D3:F4:55:AB:96:20,-64
BLE,1703214404624709181,D3:F4:55:AB:96:20,-60
BLE,1703214404822443605,DF:DF:EE:00:00:04,-53
BLE,1703214405355383445,DF:A6:DC:DC:2E:81,-73
BLE,1703214405355439320,DF:DF:EE:00:00:01,-73
BLE,1703214405396569964,D3:F4:55:AB:96:20,-63
BLE,1703214405583308814,D3:F4:55:AB:96:20,-66
BLE,1703214405825203618,DF:DF:EE:00:00:04,-56
BLE,1703214406828680461,DF:DF:EE:00:00:04,-42
BLE,1703214407116461471,D3:F4:55:AB:96:20,-65
BLE,1703214407363260378,DF:A6:DC:DC:2E:81,-75
BLE,1703214407363306336,DF:DF:EE:00:00:01,-75
BLE,1703214407698623586,D3:F4:55:AB:96:20,-63
BLE,1703214407824807839,DF:DF:EE:00:00:04,-55
BLE,1703214407888823294,D3:F4:55:AB:96:20,-61
BLE,1703214408081079327,D3:F4:55:AB:96:20,-64
BLE,1703214408367176594,DF:A6:DC:DC:2E:81,-73
BLE,1703214408367238177,DF:DF:EE:00:00:01,-73
BLE,1703214408826035984,DF:DF:EE:00:00:04,-53
BLE,1703214408856097762,D3:F4:55:AB:96:20,-62
BLE,1703214409244825808,D3:F4:55:AB:96:20,-63
BLE,1703214409433073984,D3:F4:55:AB:96:20,-65
BLE,1703214409824707433,D3:F4:55:AB:96:20,-62
BLE,1703214409827365004,DF:DF:EE:00:00:04,-76
BLE,1703214410584497730,D3:F4:55:AB:96:20,-62
BLE,1703214410779858499,D3:F4:55:AB:96:20,-63
BLE,1703214410829000773,DF:DF:EE:00:00:04,-53
BLE,1703214410978243170,D3:F4:55:AB:96:20,-63
BLE,1703214411287060041,DF:DF:EE:00:00:04,-40
BLE,1703214411359517499,D3:F4:55:AB:96:20,-63
BLE,1703214411382547644,DF:A6:DC:DC:2E:81,-72
BLE,1703214411382577560,DF:DF:EE:00:00:01,-72
BLE,1703214411747985171,D3:F4:55:AB:96:20,-64
BLE,1703214412133784772,D3:F4:55:AB:96:20,-64
BLE,1703214412283722291,DF:DF:EE:00:00:04,-56
BLE,1703214412390110718,DF:A6:DC:DC:2E:81,-70
BLE,1703214412390161676,DF:DF:EE:00:00:01,-70
BLE,1703214413097103883,D3:F4:55:AB:96:20,-65
BLE,1703214413288451503,DF:DF:EE:00:00:04,-54
BLE,1703214413294801349,D3:F4:55:AB:96:20,-47
BLE,1703214413397682918,DF:A6:DC:DC:2E:81,-56
BLE,1703214413397723043,DF:DF:EE:00:00:01,-56
BLE,1703214413482034613,D3:F4:55:AB:96:20,-64
BLE,1703214413675847805,D3:F4:55:AB:96:20,-67
BLE,1703214413831815630,DF:DF:EE:00:00:04,-57
BLE,1703214413863768024,D3:F4:55:AB:96:20,-64
BLE,1703214414052519365,D3:F4:55:AB:96:20,-46
BLE,1703214414242473533,D3:F4:55:AB:96:20,-62
BLE,1703214414286356289,DF:DF:EE:00:00:04,-55
BLE,1703214414404001415,DF:A6:DC:DC:2E:81,-60
BLE,1703214414404037040,DF:DF:EE:00:00:01,-60
BLE,1703214414432949865,D3:F4:55:AB:96:20,-61
BLE,1703214414628315925,D3:F4:55:AB:96:20,-64
BLE,1703214415010423043,D3:F4:55:AB:96:20,-64
BLE,1703214415207934009,D3:F4:55:AB:96:20,-63
BLE,1703214415397865011,D3:F4:55:AB:96:20,-64
BLE,1703214415786423516,D3:F4:55:AB:96:20,-62
BLE,1703214415825130963,DF:DF:EE:00:00:04,-53
BLE,1703214416165565605,D3:F4:55:AB:96:20,-60
BLE,1703214416354233446,D3:F4:55:AB:96:20,-63
BLE,1703214417123369617,D3:F4:55:AB:96:20,-62
BLE,1703214417285924828,DF:DF:EE:00:00:04,-38
BLE,1703214417312389623,D3:F4:55:AB:96:20,-60
BLE,1703214417702382496,D3:F4:55:AB:96:20,-63
BLE,1703214417892096082,D3:F4:55:AB:96:20,-50
BLE,1703214418287702137,DF:DF:EE:00:00:04,-70
BLE,1703214418431122353,DF:A6:DC:DC:2E:81,-74
BLE,1703214418431151144,DF:DF:EE:00:00:01,-74
BLE,1703214418656496691,D3:F4:55:AB:96:20,-64
BLE,1703214418831495011,DF:DF:EE:00:00:04,-55
BLE,1703214418851122671,D3:F4:55:AB:96:20,-62
BLE,1703214419232132252,D3:F4:55:AB:96:20,-62
BLE,1703214419288442118,DF:DF:EE:00:00:04,-53
BLE,1703214419421515631,D3:F4:55:AB:96:20,-65
BLE,1703214419432178916,DF:A6:DC:DC:2E:81,-71
BLE,1703214419432204832,DF:DF:EE:00:00:01,-71
BLE,1703214419811406838,D3:F4:55:AB:96:20,-62
BLE,1703214419828503760,DF:DF:EE:00:00:04,-54
BLE,1703214420003335247,D3:F4:55:AB:96:20,-64
BLE,1703214420285874698,DF:DF:EE:00:00:04,-54
BLE,1703214420390164468,D3:F4:55:AB:96:20,-65
BLE,1703214420432491982,DF:A6:DC:DC:2E:81,-73
BLE,1703214420432517815,DF:DF:EE:00:00:01,-73
BLE,1703214420579799346,D3:F4:55:AB:96:20,-62
BLE,1703214420769940597,D3:F4:55:AB:96:20,-65
BLE,1703214420960168014,D3:F4:55:AB:96:20,-62
BLE,1703214421149978099,D3:F4:55:AB:96:20,-62
BLE,1703214421442476837,DF:A6:DC:DC:2E:81,-73
BLE,1703214421442514962,DF:DF:EE:00:00:01,-73
BLE,1703214421540014472,D3:F4:55:AB:96:20,-64
BLE,1703214421933015498,D3:F4:55:AB:96:20,-63
BLE,1703214422128816014,D3:F4:55:AB:96:20,-47
BLE,1703214422324877404,D3:F4:55:AB:96:20,-64
BLE,1703214422446027764,DF:A6:DC:DC:2E:81,-71
BLE,1703214422446047513,DF:DF:EE:00:00:01,-71
BLE,1703214422515666568,D3:F4:55:AB:96:20,-60
BLE,1703214422712686621,D3:F4:55:AB:96:20,-60
BLE,1703214422828732504,DF:DF:EE:00:00:04,-55
BLE,1703214423287227603,DF:DF:EE:00:00:04,-55
BLE,1703214423294739319,D3:F4:55:AB:96:20,-64
BLE,1703214423486190188,D3:F4:55:AB:96:20,-62
BLE,1703214423675254194,D3:F4:55:AB:96:20,-63
BLE,1703214423825170129,DF:DF:EE:00:00:04,-56
BLE,1703214424059173470,D3:F4:55:AB:96:20,-64
BLE,1703214424252297082,D3:F4:55:AB:96:20,-62
BLE,1703214424827579144,D3:F4:55:AB:96:20,-61
BLE,1703214424829921967,DF:DF:EE:00:00:04,-54
BLE,1703214425453132976,DF:A6:DC:DC:2E:81,-60
BLE,1703214425453191642,DF:DF:EE:00:00:01,-60
BLE,1703214425605158235,D3:F4:55:AB:96:20,-63
BLE,1703214425792688206,D3:F4:55:AB:96:20,-65
BLE,1703214425982826040,D3:F4:55:AB:96:20,-62
BLE,1703214426178754222,D3:F4:55:AB:96:20,-62
BLE,1703214426285414440,DF:DF:EE:00:00:04,-53
BLE,1703214426557723313,D3:F4:55:AB:96:20,-64
BLE,1703214426747553481,D3:F4:55:AB:96:20,-63
BLE,1703214426827346073,DF:DF:EE:00:00:04,-53
BLE,1703214426936307030,D3:F4:55:AB:96:20,-64
BLE,1703214427319263060,D3:F4:55:AB:96:20,-64
BLE,1703214427462914525,DF:A6:DC:DC:2E:81,-73
BLE,1703214427463002649,DF:DF:EE:00:00:01,-73
BLE,1703214427705080119,D3:F4:55:AB:96:20,-64
BLE,1703214428478196647,D3:F4:55:AB:96:20,-61
BLE,1703214429045427705,D3:F4:55:AB:96:20,-63
BLE,1703214429233790339,D3:F4:55:AB:96:20,-65
BLE,1703214429284811729,DF:DF:EE:00:00:04,-54
BLE,1703214429427640364,D3:F4:55:AB:96:20,-63
BLE,1703214429830646386,DF:DF:EE:00:00:04,-56
BLE,1703214430000377397,D3:F4:55:AB:96:20,-50
BLE,1703214430285317170,DF:DF:EE:00:00:04,-56
BLE,1703214430577300827,D3:F4:55:AB:96:20,-63
BLE,1703214430764154718,D3:F4:55:AB:96:20,-65
BLE,1703214430821795702,DF:DF:EE:00:00:04,-56
BLE,1703214430956623082,D3:F4:55:AB:96:20,-67
BLE,1703214431281952586,DF:DF:EE:00:00:04,-53
BLE,1703214431530418694,D3:F4:55:AB:96:20,-64
BLE,1703214432283122649,DF:DF:EE:00:00:04,-56
BLE,1703214432298642577,D3:F4:55:AB:96:20,-60
BLE,1703214432482311149,DF:A6:DC:DC:2E:81,-70
BLE,1703214432482350857,DF:DF:EE:00:00:01,-70
BLE,1703214432688264994,D3:F4:55:AB:96:20,-63
BLE,1703214432827713769,DF:DF:EE:00:00:04,-56
BLE,1703214433066137631,D3:F4:55:AB:96:20,-61
BLE,1703214433290568474,DF:DF:EE:00:00:04,-54
BLE,1703214433484153625,DF:A6:DC:DC:2E:81,-73
BLE,1703214433484209042,DF:DF:EE:00:00:01,-73
BLE,1703214433820245705,DF:DF:EE:00:00:04,-53
BLE,1703214433841153025,D3:F4:55:AB:96:20,-63
BLE,1703214434289236798,DF:DF:EE:00:00:04,-41
BLE,1703214434421853229,D3:F4:55:AB:96:20,-62
BLE,1703214434491862033,DF:A6:DC:DC:2E:81,-74
BLE,1703214434491896157,DF:DF:EE:00:00:01,-74
BLE,1703214434617898828,D3:F4:55:AB:96:20,-62
BLE,1703214434807350457,D3:F4:55:AB:96:20,-62
BLE,1703214434829727395,DF:DF:EE:00:00:04,-55
BLE,1703214435187793374,D3:F4:55:AB:96:20,-63
BLE,1703214435373140313,D3:F4:55:AB:96:20,-64
BLE,1703214435497469366,DF:A6:DC:DC:2E:81,-70
BLE,1703214435497505408,DF:DF:EE:00:00:01,-70
BLE,1703214435568943912,D3:F4:55:AB:96:20,-62
BLE,1703214435823570116,DF:DF:EE:00:00:04,-54
BLE,1703214436346042964,D3:F4:55:AB:96:20,-64
BLE,1703214436347417582,D3:F4:55:AB:96:20,-60
BLE,1703214436497756974,DF:A6:DC:DC:2E:81,-73
BLE,1703214436497797641,DF:DF:EE:00:00:01,-73
BLE,1703214436538668994,D3:F4:55:AB:96:20,-62
BLE,1703214436825790882,DF:DF:EE:00:00:04,-54
BLE,1703214436927864788,D3:F4:55:AB:96:20,-64
BLE,1703214437121700771,D3:F4:55:AB:96:20,-63
BLE,1703214437286312473,DF:DF:EE:00:00:04,-53
BLE,1703214437307890040,D3:F4:55:AB:96:20,-50
BLE,1703214437500496488,D3:F4:55:AB:96:20,-61
BLE,1703214437508437993,DF:A6:DC:DC:2E:81,-72
BLE,1703214437508466868,DF:DF:EE:00:00:01,-72
BLE,1703214438076099882,D3:F4:55:AB:96:20,-64
BLE,1703214438462596271,D3:F4:55:AB:96:20,-60
BLE,1703214438820181210,DF:DF:EE:00:00:04,-53
BLE,1703214439419901661,D3:F4:55:AB:96:20,-63
BLE,1703214439612827940,D3:F4:55:AB:96:20,-46
BLE,1703214440393962431,D3:F4:55:AB:96:20,-65
BLE,1703214440589312033,D3:F4:55:AB:96:20,-61
BLE,1703214440784847967,D3:F4:55:AB:96:20,-56
BLE,1703214441546884587,D3:F4:55:AB:96:20,-61
BLE,1703214443083673353,D3:F4:55:AB:96:20,-62
BLE,1703214443270004829,D3:F4:55:AB:96:20,-64
BLE,1703214443289662864,DF:DF:EE:00:00:04,-56
BLE,1703214443465543972,D3:F4:55:AB:96:20,-63
BLE,1703214443658184752,D3:F4:55:AB:96:20,-65
BLE,1703214443820125008,DF:DF:EE:00:00:04,-56
BLE,1703214444048044793,D3:F4:55:AB:96:20,-62
BLE,1703214444242162650,D3:F4:55:AB:96:20,-64
BLE,1703214444433904560,D3:F4:55:AB:96:20,-62
BLE,1703214444541848939,DF:A6:DC:DC:2E:81,-72
BLE,1703214444541888063,DF:DF:EE:00:00:01,-72
BLE,1703214444622851983,D3:F4:55:AB:96:20,-64
BLE,1703214444816521884,D3:F4:55:AB:96:20,-61
BLE,1703214444827153543,DF:DF:EE:00:00:04,-53
BLE,1703214445288436088,DF:DF:EE:00:00:04,-55
BLE,1703214445396979548,D3:F4:55:AB:96:20,-62
BLE,1703214445784372141,D3:F4:55:AB:96:20,-63
BLE,1703214445830677428,DF:DF:EE:00:00:04,-55
BLE,1703214445971368073,D3:F4:55:AB:96:20,-65
BLE,1703214446163667147,D3:F4:55:AB:96:20,-60
BLE,1703214446544343854,D3:F4:55:AB:96:20,-62
BLE,1703214446555555178,DF:A6:DC:DC:2E:81,-74
BLE,1703214446555584011,DF:DF:EE:00:00:01,-74
BLE,1703214446935111849,D3:F4:55:AB:96:20,-62
BLE,1703214447121346076,D3:F4:55:AB:96:20,-64
BLE,1703214447288522890,DF:DF:EE:00:00:04,-54
BLE,1703214447311067161,D3:F4:55:AB:96:20,-46
BLE,1703214447563219502,DF:A6:DC:DC:2E:81,-72
BLE,1703214447563275877,DF:DF:EE:00:00:01,-72
BLE,1703214447827324412,DF:DF:EE:00:00:04,-53
BLE,1703214448080069625,D3:F4:55:AB:96:20,-62
BLE,1703214448271230329,D3:F4:55:AB:96:20,-64
BLE,1703214448272576448,D3:F4:55:AB:96:20,-60
BLE,1703214448464558357,D3:F4:55:AB:96:20,-62
BLE,1703214448656575057,D3:F4:55:AB:96:20,-61
BLE,1703214448822044504,DF:DF:EE:00:00:04,-57
BLE,1703214449040982581,D3:F4:55:AB:96:20,-62
BLE,1703214449280579937,DF:DF:EE:00:00:04,-54
BLE,1703214449424438317,D3:F4:55:AB:96:20,-62
BLE,1703214449566335456,DF:A6:DC:DC:2E:81,-73
BLE,1703214449566374623,DF:DF:EE:00:00:01,-73
BLE,1703214449616712808,D3:F4:55:AB:96:20,-64
BLE,1703214449998325428,D3:F4:55:AB:96:20,-64
BLE,1703214450189706715,D3:F4:55:AB:96:20,-46
BLE,1703214450288792717,DF:DF:EE:00:00:04,-55
BLE,1703214450381933331,D3:F4:55:AB:96:20,-64
BLE,1703214450767524932,D3:F4:55:AB:96:20,-65
BLE,1703214450825702873,DF:DF:EE:00:00:04,-56
BLE,1703214451289827989,DF:DF:EE:00:00:04,-54
BLE,1703214451349559214,D3:F4:55:AB:96:20,-65
BLE,1703214451548580507,D3:F4:55:AB:96:20,-63
BLE,1703214451576984960,DF:A6:DC:DC:2E:81,-74
BLE,1703214451577019543,DF:DF:EE:00:00:01,-74
BLE,1703214451927037975,D3:F4:55:AB:96:20,-63
BLE,1703214452117341600,D3:F4:55:AB:96:20,-64
BLE,1703214452290260513,DF:DF:EE:00:00:04,-56
BLE,1703214452313194824,D3:F4:55:AB:96:20,-63
BLE,1703214452505151608,D3:F4:55:AB:96:20,-60
BLE,1703214452580776843,DF:A6:DC:DC:2E:81,-72
BLE,1703214452580809468,DF:DF:EE:00:00:01,-72
BLE,1703214452694190447,D3:F4:55:AB:96:20,-62
BLE,1703214452883255577,D3:F4:55:AB:96:20,-64
BLE,1703214453074753488,D3:F4:55:AB:96:20,-63
BLE,1703214453265662360,D3:F4:55:AB:96:20,-64
BLE,1703214453290667787,DF:DF:EE:00:00:04,-54
BLE,1703214453456457524,D3:F4:55:AB:96:20,-63
BLE,1703214453645486197,D3:F4:55:AB:96:20,-64
BLE,1703214453838229644,D3:F4:55:AB:96:20,-62
BLE,1703214454031255589,D3:F4:55:AB:96:20,-64
BLE,1703214454032659291,D3:F4:55:AB:96:20,-61
BLE,1703214454283064890,DF:DF:EE:00:00:04,-55
BLE,1703214454797844355,D3:F4:55:AB:96:20,-62
BLE,1703214454829986499,DF:DF:EE:00:00:04,-55
BLE,1703214454991165008,D3:F4:55:AB:96:20,-62
BLE,1703214455376601777,D3:F4:55:AB:96:20,-64
BLE,1703214455571048758,D3:F4:55:AB:96:20,-75
BLE,1703214455598062717,DF:A6:DC:DC:2E:81,-73
BLE,1703214455598089884,DF:DF:EE:00:00:01,-73
BLE,1703214455956979775,D3:F4:55:AB:96:20,-62
BLE,1703214456540932589,D3:F4:55:AB:96:20,-62
BLE,1703214456606913952,DF:A6:DC:DC:2E:81,-74
BLE,1703214456607013494,DF:DF:EE:00:00:01,-74
BLE,1703214456729229140,D3:F4:55:AB:96:20,-64
BLE,1703214457285886747,DF:DF:EE:00:00:04,-56
BLE,1703214457308277227,D3:F4:55:AB:96:20,-63
BLE,1703214457497757106,D3:F4:55:AB:96:20,-61
BLE,1703214457605764900,DF:A6:DC:DC:2E:81,-73
BLE,1703214457605806192,DF:DF:EE:00:00:01,-73
BLE,1703214457821603366,DF:DF:EE:00:00:04,-56
BLE,1703214457886503151,D3:F4:55:AB:96:20,-60
BLE,1703214458078148603,D3:F4:55:AB:96:20,-64
BLE,1703214458270843050,D3:F4:55:AB:96:20,-63
BLE,1703214458286571811,DF:DF:EE:00:00:04,-45
BLE,1703214458462695585,D3:F4:55:AB:96:20,-66
BLE,1703214458655772822,D3:F4:55:AB:96:20,-64
BLE,1703214458822137015,DF:DF:EE:00:00:04,-54
BLE,1703214458850580801,D3:F4:55:AB:96:20,-60
BLE,1703214459039707389,D3:F4:55:AB:96:20,-62
BLE,1703214459225545910,D3:F4:55:AB:96:20,-64
BLE,1703214459287749915,DF:DF:EE:00:00:04,-56
BLE,1703214459415134663,D3:F4:55:AB:96:20,-61
BLE,1703214459616710527,DF:A6:DC:DC:2E:81,-71
BLE,1703214459616749735,DF:DF:EE:00:00:01,-71
BLE,1703214459806493946,D3:F4:55:AB:96:20,-62
BLE,1703214459820168008,DF:DF:EE:00:00:04,-55
BLE,1703214460187111196,D3:F4:55:AB:96:20,-62
BLE,1703214460282675256,DF:DF:EE:00:00:04,-53
BLE,1703214460373084799,D3:F4:55:AB:96:20,-64
BLE,1703214460622500943,DF:A6:DC:DC:2E:81,-76
BLE,1703214460622547110,DF:DF:EE:00:00:01,-76
BLE,1703214460828195747,DF:DF:EE:00:00:04,-54
BLE,1703214461145389830,D3:F4:55:AB:96:20,-60
BLE,1703214461282153160,DF:DF:EE:00:00:04,-55
BLE,1703214461339644437,D3:F4:55:AB:96:20,-64
BLE,1703214461828152274,DF:DF:EE:00:00:04,-56
BLE,1703214462111987510,D3:F4:55:AB:96:20,-62
BLE,1703214462283141598,DF:DF:EE:00:00:04,-53
BLE,1703214462300926516,D3:F4:55:AB:96:20,-67
BLE,1703214462639554792,DF:A6:DC:DC:2E:81,-72
BLE,1703214462639596209,DF:DF:EE:00:00:01,-72
BLE,1703214462688339859,D3:F4:55:AB:96:20,-50
BLE,1703214462885833035,D3:F4:55:AB:96:20,-62
BLE,1703214463074553542,D3:F4:55:AB:96:20,-64
BLE,1703214463267409071,D3:F4:55:AB:96:20,-62
BLE,1703214463290804047,DF:DF:EE:00:00:04,-55
BLE,1703214463460791557,D3:F4:55:AB:96:20,-61
BLE,1703214464231232806,D3:F4:55:AB:96:20,-46
BLE,1703214464425838202,D3:F4:55:AB:96:20,-65
BLE,1703214464819194685,D3:F4:55:AB:96:20,-63
BLE,1703214464820830802,DF:DF:EE:00:00:04,-55
BLE,1703214465205198618,D3:F4:55:AB:96:20,-62
BLE,1703214465284577128,DF:DF:EE:00:00:04,-42
BLE,1703214465390875431,D3:F4:55:AB:96:20,-64
BLE,1703214465658730532,DF:A6:DC:DC:2E:81,-74
BLE,1703214465658780615,DF:DF:EE:00:00:01,-74
BLE,1703214465825875889,DF:DF:EE:00:00:04,-54
BLE,1703214465973326294,D3:F4:55:AB:96:20,-64
BLE,1703214466283250785,DF:DF:EE:00:00:04,-55
BLE,1703214466356609698,D3:F4:55:AB:96:20,-64
BLE,1703214466551902758,D3:F4:55:AB:96:20,-62
BLE,1703214466661610253,DF:A6:DC:DC:2E:81,-72
BLE,1703214466661643837,DF:DF:EE:00:00:01,-72
BLE,1703214466743752542,D3:F4:55:AB:96:20,-64
BLE,1703214467135903531,D3:F4:55:AB:96:20,-63
BLE,1703214467324339997,D3:F4:55:AB:96:20,-64
BLE,1703214467705877409,D3:F4:55:AB:96:20,-50
BLE,1703214468092022467,D3:F4:55:AB:96:20,-64
BLE,1703214468482021007,D3:F4:55:AB:96:20,-61
BLE,1703214468819713037,DF:DF:EE:00:00:04,-55
BLE,1703214468864260165,D3:F4:55:AB:96:20,-62
BLE,1703214469056365490,D3:F4:55:AB:96:20,-66
BLE,1703214469251680175,D3:F4:55:AB:96:20,-62
BLE,1703214469664870108,DF:A6:DC:DC:2E:81,-74
BLE,1703214469664929275,DF:DF:EE:00:00:01,-74
BLE,1703214470223086583,D3:F4:55:AB:96:20,-62
BLE,1703214470288402824,DF:DF:EE:00:00:04,-56
BLE,1703214471179001812,D3:F4:55:AB:96:20,-61
BLE,1703214471286584109,DF:DF:EE:00:00:04,-54
BLE,1703214471374107789,D3:F4:55:AB:96:20,-64
BLE,1703214471566454238,D3:F4:55:AB:96:20,-46
BLE,1703214472288238960,DF:DF:EE:00:00:04,-72
BLE,1703214472678163709,DF:A6:DC:DC:2E:81,-74
BLE,1703214472678213042,DF:DF:EE:00:00:01,-74
BLE,1703214472731723504,D3:F4:55:AB:96:20,-61
BLE,1703214473680872639,DF:A6:DC:DC:2E:81,-71
BLE,1703214473680931389,DF:DF:EE:00:00:01,-71
BLE,1703214473692480127,D3:F4:55:AB:96:20,-65
BLE,1703214474074787328,D3:F4:55:AB:96:20,-50
BLE,1703214474270468553,D3:F4:55:AB:96:20,-62
BLE,1703214474647159779,D3:F4:55:AB:96:20,-62
BLE,1703214474823655425,DF:DF:EE:00:00:04,-54
BLE,1703214474839729101,D3:F4:55:AB:96:20,-64
BLE,1703214475036409905,D3:F4:55:AB:96:20,-62
BLE,1703214475224275999,D3:F4:55:AB:96:20,-64
BLE,1703214475802358299,D3:F4:55:AB:96:20,-62
BLE,1703214476189649268,D3:F4:55:AB:96:20,-64
BLE,1703214476283169755,DF:DF:EE:00:00:04,-53
BLE,1703214476385499159,D3:F4:55:AB:96:20,-63
BLE,1703214476571186555,D3:F4:55:AB:96:20,-65
BLE,1703214476823117480,DF:DF:EE:00:00:04,-54
BLE,1703214476949840230,D3:F4:55:AB:96:20,-62
BLE,1703214477337376573,D3:F4:55:AB:96:20,-50
BLE,1703214477536398408,D3:F4:55:AB:96:20,-63
BLE,1703214477921005014,D3:F4:55:AB:96:20,-69
BLE,1703214478115913118,D3:F4:55:AB:96:20,-62
BLE,1703214478285474005,DF:DF:EE:00:00:04,-53
BLE,1703214478309313895,D3:F4:55:AB:96:20,-64
BLE,1703214478310602472,D3:F4:55:AB:96:20,-61
BLE,1703214478499642353,D3:F4:55:AB:96:20,-63
BLE,1703214478884524958,D3:F4:55:AB:96:20,-62
BLE,1703214479278096565,D3:F4:55:AB:96:20,-60
BLE,1703214479701264369,DF:A6:DC:DC:2E:81,-74
BLE,1703214479701308993,DF:DF:EE:00:00:01,-74
BLE,1703214480054103121,D3:F4:55:AB:96:20,-63
BLE,1703214480247740730,D3:F4:55:AB:96:20,-61
BLE,1703214480281459617,DF:DF:EE:00:00:04,-55
BLE,1703214480707353158,DF:A6:DC:DC:2E:81,-73
BLE,1703214480707402366,DF:DF:EE:00:00:01,-73
BLE,1703214480821691132,D3:F4:55:AB:96:20,-62
BLE,1703214481008318233,D3:F4:55:AB:96:20,-77
BLE,1703214481201876009,D3:F4:55:AB:96:20,-62
BLE,1703214481284559045,DF:DF:EE:00:00:04,-55
BLE,1703214481817305429,DF:DF:EE:00:00:04,-54
BLE,1703214482153927006,D3:F4:55:AB:96:20,-77
BLE,1703214482280676423,DF:DF:EE:00:00:04,-55
BLE,1703214482347322783,D3:F4:55:AB:96:20,-62
BLE,1703214482724891213,D3:F4:55:AB:96:20,-62
BLE,1703214483281057780,DF:DF:EE:00:00:04,-53
BLE,1703214483685547545,D3:F4:55:AB:96:20,-66
BLE,1703214483879881193,D3:F4:55:AB:96:20,-63
BLE,1703214484074828463,D3:F4:55:AB:96:20,-46
BLE,1703214484283160755,DF:DF:EE:00:00:04,-55
BLE,1703214484455241630,D3:F4:55:AB:96:20,-60
BLE,1703214484733617392,DF:A6:DC:DC:2E:81,-73
BLE,1703214484733662892,DF:DF:EE:00:00:01,-73
BLE,1703214484840593525,D3:F4:55:AB:96:20,-62
BLE,1703214485279645881,DF:DF:EE:00:00:04,-54
BLE,1703214485796191505,D3:F4:55:AB:96:20,-64
BLE,1703214485991920605,D3:F4:55:AB:96:20,-63
BLE,1703214486185652089,D3:F4:55:AB:96:20,-61
BLE,1703214486286896290,DF:DF:EE:00:00:04,-55
BLE,1703214486375575799,D3:F4:55:AB:96:20,-63
BLE,1703214486746713467,DF:A6:DC:DC:2E:81,-59
BLE,1703214486746753967,DF:DF:EE:00:00:01,-59
BLE,1703214486759336117,D3:F4:55:AB:96:20,-62
BLE,1703214486820140338,DF:DF:EE:00:00:04,-55
BLE,1703214486951503900,D3:F4:55:AB:96:20,-61
BLE,1703214487141857567,D3:F4:55:AB:96:20,-62
BLE,1703214487283691873,DF:DF:EE:00:00:04,-53
BLE,1703214487827937745,DF:DF:EE:00:00:04,-54
BLE,1703214488289533372,DF:DF:EE:00:00:04,-56
BLE,1703214488482000570,D3:F4:55:AB:96:20,-60
BLE,1703214488678504750,D3:F4:55:AB:96:20,-50
BLE,1703214488755901185,DF:A6:DC:DC:2E:81,-71
BLE,1703214488755942394,DF:DF:EE:00:00:01,-71
BLE,1703214489256152551,D3:F4:55:AB:96:20,-76
BLE,1703214489756450626,DF:A6:DC:DC:2E:81,-73
BLE,1703214489756497750,DF:DF:EE:00:00:01,-73
BLE,1703214489821400869,DF:DF:EE:00:00:04,-55
BLE,1703214489835208305,D3:F4:55:AB:96:20,-61
BLE,1703214490026341801,D3:F4:55:AB:96:20,-64
BLE,1703214490221273571,D3:F4:55:AB:96:20,-62
BLE,1703214490607577003,D3:F4:55:AB:96:20,-63
BLE,1703214490758661975,DF:A6:DC:DC:2E:81,-56
BLE,1703214490758719600,DF:DF:EE:00:00:01,-56
BLE,1703214490799243413,D3:F4:55:AB:96:20,-60
BLE,1703214491182331151,D3:F4:55:AB:96:20,-62
BLE,1703214491285713718,DF:DF:EE:00:00:04,-53
BLE,1703214491563868772,D3:F4:55:AB:96:20,-60
BLE,1703214491822653998,DF:DF:EE:00:00:04,-55
BLE,1703214491949515207,D3:F4:55:AB:96:20,-60
BLE,1703214492533567812,D3:F4:55:AB:96:20,-60
BLE,1703214492727663086,D3:F4:55:AB:96:20,-64
BLE,1703214492816726635,DF:DF:EE:00:00:04,-55
BLE,1703214493109193457,D3:F4:55:AB:96:20,-64
BLE,1703214493282967032,DF:DF:EE:00:00:04,-57
BLE,1703214493495197848,D3:F4:55:AB:96:20,-64
BLE,1703214493686037137,D3:F4:55:AB:96:20,-63
BLE,1703214493821279265,DF:DF:EE:00:00:04,-56
BLE,1703214493877420174,D3:F4:55:AB:96:20,-65
BLE,1703214494655004056,D3:F4:55:AB:96:20,-67
BLE,1703214494761991647,DF:A6:DC:DC:2E:81,-72
BLE,1703214494762029689,DF:DF:EE:00:00:01,-72
BLE,1703214494843790104,D3:F4:55:AB:96:20,-50
BLE,1703214495280042848,DF:DF:EE:00:00:04,-55
BLE,1703214495417076801,D3:F4:55:AB:96:20,-61
BLE,1703214495763989372,DF:A6:DC:DC:2E:81,-75
BLE,1703214495764040414,DF:DF:EE:00:00:01,-75
BLE,1703214495802101197,D3:F4:55:AB:96:20,-62
BLE,1703214495827468581,DF:DF:EE:00:00:04,-56
BLE,1703214496574908060,D3:F4:55:AB:96:20,-64
BLE,1703214496767030760,D3:F4:55:AB:96:20,-62
BLE,1703214497279868609,DF:DF:EE:00:00:04,-56
BLE,1703214497737397547,D3:F4:55:AB:96:20,-62
BLE,1703214497829144250,DF:DF:EE:00:00:04,-55
BLE,1703214497932895148,D3:F4:55:AB:96:20,-62
BLE,1703214498314899933,D3:F4:55:AB:96:20,-61
BLE,1703214498508645708,D3:F4:55:AB:96:20,-64
BLE,1703214499090005743,D3:F4:55:AB:96:20,-62
BLE,1703214499666218426,D3:F4:55:AB:96:20,-61
BLE,1703214499788370781,DF:A6:DC:DC:2E:81,-73
BLE,1703214499788416156,DF:DF:EE:00:00:01,-73
BLE,1703214500286449116,DF:DF:EE:00:00:04,-53
BLE,1703214500438841915,D3:F4:55:AB:96:20,-63
BLE,1703214500624620019,D3:F4:55:AB:96:20,-65
BLE,1703214501211822652,D3:F4:55:AB:96:20,-65
BLE,1703214501287172763,DF:DF:EE:00:00:04,-49
BLE,1703214501819038859,DF:DF:EE:00:00:04,-54
BLE,1703214502174465308,D3:F4:55:AB:96:20,-62
BLE,1703214502286402168,DF:DF:EE:00:00:04,-55
BLE,1703214502800567179,DF:A6:DC:DC:2E:81,-73
BLE,1703214502800622262,DF:DF:EE:00:00:01,-73
BLE,1703214502818469221,DF:DF:EE:00:00:04,-53
BLE,1703214503279951807,DF:DF:EE:00:00:04,-54
BLE,1703214503340058072,D3:F4:55:AB:96:20,-62
BLE,1703214503819251660,DF:DF:EE:00:00:04,-53
BLE,1703214503913050396,D3:F4:55:AB:96:20,-64
BLE,1703214504288131129,DF:DF:EE:00:00:04,-56
BLE,1703214504303291601,D3:F4:55:AB:96:20,-62
BLE,1703214504690052447,D3:F4:55:AB:96:20,-63
BLE,1703214504875715968,D3:F4:55:AB:96:20,-64
BLE,1703214505072678063,D3:F4:55:AB:96:20,-69
BLE,1703214505259697619,D3:F4:55:AB:96:20,-64
BLE,1703214505286078248,DF:DF:EE:00:00:04,-54
BLE,1703214505453884018,D3:F4:55:AB:96:20,-63
BLE,1703214505649926325,D3:F4:55:AB:96:20,-62
BLE,1703214505817072348,DF:A6:DC:DC:2E:81,-73
BLE,1703214505817091431,DF:DF:EE:00:00:01,-73
BLE,1703214505844064140,D3:F4:55:AB:96:20,-64
BLE,1703214506034772055,D3:F4:55:AB:96:20,-60
BLE,1703214506288810928,DF:DF:EE:00:00:04,-40
BLE,1703214506418243166,D3:F4:55:AB:96:20,-60
BLE,1703214506610245116,D3:F4:55:AB:96:20,-64
BLE,1703214506798878249,D3:F4:55:AB:96:20,-62
BLE,1703214506821446353,DF:A6:DC:DC:2E:81,-71
BLE,1703214506821471812,DF:DF:EE:00:00:01,-71
BLE,1703214506824200132,DF:DF:EE:00:00:04,-39
BLE,1703214506988195420,D3:F4:55:AB:96:20,-63
BLE,1703214507283766352,DF:DF:EE:00:00:04,-53
BLE,1703214507754238397,D3:F4:55:AB:96:20,-62
BLE,1703214507829092886,DF:A6:DC:DC:2E:81,-73
BLE,1703214507829108178,DF:DF:EE:00:00:01,-73
BLE,1703214507947326967,D3:F4:55:AB:96:20,-61
BLE,1703214508278486569,DF:DF:EE:00:00:04,-53
BLE,1703214508335397933,D3:F4:55:AB:96:20,-62
BLE,1703214508525856807,D3:F4:55:AB:96:20,-64
BLE,1703214508824590475,DF:DF:EE:00:00:04,-56
BLE,1703214508831264569,DF:A6:DC:DC:2E:81,-73
BLE,1703214508831276277,DF:DF:EE:00:00:01,-73
BLE,1703214508915999971,D3:F4:55:AB:96:20,-47
BLE,1703214509282669576,DF:DF:EE:00:00:04,-57
BLE,1703214509301574073,D3:F4:55:AB:96:20,-62
BLE,1703214509491668865,D3:F4:55:AB:96:20,-64
BLE,1703214509684070355,D3:F4:55:AB:96:20,-63
BLE,1703214509823747963,DF:DF:EE:00:00:04,-56
BLE,1703214509835150827,DF:A6:DC:DC:2E:81,-72
BLE,1703214509835179202,DF:DF:EE:00:00:01,-72
BLE,1703214509873202777,D3:F4:55:AB:96:20,-64
BLE,1703214510070296912,D3:F4:55:AB:96:20,-62
BLE,1703214510285458173,DF:DF:EE:00:00:04,-53
BLE,1703214510460292744,D3:F4:55:AB:96:20,-65
BLE,1703214510816772313,DF:DF:EE:00:00:04,-37
BLE,1703214510838537004,DF:A6:DC:DC:2E:81,-74
BLE,1703214510838570712,DF:DF:EE:00:00:01,-74
BLE,1703214510847788628,D3:F4:55:AB:96:20,-62
BLE,1703214511228588127,D3:F4:55:AB:96:20,-60
BLE,1703214511620974656,D3:F4:55:AB:96:20,-62
BLE,1703214511823271642,DF:DF:EE:00:00:04,-55
BLE,1703214511843432175,DF:A6:DC:DC:2E:81,-73
BLE,1703214511843448633,DF:DF:EE:00:00:01,-73
BLE,1703214512194591560,D3:F4:55:AB:96:20,-65
BLE,1703214512391530487,D3:F4:55:AB:96:20,-64
BLE,1703214512590275615,D3:F4:55:AB:96:20,-63
BLE,1703214512779156038,D3:F4:55:AB:96:20,-64
BLE,1703214512822833129,DF:DF:EE:00:00:04,-53
BLE,1703214512970416658,D3:F4:55:AB:96:20,-62
BLE,1703214513155815306,D3:F4:55:AB:96:20,-50
BLE,1703214513345138393,D3:F4:55:AB:96:20,-61
BLE,1703214513539539166,D3:F4:55:AB:96:20,-65
BLE,1703214513734469186,D3:F4:55:AB:96:20,-67
BLE,1703214513825376810,DF:DF:EE:00:00:04,-68
BLE,1703214513921000745,D3:F4:55:AB:96:20,-64
BLE,1703214514109638544,D3:F4:55:AB:96:20,-60
BLE,1703214514305063187,D3:F4:55:AB:96:20,-65
BLE,1703214514499006503,D3:F4:55:AB:96:20,-62
BLE,1703214514821699769,DF:DF:EE:00:00:04,-53
BLE,1703214515287417919,DF:DF:EE:00:00:04,-57
BLE,1703214515452796534,D3:F4:55:AB:96:20,-64
BLE,1703214515651007247,D3:F4:55:AB:96:20,-62
BLE,1703214515840992290,D3:F4:55:AB:96:20,-61
BLE,1703214515871211693,DF:A6:DC:DC:2E:81,-73
BLE,1703214515871228026,DF:DF:EE:00:00:01,-73
BLE,1703214516233413944,D3:F4:55:AB:96:20,-79
BLE,1703214516421050414,D3:F4:55:AB:96:20,-50
BLE,1703214516610387418,D3:F4:55:AB:96:20,-46
BLE,1703214516870820637,DF:A6:DC:DC:2E:81,-73
BLE,1703214516870858679,DF:DF:EE:00:00:01,-73
BLE,1703214516998401051,D3:F4:55:AB:96:20,-63
BLE,1703214517186438686,D3:F4:55:AB:96:20,-65
BLE,1703214517577278305,D3:F4:55:AB:96:20,-60
BLE,1703214517773803193,D3:F4:55:AB:96:20,-64
BLE,1703214518166564512,D3:F4:55:AB:96:20,-67
BLE,1703214518744638478,D3:F4:55:AB:96:20,-62
BLE,1703214518817504810,DF:DF:EE:00:00:04,-54
BLE,1703214518887789028,DF:A6:DC:DC:2E:81,-73
BLE,1703214518887834778,DF:DF:EE:00:00:01,-73
BLE,1703214518933571818,D3:F4:55:AB:96:20,-62
BLE,1703214519124995104,D3:F4:55:AB:96:20,-65
BLE,1703214519126152265,D3:F4:55:AB:96:20,-60
BLE,1703214519287585148,DF:DF:EE:00:00:04,-55
BLE,1703214519315294854,D3:F4:55:AB:96:20,-62
BLE,1703214519816039218,DF:DF:EE:00:00:04,-53
BLE,1703214519895911809,DF:A6:DC:DC:2E:81,-71
BLE,1703214519895936267,DF:DF:EE:00:00:01,-71
BLE,1703214520286837386,D3:F4:55:AB:96:20,-62
BLE,1703214520483850730,D3:F4:55:AB:96:20,-63
BLE,1703214520671042077,D3:F4:55:AB:96:20,-64
BLE,1703214520868404044,D3:F4:55:AB:96:20,-64
BLE,1703214521251599991,D3:F4:55:AB:96:20,-64
BLE,1703214521283444344,DF:DF:EE:00:00:04,-54
BLE,1703214521440302914,D3:F4:55:AB:96:20,-64
BLE,1703214521635371976,D3:F4:55:AB:96:20,-75
BLE,1703214521820508166,DF:DF:EE:00:00:04,-38
BLE,1703214521827211927,D3:F4:55:AB:96:20,-61
BLE,1703214522017401094,D3:F4:55:AB:96:20,-62
BLE,1703214522284026576,DF:DF:EE:00:00:04,-56
BLE,1703214522404479564,D3:F4:55:AB:96:20,-50
BLE,1703214522596325515,D3:F4:55:AB:96:20,-62
BLE,1703214522911291566,DF:A6:DC:DC:2E:81,-72
BLE,1703214522911326649,DF:DF:EE:00:00:01,-72
BLE,1703214522979345336,D3:F4:55:AB:96:20,-61
BLE,1703214523285526470,DF:DF:EE:00:00:04,-54
BLE,1703214523362158159,D3:F4:55:AB:96:20,-61
BLE,1703214523556910055,D3:F4:55:AB:96:20,-64
BLE,1703214523824952989,DF:DF:EE:00:00:04,-54
BLE,1703214523915859988,DF:A6:DC:DC:2E:81,-74
BLE,1703214523915892696,DF:DF:EE:00:00:01,-74
BLE,1703214523946635430,D3:F4:55:AB:96:20,-62
BLE,1703214524139301419,D3:F4:55:AB:96:20,-64
BLE,1703214524279205108,DF:DF:EE:00:00:04,-53
BLE,1703214524535431972,D3:F4:55:AB:96:20,-67
BLE,1703214524731117572,D3:F4:55:AB:96:20,-62
BLE,1703214524926541798,D3:F4:55:AB:96:20,-66
BLE,1703214525286112811,DF:DF:EE:00:00:04,-53
BLE,1703214525314777721,D3:F4:55:AB:96:20,-46
BLE,1703214525508441872,D3:F4:55:AB:96:20,-65
BLE,1703214525820246730,DF:DF:EE:00:00:04,-40
BLE,1703214526080222201,D3:F4:55:AB:96:20,-60
BLE,1703214526285366341,DF:DF:EE:00:00:04,-55
BLE,1703214526468606540,D3:F4:55:AB:96:20,-67
BLE,1703214526824352404,DF:DF:EE:00:00:04,-54
BLE,1703214526855801759,D3:F4:55:AB:96:20,-62
BLE,1703214527043558104,D3:F4:55:AB:96:20,-65
BLE,1703214527239042788,D3:F4:55:AB:96:20,-63
BLE,1703214527431254029,D3:F4:55:AB:96:20,-60
BLE,1703214528009812827,D3:F4:55:AB:96:20,-67
BLE,1703214528206711088,D3:F4:55:AB:96:20,-63
BLE,1703214528824458914,DF:DF:EE:00:00:04,-54
BLE,1703214529286854120,DF:DF:EE:00:00:04,-55
BLE,1703214529361760776,D3:F4:55:AB:96:20,-64
BLE,1703214529744125726,D3:F4:55:AB:96:20,-64
BLE,1703214529825276103,DF:DF:EE:00:00:04,-56
BLE,1703214529944529221,DF:A6:DC:DC:2E:81,-73
BLE,1703214529944574221,DF:DF:EE:00:00:01,-73
BLE,1703214530133883058,D3:F4:55:AB:96:20,-46
BLE,1703214530326531006,D3:F4:55:AB:96:20,-64
BLE,1703214530819412156,DF:DF:EE:00:00:04,-66
BLE,1703214530905573009,D3:F4:55:AB:96:20,-62
BLE,1703214531099467493,D3:F4:55:AB:96:20,-62
BLE,1703214531280426910,DF:DF:EE:00:00:04,-55
BLE,1703214531486994794,D3:F4:55:AB:96:20,-62
BLE,1703214531676275132,D3:F4:55:AB:96:20,-64
BLE,1703214531826698398,DF:DF:EE:00:00:04,-55
BLE,1703214531873831515,D3:F4:55:AB:96:20,-63
BLE,1703214531960331659,DF:A6:DC:DC:2E:81,-72
BLE,1703214531960368408,DF:DF:EE:00:00:01,-72
BLE,1703214532068158413,D3:F4:55:AB:96:20,-61
BLE,1703214532281816805,DF:DF:EE:00:00:04,-53
BLE,1703214532451422525,D3:F4:55:AB:96:20,-60
BLE,1703214532643213518,D3:F4:55:AB:96:20,-50
BLE,1703214532836232589,D3:F4:55:AB:96:20,-63
BLE,1703214532961313972,DF:A6:DC:DC:2E:81,-74
BLE,1703214532961372138,DF:DF:EE:00:00:01,-74
BLE,1703214533404195185,D3:F4:55:AB:96:20,-62
BLE,1703214533967716594,DF:A6:DC:DC:2E:81,-73
BLE,1703214533967773927,DF:DF:EE:00:00:01,-73
BLE,1703214533984196351,D3:F4:55:AB:96:20,-63
BLE,1703214534282328897,DF:DF:EE:00:00:04,-40
BLE,1703214534370483908,D3:F4:55:AB:96:20,-62
BLE,1703214534558258211,D3:F4:55:AB:96:20,-64
BLE,1703214534819298469,DF:DF:EE:00:00:04,-55
BLE,1703214534971275728,DF:A6:DC:DC:2E:81,-71
BLE,1703214534971306895,DF:DF:EE:00:00:01,-71
BLE,1703214535284698287,DF:DF:EE:00:00:04,-56
BLE,1703214535331867862,D3:F4:55:AB:96:20,-46
BLE,1703214535523055399,D3:F4:55:AB:96:20,-63
BLE,1703214535720792573,D3:F4:55:AB:96:20,-63
BLE,1703214535911717320,D3:F4:55:AB:96:20,-61
BLE,1703214535974336157,DF:A6:DC:DC:2E:81,-74
BLE,1703214535974363990,DF:DF:EE:00:00:01,-74
BLE,1703214536104388809,D3:F4:55:AB:96:20,-62
BLE,1703214536284477481,DF:DF:EE:00:00:04,-40
BLE,1703214536493115229,D3:F4:55:AB:96:20,-64
BLE,1703214536981335651,DF:A6:DC:DC:2E:81,-72
BLE,1703214536981368526,DF:DF:EE:00:00:01,-72
BLE,1703214537257626505,D3:F4:55:AB:96:20,-65
BLE,1703214537284362299,DF:DF:EE:00:00:04,-54
BLE,1703214537451082032,D3:F4:55:AB:96:20,-62
BLE,1703214537639517624,D3:F4:55:AB:96:20,-65
BLE,1703214537824742022,DF:DF:EE:00:00:04,-54
BLE,1703214537836944466,D3:F4:55:AB:96:20,-63
BLE,1703214537983531917,DF:A6:DC:DC:2E:81,-72
BLE,1703214537983568917,DF:DF:EE:00:00:01,-72
BLE,1703214538027012592,D3:F4:55:AB:96:20,-61
BLE,1703214538218055838,D3:F4:55:AB:96:20,-62
BLE,1703214538412371611,D3:F4:55:AB:96:20,-62
BLE,1703214538607368090,D3:F4:55:AB:96:20,-64
BLE,1703214538823287847,DF:DF:EE:00:00:04,-69
BLE,1703214538989074751,D3:F4:55:AB:96:20,-65
BLE,1703214539185528972,D3:F4:55:AB:96:20,-62
BLE,1703214539284399601,DF:DF:EE:00:00:04,-53
BLE,1703214539570083662,D3:F4:55:AB:96:20,-63
BLE,1703214539824590867,DF:DF:EE:00:00:04,-53
BLE,1703214539950724037,D3:F4:55:AB:96:20,-62
BLE,1703214539989536108,DF:A6:DC:DC:2E:81,-70
BLE,1703214539989565150,DF:DF:EE:00:00:01,-70
BLE,1703214540287724237,DF:DF:EE:00:00:04,-55
BLE,1703214540531831739,D3:F4:55:AB:96:20,-63
BLE,1703214540819714207,DF:DF:EE:00:00:04,-55
BLE,1703214540916149347,D3:F4:55:AB:96:20,-63
BLE,1703214540995270274,DF:A6:DC:DC:2E:81,-73
BLE,1703214540995308691,DF:DF:EE:00:00:01,-73
BLE,1703214541105542934,D3:F4:55:AB:96:20,-64
BLE,1703214541281929623,DF:DF:EE:00:00:04,-53
BLE,1703214541884610393,D3:F4:55:AB:96:20,-63
BLE,1703214542815619236,DF:DF:EE:00:00:04,-53
BLE,1703214542843905898,D3:F4:55:AB:96:20,-62
BLE,1703214543004254702,DF:A6:DC:DC:2E:81,-71
BLE,1703214543004311993,DF:DF:EE:00:00:01,-71
BLE,1703214543033258319,D3:F4:55:AB:96:20,-63
BLE,1703214543229111460,D3:F4:55:AB:96:20,-62
BLE,1703214543616955134,D3:F4:55:AB:96:20,-63
BLE,1703214543803331860,D3:F4:55:AB:96:20,-80
BLE,1703214543996391764,D3:F4:55:AB:96:20,-63
BLE,1703214544187977300,D3:F4:55:AB:96:20,-64
BLE,1703214544277145765,DF:DF:EE:00:00:04,-54
BLE,1703214544380501664,D3:F4:55:AB:96:20,-65
BLE,1703214544765958683,D3:F4:55:AB:96:20,-62
BLE,1703214544961981199,D3:F4:55:AB:96:20,-46
BLE,1703214545005873538,DF:A6:DC:DC:2E:81,-72
BLE,1703214545005928163,DF:DF:EE:00:00:01,-72
BLE,1703214545284463674,DF:DF:EE:00:00:04,-56
BLE,1703214545534298942,D3:F4:55:AB:96:20,-64
BLE,1703214545732611488,D3:F4:55:AB:96:20,-47
BLE,1703214545819321881,DF:DF:EE:00:00:04,-57
BLE,1703214546007061476,DF:A6:DC:DC:2E:81,-73
BLE,1703214546007086101,DF:DF:EE:00:00:01,-73
BLE,1703214546698161839,D3:F4:55:AB:96:20,-63
BLE,1703214546818537327,DF:DF:EE:00:00:04,-54
BLE,1703214546891350701,D3:F4:55:AB:96:20,-60
BLE,1703214547086440928,D3:F4:55:AB:96:20,-64
BLE,1703214547279411624,DF:DF:EE:00:00:04,-40
BLE,1703214547475111141,D3:F4:55:AB:96:20,-67
BLE,1703214547476555176,D3:F4:55:AB:96:20,-61
BLE,1703214547667121091,D3:F4:55:AB:96:20,-62
BLE,1703214547862484151,D3:F4:55:AB:96:20,-46
BLE,1703214548018712058,DF:A6:DC:DC:2E:81,-56
BLE,1703214548018757391,DF:DF:EE:00:00:01,-56
BLE,1703214548285205374,DF:DF:EE:00:00:04,-53
BLE,1703214548625748016,D3:F4:55:AB:96:20,-46
BLE,1703214549010525580,D3:F4:55:AB:96:20,-60
BLE,1703214549026012508,DF:A6:DC:DC:2E:81,-74
BLE,1703214549026038758,DF:DF:EE:00:00:01,-74
BLE,1703214549280845836,DF:DF:EE:00:00:04,-56
BLE,1703214549397140302,D3:F4:55:AB:96:20,-62
BLE,1703214549589513500,D3:F4:55:AB:96:20,-66
BLE,1703214549975553058,D3:F4:55:AB:96:20,-46
BLE,1703214550028139858,DF:A6:DC:DC:2E:81,-58
BLE,1703214550028158691,DF:DF:EE:00:00:01,-58
BLE,1703214550285092885,DF:DF:EE:00:00:04,-54
BLE,1703214550553935065,D3:F4:55:AB:96:20,-64
BLE,1703214550750254204,D3:F4:55:AB:96:20,-62
BLE,1703214551036068723,DF:A6:DC:DC:2E:81,-71
BLE,1703214551036096973,DF:DF:EE:00:00:01,-71
BLE,1703214551321371577,D3:F4:55:AB:96:20,-69
BLE,1703214551707180928,D3:F4:55:AB:96:20,-47
BLE,1703214551896317975,D3:F4:55:AB:96:20,-63
BLE,1703214552043982796,DF:A6:DC:DC:2E:81,-72
BLE,1703214552044022421,DF:DF:EE:00:00:01,-72
BLE,1703214552279179964,DF:DF:EE:00:00:04,-56
BLE,1703214552471883078,D3:F4:55:AB:96:20,-61
BLE,1703214552818339860,DF:DF:EE:00:00:04,-55
BLE,1703214553284775256,DF:DF:EE:00:00:04,-39
BLE,1703214553619639841,D3:F4:55:AB:96:20,-61
BLE,1703214553808398223,D3:F4:55:AB:96:20,-79
BLE,1703214553818390885,DF:DF:EE:00:00:04,-54
BLE,1703214554004467363,D3:F4:55:AB:96:20,-62
BLE,1703214554276262280,DF:DF:EE:00:00:04,-54
BLE,1703214554584896402,D3:F4:55:AB:96:20,-64
BLE,1703214554967280227,D3:F4:55:AB:96:20,-50
BLE,1703214555067433808,DF:A6:DC:DC:2E:81,-74
BLE,1703214555067463724,DF:DF:EE:00:00:01,-74
BLE,1703214555159529468,D3:F4:55:AB:96:20,-62
BLE,1703214555279488041,DF:DF:EE:00:00:04,-53
BLE,1703214555545458359,D3:F4:55:AB:96:20,-63
BLE,1703214555736020691,D3:F4:55:AB:96:20,-62
BLE,1703214555821140342,DF:DF:EE:00:00:04,-52
BLE,1703214556118022560,D3:F4:55:AB:96:20,-61
BLE,1703214556285138416,DF:DF:EE:00:00:04,-55
BLE,1703214556309680762,D3:F4:55:AB:96:20,-63
BLE,1703214556507202770,D3:F4:55:AB:96:20,-67
BLE,1703214556701813750,D3:F4:55:AB:96:20,-46
BLE,1703214556822038572,DF:DF:EE:00:00:04,-58
BLE,1703214557080964048,DF:A6:DC:DC:2E:81,-79
BLE,1703214557081006089,DF:DF:EE:00:00:01,-79
BLE,1703214557283091202,DF:DF:EE:00:00:04,-53
BLE,1703214557288021887,D3:F4:55:AB:96:20,-62
BLE,1703214557477617849,D3:F4:55:AB:96:20,-62
BLE,1703214557822322347,DF:DF:EE:00:00:04,-54
BLE,1703214558049453594,D3:F4:55:AB:96:20,-64
BLE,1703214558244628863,D3:F4:55:AB:96:20,-47
BLE,1703214558824789986,DF:DF:EE:00:00:04,-55
BLE,1703214559012263374,D3:F4:55:AB:96:20,-64
BLE,1703214559088495482,DF:A6:DC:DC:2E:81,-71
BLE,1703214559088542190,DF:DF:EE:00:00:01,-71
BLE,1703214559211863415,D3:F4:55:AB:96:20,-62
BLE,1703214559280035643,DF:DF:EE:00:00:04,-55
BLE,1703214559399887758,D3:F4:55:AB:96:20,-50
BLE,1703214559795844312,D3:F4:55:AB:96:20,-63
BLE,1703214559981022669,D3:F4:55:AB:96:20,-51
BLE,1703214560174627279,D3:F4:55:AB:96:20,-79
BLE,1703214560276201353,DF:DF:EE:00:00:04,-53
BLE,1703214560371115917,D3:F4:55:AB:96:20,-60
BLE,1703214560760987624,D3:F4:55:AB:96:20,-63
BLE,1703214560949989796,D3:F4:55:AB:96:20,-64
BLE,1703214561339658587,D3:F4:55:AB:96:20,-60
BLE,1703214561534637482,D3:F4:55:AB:96:20,-64
BLE,1703214561724137069,D3:F4:55:AB:96:20,-46
BLE,1703214561818257595,DF:DF:EE:00:00:04,-40
BLE,1703214561922036367,D3:F4:55:AB:96:20,-61
BLE,1703214562099968299,DF:A6:DC:DC:2E:81,-61
BLE,1703214562100007424,DF:DF:EE:00:00:01,-61
BLE,1703214562301680371,D3:F4:55:AB:96:20,-64
BLE,1703214562493542239,D3:F4:55:AB:96:20,-62
BLE,1703214562817155418,DF:DF:EE:00:00:04,-53
BLE,1703214562871046711,D3:F4:55:AB:96:20,-60
BLE,1703214563259914131,D3:F4:55:AB:96:20,-62
BLE,1703214563281134367,DF:DF:EE:00:00:04,-57
BLE,1703214563454806360,D3:F4:55:AB:96:20,-60
BLE,1703214563648646302,D3:F4:55:AB:96:20,-64
BLE,1703214563819498683,DF:DF:EE:00:00:04,-41
BLE,1703214563846765932,D3:F4:55:AB:96:20,-63
BLE,1703214564615990728,D3:F4:55:AB:96:20,-64
BLE,1703214564817371552,DF:DF:EE:00:00:04,-53
BLE,1703214565006408599,D3:F4:55:AB:96:20,-62
BLE,1703214565282738745,DF:DF:EE:00:00:04,-55
BLE,1703214565390561291,D3:F4:55:AB:96:20,-60
BLE,1703214565586318391,D3:F4:55:AB:96:20,-63
BLE,1703214565780866871,D3:F4:55:AB:96:20,-63
BLE,1703214565824137964,DF:DF:EE:00:00:04,-56
BLE,1703214565976611096,D3:F4:55:AB:96:20,-61
BLE,1703214566277124797,DF:DF:EE:00:00:04,-41
BLE,1703214566554803103,D3:F4:55:AB:96:20,-65
BLE,1703214566937834342,D3:F4:55:AB:96:20,-64
BLE,1703214567318278301,D3:F4:55:AB:96:20,-64
BLE,1703214567509827295,D3:F4:55:AB:96:20,-63
BLE,1703214567697040809,D3:F4:55:AB:96:20,-63
BLE,1703214567815017891,DF:DF:EE:00:00:04,-54
BLE,1703214567886114356,D3:F4:55:AB:96:20,-60
BLE,1703214568076080607,D3:F4:55:AB:96:20,-63
BLE,1703214568283776360,DF:DF:EE:00:00:04,-53
BLE,1703214568657311101,D3:F4:55:AB:96:20,-62
BLE,1703214568823299837,DF:DF:EE:00:00:04,-54
BLE,1703214569035041030,D3:F4:55:AB:96:20,-61
BLE,1703214569136890812,DF:A6:DC:DC:2E:81,-74
BLE,1703214569136939770,DF:DF:EE:00:00:01,-74
BLE,1703214569284714507,DF:DF:EE:00:00:04,-40
BLE,1703214569425994232,D3:F4:55:AB:96:20,-47
BLE,1703214569615533027,D3:F4:55:AB:96:20,-64
BLE,1703214569616855521,D3:F4:55:AB:96:20,-60
BLE,1703214570005679983,D3:F4:55:AB:96:20,-61
BLE,1703214570146089337,DF:A6:DC:DC:2E:81,-72
BLE,1703214570146130379,DF:DF:EE:00:00:01,-72
BLE,1703214570282349669,DF:DF:EE:00:00:04,-56
BLE,1703214570577791935,D3:F4:55:AB:96:20,-50
BLE,1703214570769875969,D3:F4:55:AB:96:20,-46
BLE,1703214570820052488,DF:DF:EE:00:00:04,-56
BLE,1703214570964279950,D3:F4:55:AB:96:20,-64
BLE,1703214571144290372,DF:A6:DC:DC:2E:81,-76
BLE,1703214571144335330,DF:DF:EE:00:00:01,-76
BLE,1703214571156272942,D3:F4:55:AB:96:20,-47
BLE,1703214571342163170,D3:F4:55:AB:96:20,-64
BLE,1703214571729375181,D3:F4:55:AB:96:20,-64
BLE,1703214571816286948,DF:DF:EE:00:00:04,-53
BLE,1703214571923154457,D3:F4:55:AB:96:20,-62
BLE,1703214572111660006,D3:F4:55:AB:96:20,-64
BLE,1703214572148481545,DF:A6:DC:DC:2E:81,-73
BLE,1703214572148519378,DF:DF:EE:00:00:01,-73
BLE,1703214572507726685,D3:F4:55:AB:96:20,-62
BLE,1703214572824535978,DF:DF:EE:00:00:04,-56
BLE,1703214573079189307,D3:F4:55:AB:96:20,-65
BLE,1703214573472215333,D3:F4:55:AB:96:20,-63
BLE,1703214573668811262,D3:F4:55:AB:96:20,-60
BLE,1703214573859857383,D3:F4:55:AB:96:20,-62
BLE,1703214574048244808,D3:F4:55:AB:96:20,-65
BLE,1703214574242019542,D3:F4:55:AB:96:20,-80
BLE,1703214574278889789,DF:DF:EE:00:00:04,-55
BLE,1703214574435164654,D3:F4:55:AB:96:20,-62
BLE,1703214574623941286,D3:F4:55:AB:96:20,-62
BLE,1703214574815075657,D3:F4:55:AB:96:20,-60
BLE,1703214575591471086,D3:F4:55:AB:96:20,-62
BLE,1703214575823236979,DF:DF:EE:00:00:04,-53
BLE,1703214576162359877,D3:F4:55:AB:96:20,-64
BLE,1703214576359347680,D3:F4:55:AB:96:20,-65
BLE,1703214576557370394,D3:F4:55:AB:96:20,-64
BLE,1703214576820035978,DF:DF:EE:00:00:04,-40
BLE,1703214576940101467,D3:F4:55:AB:96:20,-63
BLE,1703214577124959659,D3:F4:55:AB:96:20,-69
BLE,1703214577278915034,DF:DF:EE:00:00:04,-56
BLE,1703214577324674157,D3:F4:55:AB:96:20,-63
BLE,1703214577907284061,D3:F4:55:AB:96:20,-62
BLE,1703214578103919657,D3:F4:55:AB:96:20,-61
BLE,1703214578177094987,DF:A6:DC:DC:2E:81,-74
BLE,1703214578177132320,DF:DF:EE:00:00:01,-74
BLE,1703214578298287180,D3:F4:55:AB:96:20,-64
BLE,1703214578489887340,D3:F4:55:AB:96:20,-63
BLE,1703214579255898692,D3:F4:55:AB:96:20,-75
BLE,1703214579451157044,D3:F4:55:AB:96:20,-61
BLE,1703214580187450116,DF:A6:DC:DC:2E:81,-74
BLE,1703214580187503783,DF:DF:EE:00:00:01,-74
BLE,1703214580217370062,D3:F4:55:AB:96:20,-46
BLE,1703214580280731021,DF:DF:EE:00:00:04,-53
BLE,1703214580406611400,D3:F4:55:AB:96:20,-63
BLE,1703214580594575202,D3:F4:55:AB:96:20,-65
BLE,1703214580816323141,DF:DF:EE:00:00:04,-53
BLE,1703214580979668265,D3:F4:55:AB:96:20,-46
BLE,1703214581824504296,DF:DF:EE:00:00:04,-56
BLE,1703214581947689355,D3:F4:55:AB:96:20,-62
BLE,1703214582144019118,D3:F4:55:AB:96:20,-64
BLE,1703214582203426928,DF:A6:DC:DC:2E:81,-74
BLE,1703214582203482262,DF:DF:EE:00:00:01,-74
BLE,1703214582528147143,D3:F4:55:AB:96:20,-64
BLE,1703214582717337023,D3:F4:55:AB:96:20,-62
BLE,1703214582818502433,DF:DF:EE:00:00:04,-53
BLE,1703214582909540681,D3:F4:55:AB:96:20,-65
BLE,1703214583283764668,DF:DF:EE:00:00:04,-55
BLE,1703214583823894434,DF:DF:EE:00:00:04,-55
BLE,1703214584207665794,DF:A6:DC:DC:2E:81,-72
BLE,1703214584207702919,DF:DF:EE:00:00:01,-72
BLE,1703214585020138641,D3:F4:55:AB:96:20,-61
BLE,1703214585207558196,DF:A6:DC:DC:2E:81,-59
BLE,1703214585207602529,DF:DF:EE:00:00:01,-59
BLE,1703214585817746723,DF:DF:EE:00:00:04,-54
BLE,1703214585973338758,D3:F4:55:AB:96:20,-64
BLE,1703214585974666460,D3:F4:55:AB:96:20,-61
BLE,1703214586217499593,DF:A6:DC:DC:2E:81,-73
BLE,1703214586217535218,DF:DF:EE:00:00:01,-73
BLE,1703214586278903602,DF:DF:EE:00:00:04,-56
BLE,1703214586818068831,DF:DF:EE:00:00:04,-55
BLE,1703214586937659864,D3:F4:55:AB:96:20,-50
BLE,1703214587522653091,D3:F4:55:AB:96:20,-64
BLE,1703214588280395731,DF:DF:EE:00:00:04,-55
BLE,1703214588670220063,D3:F4:55:AB:96:20,-65
BLE,1703214588822437030,DF:DF:EE:00:00:04,-56
BLE,1703214588865850164,D3:F4:55:AB:96:20,-63
BLE,1703214589053924257,D3:F4:55:AB:96:20,-64
BLE,1703214589242743222,D3:F4:55:AB:96:20,-62
BLE,1703214589433962968,D3:F4:55:AB:96:20,-64
BLE,1703214589630199857,D3:F4:55:AB:96:20,-62
BLE,1703214589819215571,D3:F4:55:AB:96:20,-64
BLE,1703214590013957550,D3:F4:55:AB:96:20,-63
BLE,1703214590780925731,D3:F4:55:AB:96:20,-62
BLE,1703214590970590192,D3:F4:55:AB:96:20,-61
BLE,1703214591166486875,D3:F4:55:AB:96:20,-64
BLE,1703214591236564969,DF:A6:DC:DC:2E:81,-75
BLE,1703214591236605344,DF:DF:EE:00:00:01,-75
BLE,1703214591361254771,D3:F4:55:AB:96:20,-62
BLE,1703214591555081254,D3:F4:55:AB:96:20,-60
BLE,1703214591750145941,D3:F4:55:AB:96:20,-64
BLE,1703214591821911152,DF:DF:EE:00:00:04,-54
BLE,1703214591947903698,D3:F4:55:AB:96:20,-63
BLE,1703214592137583451,D3:F4:55:AB:96:20,-66
BLE,1703214592241005433,DF:A6:DC:DC:2E:81,-72
BLE,1703214592241044725,DF:DF:EE:00:00:01,-72
BLE,1703214592279042800,DF:DF:EE:00:00:04,-55
BLE,1703214592526614661,D3:F4:55:AB:96:20,-60
BLE,1703214592914454003,D3:F4:55:AB:96:20,-62
BLE,1703214593242192870,DF:A6:DC:DC:2E:81,-70
BLE,1703214593242234954,DF:DF:EE:00:00:01,-70
BLE,1703214593480238984,D3:F4:55:AB:96:20,-63
BLE,1703214594060762773,D3:F4:55:AB:96:20,-63
BLE,1703214594640630439,D3:F4:55:AB:96:20,-62
BLE,1703214594818868286,DF:DF:EE:00:00:04,-40
BLE,1703214595023765427,D3:F4:55:AB:96:20,-60
BLE,1703214595282643903,DF:DF:EE:00:00:04,-54
BLE,1703214595407469038,D3:F4:55:AB:96:20,-47
BLE,1703214595816559031,DF:DF:EE:00:00:04,-56
BLE,1703214595985326630,D3:F4:55:AB:96:20,-66
BLE,1703214596179369779,D3:F4:55:AB:96:20,-62
BLE,1703214596275924002,DF:DF:EE:00:00:04,-53
BLE,1703214596374598757,D3:F4:55:AB:96:20,-61
BLE,1703214596567543828,D3:F4:55:AB:96:20,-65
BLE,1703214596950118693,D3:F4:55:AB:96:20,-64
BLE,1703214597255190707,DF:A6:DC:DC:2E:81,-72
BLE,1703214597255235373,DF:DF:EE:00:00:01,-72
BLE,1703214597281041171,DF:DF:EE:00:00:04,-73
BLE,1703214597518650912,D3:F4:55:AB:96:20,-61
BLE,1703214597713895514,D3:F4:55:AB:96:20,-65
BLE,1703214597819086780,DF:DF:EE:00:00:04,-57
BLE,1703214597912862307,D3:F4:55:AB:96:20,-63
BLE,1703214598254076321,DF:A6:DC:DC:2E:81,-73
BLE,1703214598254123988,DF:DF:EE:00:00:01,-73
BLE,1703214598492173893,D3:F4:55:AB:96:20,-63
BLE,1703214598816187778,DF:DF:EE:00:00:04,-37
BLE,1703214598873205016,D3:F4:55:AB:96:20,-46
BLE,1703214599275129584,DF:DF:EE:00:00:04,-55
BLE,1703214599457440037,D3:F4:55:AB:96:20,-61
BLE,1703214599650182484,D3:F4:55:AB:96:20,-65
BLE,1703214599820306368,DF:DF:EE:00:00:04,-56
BLE,1703214599848319865,D3:F4:55:AB:96:20,-62
BLE,1703214600230164983,D3:F4:55:AB:96:20,-62
BLE,1703214600257577857,DF:A6:DC:DC:2E:81,-73
BLE,1703214600257598191,DF:DF:EE:00:00:01,-73
BLE,1703214600280526419,DF:DF:EE:00:00:04,-54
BLE,1703214600421407146,D3:F4:55:AB:96:20,-61
BLE,1703214600616600415,D3:F4:55:AB:96:20,-64
BLE,1703214600811316102,D3:F4:55:AB:96:20,-63
BLE,1703214601198524322,D3:F4:55:AB:96:20,-62
BLE,1703214601263431273,DF:A6:DC:DC:2E:81,-72
BLE,1703214601263458065,DF:DF:EE:00:00:01,-72
BLE,1703214601390027774,D3:F4:55:AB:96:20,-61
BLE,1703214601579524820,D3:F4:55:AB:96:20,-47
BLE,1703214601824114320,DF:DF:EE:00:00:04,-56
BLE,1703214602152483476,D3:F4:55:AB:96:20,-60
BLE,1703214602282637586,DF:DF:EE:00:00:04,-54
BLE,1703214602737835284,D3:F4:55:AB:96:20,-61
BLE,1703214602815069346,DF:DF:EE:00:00:04,-56
BLE,1703214603129939148,D3:F4:55:AB:96:20,-62
BLE,1703214603274200776,DF:DF:EE:00:00:04,-54
BLE,1703214603316196708,D3:F4:55:AB:96:20,-64
BLE,1703214603814138876,DF:DF:EE:00:00:04,-54
BLE,1703214603895054129,D3:F4:55:AB:96:20,-63
BLE,1703214604277648244,DF:DF:EE:00:00:04,-56
BLE,1703214604467371080,D3:F4:55:AB:96:20,-65
BLE,1703214604660755816,D3:F4:55:AB:96:20,-62
BLE,1703214604819203962,DF:DF:EE:00:00:04,-56
BLE,1703214605046094210,D3:F4:55:AB:96:20,-62
BLE,1703214605240338900,D3:F4:55:AB:96:20,-61
BLE,1703214605275476906,DF:DF:EE:00:00:04,-38
BLE,1703214605435255379,D3:F4:55:AB:96:20,-64
BLE,1703214605627792785,D3:F4:55:AB:96:20,-63
BLE,1703214605814582135,D3:F4:55:AB:96:20,-64
BLE,1703214606010303318,D3:F4:55:AB:96:20,-62
BLE,1703214606204320967,D3:F4:55:AB:96:20,-60
BLE,1703214606585290507,D3:F4:55:AB:96:20,-61
BLE,1703214606823649161,DF:DF:EE:00:00:04,-55
BLE,1703214607280729642,DF:DF:EE:00:00:04,-53
BLE,1703214607282337093,DF:DF:EE:00:00:04,-53
BLE,1703214607291902090,DF:A6:DC:DC:2E:81,-73
BLE,1703214607291929382,DF:DF:EE:00:00:01,-73
BLE,1703214607362371016,D3:F4:55:AB:96:20,-62
BLE,1703214607548084579,D3:F4:55:AB:96:20,-65
BLE,1703214607738113163,D3:F4:55:AB:96:20,-61
BLE,1703214607817333466,DF:DF:EE:00:00:04,-54
BLE,1703214608283196990,DF:DF:EE:00:00:04,-56
BLE,1703214608295564350,DF:A6:DC:DC:2E:81,-71
BLE,1703214608295595308,DF:DF:EE:00:00:01,-71
BLE,1703214608310309157,D3:F4:55:AB:96:20,-64
BLE,1703214608505547717,D3:F4:55:AB:96:20,-63
BLE,1703214608823117257,DF:DF:EE:00:00:04,-56
BLE,1703214609302541094,DF:A6:DC:DC:2E:81,-73
BLE,1703214609302597718,DF:DF:EE:00:00:01,-73
BLE,1703214609459563872,D3:F4:55:AB:96:20,-50
BLE,1703214609852403857,D3:F4:55:AB:96:20,-62
BLE,1703214610235039972,D3:F4:55:AB:96:20,-46
BLE,1703214610273772085,DF:DF:EE:00:00:04,-54
BLE,1703214610309971377,DF:A6:DC:DC:2E:81,-58
BLE,1703214610310002502,DF:DF:EE:00:00:01,-58
BLE,1703214610616802883,D3:F4:55:AB:96:20,-62
BLE,1703214610805670389,D3:F4:55:AB:96:20,-62
BLE,1703214611195065432,D3:F4:55:AB:96:20,-65
BLE,1703214611307994912,DF:A6:DC:DC:2E:81,-74
BLE,1703214611308031246,DF:DF:EE:00:00:01,-74
BLE,1703214611391405654,D3:F4:55:AB:96:20,-62
BLE,1703214611581858195,D3:F4:55:AB:96:20,-60
BLE,1703214611814242793,DF:DF:EE:00:00:04,-55
BLE,1703214612162084651,D3:F4:55:AB:96:20,-64
BLE,1703214612350792950,D3:F4:55:AB:96:20,-62
BLE,1703214612932156735,D3:F4:55:AB:96:20,-62
BLE,1703214613279210430,DF:DF:EE:00:00:04,-55
BLE,1703214613318123668,D3:F4:55:AB:96:20,-62
BLE,1703214613700021412,D3:F4:55:AB:96:20,-62
BLE,1703214613820518566,DF:DF:EE:00:00:04,-56
BLE,1703214613893761187,D3:F4:55:AB:96:20,-64
BLE,1703214614472846816,D3:F4:55:AB:96:20,-63
BLE,1703214614658690545,D3:F4:55:AB:96:20,-65
BLE,1703214614821886627,DF:DF:EE:00:00:04,-53
BLE,1703214614849761749,D3:F4:55:AB:96:20,-47
BLE,1703214615231320703,D3:F4:55:AB:96:20,-62
BLE,1703214615232541572,D3:F4:55:AB:96:20,-63
BLE,1703214615428244339,D3:F4:55:AB:96:20,-46
BLE,1703214615619119003,D3:F4:55:AB:96:20,-62
BLE,1703214616335511375,DF:A6:DC:DC:2E:81,-73
BLE,1703214616335547125,DF:DF:EE:00:00:01,-73
BLE,1703214616774278315,D3:F4:55:AB:96:20,-65
BLE,1703214616815876916,DF:DF:EE:00:00:04,-37
BLE,1703214616969411835,D3:F4:55:AB:96:20,-62
BLE,1703214617161843366,D3:F4:55:AB:96:20,-61
BLE,1703214617284223303,DF:DF:EE:00:00:04,-55
BLE,1703214617342051162,DF:A6:DC:DC:2E:81,-72
BLE,1703214617342088204,DF:DF:EE:00:00:01,-72
BLE,1703214617356423513,D3:F4:55:AB:96:20,-64
BLE,1703214617550087539,D3:F4:55:AB:96:20,-63
BLE,1703214617743160568,D3:F4:55:AB:96:20,-64
BLE,1703214617937081634,D3:F4:55:AB:96:20,-63
BLE,1703214618347862578,DF:A6:DC:DC:2E:81,-73
BLE,1703214618347918995,DF:DF:EE:00:00:01,-73
BLE,1703214618515346308,D3:F4:55:AB:96:20,-60
BLE,1703214618815091305,DF:DF:EE:00:00:04,-56
BLE,1703214619090336247,D3:F4:55:AB:96:20,-64
BLE,1703214619272583701,DF:DF:EE:00:00:04,-53
BLE,1703214619282622321,D3:F4:55:AB:96:20,-63
BLE,1703214619860588955,D3:F4:55:AB:96:20,-60
BLE,1703214620056438679,D3:F4:55:AB:96:20,-64
BLE,1703214620247277260,D3:F4:55:AB:96:20,-62
BLE,1703214620277619662,DF:DF:EE:00:00:04,-57
BLE,1703214620628230383,D3:F4:55:AB:96:20,-62
BLE,1703214620814520068,DF:DF:EE:00:00:04,-55
BLE,1703214621361020180,DF:A6:DC:DC:2E:81,-73
BLE,1703214621361083638,DF:DF:EE:00:00:01,-73
BLE,1703214621769193344,D3:F4:55:AB:96:20,-65
BLE,1703214621812627394,DF:DF:EE:00:00:04,-54
BLE,1703214622276433136,DF:DF:EE:00:00:04,-56
BLE,1703214622367418260,DF:A6:DC:DC:2E:81,-72
BLE,1703214622367466968,DF:DF:EE:00:00:01,-72
BLE,1703214622733929991,D3:F4:55:AB:96:20,-64
BLE,1703214622812783545,DF:DF:EE:00:00:04,-56
BLE,1703214622929455925,D3:F4:55:AB:96:20,-62
BLE,1703214623273136969,DF:DF:EE:00:00:04,-53
BLE,1703214623313885865,D3:F4:55:AB:96:20,-62
BLE,1703214623365668585,DF:A6:DC:DC:2E:81,-59
BLE,1703214623365699669,DF:DF:EE:00:00:01,-59
BLE,1703214623508911718,D3:F4:55:AB:96:20,-61
BLE,1703214623703253533,D3:F4:55:AB:96:20,-65
BLE,1703214623899400131,D3:F4:55:AB:96:20,-62
BLE,1703214624090548335,D3:F4:55:AB:96:20,-60
BLE,1703214624370780546,DF:A6:DC:DC:2E:81,-73
BLE,1703214624370822963,DF:DF:EE:00:00:01,-73
BLE,1703214624473228117,D3:F4:55:AB:96:20,-61
BLE,1703214624813407761,DF:DF:EE:00:00:04,-45
BLE,1703214624853460160,D3:F4:55:AB:96:20,-65
BLE,1703214625044440407,D3:F4:55:AB:96:20,-62
BLE,1703214625234867322,D3:F4:55:AB:96:20,-63
BLE,1703214625276762838,DF:DF:EE:00:00:04,-54
BLE,1703214625369125497,DF:A6:DC:DC:2E:81,-73
BLE,1703214625369177705,DF:DF:EE:00:00:01,-73
BLE,1703214625425780528,D3:F4:55:AB:96:20,-47
BLE,1703214625809223348,D3:F4:55:AB:96:20,-62
BLE,1703214625816543731,DF:DF:EE:00:00:04,-53
BLE,1703214626004697324,D3:F4:55:AB:96:20,-61
BLE,1703214626281961090,DF:DF:EE:00:00:04,-56
BLE,1703214626389187430,D3:F4:55:AB:96:20,-61
BLE,1703214626815854552,DF:DF:EE:00:00:04,-54
BLE,1703214627155187866,D3:F4:55:AB:96:20,-60
BLE,1703214627276428183,DF:DF:EE:00:00:04,-56
BLE,1703214627347654231,D3:F4:55:AB:96:20,-63
BLE,1703214627377098804,DF:A6:DC:DC:2E:81,-70
BLE,1703214627377132679,DF:DF:EE:00:00:01,-70
BLE,1703214628277629496,DF:DF:EE:00:00:04,-54
BLE,1703214628384703170,DF:A6:DC:DC:2E:81,-73
BLE,1703214628384745045,DF:DF:EE:00:00:01,-73
BLE,1703214628508999265,D3:F4:55:AB:96:20,-62
BLE,1703214628699495222,D3:F4:55:AB:96:20,-64
BLE,1703214629093625951,D3:F4:55:AB:96:20,-63
BLE,1703214629280349259,DF:DF:EE:00:00:04,-54
BLE,1703214629288460430,D3:F4:55:AB:96:20,-60
BLE,1703214629387094935,DF:A6:DC:DC:2E:81,-73
BLE,1703214629387133602,DF:DF:EE:00:00:01,-73
BLE,1703214629681554289,D3:F4:55:AB:96:20,-62
BLE,1703214629818665367,DF:DF:EE:00:00:04,-55
BLE,1703214629869912756,D3:F4:55:AB:96:20,-66
BLE,1703214630061136002,D3:F4:55:AB:96:20,-47
BLE,1703214630250752422,D3:F4:55:AB:96:20,-64
BLE,1703214630387744333,DF:A6:DC:DC:2E:81,-73
BLE,1703214630387781958,DF:DF:EE:00:00:01,-73
BLE,1703214630814616495,DF:DF:EE:00:00:04,-54
BLE,1703214630833032869,D3:F4:55:AB:96:20,-64
BLE,1703214631216589480,D3:F4:55:AB:96:20,-64
BLE,1703214631277144910,DF:DF:EE:00:00:04,-64
BLE,1703214631396013946,DF:A6:DC:DC:2E:81,-73
BLE,1703214631396061029,DF:DF:EE:00:00:01,-73
BLE,1703214631405868526,D3:F4:55:AB:96:20,-62
BLE,1703214631791129921,D3:F4:55:AB:96:20,-61
BLE,1703214631792574539,D3:F4:55:AB:96:20,-63
BLE,1703214631818267504,DF:DF:EE:00:00:04,-55
BLE,1703214631981550128,D3:F4:55:AB:96:20,-51
BLE,1703214632281946955,DF:DF:EE:00:00:04,-56
BLE,1703214632404892098,DF:A6:DC:DC:2E:81,-72
BLE,1703214632404922181,DF:DF:EE:00:00:01,-72
BLE,1703214632558369351,D3:F4:55:AB:96:20,-63
BLE,1703214632745133200,D3:F4:55:AB:96:20,-64
BLE,1703214632813004638,DF:DF:EE:00:00:04,-54
BLE,1703214633281938898,DF:DF:EE:00:00:04,-56
BLE,1703214633815984775,DF:DF:EE:00:00:04,-53
BLE,1703214633888608025,D3:F4:55:AB:96:20,-63
BLE,1703214634280322807,DF:DF:EE:00:00:04,-53
BLE,1703214634465047749,D3:F4:55:AB:96:20,-60
BLE,1703214634659072523,D3:F4:55:AB:96:20,-64
BLE,1703214635820676931,DF:DF:EE:00:00:04,-56
BLE,1703214635822129091,D3:F4:55:AB:96:20,-63
BLE,1703214636402026299,D3:F4:55:AB:96:20,-60
BLE,1703214636437198346,DF:A6:DC:DC:2E:81,-74
BLE,1703214636437227970,DF:DF:EE:00:00:01,-74
BLE,1703214636596686029,D3:F4:55:AB:96:20,-64
BLE,1703214636814056029,DF:DF:EE:00:00:04,-55
BLE,1703214636984153705,D3:F4:55:AB:96:20,-59
BLE,1703214637178616686,D3:F4:55:AB:96:20,-65
BLE,1703214637445601541,DF:A6:DC:DC:2E:81,-72
BLE,1703214637445648791,DF:DF:EE:00:00:01,-72
BLE,1703214637757863230,D3:F4:55:AB:96:20,-63
BLE,1703214637944945412,D3:F4:55:AB:96:20,-64
BLE,1703214638138161231,D3:F4:55:AB:96:20,-63
BLE,1703214638275899348,DF:DF:EE:00:00:04,-56
BLE,1703214638453053075,DF:A6:DC:DC:2E:81,-73
BLE,1703214638453101658,DF:DF:EE:00:00:01,-73
BLE,1703214638524179956,D3:F4:55:AB:96:20,-63
BLE,1703214638715406368,D3:F4:55:AB:96:20,-61
BLE,1703214639271744185,DF:DF:EE:00:00:04,-54
BLE,1703214639451276734,DF:A6:DC:DC:2E:81,-74
BLE,1703214639451316067,DF:DF:EE:00:00:01,-74
BLE,1703214639675915118,D3:F4:55:AB:96:20,-64
BLE,1703214640248561651,D3:F4:55:AB:96:20,-61
BLE,1703214640459750930,DF:A6:DC:DC:2E:81,-73
BLE,1703214640459796221,DF:DF:EE:00:00:01,-73
BLE,1703214640638397775,D3:F4:55:AB:96:20,-62
BLE,1703214640821161934,DF:DF:EE:00:00:04,-55
BLE,1703214641023224547,D3:F4:55:AB:96:20,-62
BLE,1703214641209484982,D3:F4:55:AB:96:20,-64
BLE,1703214641277786501,DF:DF:EE:00:00:04,-54
BLE,1703214641404959416,D3:F4:55:AB:96:20,-63
BLE,1703214641787633073,D3:F4:55:AB:96:20,-64
BLE,1703214641812838457,DF:DF:EE:00:00:04,-52
BLE,1703214642168613696,D3:F4:55:AB:96:20,-62
BLE,1703214642273696379,DF:DF:EE:00:00:04,-55
BLE,1703214642363525383,D3:F4:55:AB:96:20,-61
BLE,1703214642470882972,DF:A6:DC:DC:2E:81,-60
BLE,1703214642470918139,DF:DF:EE:00:00:01,-60
BLE,1703214642556075664,D3:F4:55:AB:96:20,-64
BLE,1703214642938844653,D3:F4:55:AB:96:20,-66
BLE,1703214643134169880,D3:F4:55:AB:96:20,-63
BLE,1703214643279413712,DF:DF:EE:00:00:04,-53
BLE,1703214643519471567,D3:F4:55:AB:96:20,-63
BLE,1703214643707380619,D3:F4:55:AB:96:20,-64
BLE,1703214643819962018,DF:DF:EE:00:00:04,-54
BLE,1703214644275355174,DF:DF:EE:00:00:04,-54
BLE,1703214644283815926,D3:F4:55:AB:96:20,-47
BLE,1703214644469621822,D3:F4:55:AB:96:20,-64
BLE,1703214644483838090,DF:A6:DC:DC:2E:81,-73
BLE,1703214644483868048,DF:DF:EE:00:00:01,-73
BLE,1703214644661205649,D3:F4:55:AB:96:20,-62
BLE,1703214644817062724,DF:DF:EE:00:00:04,-54
BLE,1703214645036400757,D3:F4:55:AB:96:20,-65
BLE,1703214645603605232,D3:F4:55:AB:96:20,-61
BLE,1703214646178728420,D3:F4:55:AB:96:20,-64
BLE,1703214646274297231,DF:DF:EE:00:00:04,-53
BLE,1703214646378385127,D3:F4:55:AB:96:20,-62
BLE,1703214646571806987,D3:F4:55:AB:96:20,-62
BLE,1703214646767109839,D3:F4:55:AB:96:20,-64
BLE,1703214646811091554,DF:DF:EE:00:00:04,-53
BLE,1703214647154808931,D3:F4:55:AB:96:20,-60
BLE,1703214647277430701,DF:DF:EE:00:00:04,-55
BLE,1703214647351182361,D3:F4:55:AB:96:20,-80
BLE,1703214647495449240,DF:A6:DC:DC:2E:81,-70
BLE,1703214647495484906,DF:DF:EE:00:00:01,-70
BLE,1703214647746818542,D3:F4:55:AB:96:20,-47
BLE,1703214647817430967,DF:DF:EE:00:00:04,-55
BLE,1703214648137029831,D3:F4:55:AB:96:20,-64
BLE,1703214648281700790,DF:DF:EE:00:00:04,-54
BLE,1703214648328376659,D3:F4:55:AB:96:20,-62
BLE,1703214648521819770,D3:F4:55:AB:96:20,-64
BLE,1703214648715870919,D3:F4:55:AB:96:20,-62
BLE,1703214648813380679,DF:DF:EE:00:00:04,-53
BLE,1703214649276671923,DF:DF:EE:00:00:04,-57
BLE,1703214649291028940,D3:F4:55:AB:96:20,-61
BLE,1703214649480123196,D3:F4:55:AB:96:20,-63
BLE,1703214649496199747,DF:A6:DC:DC:2E:81,-72
BLE,1703214649496213205,DF:DF:EE:00:00:01,-72
BLE,1703214649666351506,D3:F4:55:AB:96:20,-64
BLE,1703214649815403487,DF:DF:EE:00:00:04,-55
BLE,1703214649865479215,D3:F4:55:AB:96:20,-62
BLE,1703214650056962626,D3:F4:55:AB:96:20,-62
BLE,1703214650248391204,D3:F4:55:AB:96:20,-62
BLE,1703214650281365928,DF:DF:EE:00:00:04,-54
BLE,1703214650445644672,D3:F4:55:AB:96:20,-62
BLE,1703214650817372129,DF:DF:EE:00:00:04,-53
BLE,1703214651283197904,DF:DF:EE:00:00:04,-55
BLE,1703214651403341434,D3:F4:55:AB:96:20,-64
BLE,1703214651597798873,D3:F4:55:AB:96:20,-47
BLE,1703214651788029874,D3:F4:55:AB:96:20,-61
BLE,1703214651984411012,D3:F4:55:AB:96:20,-64
BLE,1703214652179725822,D3:F4:55:AB:96:20,-67
BLE,1703214652505524907,DF:A6:DC:DC:2E:81,-74
BLE,1703214652505571074,DF:DF:EE:00:00:01,-74
BLE,1703214652562495353,D3:F4:55:AB:96:20,-63
BLE,1703214652946146089,D3:F4:55:AB:96:20,-62
BLE,1703214653132253233,D3:F4:55:AB:96:20,-64
BLE,1703214653325982634,D3:F4:55:AB:96:20,-62
BLE,1703214653515229097,D3:F4:55:AB:96:20,-64
BLE,1703214653810637280,DF:DF:EE:00:00:04,-54
BLE,1703214653906766171,D3:F4:55:AB:96:20,-62
BLE,1703214654513139924,DF:A6:DC:DC:2E:81,-72
BLE,1703214654513192341,DF:DF:EE:00:00:01,-72
BLE,1703214654865572637,D3:F4:55:AB:96:20,-66
BLE,1703214655255858217,D3:F4:55:AB:96:20,-46
BLE,1703214655450700196,D3:F4:55:AB:96:20,-64
BLE,1703214655518611967,DF:A6:DC:DC:2E:81,-74
BLE,1703214655518663383,DF:DF:EE:00:00:01,-74
BLE,1703214655645639549,D3:F4:55:AB:96:20,-63
BLE,1703214656229742280,D3:F4:55:AB:96:20,-62
BLE,1703214656277381727,DF:DF:EE:00:00:04,-56
BLE,1703214656612178896,D3:F4:55:AB:96:20,-62
BLE,1703214656815180462,DF:DF:EE:00:00:04,-56
BLE,1703214656991394485,D3:F4:55:AB:96:20,-46
BLE,1703214657188571120,D3:F4:55:AB:96:20,-62
BLE,1703214657276555341,DF:DF:EE:00:00:04,-53
BLE,1703214657278180541,DF:DF:EE:00:00:04,-53
BLE,1703214657533169494,DF:A6:DC:DC:2E:81,-72
BLE,1703214657533210160,DF:DF:EE:00:00:01,-72
BLE,1703214657582054727,D3:F4:55:AB:96:20,-62
BLE,1703214657810820425,DF:DF:EE:00:00:04,-54
BLE,1703214657963292432,D3:F4:55:AB:96:20,-63
BLE,1703214658152401938,D3:F4:55:AB:96:20,-65
BLE,1703214658275620121,DF:DF:EE:00:00:04,-55
BLE,1703214658347004459,D3:F4:55:AB:96:20,-63
BLE,1703214658531664902,DF:A6:DC:DC:2E:81,-74
BLE,1703214658531707902,DF:DF:EE:00:00:01,-74
BLE,1703214659118213538,D3:F4:55:AB:96:20,-70
BLE,1703214659538226898,DF:A6:DC:DC:2E:81,-73
BLE,1703214659538273481,DF:DF:EE:00:00:01,-73
BLE,1703214659813793130,DF:DF:EE:00:00:04,-38
BLE,1703214659882994187,D3:F4:55:AB:96:20,-64
BLE,1703214660281579687,DF:DF:EE:00:00:04,-40
BLE,1703214660543778398,DF:A6:DC:DC:2E:81,-70
BLE,1703214660543833690,DF:DF:EE:00:00:01,-70
BLE,1703214661044432471,D3:F4:55:AB:96:20,-63
BLE,1703214661435192882,D3:F4:55:AB:96:20,-64
BLE,1703214662204388803,D3:F4:55:AB:96:20,-64
BLE,1703214662273717734,DF:DF:EE:00:00:04,-43
BLE,1703214663168596744,D3:F4:55:AB:96:20,-51
BLE,1703214663365608129,D3:F4:55:AB:96:20,-63
BLE,1703214663551682690,D3:F4:55:AB:96:20,-64
BLE,1703214663565503960,DF:A6:DC:DC:2E:81,-74
BLE,1703214663565534835,DF:DF:EE:00:00:01,-74
BLE,1703214664131292066,D3:F4:55:AB:96:20,-63
BLE,1703214664271265256,DF:DF:EE:00:00:04,-54
BLE,1703214664326515085,D3:F4:55:AB:96:20,-61
BLE,1703214664519946779,D3:F4:55:AB:96:20,-65
BLE,1703214664563749244,DF:A6:DC:DC:2E:81,-74
BLE,1703214664563794161,DF:DF:EE:00:00:01,-74
BLE,1703214664813158139,DF:DF:EE:00:00:04,-54
BLE,1703214664915022254,D3:F4:55:AB:96:20,-63
BLE,1703214665104734173,D3:F4:55:AB:96:20,-64
BLE,1703214665300728938,D3:F4:55:AB:96:20,-62
BLE,1703214665490614648,D3:F4:55:AB:96:20,-60
BLE,1703214665882427430,D3:F4:55:AB:96:20,-62
BLE,1703214666072404973,D3:F4:55:AB:96:20,-64
BLE,1703214666461943140,D3:F4:55:AB:96:20,-62
BLE,1703214666814917933,DF:DF:EE:00:00:04,-54
BLE,1703214666848764694,D3:F4:55:AB:96:20,-63
BLE,1703214667038865028,D3:F4:55:AB:96:20,-64
BLE,1703214667236328495,D3:F4:55:AB:96:20,-63
BLE,1703214667273326533,DF:DF:EE:00:00:04,-55
BLE,1703214667422735763,D3:F4:55:AB:96:20,-64
BLE,1703214667615231544,D3:F4:55:AB:96:20,-63
BLE,1703214667809588608,D3:F4:55:AB:96:20,-60
BLE,1703214667817066449,DF:DF:EE:00:00:04,-55
BLE,1703214668005069251,D3:F4:55:AB:96:20,-64
BLE,1703214668201493348,D3:F4:55:AB:96:20,-47
BLE,1703214668396821575,D3:F4:55:AB:96:20,-60
BLE,1703214668816676394,DF:DF:EE:00:00:04,-53
BLE,1703214669371338384,D3:F4:55:AB:96:20,-62
BLE,1703214669583879824,DF:A6:DC:DC:2E:81,-73
BLE,1703214669583924323,DF:DF:EE:00:00:01,-73
BLE,1703214669821677813,DF:DF:EE:00:00:04,-55
BLE,1703214669950118806,D3:F4:55:AB:96:20,-62
BLE,1703214670278006590,DF:DF:EE:00:00:04,-53
BLE,1703214670520757682,D3:F4:55:AB:96:20,-62
BLE,1703214670591430607,DF:A6:DC:DC:2E:81,-73
BLE,1703214670591464398,DF:DF:EE:00:00:01,-73
BLE,1703214670710870099,D3:F4:55:AB:96:20,-62
BLE,1703214670903893961,D3:F4:55:AB:96:20,-62
BLE,1703214671671366557,D3:F4:55:AB:96:20,-65
BLE,1703214672063533837,D3:F4:55:AB:96:20,-46
BLE,1703214672275108947,DF:DF:EE:00:00:04,-55
BLE,1703214672638624067,D3:F4:55:AB:96:20,-64
BLE,1703214672812558350,DF:DF:EE:00:00:04,-56
BLE,1703214673017606449,D3:F4:55:AB:96:20,-63
BLE,1703214673212722718,D3:F4:55:AB:96:20,-46
BLE,1703214673401806724,D3:F4:55:AB:96:20,-64
BLE,1703214673609674184,DF:A6:DC:DC:2E:81,-73
BLE,1703214673609733309,DF:DF:EE:00:00:01,-73
BLE,1703214673787840948,D3:F4:55:AB:96:20,-65
BLE,1703214673817915560,DF:DF:EE:00:00:04,-54
BLE,1703214674274886167,DF:DF:EE:00:00:04,-56
BLE,1703214674363828674,D3:F4:55:AB:96:20,-63
BLE,1703214674558906111,D3:F4:55:AB:96:20,-47
BLE,1703214674949677105,D3:F4:55:AB:96:20,-63
BLE,1703214675145529371,D3:F4:55:AB:96:20,-61
BLE,1703214675279837045,DF:DF:EE:00:00:04,-56
BLE,1703214675340415767,D3:F4:55:AB:96:20,-64
BLE,1703214675538136816,D3:F4:55:AB:96:20,-63
BLE,1703214675734669037,D3:F4:55:AB:96:20,-60
BLE,1703214676120973968,D3:F4:55:AB:96:20,-63
BLE,1703214676278999367,DF:DF:EE:00:00:04,-57
BLE,1703214676311594508,D3:F4:55:AB:96:20,-65
BLE,1703214676505970198,D3:F4:55:AB:96:20,-63
BLE,1703214677081072178,D3:F4:55:AB:96:20,-60
BLE,1703214677276010282,DF:DF:EE:00:00:04,-54
BLE,1703214677657710235,D3:F4:55:AB:96:20,-64
BLE,1703214677846886948,D3:F4:55:AB:96:20,-60
BLE,1703214678042792547,D3:F4:55:AB:96:20,-64
BLE,1703214678273688902,DF:DF:EE:00:00:04,-54
BLE,1703214678422731966,D3:F4:55:AB:96:20,-69
BLE,1703214678619274396,D3:F4:55:AB:96:20,-62
BLE,1703214678640337632,DF:A6:DC:DC:2E:81,-72
BLE,1703214678640367215,DF:DF:EE:00:00:01,-72
BLE,1703214678804942583,D3:F4:55:AB:96:20,-64
BLE,1703214679190321811,D3:F4:55:AB:96:20,-64
BLE,1703214679279412235,DF:DF:EE:00:00:04,-54
BLE,1703214679578597776,D3:F4:55:AB:96:20,-62
BLE,1703214679643966433,DF:A6:DC:DC:2E:81,-70
BLE,1703214679644001016,DF:DF:EE:00:00:01,-70
BLE,1703214679964422751,D3:F4:55:AB:96:20,-60
BLE,1703214680353651544,D3:F4:55:AB:96:20,-80
BLE,1703214681123227922,D3:F4:55:AB:96:20,-65
BLE,1703214681509089272,D3:F4:55:AB:96:20,-64
BLE,1703214681702282217,D3:F4:55:AB:96:20,-62
BLE,1703214681889059358,D3:F4:55:AB:96:20,-64
BLE,1703214682279717728,DF:DF:EE:00:00:04,-55
BLE,1703214682656033123,DF:A6:DC:DC:2E:81,-73
BLE,1703214682656066748,DF:DF:EE:00:00:01,-73
BLE,1703214682664684875,D3:F4:55:AB:96:20,-62
BLE,1703214682854354044,D3:F4:55:AB:96:20,-64
BLE,1703214683275654065,DF:DF:EE:00:00:04,-54
BLE,1703214683433939545,D3:F4:55:AB:96:20,-63
BLE,1703214683622749302,D3:F4:55:AB:96:20,-64
BLE,1703214683816994784,DF:DF:EE:00:00:04,-54
BLE,1703214684271425152,DF:DF:EE:00:00:04,-53
BLE,1703214684401752636,D3:F4:55:AB:96:20,-62
BLE,1703214684591677346,D3:F4:55:AB:96:20,-64
BLE,1703214684663084142,DF:A6:DC:DC:2E:81,-71
BLE,1703214684663112351,DF:DF:EE:00:00:01,-71
BLE,1703214684969834232,D3:F4:55:AB:96:20,-66
BLE,1703214685169387897,D3:F4:55:AB:96:20,-64
BLE,1703214685280422553,DF:DF:EE:00:00:04,-40
BLE,1703214685359733105,D3:F4:55:AB:96:20,-60
BLE,1703214685554135128,D3:F4:55:AB:96:20,-64
BLE,1703214685812172608,DF:DF:EE:00:00:04,-54
BLE,1703214686133420381,D3:F4:55:AB:96:20,-62
BLE,1703214686276000891,DF:DF:EE:00:00:04,-54
BLE,1703214686517058116,D3:F4:55:AB:96:20,-62
BLE,1703214686706367287,D3:F4:55:AB:96:20,-64
BLE,1703214686896198081,D3:F4:55:AB:96:20,-63
BLE,1703214687470598023,D3:F4:55:AB:96:20,-50
BLE,1703214687812774616,DF:DF:EE:00:00:04,-54
BLE,1703214687853887427,D3:F4:55:AB:96:20,-66
BLE,1703214688047780743,D3:F4:55:AB:96:20,-62
BLE,1703214688422765310,D3:F4:55:AB:96:20,-60
BLE,1703214688675289149,DF:A6:DC:DC:2E:81,-73
BLE,1703214688675344357,DF:DF:EE:00:00:01,-73
BLE,1703214688813018432,D3:F4:55:AB:96:20,-67
BLE,1703214689195055050,D3:F4:55:AB:96:20,-63
BLE,1703214689271386866,DF:DF:EE:00:00:04,-54
BLE,1703214689380539239,D3:F4:55:AB:96:20,-64
BLE,1703214689577669707,D3:F4:55:AB:96:20,-64
BLE,1703214689675452008,DF:A6:DC:DC:2E:81,-74
BLE,1703214689675487091,DF:DF:EE:00:00:01,-74
BLE,1703214689771775481,D3:F4:55:AB:96:20,-46
BLE,1703214690279173356,DF:DF:EE:00:00:04,-54
BLE,1703214690348648412,D3:F4:55:AB:96:20,-64
BLE,1703214690679971180,DF:A6:DC:DC:2E:81,-72
BLE,1703214690680017721,DF:DF:EE:00:00:01,-72
BLE,1703214690924336223,D3:F4:55:AB:96:20,-63
BLE,1703214691112496941,D3:F4:55:AB:96:20,-65
BLE,1703214691280029212,DF:DF:EE:00:00:04,-53
BLE,1703214691302865273,D3:F4:55:AB:96:20,-61
BLE,1703214691491607364,D3:F4:55:AB:96:20,-62
BLE,1703214691679065752,D3:F4:55:AB:96:20,-64
BLE,1703214691689956952,DF:A6:DC:DC:2E:81,-58
BLE,1703214691689987785,DF:DF:EE:00:00:01,-58
BLE,1703214692060463289,D3:F4:55:AB:96:20,-64
BLE,1703214692275777549,DF:DF:EE:00:00:04,-57
BLE,1703214692449414334,D3:F4:55:AB:96:20,-61
BLE,1703214692690906307,DF:A6:DC:DC:2E:81,-74
BLE,1703214692691045639,DF:DF:EE:00:00:01,-74
BLE,1703214692811310128,DF:DF:EE:00:00:04,-55
BLE,1703214692831531868,D3:F4:55:AB:96:20,-61
BLE,1703214693027148094,D3:F4:55:AB:96:20,-64
BLE,1703214693415495683,D3:F4:55:AB:96:20,-60
BLE,1703214693605262143,D3:F4:55:AB:96:20,-62
BLE,1703214693695194271,DF:A6:DC:DC:2E:81,-73
BLE,1703214693695231479,DF:DF:EE:00:00:01,-73
BLE,1703214693986088767,D3:F4:55:AB:96:20,-63
BLE,1703214694174141735,D3:F4:55:AB:96:20,-65
BLE,1703214694274184817,DF:DF:EE:00:00:04,-54
BLE,1703214694555147108,D3:F4:55:AB:96:20,-65
BLE,1703214694696592291,DF:A6:DC:DC:2E:81,-71
BLE,1703214694696628416,DF:DF:EE:00:00:01,-71
BLE,1703214694750469793,D3:F4:55:AB:96:20,-62
BLE,1703214694813161838,DF:DF:EE:00:00:04,-39
BLE,1703214694937086977,D3:F4:55:AB:96:20,-64
BLE,1703214695811276915,DF:DF:EE:00:00:04,-57
BLE,1703214695893021705,D3:F4:55:AB:96:20,-60
BLE,1703214696467047857,D3:F4:55:AB:96:20,-50
BLE,1703214696861340252,D3:F4:55:AB:96:20,-46
BLE,1703214697278405376,DF:DF:EE:00:00:04,-54
BLE,1703214697713035460,DF:A6:DC:DC:2E:81,-71
BLE,1703214697713093335,DF:DF:EE:00:00:01,-71
BLE,1703214697810781011,DF:DF:EE:00:00:04,-55
BLE,1703214698013180330,D3:F4:55:AB:96:20,-62
BLE,1703214698721732238,DF:A6:DC:DC:2E:81,-74
BLE,1703214698721782488,DF:DF:EE:00:00:01,-74
BLE,1703214698809700708,DF:DF:EE:00:00:04,-53
BLE,1703214698972008795,D3:F4:55:AB:96:20,-60
BLE,1703214699160666219,D3:F4:55:AB:96:20,-62
BLE,1703214699355527573,D3:F4:55:AB:96:20,-61
BLE,1703214699725630663,DF:A6:DC:DC:2E:81,-72
BLE,1703214699725677454,DF:DF:EE:00:00:01,-72
BLE,1703214699739515807,D3:F4:55:AB:96:20,-62
BLE,1703214699935290407,D3:F4:55:AB:96:20,-65
BLE,1703214700128502352,D3:F4:55:AB:96:20,-47
BLE,1703214700711859127,D3:F4:55:AB:96:20,-68
BLE,1703214700730158626,DF:A6:DC:DC:2E:81,-71
BLE,1703214700730191751,DF:DF:EE:00:00:01,-71
BLE,1703214700812150874,DF:DF:EE:00:00:04,-53
BLE,1703214700907782976,D3:F4:55:AB:96:20,-61
BLE,1703214701298755220,D3:F4:55:AB:96:20,-46
BLE,1703214701495358107,D3:F4:55:AB:96:20,-61
BLE,1703214701687138142,D3:F4:55:AB:96:20,-51
BLE,1703214701811290404,DF:DF:EE:00:00:04,-56
BLE,1703214702069085094,D3:F4:55:AB:96:20,-64
BLE,1703214702264222321,D3:F4:55:AB:96:20,-64
BLE,1703214702459374424,D3:F4:55:AB:96:20,-60
BLE,1703214702734124410,DF:A6:DC:DC:2E:81,-71
BLE,1703214702734158244,DF:DF:EE:00:00:01,-71
BLE,1703214702847285223,D3:F4:55:AB:96:20,-62
BLE,1703214703611408959,D3:F4:55:AB:96:20,-47
BLE,1703214703743879475,DF:A6:DC:DC:2E:81,-56
BLE,1703214703743910641,DF:DF:EE:00:00:01,-56
BLE,1703214703812974241,DF:DF:EE:00:00:04,-55
BLE,1703214703997648891,D3:F4:55:AB:96:20,-63
BLE,1703214704815764379,DF:DF:EE:00:00:04,-53
BLE,1703214704965799355,D3:F4:55:AB:96:20,-62
BLE,1703214705539496342,D3:F4:55:AB:96:20,-65
BLE,1703214705730575672,D3:F4:55:AB:96:20,-63
BLE,1703214705744366525,DF:A6:DC:DC:2E:81,-71
BLE,1703214705744393733,DF:DF:EE:00:00:01,-71
BLE,1703214705814558035,DF:DF:EE:00:00:04,-39
BLE,1703214705920221799,D3:F4:55:AB:96:20,-64
BLE,1703214706111432920,D3:F4:55:AB:96:20,-63
BLE,1703214706278173695,DF:DF:EE:00:00:04,-53
BLE,1703214706810856995,DF:DF:EE:00:00:04,-55
BLE,1703214706871946673,D3:F4:55:AB:96:20,-61
BLE,1703214707066129780,D3:F4:55:AB:96:20,-64
BLE,1703214707645510865,D3:F4:55:AB:96:20,-62
BLE,1703214707746918315,DF:A6:DC:DC:2E:81,-71
BLE,1703214707747020773,DF:DF:EE:00:00:01,-71
BLE,1703214707818173321,DF:DF:EE:00:00:04,-55
BLE,1703214708223844247,D3:F4:55:AB:96:20,-46
BLE,1703214708419372389,D3:F4:55:AB:96:20,-65
BLE,1703214708610845051,D3:F4:55:AB:96:20,-62
BLE,1703214708799874973,D3:F4:55:AB:96:20,-64
BLE,1703214708814280323,DF:DF:EE:00:00:04,-55
BLE,1703214708996569985,D3:F4:55:AB:96:20,-62
BLE,1703214709269212023,DF:DF:EE:00:00:04,-53
BLE,1703214709572105755,D3:F4:55:AB:96:20,-61
BLE,1703214709752737466,DF:A6:DC:DC:2E:81,-70
BLE,1703214709752780299,DF:DF:EE:00:00:01,-70
BLE,1703214709765540532,D3:F4:55:AB:96:20,-65
BLE,1703214709818170998,DF:DF:EE:00:00:04,-54
BLE,1703214709963887495,D3:F4:55:AB:96:20,-63
BLE,1703214710149446016,D3:F4:55:AB:96:20,-65
BLE,1703214710278894838,DF:DF:EE:00:00:04,-44
BLE,1703214710341887048,D3:F4:55:AB:96:20,-63
BLE,1703214710728648436,D3:F4:55:AB:96:20,-63
BLE,1703214710755577104,DF:A6:DC:DC:2E:81,-74
BLE,1703214710755606687,DF:DF:EE:00:00:01,-74
BLE,1703214710915410577,D3:F4:55:AB:96:20,-64
BLE,1703214711110508180,D3:F4:55:AB:96:20,-63
BLE,1703214711274699550,DF:DF:EE:00:00:04,-54
BLE,1703214711295789911,D3:F4:55:AB:96:20,-51
BLE,1703214711491876301,D3:F4:55:AB:96:20,-62
BLE,1703214711681502929,D3:F4:55:AB:96:20,-63
BLE,1703214711765147336,DF:A6:DC:DC:2E:81,-73
BLE,1703214711765181711,DF:DF:EE:00:00:01,-73
BLE,1703214711871890012,D3:F4:55:AB:96:20,-63
BLE,1703214712064212460,D3:F4:55:AB:96:20,-64
BLE,1703214712255751163,D3:F4:55:AB:96:20,-63
BLE,1703214712279388971,DF:DF:EE:00:00:04,-56
BLE,1703214712445372583,D3:F4:55:AB:96:20,-65
BLE,1703214712639653647,D3:F4:55:AB:96:20,-62
BLE,1703214712773462907,DF:A6:DC:DC:2E:81,-73
BLE,1703214712773505407,DF:DF:EE:00:00:01,-73
BLE,1703214712813407265,DF:DF:EE:00:00:04,-53
BLE,1703214713028308152,D3:F4:55:AB:96:20,-64
BLE,1703214713221852637,D3:F4:55:AB:96:20,-76
BLE,1703214713604297919,D3:F4:55:AB:96:20,-63
BLE,1703214713796467744,D3:F4:55:AB:96:20,-63
BLE,1703214713987279950,D3:F4:55:AB:96:20,-62
BLE,1703214714178338654,D3:F4:55:AB:96:20,-65
BLE,1703214714568268445,D3:F4:55:AB:96:20,-62
BLE,1703214714764660250,D3:F4:55:AB:96:20,-65
BLE,1703214714781961378,DF:A6:DC:DC:2E:81,-73
BLE,1703214714781990003,DF:DF:EE:00:00:01,-73
BLE,1703214714807691677,DF:DF:EE:00:00:04,-53
BLE,1703214714956871741,D3:F4:55:AB:96:20,-63
BLE,1703214715274539571,DF:DF:EE:00:00:04,-55
BLE,1703214715342017761,D3:F4:55:AB:96:20,-62
BLE,1703214715533736379,D3:F4:55:AB:96:20,-60
BLE,1703214715787720461,DF:A6:DC:DC:2E:81,-72
BLE,1703214715787763378,DF:DF:EE:00:00:01,-72
BLE,1703214715811065229,DF:DF:EE:00:00:04,-56
BLE,1703214715916632535,D3:F4:55:AB:96:20,-62
BLE,1703214716275301386,DF:DF:EE:00:00:04,-54
BLE,1703214716681522268,D3:F4:55:AB:96:20,-60
BLE,1703214716811507461,DF:DF:EE:00:00:04,-53
BLE,1703214717072494720,D3:F4:55:AB:96:20,-62
BLE,1703214717264062005,D3:F4:55:AB:96:20,-47
BLE,1703214717272109385,DF:DF:EE:00:00:04,-56
BLE,1703214717650179896,D3:F4:55:AB:96:20,-61
BLE,1703214717812035985,DF:DF:EE:00:00:04,-72
BLE,1703214717843784131,D3:F4:55:AB:96:20,-64
BLE,1703214718033381217,D3:F4:55:AB:96:20,-62
BLE,1703214718222310515,D3:F4:55:AB:96:20,-62
BLE,1703214718273687404,DF:DF:EE:00:00:04,-53
BLE,1703214718419590441,D3:F4:55:AB:96:20,-64
BLE,1703214718803069261,D3:F4:55:AB:96:20,-63
BLE,1703214718808971192,DF:DF:EE:00:00:04,-54
BLE,1703214718991120813,D3:F4:55:AB:96:20,-64
BLE,1703214719184394674,D3:F4:55:AB:96:20,-46
BLE,1703214719956889871,D3:F4:55:AB:96:20,-63
BLE,1703214720155121418,D3:F4:55:AB:96:20,-63
BLE,1703214720343893466,D3:F4:55:AB:96:20,-64
BLE,1703214720536889662,D3:F4:55:AB:96:20,-62
BLE,1703214720812546603,DF:DF:EE:00:00:04,-53
BLE,1703214720926859035,D3:F4:55:AB:96:20,-64
BLE,1703214721121419099,D3:F4:55:AB:96:20,-63
BLE,1703214721270107207,DF:DF:EE:00:00:04,-50
BLE,1703214721309220319,D3:F4:55:AB:96:20,-64
BLE,1703214721507274283,D3:F4:55:AB:96:20,-62
BLE,1703214721702618968,D3:F4:55:AB:96:20,-62
BLE,1703214721817009567,DF:DF:EE:00:00:04,-55
BLE,1703214721822572624,DF:A6:DC:DC:2E:81,-72
BLE,1703214721822584333,DF:DF:EE:00:00:01,-72
BLE,1703214721894847500,D3:F4:55:AB:96:20,-65
BLE,1703214722089573813,D3:F4:55:AB:96:20,-64
BLE,1703214722274402921,DF:DF:EE:00:00:04,-54
BLE,1703214722285072289,D3:F4:55:AB:96:20,-61
BLE,1703214722815959181,DF:DF:EE:00:00:04,-53
BLE,1703214722859143982,D3:F4:55:AB:96:20,-64
BLE,1703214723268848181,DF:DF:EE:00:00:04,-53
BLE,1703214723634621249,D3:F4:55:AB:96:20,-62
BLE,1703214723828283359,D3:F4:55:AB:96:20,-64
BLE,1703214723829636644,DF:A6:DC:DC:2E:81,-73
BLE,1703214723829664894,DF:DF:EE:00:00:01,-73
BLE,1703214724218569772,D3:F4:55:AB:96:20,-61
BLE,1703214724277959082,DF:DF:EE:00:00:04,-53
BLE,1703214724407813193,D3:F4:55:AB:96:20,-62
BLE,1703214724594605001,D3:F4:55:AB:96:20,-64
BLE,1703214725173515964,D3:F4:55:AB:96:20,-63
BLE,1703214725275342704,DF:DF:EE:00:00:04,-53
BLE,1703214725361196934,D3:F4:55:AB:96:20,-64
BLE,1703214725551701516,D3:F4:55:AB:96:20,-63
BLE,1703214725840899894,DF:A6:DC:DC:2E:81,-72
BLE,1703214725840932144,DF:DF:EE:00:00:01,-72
BLE,1703214725937870490,D3:F4:55:AB:96:20,-62
BLE,1703214726129873190,D3:F4:55:AB:96:20,-62
BLE,1703214726271761621,DF:DF:EE:00:00:04,-56
BLE,1703214726319914816,D3:F4:55:AB:96:20,-63
BLE,1703214726508233534,D3:F4:55:AB:96:20,-50
BLE,1703214726700935439,D3:F4:55:AB:96:20,-63
BLE,1703214726816147284,DF:DF:EE:00:00:04,-55
BLE,1703214727273288182,DF:DF:EE:00:00:04,-53
BLE,1703214727471601437,D3:F4:55:AB:96:20,-64
BLE,1703214727815181815,DF:DF:EE:00:00:04,-53
BLE,1703214727852285644,DF:A6:DC:DC:2E:81,-72
BLE,1703214727852320436,DF:DF:EE:00:00:01,-72
BLE,1703214727854023803,D3:F4:55:AB:96:20,-65
BLE,1703214728053298595,D3:F4:55:AB:96:20,-47
BLE,1703214728276127820,DF:DF:EE:00:00:04,-56
BLE,1703214728431520814,D3:F4:55:AB:96:20,-63
BLE,1703214728618760328,D3:F4:55:AB:96:20,-50
BLE,1703214728810263780,DF:DF:EE:00:00:04,-56
BLE,1703214729277415799,DF:DF:EE:00:00:04,-38
BLE,1703214729386211673,D3:F4:55:AB:96:20,-65
BLE,1703214729584753843,D3:F4:55:AB:96:20,-63
BLE,1703214729771089112,D3:F4:55:AB:96:20,-64
BLE,1703214729860498700,DF:A6:DC:DC:2E:81,-74
BLE,1703214729860537284,DF:DF:EE:00:00:01,-74
BLE,1703214729967643291,D3:F4:55:AB:96:20,-62
BLE,1703214730154117642,D3:F4:55:AB:96:20,-64
BLE,1703214730273435926,DF:DF:EE:00:00:04,-44
BLE,1703214730347178879,D3:F4:55:AB:96:20,-63
BLE,1703214731125736465,D3:F4:55:AB:96:20,-46
BLE,1703214731319973905,D3:F4:55:AB:96:20,-77
BLE,1703214731515644380,D3:F4:55:AB:96:20,-62
BLE,1703214731809803777,DF:DF:EE:00:00:04,-56
BLE,1703214731899532740,D3:F4:55:AB:96:20,-67
BLE,1703214732269972911,DF:DF:EE:00:00:04,-54
BLE,1703214732288516576,D3:F4:55:AB:96:20,-64
BLE,1703214732483083139,D3:F4:55:AB:96:20,-63
BLE,1703214732674617550,D3:F4:55:AB:96:20,-66
BLE,1703214732868027702,D3:F4:55:AB:96:20,-62
BLE,1703214733053061893,D3:F4:55:AB:96:20,-65
BLE,1703214733249590156,D3:F4:55:AB:96:20,-80
BLE,1703214733441619648,D3:F4:55:AB:96:20,-61
BLE,1703214733826250712,D3:F4:55:AB:96:20,-60
BLE,1703214733876553398,DF:A6:DC:DC:2E:81,-77
BLE,1703214733876580147,DF:DF:EE:00:00:01,-77
BLE,1703214734020893275,D3:F4:55:AB:96:20,-64
BLE,1703214734219809944,D3:F4:55:AB:96:20,-62
BLE,1703214734274804733,DF:DF:EE:00:00:04,-39
BLE,1703214734411717103,D3:F4:55:AB:96:20,-61
BLE,1703214734792919267,D3:F4:55:AB:96:20,-60
BLE,1703214734877147921,DF:A6:DC:DC:2E:81,-72
BLE,1703214734877164837,DF:DF:EE:00:00:01,-72
BLE,1703214734982242521,D3:F4:55:AB:96:20,-61
BLE,1703214735176346587,D3:F4:55:AB:96:20,-62
BLE,1703214735273818638,DF:DF:EE:00:00:04,-55
BLE,1703214735366710044,D3:F4:55:AB:96:20,-63
BLE,1703214735558353205,D3:F4:55:AB:96:20,-61
BLE,1703214735752337063,D3:F4:55:AB:96:20,-64
BLE,1703214735883080711,DF:A6:DC:DC:2E:81,-72
BLE,1703214735883134836,DF:DF:EE:00:00:01,-72
BLE,1703214736277962687,DF:DF:EE:00:00:04,-40
BLE,1703214736331485149,D3:F4:55:AB:96:20,-62
BLE,1703214736522642895,D3:F4:55:AB:96:20,-50
BLE,1703214736809541951,DF:DF:EE:00:00:04,-54
BLE,1703214736915274131,D3:F4:55:AB:96:20,-63
BLE,1703214737111076231,D3:F4:55:AB:96:20,-60
BLE,1703214737271549493,DF:DF:EE:00:00:04,-55
BLE,1703214737306180417,D3:F4:55:AB:96:20,-64
BLE,1703214737502168515,D3:F4:55:AB:96:20,-63
BLE,1703214737689992860,D3:F4:55:AB:96:20,-64
BLE,1703214737817643023,DF:DF:EE:00:00:04,-76
BLE,1703214737878622201,D3:F4:55:AB:96:20,-60
BLE,1703214737890119856,DF:A6:DC:DC:2E:81,-73
BLE,1703214737890129731,DF:DF:EE:00:00:01,-73
BLE,1703214738257681083,D3:F4:55:AB:96:20,-61
BLE,1703214738447314752,D3:F4:55:AB:96:20,-63
BLE,1703214738814868103,DF:DF:EE:00:00:04,-39
BLE,1703214738833049145,D3:F4:55:AB:96:20,-63
BLE,1703214739020296742,D3:F4:55:AB:96:20,-50
BLE,1703214739213163480,D3:F4:55:AB:96:20,-62
BLE,1703214739401123616,D3:F4:55:AB:96:20,-64
BLE,1703214739592035071,D3:F4:55:AB:96:20,-63
BLE,1703214739780452371,D3:F4:55:AB:96:20,-65
BLE,1703214740165866932,D3:F4:55:AB:96:20,-64
BLE,1703214740270597242,DF:DF:EE:00:00:04,-56
BLE,1703214740362438653,D3:F4:55:AB:96:20,-47
BLE,1703214740747999380,D3:F4:55:AB:96:20,-64
BLE,1703214740945958678,D3:F4:55:AB:96:20,-62
BLE,1703214741271659888,DF:DF:EE:00:00:04,-55
BLE,1703214741328369211,D3:F4:55:AB:96:20,-62
BLE,1703214741521860446,D3:F4:55:AB:96:20,-61
BLE,1703214741806542762,DF:DF:EE:00:00:04,-53
BLE,1703214741911211447,DF:A6:DC:DC:2E:81,-74
BLE,1703214741911258405,DF:DF:EE:00:00:01,-74
BLE,1703214742099220874,D3:F4:55:AB:96:20,-63
BLE,1703214742272298495,DF:DF:EE:00:00:04,-40
BLE,1703214742293605563,D3:F4:55:AB:96:20,-63
BLE,1703214742479979498,D3:F4:55:AB:96:20,-64
BLE,1703214742909412940,DF:A6:DC:DC:2E:81,-74
BLE,1703214742909472939,DF:DF:EE:00:00:01,-74
BLE,1703214743062831151,D3:F4:55:AB:96:20,-47
BLE,1703214743276378502,DF:DF:EE:00:00:04,-45
BLE,1703214743811493666,DF:DF:EE:00:00:04,-53
BLE,1703214743829253584,D3:F4:55:AB:96:20,-68
BLE,1703214744024254646,D3:F4:55:AB:96:20,-63
BLE,1703214744274713619,DF:DF:EE:00:00:04,-56
BLE,1703214744412382861,D3:F4:55:AB:96:20,-63
BLE,1703214744797370549,D3:F4:55:AB:96:20,-64
BLE,1703214744815470382,DF:DF:EE:00:00:04,-56
BLE,1703214745188659208,D3:F4:55:AB:96:20,-60
BLE,1703214745271460035,DF:DF:EE:00:00:04,-54
BLE,1703214745384635556,D3:F4:55:AB:96:20,-64
BLE,1703214745577382712,D3:F4:55:AB:96:20,-64
BLE,1703214745767000464,D3:F4:55:AB:96:20,-64
BLE,1703214745957390172,D3:F4:55:AB:96:20,-46
BLE,1703214746149866787,D3:F4:55:AB:96:20,-64
BLE,1703214746271260604,DF:DF:EE:00:00:04,-55
BLE,1703214746345686012,D3:F4:55:AB:96:20,-75
BLE,1703214746532371070,D3:F4:55:AB:96:20,-64
BLE,1703214746724417728,D3:F4:55:AB:96:20,-46
BLE,1703214746816096306,DF:DF:EE:00:00:04,-55
BLE,1703214747494232229,D3:F4:55:AB:96:20,-62
BLE,1703214747681945866,D3:F4:55:AB:96:20,-64
BLE,1703214747812199142,DF:DF:EE:00:00:04,-53
BLE,1703214748075870930,D3:F4:55:AB:96:20,-67
BLE,1703214748277016171,DF:DF:EE:00:00:04,-55
BLE,1703214749226802303,D3:F4:55:AB:96:20,-47
BLE,1703214749609392127,D3:F4:55:AB:96:20,-64
BLE,1703214750184627398,D3:F4:55:AB:96:20,-60
BLE,1703214750273382865,DF:DF:EE:00:00:04,-55
BLE,1703214750378383007,D3:F4:55:AB:96:20,-50
BLE,1703214750569707044,D3:F4:55:AB:96:20,-46
BLE,1703214750959124420,D3:F4:55:AB:96:20,-62
BLE,1703214750967649131,DF:A6:DC:DC:2E:81,-76
BLE,1703214750967686047,DF:DF:EE:00:00:01,-76
BLE,1703214751147447179,D3:F4:55:AB:96:20,-63
BLE,1703214751269959740,DF:DF:EE:00:00:04,-40
BLE,1703214751342239908,D3:F4:55:AB:96:20,-62
BLE,1703214751537421302,D3:F4:55:AB:96:20,-62
BLE,1703214751726796889,D3:F4:55:AB:96:20,-65
BLE,1703214752111814202,D3:F4:55:AB:96:20,-63
BLE,1703214752269901267,DF:DF:EE:00:00:04,-54
BLE,1703214752306199558,D3:F4:55:AB:96:20,-76
BLE,1703214752497572928,D3:F4:55:AB:96:20,-66
BLE,1703214752815869297,DF:DF:EE:00:00:04,-55
BLE,1703214752891148618,D3:F4:55:AB:96:20,-62
BLE,1703214752983138820,DF:A6:DC:DC:2E:81,-58
BLE,1703214752983159528,DF:DF:EE:00:00:01,-58
BLE,1703214753273667859,D3:F4:55:AB:96:20,-47
BLE,1703214753278132880,DF:DF:EE:00:00:04,-54
BLE,1703214753466788887,D3:F4:55:AB:96:20,-60
BLE,1703214753663022401,D3:F4:55:AB:96:20,-64
BLE,1703214753810139975,DF:DF:EE:00:00:04,-40
BLE,1703214754049378833,D3:F4:55:AB:96:20,-65
BLE,1703214754245311223,D3:F4:55:AB:96:20,-63
BLE,1703214754269976152,DF:DF:EE:00:00:04,-54
BLE,1703214754631117158,D3:F4:55:AB:96:20,-64
BLE,1703214754993643449,DF:A6:DC:DC:2E:81,-74
BLE,1703214754993675365,DF:DF:EE:00:00:01,-74
BLE,1703214755016600843,D3:F4:55:AB:96:20,-63
BLE,1703214755207390382,D3:F4:55:AB:96:20,-63
BLE,1703214755403825646,D3:F4:55:AB:96:20,-61
BLE,1703214755784721436,D3:F4:55:AB:96:20,-60
BLE,1703214755807760246,DF:DF:EE:00:00:04,-53
BLE,1703214755976359138,D3:F4:55:AB:96:20,-62
BLE,1703214756000256778,DF:A6:DC:DC:2E:81,-72
BLE,1703214756000284444,DF:DF:EE:00:00:01,-72
BLE,1703214756165160144,D3:F4:55:AB:96:20,-64
BLE,1703214756356812430,D3:F4:55:AB:96:20,-63
BLE,1703214756543023032,D3:F4:55:AB:96:20,-64
BLE,1703214756738746048,D3:F4:55:AB:96:20,-47
BLE,1703214756929772461,D3:F4:55:AB:96:20,-64
BLE,1703214757123742236,D3:F4:55:AB:96:20,-62
BLE,1703214757267202534,DF:DF:EE:00:00:04,-54
BLE,1703214757507197431,D3:F4:55:AB:96:20,-62
BLE,1703214757693507657,D3:F4:55:AB:96:20,-66
BLE,1703214757813580480,DF:DF:EE:00:00:04,-54
BLE,1703214758007898170,DF:A6:DC:DC:2E:81,-74
BLE,1703214758007931836,DF:DF:EE:00:00:01,-74
BLE,1703214758085635396,D3:F4:55:AB:96:20,-62
BLE,1703214758271415583,DF:DF:EE:00:00:04,-40
BLE,1703214758460440922,D3:F4:55:AB:96:20,-65
BLE,1703214758655280609,D3:F4:55:AB:96:20,-63
BLE,1703214758840426383,D3:F4:55:AB:96:20,-78
BLE,1703214759017265694,DF:A6:DC:DC:2E:81,-73
BLE,1703214759017298569,DF:DF:EE:00:00:01,-73
BLE,1703214759270667237,DF:DF:EE:00:00:04,-53
BLE,1703214759421731501,D3:F4:55:AB:96:20,-65
BLE,1703214759806513440,DF:DF:EE:00:00:04,-54
BLE,1703214759997366354,D3:F4:55:AB:96:20,-46
BLE,1703214760021696950,DF:A6:DC:DC:2E:81,-57
BLE,1703214760021708492,DF:DF:EE:00:00:01,-57
BLE,1703214760190432674,D3:F4:55:AB:96:20,-64
BLE,1703214760273332585,DF:DF:EE:00:00:04,-55
BLE,1703214760383261704,D3:F4:55:AB:96:20,-63
BLE,1703214760954814450,D3:F4:55:AB:96:20,-63
BLE,1703214761030491477,DF:A6:DC:DC:2E:81,-57
BLE,1703214761030528269,DF:DF:EE:00:00:01,-57
BLE,1703214761149916720,D3:F4:55:AB:96:20,-62
BLE,1703214761270258375,DF:DF:EE:00:00:04,-53
BLE,1703214761336585903,D3:F4:55:AB:96:20,-63
BLE,1703214761526394863,D3:F4:55:AB:96:20,-61
BLE,1703214762115485904,D3:F4:55:AB:96:20,-62
BLE,1703214762278426322,DF:DF:EE:00:00:04,-55
BLE,1703214762687319025,D3:F4:55:AB:96:20,-50
BLE,1703214762808400968,DF:DF:EE:00:00:04,-50
BLE,1703214762885751112,D3:F4:55:AB:96:20,-47
BLE,1703214763037115541,DF:A6:DC:DC:2E:81,-73
BLE,1703214763037146666,DF:DF:EE:00:00:01,-73
BLE,1703214763070949677,D3:F4:55:AB:96:20,-64
BLE,1703214763270505301,DF:DF:EE:00:00:04,-54
BLE,1703214763458867310,D3:F4:55:AB:96:20,-62
BLE,1703214763653898538,D3:F4:55:AB:96:20,-66
BLE,1703214763843710248,D3:F4:55:AB:96:20,-62
BLE,1703214764038617977,D3:F4:55:AB:96:20,-64
BLE,1703214764043172872,DF:A6:DC:DC:2E:81,-70
BLE,1703214764043206581,DF:DF:EE:00:00:01,-70
BLE,1703214764230974300,D3:F4:55:AB:96:20,-79
BLE,1703214764271147866,DF:DF:EE:00:00:04,-40
BLE,1703214764418880561,D3:F4:55:AB:96:20,-64
BLE,1703214764617578231,D3:F4:55:AB:96:20,-62
BLE,1703214764803386543,D3:F4:55:AB:96:20,-51
BLE,1703214764812574584,DF:DF:EE:00:00:04,-54
BLE,1703214765187299819,D3:F4:55:AB:96:20,-50
BLE,1703214765270174396,DF:DF:EE:00:00:04,-55
BLE,1703214765380208432,D3:F4:55:AB:96:20,-64
BLE,1703214765762596048,D3:F4:55:AB:96:20,-63
BLE,1703214765815337056,DF:DF:EE:00:00:04,-53
BLE,1703214766054690455,DF:A6:DC:DC:2E:81,-73
BLE,1703214766054724288,DF:DF:EE:00:00:01,-73
BLE,1703214766527609613,D3:F4:55:AB:96:20,-63
BLE,1703214766807193578,DF:DF:EE:00:00:04,-53
BLE,1703214767271749899,DF:DF:EE:00:00:04,-69
BLE,1703214767300575142,D3:F4:55:AB:96:20,-64
BLE,1703214767492430176,D3:F4:55:AB:96:20,-47
BLE,1703214767680329062,D3:F4:55:AB:96:20,-78
BLE,1703214767875070875,D3:F4:55:AB:96:20,-63
BLE,1703214768066640369,DF:A6:DC:DC:2E:81,-75
BLE,1703214768066677785,DF:DF:EE:00:00:01,-75
BLE,1703214768265034623,D3:F4:55:AB:96:20,-64
BLE,1703214768267124489,DF:DF:EE:00:00:04,-38
BLE,1703214769039783477,D3:F4:55:AB:96:20,-46
BLE,1703214769268234801,DF:DF:EE:00:00:04,-56
BLE,1703214769430473597,D3:F4:55:AB:96:20,-75
BLE,1703214770009105686,D3:F4:55:AB:96:20,-60
BLE,1703214770084770713,DF:A6:DC:DC:2E:81,-73
BLE,1703214770084806337,DF:DF:EE:00:00:01,-73
BLE,1703214770204866244,D3:F4:55:AB:96:20,-64
BLE,1703214770276488206,DF:DF:EE:00:00:04,-54
BLE,1703214770395834365,D3:F4:55:AB:96:20,-63
BLE,1703214770591657340,D3:F4:55:AB:96:20,-61
BLE,1703214770783105584,D3:F4:55:AB:96:20,-62
BLE,1703214770810469042,DF:DF:EE:00:00:04,-53
BLE,1703214771164841829,D3:F4:55:AB:96:20,-63
BLE,1703214771272933290,DF:DF:EE:00:00:04,-55
BLE,1703214771542477009,D3:F4:55:AB:96:20,-63
BLE,1703214771737844819,D3:F4:55:AB:96:20,-61
BLE,1703214771812669725,DF:DF:EE:00:00:04,-55
BLE,1703214771931102555,D3:F4:55:AB:96:20,-63
BLE,1703214772270362036,DF:DF:EE:00:00:04,-54
BLE,1703214772318754939,D3:F4:55:AB:96:20,-65
BLE,1703214772509973809,D3:F4:55:AB:96:20,-63
BLE,1703214772890577142,D3:F4:55:AB:96:20,-46
BLE,1703214773080612268,D3:F4:55:AB:96:20,-65
BLE,1703214773092711338,DF:A6:DC:DC:2E:81,-72
BLE,1703214773092740588,DF:DF:EE:00:00:01,-72
BLE,1703214773272796510,D3:F4:55:AB:96:20,-46
BLE,1703214773463962839,D3:F4:55:AB:96:20,-64
BLE,1703214774042677261,D3:F4:55:AB:96:20,-63
BLE,1703214774231251060,D3:F4:55:AB:96:20,-64
BLE,1703214774807733284,DF:DF:EE:00:00:04,-56
BLE,1703214775001610851,D3:F4:55:AB:96:20,-61
BLE,1703214775103324924,DF:A6:DC:DC:2E:81,-73
BLE,1703214775103367216,DF:DF:EE:00:00:01,-73
BLE,1703214775196893327,D3:F4:55:AB:96:20,-64
BLE,1703214775266352216,DF:DF:EE:00:00:04,-53
BLE,1703214775578737946,D3:F4:55:AB:96:20,-65
BLE,1703214775965893791,D3:F4:55:AB:96:20,-64
BLE,1703214776112473283,DF:A6:DC:DC:2E:81,-73
BLE,1703214776112510200,DF:DF:EE:00:00:01,-73
BLE,1703214776158241156,D3:F4:55:AB:96:20,-62
BLE,1703214776273347294,DF:DF:EE:00:00:04,-56
BLE,1703214776348120908,D3:F4:55:AB:96:20,-64
BLE,1703214777112505934,DF:A6:DC:DC:2E:81,-74
BLE,1703214777112561309,DF:DF:EE:00:00:01,-74
BLE,1703214777122875887,D3:F4:55:AB:96:20,-50
BLE,1703214777268299218,DF:DF:EE:00:00:04,-53
BLE,1703214777312853221,D3:F4:55:AB:96:20,-64
BLE,1703214777507139286,D3:F4:55:AB:96:20,-62
BLE,1703214777696513665,D3:F4:55:AB:96:20,-64
BLE,1703214777805860329,DF:DF:EE:00:00:04,-54
BLE,1703214778122610122,DF:A6:DC:DC:2E:81,-73
BLE,1703214778122664497,DF:DF:EE:00:00:01,-73
BLE,1703214778272563391,D3:F4:55:AB:96:20,-63
BLE,1703214779040675609,D3:F4:55:AB:96:20,-62
BLE,1703214779232566976,D3:F4:55:AB:96:20,-62
BLE,1703214779272983415,DF:DF:EE:00:00:04,-53
BLE,1703214779615513215,D3:F4:55:AB:96:20,-60
BLE,1703214780005278131,D3:F4:55:AB:96:20,-63
BLE,1703214780272582402,DF:DF:EE:00:00:04,-56
BLE,1703214780387762830,D3:F4:55:AB:96:20,-62
BLE,1703214780583178556,D3:F4:55:AB:96:20,-60
BLE,1703214780779303613,D3:F4:55:AB:96:20,-64
BLE,1703214780971279522,D3:F4:55:AB:96:20,-63
BLE,1703214781158144871,D3:F4:55:AB:96:20,-66
BLE,1703214781271274100,DF:DF:EE:00:00:04,-54
BLE,1703214781357755203,D3:F4:55:AB:96:20,-62
BLE,1703214781808034882,DF:DF:EE:00:00:04,-56
BLE,1703214782128887323,D3:F4:55:AB:96:20,-66
BLE,1703214782150017976,DF:A6:DC:DC:2E:81,-74
BLE,1703214782150057101,DF:DF:EE:00:00:01,-74
BLE,1703214782710558356,D3:F4:55:AB:96:20,-64
BLE,1703214782806000542,DF:DF:EE:00:00:04,-38
BLE,1703214782906414539,D3:F4:55:AB:96:20,-63
BLE,1703214783093493970,D3:F4:55:AB:96:20,-64
BLE,1703214783156115765,DF:A6:DC:DC:2E:81,-73
BLE,1703214783156165265,DF:DF:EE:00:00:01,-73
BLE,1703214783869339819,D3:F4:55:AB:96:20,-62
BLE,1703214784271354678,DF:DF:EE:00:00:04,-54
BLE,1703214784445813001,D3:F4:55:AB:96:20,-66
BLE,1703214784813032145,DF:DF:EE:00:00:04,-41
BLE,1703214785164144447,DF:A6:DC:DC:2E:81,-73
BLE,1703214785164190989,DF:DF:EE:00:00:01,-73
BLE,1703214785272686365,DF:DF:EE:00:00:04,-56
BLE,1703214785411148645,D3:F4:55:AB:96:20,-51
BLE,1703214785798184906,D3:F4:55:AB:96:20,-63
BLE,1703214785989900150,D3:F4:55:AB:96:20,-62
BLE,1703214786165069094,DF:A6:DC:DC:2E:81,-72
BLE,1703214786165102969,DF:DF:EE:00:00:01,-72
BLE,1703214786181175978,D3:F4:55:AB:96:20,-66
BLE,1703214786182470806,D3:F4:55:AB:96:20,-61
BLE,1703214786272605350,DF:DF:EE:00:00:04,-54
BLE,1703214786956599412,D3:F4:55:AB:96:20,-63
BLE,1703214787152867885,D3:F4:55:AB:96:20,-61
BLE,1703214787169175435,DF:A6:DC:DC:2E:81,-73
BLE,1703214787169187643,DF:DF:EE:00:00:01,-73
BLE,1703214787347539823,D3:F4:55:AB:96:20,-66
BLE,1703214787734839833,D3:F4:55:AB:96:20,-60
BLE,1703214787925600914,D3:F4:55:AB:96:20,-75
BLE,1703214788173565107,DF:A6:DC:DC:2E:81,-74
BLE,1703214788173619732,DF:DF:EE:00:00:01,-74
BLE,1703214788309096901,D3:F4:55:AB:96:20,-62
BLE,1703214788695117125,D3:F4:55:AB:96:20,-65
BLE,1703214788812905459,DF:DF:EE:00:00:04,-53
BLE,1703214789178803109,DF:A6:DC:DC:2E:81,-70
BLE,1703214789178847401,DF:DF:EE:00:00:01,-70
BLE,1703214789267198786,DF:DF:EE:00:00:04,-54
BLE,1703214789274115754,D3:F4:55:AB:96:20,-63
BLE,1703214789807041553,DF:DF:EE:00:00:04,-54
BLE,1703214790035132796,D3:F4:55:AB:96:20,-61
BLE,1703214790185199981,DF:A6:DC:DC:2E:81,-74
BLE,1703214790185237939,DF:DF:EE:00:00:01,-74
BLE,1703214790225599420,D3:F4:55:AB:96:20,-50
BLE,1703214790422718097,D3:F4:55:AB:96:20,-63
BLE,1703214790611123897,D3:F4:55:AB:96:20,-65
BLE,1703214790803184306,D3:F4:55:AB:96:20,-62
BLE,1703214790810619688,DF:DF:EE:00:00:04,-53
BLE,1703214792162132848,D3:F4:55:AB:96:20,-64
BLE,1703214792199649383,DF:A6:DC:DC:2E:81,-72
BLE,1703214792199684175,DF:DF:EE:00:00:01,-72
BLE,1703214792268054777,DF:DF:EE:00:00:04,-56
BLE,1703214792356521787,D3:F4:55:AB:96:20,-63
BLE,1703214792732036935,D3:F4:55:AB:96:20,-61
BLE,1703214793116949165,D3:F4:55:AB:96:20,-62
BLE,1703214793274503440,DF:DF:EE:00:00:04,-55
BLE,1703214793498647868,D3:F4:55:AB:96:20,-61
BLE,1703214793693920303,D3:F4:55:AB:96:20,-65
BLE,1703214793813425462,DF:DF:EE:00:00:04,-55
BLE,1703214793890651982,D3:F4:55:AB:96:20,-62
BLE,1703214794213070082,DF:A6:DC:DC:2E:81,-75
BLE,1703214794213117332,DF:DF:EE:00:00:01,-75
BLE,1703214794269551031,DF:DF:EE:00:00:04,-55
BLE,1703214794275283129,D3:F4:55:AB:96:20,-80
BLE,1703214794472213099,D3:F4:55:AB:96:20,-63
BLE,1703214794661166771,D3:F4:55:AB:96:20,-64
BLE,1703214795047683952,D3:F4:55:AB:96:20,-60
BLE,1703214795243238011,D3:F4:55:AB:96:20,-64
BLE,1703214795270213220,DF:DF:EE:00:00:04,-53
BLE,1703214795439326651,D3:F4:55:AB:96:20,-62
BLE,1703214795628194116,D3:F4:55:AB:96:20,-64
BLE,1703214795808107955,DF:DF:EE:00:00:04,-53
BLE,1703214795823084428,D3:F4:55:AB:96:20,-63
BLE,1703214796213644590,D3:F4:55:AB:96:20,-64
BLE,1703214796228374106,DF:A6:DC:DC:2E:81,-86
BLE,1703214796228411605,DF:DF:EE:00:00:01,-86
BLE,1703214796410906516,D3:F4:55:AB:96:20,-62
BLE,1703214796597616658,D3:F4:55:AB:96:20,-64
BLE,1703214796793245591,D3:F4:55:AB:96:20,-63
BLE,1703214796983643299,D3:F4:55:AB:96:20,-60
BLE,1703214797173449801,D3:F4:55:AB:96:20,-62
BLE,1703214797227977842,DF:A6:DC:DC:2E:81,-73
BLE,1703214797228014717,DF:DF:EE:00:00:01,-73
BLE,1703214797753352342,D3:F4:55:AB:96:20,-62
BLE,1703214797809568834,DF:DF:EE:00:00:04,-53
BLE,1703214797946823453,D3:F4:55:AB:96:20,-64
BLE,1703214798269036221,DF:DF:EE:00:00:04,-55
BLE,1703214798327756284,D3:F4:55:AB:96:20,-64
BLE,1703214798517637869,D3:F4:55:AB:96:20,-62
BLE,1703214799279646115,D3:F4:55:AB:96:20,-46
BLE,1703214799807663103,DF:DF:EE:00:00:04,-55
BLE,1703214799856219213,D3:F4:55:AB:96:20,-69
BLE,1703214800053285390,D3:F4:55:AB:96:20,-67
BLE,1703214800236076883,DF:A6:DC:DC:2E:81,-72
BLE,1703214800236125841,DF:DF:EE:00:00:01,-72
BLE,1703214800242007731,D3:F4:55:AB:96:20,-64
BLE,1703214800275697784,DF:DF:EE:00:00:04,-68
BLE,1703214800437247249,D3:F4:55:AB:96:20,-62
BLE,1703214800629591657,D3:F4:55:AB:96:20,-61
BLE,1703214801014669552,D3:F4:55:AB:96:20,-62
BLE,1703214801241556092,DF:A6:DC:DC:2E:81,-72
BLE,1703214801241600592,DF:DF:EE:00:00:01,-72
BLE,1703214801272807657,DF:DF:EE:00:00:04,-53
BLE,1703214801807829071,DF:DF:EE:00:00:04,-56
BLE,1703214802156010928,D3:F4:55:AB:96:20,-64
BLE,1703214802275519420,DF:DF:EE:00:00:04,-40
BLE,1703214802346592427,D3:F4:55:AB:96:20,-62
BLE,1703214802540964491,D3:F4:55:AB:96:20,-60
BLE,1703214802811917995,DF:DF:EE:00:00:04,-54
BLE,1703214802919529500,D3:F4:55:AB:96:20,-65
BLE,1703214803114603978,D3:F4:55:AB:96:20,-62
BLE,1703214803272730459,DF:DF:EE:00:00:04,-55
BLE,1703214803300601206,D3:F4:55:AB:96:20,-65
BLE,1703214803491545370,D3:F4:55:AB:96:20,-60
BLE,1703214803680910374,D3:F4:55:AB:96:20,-50
BLE,1703214803813281848,DF:DF:EE:00:00:04,-54
BLE,1703214804067433138,D3:F4:55:AB:96:20,-65
BLE,1703214804259640337,DF:A6:DC:DC:2E:81,-73
BLE,1703214804259674795,DF:DF:EE:00:00:01,-73
BLE,1703214804269095919,DF:DF:EE:00:00:04,-54
BLE,1703214804807210944,DF:DF:EE:00:00:04,-38
BLE,1703214805218349220,D3:F4:55:AB:96:20,-62
BLE,1703214805791673292,D3:F4:55:AB:96:20,-62
BLE,1703214805812172281,DF:DF:EE:00:00:04,-55
BLE,1703214806176039649,D3:F4:55:AB:96:20,-62
BLE,1703214806365688860,D3:F4:55:AB:96:20,-61
BLE,1703214806556801439,D3:F4:55:AB:96:20,-62
BLE,1703214806809563860,DF:DF:EE:00:00:04,-53
BLE,1703214806939315180,D3:F4:55:AB:96:20,-63
BLE,1703214807695885659,D3:F4:55:AB:96:20,-62
BLE,1703214807805588655,DF:DF:EE:00:00:04,-54
BLE,1703214808076552950,D3:F4:55:AB:96:20,-62
BLE,1703214808271387638,DF:DF:EE:00:00:04,-54
BLE,1703214808649176525,D3:F4:55:AB:96:20,-64
BLE,1703214808812507732,DF:DF:EE:00:00:04,-54
BLE,1703214808843559840,D3:F4:55:AB:96:20,-60
BLE,1703214809228446819,D3:F4:55:AB:96:20,-62
BLE,1703214809272302909,DF:DF:EE:00:00:04,-54
BLE,1703214809806715868,D3:F4:55:AB:96:20,-64
BLE,1703214809807646447,D3:F4:55:AB:96:20,-62
BLE,1703214809999576231,D3:F4:55:AB:96:20,-63
BLE,1703214810192202387,D3:F4:55:AB:96:20,-61
BLE,1703214810268850660,DF:DF:EE:00:00:04,-55
BLE,1703214811533959800,D3:F4:55:AB:96:20,-66
BLE,1703214811729401859,D3:F4:55:AB:96:20,-63
BLE,1703214811923238635,D3:F4:55:AB:96:20,-60
BLE,1703214812268591796,DF:DF:EE:00:00:04,-69
BLE,1703214812498392740,D3:F4:55:AB:96:20,-62
BLE,1703214812694235797,D3:F4:55:AB:96:20,-62
BLE,1703214812808504230,DF:DF:EE:00:00:04,-55
BLE,1703214813268559656,DF:DF:EE:00:00:04,-53
BLE,1703214813288663605,DF:A6:DC:DC:2E:81,-73
BLE,1703214813288704563,DF:DF:EE:00:00:01,-73
BLE,1703214813464366464,D3:F4:55:AB:96:20,-63
BLE,1703214813651986434,D3:F4:55:AB:96:20,-64
BLE,1703214813807134388,DF:DF:EE:00:00:04,-54
BLE,1703214814271168378,DF:DF:EE:00:00:04,-56
BLE,1703214814297200717,DF:A6:DC:DC:2E:81,-73
BLE,1703214814297234550,DF:DF:EE:00:00:01,-73
BLE,1703214814424890005,D3:F4:55:AB:96:20,-62
BLE,1703214814615928960,D3:F4:55:AB:96:20,-64
BLE,1703214814804836341,D3:F4:55:AB:96:20,-62
BLE,1703214814994266928,D3:F4:55:AB:96:20,-62
BLE,1703214815185490215,D3:F4:55:AB:96:20,-60
BLE,1703214815307153447,DF:A6:DC:DC:2E:81,-58
BLE,1703214815307199531,DF:DF:EE:00:00:01,-58
BLE,1703214815374679387,D3:F4:55:AB:96:20,-63
BLE,1703214815750228868,D3:F4:55:AB:96:20,-61
BLE,1703214816140240449,D3:F4:55:AB:96:20,-62
BLE,1703214816276131200,DF:DF:EE:00:00:04,-55
BLE,1703214816329693370,D3:F4:55:AB:96:20,-64
BLE,1703214817107654917,D3:F4:55:AB:96:20,-47
BLE,1703214817319891649,DF:A6:DC:DC:2E:81,-74
BLE,1703214817319950024,DF:DF:EE:00:00:01,-74
BLE,1703214817492754813,D3:F4:55:AB:96:20,-63
BLE,1703214817679780119,D3:F4:55:AB:96:20,-64
BLE,1703214817805475625,DF:DF:EE:00:00:04,-55
BLE,1703214818264854095,DF:DF:EE:00:00:04,-54
BLE,1703214818449294414,D3:F4:55:AB:96:20,-60
BLE,1703214818813600780,DF:DF:EE:00:00:04,-56
BLE,1703214818827265967,D3:F4:55:AB:96:20,-69
BLE,1703214819015890683,D3:F4:55:AB:96:20,-62
BLE,1703214819207324886,D3:F4:55:AB:96:20,-65
BLE,1703214819268566396,DF:DF:EE:00:00:04,-56
BLE,1703214819398042175,D3:F4:55:AB:96:20,-60
BLE,1703214819780473042,D3:F4:55:AB:96:20,-60
BLE,1703214819807664792,DF:DF:EE:00:00:04,-55
BLE,1703214820161835455,D3:F4:55:AB:96:20,-62
BLE,1703214820275068475,DF:DF:EE:00:00:04,-54
BLE,1703214820353996029,D3:F4:55:AB:96:20,-67
BLE,1703214820551942535,D3:F4:55:AB:96:20,-62
BLE,1703214820746148601,D3:F4:55:AB:96:20,-61
BLE,1703214820813667040,DF:DF:EE:00:00:04,-54
BLE,1703214820941016329,D3:F4:55:AB:96:20,-64
BLE,1703214821130996789,D3:F4:55:AB:96:20,-61
BLE,1703214821338384335,DF:A6:DC:DC:2E:81,-74
BLE,1703214821338439627,DF:DF:EE:00:00:01,-74
BLE,1703214821511154291,D3:F4:55:AB:96:20,-46
BLE,1703214822083237202,D3:F4:55:AB:96:20,-64
BLE,1703214822457235023,D3:F4:55:AB:96:20,-46
BLE,1703214822648153312,D3:F4:55:AB:96:20,-64
BLE,1703214822813540593,DF:DF:EE:00:00:04,-40
BLE,1703214822844719325,D3:F4:55:AB:96:20,-63
BLE,1703214823033409415,D3:F4:55:AB:96:20,-64
BLE,1703214823227593689,D3:F4:55:AB:96:20,-63
BLE,1703214823413407168,D3:F4:55:AB:96:20,-64
BLE,1703214823796114282,D3:F4:55:AB:96:20,-64
BLE,1703214823986018701,D3:F4:55:AB:96:20,-62
BLE,1703214824273263505,DF:DF:EE:00:00:04,-54
BLE,1703214824373284920,D3:F4:55:AB:96:20,-63
BLE,1703214824808569126,DF:DF:EE:00:00:04,-54
BLE,1703214825337277445,D3:F4:55:AB:96:20,-62
BLE,1703214825725594701,D3:F4:55:AB:96:20,-62
BLE,1703214825807030659,DF:DF:EE:00:00:04,-53
BLE,1703214825912386175,D3:F4:55:AB:96:20,-49
BLE,1703214826360629739,DF:A6:DC:DC:2E:81,-74
BLE,1703214826360673113,DF:DF:EE:00:00:01,-74
BLE,1703214826494386165,D3:F4:55:AB:96:20,-62
BLE,1703214826689158436,D3:F4:55:AB:96:20,-62
BLE,1703214826880115349,D3:F4:55:AB:96:20,-64
BLE,1703214827659810722,D3:F4:55:AB:96:20,-63
BLE,1703214827847582650,D3:F4:55:AB:96:20,-64
BLE,1703214828042651336,D3:F4:55:AB:96:20,-62
BLE,1703214828233174544,D3:F4:55:AB:96:20,-64
BLE,1703214828267310303,DF:DF:EE:00:00:04,-55
BLE,1703214828382508232,DF:A6:DC:DC:2E:81,-73
BLE,1703214828382543940,DF:DF:EE:00:00:01,-73
BLE,1703214828627927270,D3:F4:55:AB:96:20,-61
BLE,1703214828806582406,DF:DF:EE:00:00:04,-57
BLE,1703214828814070164,D3:F4:55:AB:96:20,-64
BLE,1703214829010607052,D3:F4:55:AB:96:20,-62
BLE,1703214829199938097,D3:F4:55:AB:96:20,-64
BLE,1703214829263795012,DF:DF:EE:00:00:04,-53
BLE,1703214829387048862,DF:A6:DC:DC:2E:81,-56
BLE,1703214829387092153,DF:DF:EE:00:00:01,-56
BLE,1703214829392625003,D3:F4:55:AB:96:20,-63
BLE,1703214829587592398,D3:F4:55:AB:96:20,-61
BLE,1703214829780718093,D3:F4:55:AB:96:20,-65
BLE,1703214830172872706,D3:F4:55:AB:96:20,-60
BLE,1703214830266662233,DF:DF:EE:00:00:04,-39
BLE,1703214830368699972,D3:F4:55:AB:96:20,-64
BLE,1703214830393089902,DF:A6:DC:DC:2E:81,-74
BLE,1703214830393122485,DF:DF:EE:00:00:01,-74
BLE,1703214830812876263,DF:DF:EE:00:00:04,-55
BLE,1703214831267769713,DF:DF:EE:00:00:04,-53
BLE,1703214831334426073,D3:F4:55:AB:96:20,-64
BLE,1703214831530363172,D3:F4:55:AB:96:20,-62
BLE,1703214831723511367,D3:F4:55:AB:96:20,-61
BLE,1703214831807584688,DF:DF:EE:00:00:04,-37
BLE,1703214831913543785,D3:F4:55:AB:96:20,-62
BLE,1703214832297394353,D3:F4:55:AB:96:20,-63
BLE,1703214832683746909,D3:F4:55:AB:96:20,-48
BLE,1703214832812401942,DF:DF:EE:00:00:04,-56
BLE,1703214832879866382,D3:F4:55:AB:96:20,-63
BLE,1703214833075160942,D3:F4:55:AB:96:20,-62
BLE,1703214833266096814,D3:F4:55:AB:96:20,-62
BLE,1703214833463771572,D3:F4:55:AB:96:20,-62
BLE,1703214833652406204,D3:F4:55:AB:96:20,-64
BLE,1703214833848866176,D3:F4:55:AB:96:20,-62
BLE,1703214834042974950,D3:F4:55:AB:96:20,-46
BLE,1703214834237915428,D3:F4:55:AB:96:20,-65
BLE,1703214834416767522,DF:A6:DC:DC:2E:81,-73
BLE,1703214834416807189,DF:DF:EE:00:00:01,-73
BLE,1703214834427542390,D3:F4:55:AB:96:20,-46
BLE,1703214834621181416,D3:F4:55:AB:96:20,-50
BLE,1703214834804486948,DF:DF:EE:00:00:04,-54
BLE,1703214834805775317,DF:DF:EE:00:00:04,-54
BLE,1703214834998828262,D3:F4:55:AB:96:20,-62
BLE,1703214835192604496,D3:F4:55:AB:96:20,-46
BLE,1703214835387464808,D3:F4:55:AB:96:20,-64
BLE,1703214835420771988,DF:A6:DC:DC:2E:81,-72
BLE,1703214835420805863,DF:DF:EE:00:00:01,-72
BLE,1703214835579576091,D3:F4:55:AB:96:20,-63
BLE,1703214835766435274,D3:F4:55:AB:96:20,-64
BLE,1703214836264615024,DF:DF:EE:00:00:04,-53
BLE,1703214836340283635,D3:F4:55:AB:96:20,-46
BLE,1703214836418853440,DF:A6:DC:DC:2E:81,-78
BLE,1703214836418888690,DF:DF:EE:00:00:01,-78
BLE,1703214836805884410,DF:DF:EE:00:00:04,-53
BLE,1703214837305484404,D3:F4:55:AB:96:20,-62
BLE,1703214837812050991,DF:DF:EE:00:00:04,-41
BLE,1703214837886596232,D3:F4:55:AB:96:20,-64
BLE,1703214838264600743,DF:DF:EE:00:00:04,-53
BLE,1703214838468208974,D3:F4:55:AB:96:20,-63
BLE,1703214838659733509,D3:F4:55:AB:96:20,-62
BLE,1703214838660980337,D3:F4:55:AB:96:20,-62
BLE,1703214838804619635,DF:DF:EE:00:00:04,-53
BLE,1703214838850255467,D3:F4:55:AB:96:20,-65
BLE,1703214839046119857,D3:F4:55:AB:96:20,-62
BLE,1703214839263758857,DF:DF:EE:00:00:04,-54
BLE,1703214839426985023,D3:F4:55:AB:96:20,-63
BLE,1703214839433334743,DF:A6:DC:DC:2E:81,-73
BLE,1703214839433351535,DF:DF:EE:00:00:01,-73
BLE,1703214840000717176,D3:F4:55:AB:96:20,-64
BLE,1703214840198290642,D3:F4:55:AB:96:20,-64
BLE,1703214840271724096,DF:DF:EE:00:00:04,-53
BLE,1703214840273239172,DF:DF:EE:00:00:04,-39
BLE,1703214840390299884,D3:F4:55:AB:96:20,-60
BLE,1703214840439829073,DF:A6:DC:DC:2E:81,-73
BLE,1703214840439844073,DF:DF:EE:00:00:01,-73
BLE,1703214840778558098,D3:F4:55:AB:96:20,-63
BLE,1703214840811174490,DF:DF:EE:00:00:04,-53
BLE,1703214840973090995,D3:F4:55:AB:96:20,-47
BLE,1703214841267880348,DF:DF:EE:00:00:04,-55
BLE,1703214841446311819,DF:A6:DC:DC:2E:81,-72
BLE,1703214841446359569,DF:DF:EE:00:00:01,-72
BLE,1703214841556455896,D3:F4:55:AB:96:20,-46
BLE,1703214842455613636,DF:A6:DC:DC:2E:81,-57
BLE,1703214842455671511,DF:DF:EE:00:00:01,-57
BLE,1703214842511565712,D3:F4:55:AB:96:20,-63
BLE,1703214842701413130,D3:F4:55:AB:96:20,-64
BLE,1703214842805319569,DF:DF:EE:00:00:04,-56
BLE,1703214843275064576,DF:DF:EE:00:00:04,-55
BLE,1703214843472514084,D3:F4:55:AB:96:20,-62
BLE,1703214843668028102,D3:F4:55:AB:96:20,-63
BLE,1703214843862701540,D3:F4:55:AB:96:20,-62
BLE,1703214844053403204,D3:F4:55:AB:96:20,-61
BLE,1703214844246300401,D3:F4:55:AB:96:20,-62
BLE,1703214844438444559,D3:F4:55:AB:96:20,-60
BLE,1703214844466313847,DF:A6:DC:DC:2E:81,-72
BLE,1703214844466347347,DF:DF:EE:00:00:01,-72
BLE,1703214844633773785,D3:F4:55:AB:96:20,-65
BLE,1703214844827721393,D3:F4:55:AB:96:20,-63
BLE,1703214845018427391,D3:F4:55:AB:96:20,-64
BLE,1703214845266996332,DF:DF:EE:00:00:04,-54
BLE,1703214845404380575,D3:F4:55:AB:96:20,-61
BLE,1703214845802207329,DF:DF:EE:00:00:04,-53
BLE,1703214846269067556,DF:DF:EE:00:00:04,-55
BLE,1703214846360283470,D3:F4:55:AB:96:20,-62
BLE,1703214846939102100,D3:F4:55:AB:96:20,-61
BLE,1703214847328354018,D3:F4:55:AB:96:20,-64
BLE,1703214847478541744,DF:A6:DC:DC:2E:81,-71
BLE,1703214847478600952,DF:DF:EE:00:00:01,-71
BLE,1703214847514049623,D3:F4:55:AB:96:20,-64
BLE,1703214847707873315,D3:F4:55:AB:96:20,-63
BLE,1703214847812297501,DF:DF:EE:00:00:04,-45
BLE,1703214847899259018,D3:F4:55:AB:96:20,-64
BLE,1703214848279972017,D3:F4:55:AB:96:20,-64
BLE,1703214848660281309,D3:F4:55:AB:96:20,-64
BLE,1703214848857163987,D3:F4:55:AB:96:20,-47
BLE,1703214849050196516,D3:F4:55:AB:96:20,-61
BLE,1703214849435072455,D3:F4:55:AB:96:20,-62
BLE,1703214849811028059,DF:DF:EE:00:00:04,-53
BLE,1703214849825163952,D3:F4:55:AB:96:20,-62
BLE,1703214850021350675,D3:F4:55:AB:96:20,-62
BLE,1703214850410204595,D3:F4:55:AB:96:20,-62
BLE,1703214851180450844,D3:F4:55:AB:96:20,-66
BLE,1703214851370148430,D3:F4:55:AB:96:20,-47
BLE,1703214851502553655,DF:A6:DC:DC:2E:81,-71
BLE,1703214851502600780,DF:DF:EE:00:00:01,-71
BLE,1703214851752721921,D3:F4:55:AB:96:20,-60
BLE,1703214851809139203,DF:DF:EE:00:00:04,-37
BLE,1703214851944159582,D3:F4:55:AB:96:20,-64
BLE,1703214852141080010,D3:F4:55:AB:96:20,-62
BLE,1703214852331049845,D3:F4:55:AB:96:20,-64
BLE,1703214852524038582,D3:F4:55:AB:96:20,-62
BLE,1703214852712829214,D3:F4:55:AB:96:20,-49
BLE,1703214852809748393,DF:DF:EE:00:00:04,-54
BLE,1703214853290333558,D3:F4:55:AB:96:20,-62
BLE,1703214853477282282,D3:F4:55:AB:96:20,-64
BLE,1703214853514177070,DF:A6:DC:DC:2E:81,-72
BLE,1703214853514212862,DF:DF:EE:00:00:01,-72
BLE,1703214853666422912,D3:F4:55:AB:96:20,-62
BLE,1703214853857430325,D3:F4:55:AB:96:20,-64
BLE,1703214854052029347,D3:F4:55:AB:96:20,-62
BLE,1703214854519170907,DF:A6:DC:DC:2E:81,-71
BLE,1703214854519219698,DF:DF:EE:00:00:01,-71
BLE,1703214854803549182,DF:DF:EE:00:00:04,-38
BLE,1703214855015020376,D3:F4:55:AB:96:20,-62
BLE,1703214855211076433,D3:F4:55:AB:96:20,-80
BLE,1703214855806343987,DF:DF:EE:00:00:04,-55
BLE,1703214855985895745,D3:F4:55:AB:96:20,-63
BLE,1703214856370439726,D3:F4:55:AB:96:20,-62
BLE,1703214856530424157,DF:A6:DC:DC:2E:81,-73
BLE,1703214856530442157,DF:DF:EE:00:00:01,-73
BLE,1703214856748935069,D3:F4:55:AB:96:20,-47
BLE,1703214856807177218,DF:DF:EE:00:00:04,-53
BLE,1703214857130321023,D3:F4:55:AB:96:20,-62
BLE,1703214857322882471,D3:F4:55:AB:96:20,-65
BLE,1703214857713293717,D3:F4:55:AB:96:20,-61
BLE,1703214857810610353,DF:DF:EE:00:00:04,-55
BLE,1703214858099130026,D3:F4:55:AB:96:20,-60
BLE,1703214858806808147,DF:DF:EE:00:00:04,-39
BLE,1703214859049216990,D3:F4:55:AB:96:20,-62
BLE,1703214859239117242,D3:F4:55:AB:96:20,-64
BLE,1703214859265277080,DF:DF:EE:00:00:04,-54
BLE,1703214859429937739,D3:F4:55:AB:96:20,-62
BLE,1703214859545179834,DF:A6:DC:DC:2E:81,-73
BLE,1703214859545216876,DF:DF:EE:00:00:01,-73
BLE,1703214859813996806,D3:F4:55:AB:96:20,-47
BLE,1703214860003061895,D3:F4:55:AB:96:20,-65
BLE,1703214860264364485,DF:DF:EE:00:00:04,-56
BLE,1703214860392093481,D3:F4:55:AB:96:20,-46
BLE,1703214860546647270,DF:A6:DC:DC:2E:81,-71
BLE,1703214860546681520,DF:DF:EE:00:00:01,-71
BLE,1703214860805680537,DF:DF:EE:00:00:04,-56
BLE,1703214861166691960,D3:F4:55:AB:96:20,-63
BLE,1703214861353625892,D3:F4:55:AB:96:20,-64
BLE,1703214861731571237,D3:F4:55:AB:96:20,-64
BLE,1703214862115015849,D3:F4:55:AB:96:20,-64
BLE,1703214862314443515,D3:F4:55:AB:96:20,-63
BLE,1703214862558725600,DF:A6:DC:DC:2E:81,-73
BLE,1703214862558765600,DF:DF:EE:00:00:01,-73
BLE,1703214862695100098,D3:F4:55:AB:96:20,-62
BLE,1703214862889041456,D3:F4:55:AB:96:20,-61
BLE,1703214863079874120,D3:F4:55:AB:96:20,-62
BLE,1703214863262198032,DF:DF:EE:00:00:04,-54
BLE,1703214863462300445,D3:F4:55:AB:96:20,-63
BLE,1703214863564671349,DF:A6:DC:DC:2E:81,-71
BLE,1703214863564712474,DF:DF:EE:00:00:01,-71
BLE,1703214863648578963,D3:F4:55:AB:96:20,-64
BLE,1703214863841697200,D3:F4:55:AB:96:20,-76
BLE,1703214864032223115,D3:F4:55:AB:96:20,-66
BLE,1703214864611716700,D3:F4:55:AB:96:20,-63
BLE,1703214864808055547,DF:DF:EE:00:00:04,-55
BLE,1703214864999507834,D3:F4:55:AB:96:20,-64
BLE,1703214865265944692,DF:DF:EE:00:00:04,-53
BLE,1703214865391286948,D3:F4:55:AB:96:20,-63
BLE,1703214866151696493,D3:F4:55:AB:96:20,-47
BLE,1703214866540071832,D3:F4:55:AB:96:20,-62
BLE,1703214866735609099,D3:F4:55:AB:96:20,-61
BLE,1703214867506012431,D3:F4:55:AB:96:20,-60
BLE,1703214867700010164,D3:F4:55:AB:96:20,-64
BLE,1703214867809749576,DF:DF:EE:00:00:04,-53
BLE,1703214868268287051,DF:DF:EE:00:00:04,-54
BLE,1703214868596738415,DF:A6:DC:DC:2E:81,-59
BLE,1703214868596783748,DF:DF:EE:00:00:01,-59
BLE,1703214868656645265,D3:F4:55:AB:96:20,-62
BLE,1703214868845534854,D3:F4:55:AB:96:20,-64
BLE,1703214869040840373,D3:F4:55:AB:96:20,-62
BLE,1703214869270204110,DF:DF:EE:00:00:04,-55
BLE,1703214869610363337,D3:F4:55:AB:96:20,-64
BLE,1703214869802591870,D3:F4:55:AB:96:20,-63
BLE,1703214869992997244,D3:F4:55:AB:96:20,-65
BLE,1703214870185064902,D3:F4:55:AB:96:20,-63
BLE,1703214870263167751,DF:DF:EE:00:00:04,-53
BLE,1703214870379176426,D3:F4:55:AB:96:20,-61
BLE,1703214870607567584,DF:A6:DC:DC:2E:81,-71
BLE,1703214870607609167,DF:DF:EE:00:00:01,-71
BLE,1703214870807647581,DF:DF:EE:00:00:04,-54
BLE,1703214871265246685,DF:DF:EE:00:00:04,-55
BLE,1703214871721296046,D3:F4:55:AB:96:20,-64
BLE,1703214871916634064,D3:F4:55:AB:96:20,-63
BLE,1703214872104540908,D3:F4:55:AB:96:20,-64
BLE,1703214872301731293,D3:F4:55:AB:96:20,-62
BLE,1703214872490487092,D3:F4:55:AB:96:20,-66
BLE,1703214872806280306,DF:DF:EE:00:00:04,-54
BLE,1703214873061963172,D3:F4:55:AB:96:20,-46
BLE,1703214873441840550,D3:F4:55:AB:96:20,-61
BLE,1703214873628788190,DF:A6:DC:DC:2E:81,-72
BLE,1703214873628826106,DF:DF:EE:00:00:01,-72
BLE,1703214873829758891,D3:F4:55:AB:96:20,-63
BLE,1703214874022342172,D3:F4:55:AB:96:20,-66
BLE,1703214874212012299,D3:F4:55:AB:96:20,-63
BLE,1703214874409110310,D3:F4:55:AB:96:20,-62
BLE,1703214874633969442,DF:A6:DC:DC:2E:81,-70
BLE,1703214874634022692,DF:DF:EE:00:00:01,-70
BLE,1703214874796608319,D3:F4:55:AB:96:20,-63
BLE,1703214875180607970,D3:F4:55:AB:96:20,-63
BLE,1703214875266506700,DF:DF:EE:00:00:04,-54
BLE,1703214875368186482,D3:F4:55:AB:96:20,-64
BLE,1703214875564380913,D3:F4:55:AB:96:20,-63
BLE,1703214875638863404,DF:A6:DC:DC:2E:81,-74
BLE,1703214875638914446,DF:DF:EE:00:00:01,-74
BLE,1703214875752039634,D3:F4:55:AB:96:20,-64
BLE,1703214875947975816,D3:F4:55:AB:96:20,-62
BLE,1703214876133064006,D3:F4:55:AB:96:20,-50
BLE,1703214876324461876,D3:F4:55:AB:96:20,-62
BLE,1703214876709287440,D3:F4:55:AB:96:20,-62
BLE,1703214876804338503,DF:DF:EE:00:00:04,-55
BLE,1703214877265105134,DF:DF:EE:00:00:04,-56
BLE,1703214877812292325,DF:DF:EE:00:00:04,-55
BLE,1703214877865741538,D3:F4:55:AB:96:20,-64
BLE,1703214878243431426,D3:F4:55:AB:96:20,-47
BLE,1703214878270869300,DF:DF:EE:00:00:04,-37
BLE,1703214878435610417,D3:F4:55:AB:96:20,-62
BLE,1703214878660649049,DF:A6:DC:DC:2E:81,-70
BLE,1703214878660672215,DF:DF:EE:00:00:01,-70
BLE,1703214878824517712,D3:F4:55:AB:96:20,-75
BLE,1703214879016723120,D3:F4:55:AB:96:20,-65
BLE,1703214879261797993,DF:DF:EE:00:00:04,-54
BLE,1703214879409971894,D3:F4:55:AB:96:20,-62
BLE,1703214879596763785,D3:F4:55:AB:96:20,-64
BLE,1703214879664429308,DF:A6:DC:DC:2E:81,-78
BLE,1703214879664458141,DF:DF:EE:00:00:01,-78
BLE,1703214880266488664,DF:DF:EE:00:00:04,-56
BLE,1703214880569139230,D3:F4:55:AB:96:20,-64
BLE,1703214880667006655,DF:A6:DC:DC:2E:81,-71
BLE,1703214880667059447,DF:DF:EE:00:00:01,-71
BLE,1703214880765433161,D3:F4:55:AB:96:20,-62
BLE,1703214880804023983,DF:DF:EE:00:00:04,-55
BLE,1703214880954548041,D3:F4:55:AB:96:20,-60
BLE,1703214881146419284,D3:F4:55:AB:96:20,-63
BLE,1703214881676584679,DF:A6:DC:DC:2E:81,-72
BLE,1703214881676617262,DF:DF:EE:00:00:01,-72
BLE,1703214881727158988,D3:F4:55:AB:96:20,-63
BLE,1703214881803991260,DF:DF:EE:00:00:04,-53
BLE,1703214881923076545,D3:F4:55:AB:96:20,-60
BLE,1703214882264977931,DF:DF:EE:00:00:04,-54
BLE,1703214882314785952,D3:F4:55:AB:96:20,-62
BLE,1703214882504441080,D3:F4:55:AB:96:20,-60
BLE,1703214882695316244,D3:F4:55:AB:96:20,-63
BLE,1703214882803197039,DF:DF:EE:00:00:04,-55
BLE,1703214882882856131,D3:F4:55:AB:96:20,-64
BLE,1703214883081426551,D3:F4:55:AB:96:20,-63
BLE,1703214883268103818,DF:DF:EE:00:00:04,-54
BLE,1703214883687897012,DF:A6:DC:DC:2E:81,-85
BLE,1703214883687950637,DF:DF:EE:00:00:01,-85
BLE,1703214883852090549,D3:F4:55:AB:96:20,-64
BLE,1703214884048452771,D3:F4:55:AB:96:20,-62
BLE,1703214884625427576,D3:F4:55:AB:96:20,-47
BLE,1703214884686263421,DF:A6:DC:DC:2E:81,-73
BLE,1703214884686278754,DF:DF:EE:00:00:01,-73
BLE,1703214884809362563,DF:DF:EE:00:00:04,-56
BLE,1703214885013897081,D3:F4:55:AB:96:20,-62
BLE,1703214885399010268,D3:F4:55:AB:96:20,-62
BLE,1703214885594820284,D3:F4:55:AB:96:20,-47
BLE,1703214885690740051,DF:A6:DC:DC:2E:81,-72
BLE,1703214885690754260,DF:DF:EE:00:00:01,-72
BLE,1703214885804234655,DF:DF:EE:00:00:04,-55
BLE,1703214885973160544,D3:F4:55:AB:96:20,-61
BLE,1703214886356002909,D3:F4:55:AB:96:20,-61
BLE,1703214886544849624,D3:F4:55:AB:96:20,-62
BLE,1703214886741297345,D3:F4:55:AB:96:20,-62
BLE,1703214886811104816,DF:DF:EE:00:00:04,-54
BLE,1703214887121570721,D3:F4:55:AB:96:20,-60
BLE,1703214887263240403,DF:DF:EE:00:00:04,-55
BLE,1703214887316906073,D3:F4:55:AB:96:20,-65
BLE,1703214887509006523,D3:F4:55:AB:96:20,-63
BLE,1703214887696751784,DF:A6:DC:DC:2E:81,-78
BLE,1703214887696786826,DF:DF:EE:00:00:01,-78
BLE,1703214887803020379,DF:DF:EE:00:00:04,-55
BLE,1703214887890253894,D3:F4:55:AB:96:20,-62
BLE,1703214888083104091,D3:F4:55:AB:96:20,-65
BLE,1703214888268198240,DF:DF:EE:00:00:04,-54
BLE,1703214888275569289,D3:F4:55:AB:96:20,-62
BLE,1703214888470524768,D3:F4:55:AB:96:20,-62
BLE,1703214888701689829,DF:A6:DC:DC:2E:81,-72
BLE,1703214888701750579,DF:DF:EE:00:00:01,-72
BLE,1703214888810705078,DF:DF:EE:00:00:04,-54
BLE,1703214889267043646,DF:DF:EE:00:00:04,-55
BLE,1703214889424375089,D3:F4:55:AB:96:20,-63
BLE,1703214889613211137,D3:F4:55:AB:96:20,-64
BLE,1703214889805348920,D3:F4:55:AB:96:20,-62
BLE,1703214889809188444,DF:DF:EE:00:00:04,-55
BLE,1703214890267271796,DF:DF:EE:00:00:04,-54
BLE,1703214890375433424,D3:F4:55:AB:96:20,-65
BLE,1703214890565753673,D3:F4:55:AB:96:20,-61
BLE,1703214890754610472,D3:F4:55:AB:96:20,-62
BLE,1703214890945685801,D3:F4:55:AB:96:20,-60
BLE,1703214891137091254,D3:F4:55:AB:96:20,-62
BLE,1703214891272031217,DF:DF:EE:00:00:04,-56
BLE,1703214891323178357,D3:F4:55:AB:96:20,-64
BLE,1703214891712998481,D3:F4:55:AB:96:20,-61
BLE,1703214891808746040,DF:DF:EE:00:00:04,-56
BLE,1703214892280727703,D3:F4:55:AB:96:20,-47
BLE,1703214892469187378,D3:F4:55:AB:96:20,-64
BLE,1703214892664228439,D3:F4:55:AB:96:20,-67
BLE,1703214892718179983,DF:A6:DC:DC:2E:81,-74
BLE,1703214892718196233,DF:DF:EE:00:00:01,-74
BLE,1703214892807027908,DF:DF:EE:00:00:04,-54
BLE,1703214893055330516,D3:F4:55:AB:96:20,-65
BLE,1703214893246763760,D3:F4:55:AB:96:20,-63
BLE,1703214893272709016,DF:DF:EE:00:00:04,-56
BLE,1703214893439928039,D3:F4:55:AB:96:20,-64
BLE,1703214893634073354,D3:F4:55:AB:96:20,-63
BLE,1703214893727712965,DF:A6:DC:DC:2E:81,-73
BLE,1703214893727727007,DF:DF:EE:00:00:01,-73
BLE,1703214893804534237,DF:DF:EE:00:00:04,-55
BLE,1703214893830223619,D3:F4:55:AB:96:20,-61
BLE,1703214894023774062,D3:F4:55:AB:96:20,-63
BLE,1703214894735196832,DF:A6:DC:DC:2E:81,-73
BLE,1703214894735230207,DF:DF:EE:00:00:01,-73
BLE,1703214894980912077,D3:F4:55:AB:96:20,-62
BLE,1703214895264786146,DF:DF:EE:00:00:04,-53
BLE,1703214895365630558,D3:F4:55:AB:96:20,-62
BLE,1703214895559779831,D3:F4:55:AB:96:20,-46
BLE,1703214895737041391,DF:A6:DC:DC:2E:81,-70
BLE,1703214895737056016,DF:DF:EE:00:00:01,-70
BLE,1703214895807747858,DF:DF:EE:00:00:04,-54
BLE,1703214895937535386,D3:F4:55:AB:96:20,-65
BLE,1703214896325263644,D3:F4:55:AB:96:20,-60
BLE,1703214896518712130,D3:F4:55:AB:96:20,-64
BLE,1703214896738914534,DF:A6:DC:DC:2E:81,-72
BLE,1703214896739023575,DF:DF:EE:00:00:01,-72
BLE,1703214897091795661,D3:F4:55:AB:96:20,-62
BLE,1703214897282356743,D3:F4:55:AB:96:20,-64
BLE,1703214897477146139,D3:F4:55:AB:96:20,-63
BLE,1703214897807111496,DF:DF:EE:00:00:04,-39
BLE,1703214897860284002,D3:F4:55:AB:96:20,-62
BLE,1703214898050888542,D3:F4:55:AB:96:20,-64
BLE,1703214898264619184,DF:DF:EE:00:00:04,-56
BLE,1703214898444673856,D3:F4:55:AB:96:20,-63
BLE,1703214898636475057,D3:F4:55:AB:96:20,-64
BLE,1703214898741663948,DF:A6:DC:DC:2E:81,-72
BLE,1703214898741678906,DF:DF:EE:00:00:01,-72
BLE,1703214898827718136,D3:F4:55:AB:96:20,-63
BLE,1703214899205958021,D3:F4:55:AB:96:20,-46
BLE,1703214899262258137,DF:DF:EE:00:00:04,-53
BLE,1703214899592441577,D3:F4:55:AB:96:20,-67
BLE,1703214899751995635,DF:A6:DC:DC:2E:81,-73
BLE,1703214899752039343,DF:DF:EE:00:00:01,-73
BLE,1703214899788429843,D3:F4:55:AB:96:20,-62
BLE,1703214899809758286,DF:DF:EE:00:00:04,-54
BLE,1703214899976647102,D3:F4:55:AB:96:20,-62
BLE,1703214900361008168,D3:F4:55:AB:96:20,-62
BLE,1703214900554104988,D3:F4:55:AB:96:20,-61
BLE,1703214900801291310,DF:DF:EE:00:00:04,-44
BLE,1703214901262675521,DF:DF:EE:00:00:04,-55
BLE,1703214901528676089,D3:F4:55:AB:96:20,-63
BLE,1703214901722629822,D3:F4:55:AB:96:20,-47
BLE,1703214901915164812,D3:F4:55:AB:96:20,-63
BLE,1703214902297463137,D3:F4:55:AB:96:20,-62
BLE,1703214903260983914,D3:F4:55:AB:96:20,-63
BLE,1703214903270190872,DF:DF:EE:00:00:04,-53
BLE,1703214903646154685,D3:F4:55:AB:96:20,-63
BLE,1703214903781706728,DF:A6:DC:DC:2E:81,-72
BLE,1703214903781747436,DF:DF:EE:00:00:01,-72
BLE,1703214903801748011,DF:DF:EE:00:00:04,-55
BLE,1703214904267238745,DF:DF:EE:00:00:04,-54
BLE,1703214904612314908,D3:F4:55:AB:96:20,-62
BLE,1703214904790216423,DF:A6:DC:DC:2E:81,-72
BLE,1703214904790261048,DF:DF:EE:00:00:01,-72
BLE,1703214905190534874,D3:F4:55:AB:96:20,-62
BLE,1703214905574834481,D3:F4:55:AB:96:20,-46
BLE,1703214905795909590,DF:A6:DC:DC:2E:81,-70
BLE,1703214905795950756,DF:DF:EE:00:00:01,-70
BLE,1703214905803763804,DF:DF:EE:00:00:04,-56
BLE,1703214905962128784,D3:F4:55:AB:96:20,-62
BLE,1703214906149442964,D3:F4:55:AB:96:20,-64
BLE,1703214906267440505,DF:DF:EE:00:00:04,-46
BLE,1703214906340515918,D3:F4:55:AB:96:20,-60
BLE,1703214906531848955,D3:F4:55:AB:96:20,-64
BLE,1703214906725043025,D3:F4:55:AB:96:20,-63
BLE,1703214906804812658,DF:DF:EE:00:00:04,-53
BLE,1703214906911748750,D3:F4:55:AB:96:20,-66
BLE,1703214907265894621,DF:DF:EE:00:00:04,-56
BLE,1703214907297415934,D3:F4:55:AB:96:20,-64
BLE,1703214907489811175,D3:F4:55:AB:96:20,-62
BLE,1703214907876185189,D3:F4:55:AB:96:20,-63
BLE,1703214908257690935,D3:F4:55:AB:96:20,-47
BLE,1703214908807461532,DF:DF:EE:00:00:04,-53
BLE,1703214909272402102,DF:DF:EE:00:00:04,-40
BLE,1703214909410351842,D3:F4:55:AB:96:20,-69
BLE,1703214909807414391,DF:A6:DC:DC:2E:81,-73
BLE,1703214909807458641,DF:DF:EE:00:00:01,-73
BLE,1703214909811020166,DF:DF:EE:00:00:04,-55
BLE,1703214910266516738,DF:DF:EE:00:00:04,-53
BLE,1703214910573742909,D3:F4:55:AB:96:20,-47
BLE,1703214910950702633,D3:F4:55:AB:96:20,-61
BLE,1703214911266874179,DF:DF:EE:00:00:04,-55
BLE,1703214911809934515,DF:DF:EE:00:00:04,-55
BLE,1703214912291582508,D3:F4:55:AB:96:20,-65
BLE,1703214912876058070,D3:F4:55:AB:96:20,-64
BLE,1703214913067818647,D3:F4:55:AB:96:20,-47
BLE,1703214913267630520,DF:DF:EE:00:00:04,-45
BLE,1703214913825712245,D3:F4:55:AB:96:20,-65
BLE,1703214914017850444,D3:F4:55:AB:96:20,-62
BLE,1703214914214339083,D3:F4:55:AB:96:20,-62
BLE,1703214914265003475,DF:DF:EE:00:00:04,-55
BLE,1703214914407870817,D3:F4:55:AB:96:20,-65
BLE,1703214914601928050,D3:F4:55:AB:96:20,-63
BLE,1703214914979798187,D3:F4:55:AB:96:20,-62
BLE,1703214915171973887,D3:F4:55:AB:96:20,-64
BLE,1703214915360759102,D3:F4:55:AB:96:20,-47
BLE,1703214915555440248,D3:F4:55:AB:96:20,-64
BLE,1703214915749142649,D3:F4:55:AB:96:20,-62
BLE,1703214915801219326,DF:DF:EE:00:00:04,-53
BLE,1703214915842017764,DF:A6:DC:DC:2E:81,-72
BLE,1703214915842050514,DF:DF:EE:00:00:01,-72
BLE,1703214916132608261,D3:F4:55:AB:96:20,-67
BLE,1703214916267457599,DF:DF:EE:00:00:04,-55
BLE,1703214916851602537,DF:A6:DC:DC:2E:81,-73
BLE,1703214916851653329,DF:DF:EE:00:00:01,-73
BLE,1703214917090060107,D3:F4:55:AB:96:20,-60
BLE,1703214917264757929,DF:DF:EE:00:00:04,-53
BLE,1703214917284677379,D3:F4:55:AB:96:20,-64
BLE,1703214917479674649,D3:F4:55:AB:96:20,-64
BLE,1703214917804502197,DF:DF:EE:00:00:04,-53
BLE,1703214918244733505,D3:F4:55:AB:96:20,-63
BLE,1703214919005997546,D3:F4:55:AB:96:20,-62
BLE,1703214919582372854,D3:F4:55:AB:96:20,-64
BLE,1703214919868883161,DF:A6:DC:DC:2E:81,-73
BLE,1703214919868933328,DF:DF:EE:00:00:01,-73
BLE,1703214920169844902,D3:F4:55:AB:96:20,-64
BLE,1703214920747353163,D3:F4:55:AB:96:20,-78
BLE,1703214920800310336,DF:DF:EE:00:00:04,-54
BLE,1703214920941257771,D3:F4:55:AB:96:20,-46
BLE,1703214921132048977,D3:F4:55:AB:96:20,-64
BLE,1703214921262648960,DF:DF:EE:00:00:04,-55
BLE,1703214921516301918,D3:F4:55:AB:96:20,-64
BLE,1703214921874510062,DF:A6:DC:DC:2E:81,-73
BLE,1703214921874555437,DF:DF:EE:00:00:01,-73
BLE,1703214922101338353,D3:F4:55:AB:96:20,-63
BLE,1703214922486343249,D3:F4:55:AB:96:20,-64
BLE,1703214922681331727,D3:F4:55:AB:96:20,-63
BLE,1703214922800844344,DF:DF:EE:00:00:04,-53
BLE,1703214922876579454,D3:F4:55:AB:96:20,-62
BLE,1703214922882635843,DF:A6:DC:DC:2E:81,-72
BLE,1703214922882664134,DF:DF:EE:00:00:01,-72
BLE,1703214923262725928,DF:DF:EE:00:00:04,-57
BLE,1703214923265932663,D3:F4:55:AB:96:20,-64
BLE,1703214923461543764,D3:F4:55:AB:96:20,-62
BLE,1703214923652471969,D3:F4:55:AB:96:20,-65
BLE,1703214923805791972,DF:DF:EE:00:00:04,-57
BLE,1703214923844225837,D3:F4:55:AB:96:20,-47
BLE,1703214924035215167,D3:F4:55:AB:96:20,-64
BLE,1703214924422019222,D3:F4:55:AB:96:20,-64
BLE,1703214924805114960,DF:DF:EE:00:00:04,-54
BLE,1703214924810826100,D3:F4:55:AB:96:20,-61
BLE,1703214924890203777,DF:A6:DC:DC:2E:81,-61
BLE,1703214924890238193,DF:DF:EE:00:00:01,-61
BLE,1703214924999856231,D3:F4:55:AB:96:20,-62
BLE,1703214925187874908,D3:F4:55:AB:96:20,-50
BLE,1703214925382576012,D3:F4:55:AB:96:20,-62
BLE,1703214925765316752,D3:F4:55:AB:96:20,-62
BLE,1703214925807450184,DF:DF:EE:00:00:04,-55
BLE,1703214926153899549,D3:F4:55:AB:96:20,-65
BLE,1703214926266590864,DF:DF:EE:00:00:04,-65
BLE,1703214926802857106,DF:DF:EE:00:00:04,-53
BLE,1703214926897677878,DF:A6:DC:DC:2E:81,-73
BLE,1703214926897718378,DF:DF:EE:00:00:01,-73
BLE,1703214926916811582,D3:F4:55:AB:96:20,-65
BLE,1703214927107878620,D3:F4:55:AB:96:20,-62
BLE,1703214927261831953,DF:DF:EE:00:00:04,-54
BLE,1703214927298347077,D3:F4:55:AB:96:20,-64
BLE,1703214927809309644,DF:DF:EE:00:00:04,-56
BLE,1703214927877676663,D3:F4:55:AB:96:20,-63
BLE,1703214927902058009,DF:A6:DC:DC:2E:81,-73
BLE,1703214927902093300,DF:DF:EE:00:00:01,-73
BLE,1703214928257781915,D3:F4:55:AB:96:20,-52
BLE,1703214928643063726,D3:F4:55:AB:96:20,-64
BLE,1703214928836237629,D3:F4:55:AB:96:20,-61
BLE,1703214928911603575,DF:A6:DC:DC:2E:81,-72
BLE,1703214928911651199,DF:DF:EE:00:00:01,-72
BLE,1703214929029724531,D3:F4:55:AB:96:20,-50
BLE,1703214929229069823,D3:F4:55:AB:96:20,-62
BLE,1703214929266705816,DF:DF:EE:00:00:04,-53
BLE,1703214929607677957,D3:F4:55:AB:96:20,-63
BLE,1703214929911511726,DF:A6:DC:DC:2E:81,-74
BLE,1703214929911552226,DF:DF:EE:00:00:01,-74
BLE,1703214929991374942,D3:F4:55:AB:96:20,-63
BLE,1703214930186212754,D3:F4:55:AB:96:20,-61
BLE,1703214930262256071,DF:DF:EE:00:00:04,-55
BLE,1703214930380184154,D3:F4:55:AB:96:20,-65
BLE,1703214930570087781,D3:F4:55:AB:96:20,-62
BLE,1703214930759817616,D3:F4:55:AB:96:20,-67
BLE,1703214930802186963,DF:DF:EE:00:00:04,-57
BLE,1703214930946621799,D3:F4:55:AB:96:20,-64
BLE,1703214931260482106,DF:DF:EE:00:00:04,-53
BLE,1703214931335157179,D3:F4:55:AB:96:20,-60
BLE,1703214931525088639,D3:F4:55:AB:96:20,-62
BLE,1703214931720112492,D3:F4:55:AB:96:20,-62
BLE,1703214931805232184,DF:DF:EE:00:00:04,-54
BLE,1703214931917738458,D3:F4:55:AB:96:20,-61
BLE,1703214931926509376,DF:A6:DC:DC:2E:81,-73
BLE,1703214931926546751,DF:DF:EE:00:00:01,-73
BLE,1703214932106544215,D3:F4:55:AB:96:20,-62
BLE,1703214932262681913,DF:DF:EE:00:00:04,-71
BLE,1703214932295113222,D3:F4:55:AB:96:20,-64
BLE,1703214932677380673,D3:F4:55:AB:96:20,-64
BLE,1703214932806459121,DF:DF:EE:00:00:04,-56
BLE,1703214932870910658,D3:F4:55:AB:96:20,-64
BLE,1703214933065435430,D3:F4:55:AB:96:20,-61
BLE,1703214933261094197,DF:DF:EE:00:00:04,-54
BLE,1703214933443848023,D3:F4:55:AB:96:20,-65
BLE,1703214933803493661,DF:DF:EE:00:00:04,-53
BLE,1703214933835504013,D3:F4:55:AB:96:20,-62
BLE,1703214933930275994,DF:A6:DC:DC:2E:81,-73
BLE,1703214933930303661,DF:DF:EE:00:00:01,-73
BLE,1703214934030406200,D3:F4:55:AB:96:20,-64
BLE,1703214934221482905,D3:F4:55:AB:96:20,-63
BLE,1703214934270237764,DF:DF:EE:00:00:04,-56
BLE,1703214934411114533,D3:F4:55:AB:96:20,-50
BLE,1703214934605306723,D3:F4:55:AB:96:20,-62
BLE,1703214934937491820,DF:A6:DC:DC:2E:81,-71
BLE,1703214934937521112,DF:DF:EE:00:00:01,-71
BLE,1703214934990011204,D3:F4:55:AB:96:20,-62
BLE,1703214935270060249,DF:DF:EE:00:00:04,-54
BLE,1703214935566485886,D3:F4:55:AB:96:20,-62
BLE,1703214935942619615,D3:F4:55:AB:96:20,-65
BLE,1703214936133917443,D3:F4:55:AB:96:20,-62
BLE,1703214936265261172,DF:DF:EE:00:00:04,-54
BLE,1703214936515751062,D3:F4:55:AB:96:20,-62
BLE,1703214936808967714,DF:DF:EE:00:00:04,-55
BLE,1703214936903412154,D3:F4:55:AB:96:20,-62
BLE,1703214936948191032,DF:A6:DC:DC:2E:81,-73
BLE,1703214936948215948,DF:DF:EE:00:00:01,-73
BLE,1703214937097696719,D3:F4:55:AB:96:20,-61
BLE,1703214937268207852,DF:DF:EE:00:00:04,-53
BLE,1703214937671352331,D3:F4:55:AB:96:20,-63
BLE,1703214937952401497,DF:A6:DC:DC:2E:81,-71
BLE,1703214937952446622,DF:DF:EE:00:00:01,-71
BLE,1703214938248963966,D3:F4:55:AB:96:20,-62
BLE,1703214938259768833,DF:DF:EE:00:00:04,-54
BLE,1703214938436369979,D3:F4:55:AB:96:20,-65
BLE,1703214938807803271,DF:DF:EE:00:00:04,-54
BLE,1703214938961594064,DF:A6:DC:DC:2E:81,-70
BLE,1703214938961624355,DF:DF:EE:00:00:01,-70
BLE,1703214939015213067,D3:F4:55:AB:96:20,-62
BLE,1703214939804052856,DF:DF:EE:00:00:04,-56
BLE,1703214940266144981,DF:DF:EE:00:00:04,-53
BLE,1703214940362994327,D3:F4:55:AB:96:20,-62
BLE,1703214940800134109,DF:DF:EE:00:00:04,-53
BLE,1703214940950492750,D3:F4:55:AB:96:20,-63
BLE,1703214940971536737,DF:A6:DC:DC:2E:81,-73
BLE,1703214940971586070,DF:DF:EE:00:00:01,-73
BLE,1703214941136656353,D3:F4:55:AB:96:20,-64
BLE,1703214941517336185,D3:F4:55:AB:96:20,-64
BLE,1703214941712919077,D3:F4:55:AB:96:20,-63
BLE,1703214942293964989,D3:F4:55:AB:96:20,-46
BLE,1703214942670632381,D3:F4:55:AB:96:20,-64
BLE,1703214942863292245,D3:F4:55:AB:96:20,-62
BLE,1703214943055491861,D3:F4:55:AB:96:20,-61
BLE,1703214943250841963,D3:F4:55:AB:96:20,-64
BLE,1703214943442393582,D3:F4:55:AB:96:20,-47
BLE,1703214943800514769,DF:DF:EE:00:00:04,-55
BLE,1703214943980437608,DF:A6:DC:DC:2E:81,-70
BLE,1703214943980487608,DF:DF:EE:00:00:01,-70
BLE,1703214944574191627,D3:F4:55:AB:96:20,-63
BLE,1703214944982740290,DF:A6:DC:DC:2E:81,-74
BLE,1703214944982786956,DF:DF:EE:00:00:01,-74
BLE,1703214945260149972,DF:DF:EE:00:00:04,-33
BLE,1703214945324971424,D3:F4:55:AB:96:20,-64
BLE,1703214945990402072,DF:A6:DC:DC:2E:81,-72
BLE,1703214945990457156,DF:DF:EE:00:00:01,-72
BLE,1703214946263667482,DF:DF:EE:00:00:04,-55
BLE,1703214946290307277,D3:F4:55:AB:96:20,-64
BLE,1703214946479495615,D3:F4:55:AB:96:20,-61
BLE,1703214946866204045,D3:F4:55:AB:96:20,-62
BLE,1703214946991144928,DF:A6:DC:DC:2E:81,-73
BLE,1703214946991181845,DF:DF:EE:00:00:01,-73
BLE,1703214947056762418,D3:F4:55:AB:96:20,-64
BLE,1703214947253138932,D3:F4:55:AB:96:20,-63
BLE,1703214947258704823,DF:DF:EE:00:00:04,-53
BLE,1703214947635458882,D3:F4:55:AB:96:20,-62
BLE,1703214948017377751,D3:F4:55:AB:96:20,-63
BLE,1703214948265703692,DF:DF:EE:00:00:04,-55
BLE,1703214948396876339,D3:F4:55:AB:96:20,-62
BLE,1703214948585528513,D3:F4:55:AB:96:20,-50
BLE,1703214948802424140,DF:DF:EE:00:00:04,-55
BLE,1703214948978661996,D3:F4:55:AB:96:20,-60
BLE,1703214949169724743,D3:F4:55:AB:96:20,-64
BLE,1703214949268957745,DF:DF:EE:00:00:04,-55
BLE,1703214949798740058,DF:DF:EE:00:00:04,-53
BLE,1703214950016208558,DF:A6:DC:DC:2E:81,-73
BLE,1703214950016251683,DF:DF:EE:00:00:01,-73
BLE,1703214950133131854,D3:F4:55:AB:96:20,-62
BLE,1703214950319484163,D3:F4:55:AB:96:20,-78
BLE,1703214950512971857,D3:F4:55:AB:96:20,-67
BLE,1703214950706731841,D3:F4:55:AB:96:20,-46
BLE,1703214950803167356,DF:DF:EE:00:00:04,-56
BLE,1703214950902797356,D3:F4:55:AB:96:20,-65
BLE,1703214951260316295,DF:DF:EE:00:00:04,-53
BLE,1703214951288645581,D3:F4:55:AB:96:20,-65
BLE,1703214951481647027,D3:F4:55:AB:96:20,-62
BLE,1703214951864989806,D3:F4:55:AB:96:20,-63
BLE,1703214952055093265,D3:F4:55:AB:96:20,-61
BLE,1703214952246598301,D3:F4:55:AB:96:20,-62
BLE,1703214952262807851,DF:DF:EE:00:00:04,-56
BLE,1703214953033826680,DF:A6:DC:DC:2E:81,-73
BLE,1703214953033886597,DF:DF:EE:00:00:01,-73
BLE,1703214953215389887,D3:F4:55:AB:96:20,-62
BLE,1703214953267831271,DF:DF:EE:00:00:04,-54
BLE,1703214953602202983,D3:F4:55:AB:96:20,-64
BLE,1703214953986396466,D3:F4:55:AB:96:20,-50
BLE,1703214954040900841,DF:A6:DC:DC:2E:81,-56
BLE,1703214954040950340,DF:DF:EE:00:00:01,-56
BLE,1703214954182066483,D3:F4:55:AB:96:20,-63
BLE,1703214954564369142,D3:F4:55:AB:96:20,-80
BLE,1703214954759819868,D3:F4:55:AB:96:20,-62
BLE,1703214955048662123,DF:A6:DC:DC:2E:81,-71
BLE,1703214955048694831,DF:DF:EE:00:00:01,-71
BLE,1703214955150785528,D3:F4:55:AB:96:20,-63
BLE,1703214955734117012,D3:F4:55:AB:96:20,-63
BLE,1703214955920587279,D3:F4:55:AB:96:20,-64
BLE,1703214956055626908,DF:A6:DC:DC:2E:81,-73
BLE,1703214956055647158,DF:DF:EE:00:00:01,-73
BLE,1703214956260547924,DF:DF:EE:00:00:04,-53
BLE,1703214956315444213,D3:F4:55:AB:96:20,-63
BLE,1703214956507901078,D3:F4:55:AB:96:20,-64
BLE,1703214956890744693,D3:F4:55:AB:96:20,-50
BLE,1703214957062535069,DF:A6:DC:DC:2E:81,-73
BLE,1703214957062573111,DF:DF:EE:00:00:01,-73
BLE,1703214957085574338,D3:F4:55:AB:96:20,-62
BLE,1703214957278795658,D3:F4:55:AB:96:20,-62
BLE,1703214957805080696,DF:DF:EE:00:00:04,-55
BLE,1703214957861385562,D3:F4:55:AB:96:20,-61
BLE,1703214958051402647,D3:F4:55:AB:96:20,-63
BLE,1703214958071825761,DF:A6:DC:DC:2E:81,-73
BLE,1703214958071853303,DF:DF:EE:00:00:01,-73
BLE,1703214958240477360,D3:F4:55:AB:96:20,-65
BLE,1703214958621917981,D3:F4:55:AB:96:20,-64
BLE,1703214958808469332,DF:DF:EE:00:00:04,-55
BLE,1703214958812556563,D3:F4:55:AB:96:20,-63
BLE,1703214959080059541,DF:A6:DC:DC:2E:81,-72
BLE,1703214959080113249,DF:DF:EE:00:00:01,-72
BLE,1703214959783766763,D3:F4:55:AB:96:20,-63
BLE,1703214959803307798,DF:DF:EE:00:00:04,-55
BLE,1703214960263121267,DF:DF:EE:00:00:04,-53
BLE,1703214960350445782,D3:F4:55:AB:96:20,-64
BLE,1703214960735453345,D3:F4:55:AB:96:20,-64
BLE,1703214960808043386,DF:DF:EE:00:00:04,-54
BLE,1703214960924227101,D3:F4:55:AB:96:20,-62
BLE,1703214961094376486,DF:A6:DC:DC:2E:81,-74
BLE,1703214961094413944,DF:DF:EE:00:00:01,-74
BLE,1703214961259348935,DF:DF:EE:00:00:04,-55
BLE,1703214962071164368,D3:F4:55:AB:96:20,-61
BLE,1703214962100710816,DF:A6:DC:DC:2E:81,-73
BLE,1703214962100740899,DF:DF:EE:00:00:01,-73
BLE,1703214962647209553,D3:F4:55:AB:96:20,-64
BLE,1703214962805592199,DF:DF:EE:00:00:04,-53
BLE,1703214963030494081,D3:F4:55:AB:96:20,-65
BLE,1703214963260130109,DF:DF:EE:00:00:04,-55
BLE,1703214963795659771,D3:F4:55:AB:96:20,-64
BLE,1703214963990248168,D3:F4:55:AB:96:20,-62
BLE,1703214964112153024,DF:A6:DC:DC:2E:81,-74
BLE,1703214964112191315,DF:DF:EE:00:00:01,-74
BLE,1703214964178263803,D3:F4:55:AB:96:20,-64
BLE,1703214964367800431,D3:F4:55:AB:96:20,-47
BLE,1703214965317815271,D3:F4:55:AB:96:20,-62
BLE,1703214965513890911,D3:F4:55:AB:96:20,-61
BLE,1703214965806150525,DF:DF:EE:00:00:04,-54
BLE,1703214965905606567,D3:F4:55:AB:96:20,-62
BLE,1703214966091994544,D3:F4:55:AB:96:20,-64
BLE,1703214966114880605,DF:A6:DC:DC:2E:81,-75
BLE,1703214966114910063,DF:DF:EE:00:00:01,-75
BLE,1703214966264052002,DF:DF:EE:00:00:04,-56
BLE,1703214966283286664,D3:F4:55:AB:96:20,-63
BLE,1703214966474018537,D3:F4:55:AB:96:20,-51
BLE,1703214966804480142,DF:DF:EE:00:00:04,-55
BLE,1703214966860704300,D3:F4:55:AB:96:20,-60
BLE,1703214967050259678,D3:F4:55:AB:96:20,-62
BLE,1703214967259373092,DF:DF:EE:00:00:04,-54
BLE,1703214967438373310,D3:F4:55:AB:96:20,-64
BLE,1703214967802056096,DF:DF:EE:00:00:04,-54
BLE,1703214968021090755,D3:F4:55:AB:96:20,-62
BLE,1703214968206908984,D3:F4:55:AB:96:20,-65
BLE,1703214968403335206,D3:F4:55:AB:96:20,-62
BLE,1703214968807257140,DF:DF:EE:00:00:04,-56
BLE,1703214969141027146,DF:A6:DC:DC:2E:81,-73
BLE,1703214969141069271,DF:DF:EE:00:00:01,-73
BLE,1703214969262252047,DF:DF:EE:00:00:04,-53
BLE,1703214969554758077,D3:F4:55:AB:96:20,-64
BLE,1703214969938045106,D3:F4:55:AB:96:20,-64
BLE,1703214970140676257,DF:A6:DC:DC:2E:81,-74
BLE,1703214970140710091,DF:DF:EE:00:00:01,-74
BLE,1703214970320354514,D3:F4:55:AB:96:20,-66
BLE,1703214970513213127,D3:F4:55:AB:96:20,-62
BLE,1703214970703703335,D3:F4:55:AB:96:20,-70
BLE,1703214971092101798,D3:F4:55:AB:96:20,-62
BLE,1703214971287120943,D3:F4:55:AB:96:20,-66
BLE,1703214971481206384,D3:F4:55:AB:96:20,-62
BLE,1703214971672783420,D3:F4:55:AB:96:20,-65
BLE,1703214971800537499,DF:DF:EE:00:00:04,-72
BLE,1703214972261316963,DF:DF:EE:00:00:04,-56
BLE,1703214972797087124,DF:DF:EE:00:00:04,-53
BLE,1703214972830534762,D3:F4:55:AB:96:20,-63
BLE,1703214973019288852,D3:F4:55:AB:96:20,-65
BLE,1703214973209521227,D3:F4:55:AB:96:20,-61
BLE,1703214973785935660,D3:F4:55:AB:96:20,-65
BLE,1703214973806258566,DF:DF:EE:00:00:04,-54
BLE,1703214973981660176,D3:F4:55:AB:96:20,-62
BLE,1703214974160319521,DF:A6:DC:DC:2E:81,-87
BLE,1703214974160354146,DF:DF:EE:00:00:01,-87
BLE,1703214974169837186,D3:F4:55:AB:96:20,-65
BLE,1703214974553068632,D3:F4:55:AB:96:20,-64
BLE,1703214974743352090,D3:F4:55:AB:96:20,-62
BLE,1703214974798453045,DF:DF:EE:00:00:04,-53
BLE,1703214974933414924,D3:F4:55:AB:96:20,-64
BLE,1703214975130916016,D3:F4:55:AB:96:20,-62
BLE,1703214975262360328,DF:DF:EE:00:00:04,-55
BLE,1703214975520324350,D3:F4:55:AB:96:20,-64
BLE,1703214975712985089,D3:F4:55:AB:96:20,-62
BLE,1703214975801943888,DF:DF:EE:00:00:04,-55
BLE,1703214976168154954,DF:A6:DC:DC:2E:81,-73
BLE,1703214976168187621,DF:DF:EE:00:00:01,-73
BLE,1703214976293925167,D3:F4:55:AB:96:20,-61
BLE,1703214976875355619,D3:F4:55:AB:96:20,-60
BLE,1703214977066066158,D3:F4:55:AB:96:20,-62
BLE,1703214977639637145,D3:F4:55:AB:96:20,-62
BLE,1703214977806096046,DF:DF:EE:00:00:04,-56
BLE,1703214978217153948,D3:F4:55:AB:96:20,-64
BLE,1703214978603387255,D3:F4:55:AB:96:20,-66
BLE,1703214978794690125,D3:F4:55:AB:96:20,-62
BLE,1703214978800956638,DF:DF:EE:00:00:04,-54
BLE,1703214979805735600,DF:DF:EE:00:00:04,-56
BLE,1703214979944717794,D3:F4:55:AB:96:20,-63
BLE,1703214980133305844,D3:F4:55:AB:96:20,-64
BLE,1703214980324726172,D3:F4:55:AB:96:20,-62
BLE,1703214980513535012,D3:F4:55:AB:96:20,-69
BLE,1703214980707206996,D3:F4:55:AB:96:20,-63
BLE,1703214980800174902,DF:DF:EE:00:00:04,-57
BLE,1703214980894829342,D3:F4:55:AB:96:20,-65
BLE,1703214981084822551,D3:F4:55:AB:96:20,-60
BLE,1703214981263696687,DF:DF:EE:00:00:04,-54
BLE,1703214981281113648,D3:F4:55:AB:96:20,-64
BLE,1703214981665974670,D3:F4:55:AB:96:20,-62
BLE,1703214981808237516,DF:DF:EE:00:00:04,-55
BLE,1703214982245489880,D3:F4:55:AB:96:20,-64
BLE,1703214982442996805,D3:F4:55:AB:96:20,-63
BLE,1703214982640477355,D3:F4:55:AB:96:20,-64
BLE,1703214982802313653,DF:DF:EE:00:00:04,-55
BLE,1703214983195429553,DF:A6:DC:DC:2E:81,-56
BLE,1703214983195473553,DF:DF:EE:00:00:01,-56
BLE,1703214983212301850,D3:F4:55:AB:96:20,-64
BLE,1703214983407404453,D3:F4:55:AB:96:20,-62
BLE,1703214983793501803,D3:F4:55:AB:96:20,-63
BLE,1703214983799742607,DF:DF:EE:00:00:04,-53
BLE,1703214983984699923,D3:F4:55:AB:96:20,-62
BLE,1703214984560629233,D3:F4:55:AB:96:20,-64
BLE,1703214984756105834,D3:F4:55:AB:96:20,-63
BLE,1703214984797419394,DF:DF:EE:00:00:04,-55
BLE,1703214984945428547,D3:F4:55:AB:96:20,-50
BLE,1703214985263638208,DF:DF:EE:00:00:04,-53
BLE,1703214985723758592,D3:F4:55:AB:96:20,-64
BLE,1703214985919272818,D3:F4:55:AB:96:20,-62
BLE,1703214986111468809,D3:F4:55:AB:96:20,-63
BLE,1703214986264423522,DF:DF:EE:00:00:04,-55
BLE,1703214986500274854,D3:F4:55:AB:96:20,-64
BLE,1703214987073593093,D3:F4:55:AB:96:20,-63
BLE,1703214987805721684,DF:DF:EE:00:00:04,-53
BLE,1703214987842477682,D3:F4:55:AB:96:20,-63
BLE,1703214988031576520,D3:F4:55:AB:96:20,-65
BLE,1703214988222171310,D3:F4:55:AB:96:20,-62
BLE,1703214988414262677,D3:F4:55:AB:96:20,-64
BLE,1703214988606211294,D3:F4:55:AB:96:20,-62
BLE,1703214988799400531,DF:DF:EE:00:00:04,-54
BLE,1703214989259742080,DF:DF:EE:00:00:04,-55
BLE,1703214989572387768,D3:F4:55:AB:96:20,-63
BLE,1703214989799091767,DF:DF:EE:00:00:04,-69
BLE,1703214990720303530,D3:F4:55:AB:96:20,-63
BLE,1703214990916122171,D3:F4:55:AB:96:20,-61
BLE,1703214991110000738,D3:F4:55:AB:96:20,-64
BLE,1703214991237560985,DF:A6:DC:DC:2E:81,-73
BLE,1703214991237614109,DF:DF:EE:00:00:01,-73
BLE,1703214991259310510,DF:DF:EE:00:00:04,-55
BLE,1703214991309346446,D3:F4:55:AB:96:20,-62
BLE,1703214991495055634,D3:F4:55:AB:96:20,-50
BLE,1703214991803380299,DF:DF:EE:00:00:04,-56
BLE,1703214991876362922,D3:F4:55:AB:96:20,-64
BLE,1703214992067692500,D3:F4:55:AB:96:20,-65
BLE,1703214992239143628,DF:A6:DC:DC:2E:81,-73
BLE,1703214992239173670,DF:DF:EE:00:00:01,-73
BLE,1703214992266175004,DF:DF:EE:00:00:04,-54
BLE,1703214992451618568,D3:F4:55:AB:96:20,-62
BLE,1703214992643496477,D3:F4:55:AB:96:20,-64
BLE,1703214992796972646,DF:DF:EE:00:00:04,-53
BLE,1703214993023127356,D3:F4:55:AB:96:20,-64
BLE,1703214993221368695,D3:F4:55:AB:96:20,-63
BLE,1703214993266121864,DF:DF:EE:00:00:04,-56
BLE,1703214993803648975,DF:DF:EE:00:00:04,-55
BLE,1703214993998670370,D3:F4:55:AB:96:20,-61
BLE,1703214994251284916,DF:A6:DC:DC:2E:81,-73
BLE,1703214994251329125,DF:DF:EE:00:00:01,-73
BLE,1703214994261883493,DF:DF:EE:00:00:04,-54
BLE,1703214994381030653,D3:F4:55:AB:96:20,-61
BLE,1703214994802494881,DF:DF:EE:00:00:04,-67
BLE,1703214994961320568,D3:F4:55:AB:96:20,-64
BLE,1703214995251058777,DF:A6:DC:DC:2E:81,-74
BLE,1703214995251104318,DF:DF:EE:00:00:01,-74
BLE,1703214995353560055,D3:F4:55:AB:96:20,-62
BLE,1703214995549330072,D3:F4:55:AB:96:20,-60
BLE,1703214996266300233,DF:DF:EE:00:00:04,-37
BLE,1703214996318470035,D3:F4:55:AB:96:20,-61
BLE,1703214996802056852,DF:DF:EE:00:00:04,-53
BLE,1703214996892501145,D3:F4:55:AB:96:20,-69
BLE,1703214997081425026,D3:F4:55:AB:96:20,-62
BLE,1703214997463552893,D3:F4:55:AB:96:20,-60
BLE,1703214997660018865,D3:F4:55:AB:96:20,-64
BLE,1703214997856153380,D3:F4:55:AB:96:20,-62
BLE,1703214998049171742,D3:F4:55:AB:96:20,-62
BLE,1703214998261111892,DF:DF:EE:00:00:04,-55
BLE,1703214998624100265,D3:F4:55:AB:96:20,-64
BLE,1703214999266362727,DF:DF:EE:00:00:04,-56
BLE,1703214999272355783,DF:A6:DC:DC:2E:81,-74
BLE,1703214999272383241,DF:DF:EE:00:00:01,-74
BLE,1703214999578834582,D3:F4:55:AB:96:20,-46
BLE,1703215000263272559,DF:DF:EE:00:00:04,-55
BLE,1703215000351276030,D3:F4:55:AB:96:20,-68
BLE,1703215000802887536,DF:DF:EE:00:00:04,-57
BLE,1703215000934094433,D3:F4:55:AB:96:20,-62
BLE,1703215001123624561,D3:F4:55:AB:96:20,-64
BLE,1703215001257014239,DF:DF:EE:00:00:04,-54
BLE,1703215002465786430,D3:F4:55:AB:96:20,-63
BLE,1703215002850073246,D3:F4:55:AB:96:20,-62
BLE,1703215003045700513,D3:F4:55:AB:96:20,-61
BLE,1703215003429441748,D3:F4:55:AB:96:20,-61
BLE,1703215004197646132,D3:F4:55:AB:96:20,-62
BLE,1703215004264882073,DF:DF:EE:00:00:04,-57
BLE,1703215004769548585,D3:F4:55:AB:96:20,-64
BLE,1703215004803901844,DF:DF:EE:00:00:04,-55
BLE,1703215005309570394,DF:A6:DC:DC:2E:81,-75
BLE,1703215005309617143,DF:DF:EE:00:00:01,-75
BLE,1703215006295899649,D3:F4:55:AB:96:20,-66
BLE,1703215006318254171,DF:A6:DC:DC:2E:81,-73
BLE,1703215006318291088,DF:DF:EE:00:00:01,-73
BLE,1703215007061308171,D3:F4:55:AB:96:20,-64
BLE,1703215007265288483,DF:DF:EE:00:00:04,-53
BLE,1703215007443450580,D3:F4:55:AB:96:20,-69
BLE,1703215007638743682,D3:F4:55:AB:96:20,-63
BLE,1703215007801159018,DF:DF:EE:00:00:04,-56
BLE,1703215007830410842,D3:F4:55:AB:96:20,-64
BLE,1703215008026211525,D3:F4:55:AB:96:20,-63
BLE,1703215008258744456,DF:DF:EE:00:00:04,-53
BLE,1703215008779427311,D3:F4:55:AB:96:20,-61
BLE,1703215008971427720,D3:F4:55:AB:96:20,-62
BLE,1703215009361145136,D3:F4:55:AB:96:20,-64
BLE,1703215009753442665,D3:F4:55:AB:96:20,-62
BLE,1703215009942780419,D3:F4:55:AB:96:20,-64
BLE,1703215010257638721,DF:DF:EE:00:00:04,-53
BLE,1703215010323788042,D3:F4:55:AB:96:20,-64
BLE,1703215010796804242,DF:DF:EE:00:00:04,-53
BLE,1703215010894323085,D3:F4:55:AB:96:20,-62
BLE,1703215011261719812,DF:DF:EE:00:00:04,-55
BLE,1703215011286199241,D3:F4:55:AB:96:20,-62
BLE,1703215011479746726,D3:F4:55:AB:96:20,-60
BLE,1703215012066632235,D3:F4:55:AB:96:20,-60
BLE,1703215012443165962,D3:F4:55:AB:96:20,-64
BLE,1703215012633950043,D3:F4:55:AB:96:20,-63
BLE,1703215012798460661,DF:DF:EE:00:00:04,-53
BLE,1703215012822682675,D3:F4:55:AB:96:20,-64
BLE,1703215013014684500,D3:F4:55:AB:96:20,-61
BLE,1703215013015996411,D3:F4:55:AB:96:20,-62
BLE,1703215013347645136,DF:A6:DC:DC:2E:81,-72
BLE,1703215013347700760,DF:DF:EE:00:00:01,-72
BLE,1703215013399332564,D3:F4:55:AB:96:20,-63
BLE,1703215013789614353,D3:F4:55:AB:96:20,-64
BLE,1703215013804729408,DF:DF:EE:00:00:04,-40
BLE,1703215013981248138,D3:F4:55:AB:96:20,-61
BLE,1703215014367231155,D3:F4:55:AB:96:20,-63
BLE,1703215014558568400,D3:F4:55:AB:96:20,-65
BLE,1703215014802668277,DF:DF:EE:00:00:04,-53
BLE,1703215014946317200,D3:F4:55:AB:96:20,-47
BLE,1703215015140330599,D3:F4:55:AB:96:20,-64
BLE,1703215015335704909,D3:F4:55:AB:96:20,-63
BLE,1703215015349821011,DF:A6:DC:DC:2E:81,-72
BLE,1703215015349853428,DF:DF:EE:00:00:01,-72
BLE,1703215015722191924,D3:F4:55:AB:96:20,-62
BLE,1703215015914803954,D3:F4:55:AB:96:20,-47
BLE,1703215016260280616,DF:DF:EE:00:00:04,-57
BLE,1703215016680226018,D3:F4:55:AB:96:20,-62
BLE,1703215016870903016,D3:F4:55:AB:96:20,-64
BLE,1703215017061497806,D3:F4:55:AB:96:20,-62
BLE,1703215017353466796,DF:A6:DC:DC:2E:81,-71
BLE,1703215017353509005,DF:DF:EE:00:00:01,-71
BLE,1703215017632271514,D3:F4:55:AB:96:20,-62
BLE,1703215018016658163,D3:F4:55:AB:96:20,-63
BLE,1703215018201955728,D3:F4:55:AB:96:20,-66
BLE,1703215018396558041,D3:F4:55:AB:96:20,-63
BLE,1703215018589085197,D3:F4:55:AB:96:20,-60
BLE,1703215018803468045,DF:DF:EE:00:00:04,-56
BLE,1703215018976281083,D3:F4:55:AB:96:20,-62
BLE,1703215019168409533,D3:F4:55:AB:96:20,-64
BLE,1703215019257755164,DF:DF:EE:00:00:04,-53
BLE,1703215019796537436,DF:DF:EE:00:00:04,-54
BLE,1703215019944699963,D3:F4:55:AB:96:20,-62
BLE,1703215019946015082,D3:F4:55:AB:96:20,-63
BLE,1703215020262609168,DF:DF:EE:00:00:04,-55
BLE,1703215020332837886,D3:F4:55:AB:96:20,-62
BLE,1703215020368571430,DF:A6:DC:DC:2E:81,-71
BLE,1703215020368602055,DF:DF:EE:00:00:01,-71
BLE,1703215020527320533,D3:F4:55:AB:96:20,-62
BLE,1703215020797760831,DF:DF:EE:00:00:04,-56
BLE,1703215020909005528,D3:F4:55:AB:96:20,-61
BLE,1703215021259224334,DF:DF:EE:00:00:04,-54
BLE,1703215021879731606,D3:F4:55:AB:96:20,-62
BLE,1703215022074676584,D3:F4:55:AB:96:20,-64
BLE,1703215022265096250,DF:DF:EE:00:00:04,-56
BLE,1703215022460828350,D3:F4:55:AB:96:20,-62
BLE,1703215022653903337,D3:F4:55:AB:96:20,-64
BLE,1703215022794524690,DF:DF:EE:00:00:04,-54
BLE,1703215023231927262,D3:F4:55:AB:96:20,-64
BLE,1703215023259599385,DF:DF:EE:00:00:04,-56
BLE,1703215023381602407,DF:A6:DC:DC:2E:81,-71
BLE,1703215023381643657,DF:DF:EE:00:00:01,-71
BLE,1703215023618133152,D3:F4:55:AB:96:20,-63
BLE,1703215023799137862,DF:DF:EE:00:00:04,-56
BLE,1703215024005258539,D3:F4:55:AB:96:20,-64
BLE,1703215024263116395,DF:DF:EE:00:00:04,-54
BLE,1703215024383731590,DF:A6:DC:DC:2E:81,-74
BLE,1703215024383754256,DF:DF:EE:00:00:01,-74
BLE,1703215024799968759,DF:DF:EE:00:00:04,-55
BLE,1703215025153849090,D3:F4:55:AB:96:20,-64
BLE,1703215025264717830,DF:DF:EE:00:00:04,-53
BLE,1703215025541445224,D3:F4:55:AB:96:20,-61
BLE,1703215026304914254,D3:F4:55:AB:96:20,-64
BLE,1703215026495839668,D3:F4:55:AB:96:20,-62
BLE,1703215026799140732,DF:DF:EE:00:00:04,-54
BLE,1703215026881090480,D3:F4:55:AB:96:20,-62
BLE,1703215027259381032,D3:F4:55:AB:96:20,-64
BLE,1703215027263675762,DF:DF:EE:00:00:04,-56
BLE,1703215027392349962,DF:A6:DC:DC:2E:81,-73
BLE,1703215027392406462,DF:DF:EE:00:00:01,-73
BLE,1703215027449154742,D3:F4:55:AB:96:20,-66
BLE,1703215027643545057,D3:F4:55:AB:96:20,-63
BLE,1703215027800352960,DF:DF:EE:00:00:04,-56
BLE,1703215027830285364,D3:F4:55:AB:96:20,-64
BLE,1703215028215352135,D3:F4:55:AB:96:20,-64
BLE,1703215028261109758,DF:DF:EE:00:00:04,-54
BLE,1703215028406122258,D3:F4:55:AB:96:20,-63
BLE,1703215028594237351,D3:F4:55:AB:96:20,-64
BLE,1703215028802353311,DF:DF:EE:00:00:04,-54
BLE,1703215029175476970,D3:F4:55:AB:96:20,-63
BLE,1703215029365083306,D3:F4:55:AB:96:20,-64
BLE,1703215029556891549,D3:F4:55:AB:96:20,-62
BLE,1703215029742672236,D3:F4:55:AB:96:20,-64
BLE,1703215029797027653,DF:DF:EE:00:00:04,-40
BLE,1703215029941112365,D3:F4:55:AB:96:20,-62
BLE,1703215030134633100,D3:F4:55:AB:96:20,-46
BLE,1703215031096112637,D3:F4:55:AB:96:20,-63
BLE,1703215031263952615,DF:DF:EE:00:00:04,-55
BLE,1703215031287366299,D3:F4:55:AB:96:20,-63
BLE,1703215031476258014,D3:F4:55:AB:96:20,-64
BLE,1703215031669242168,D3:F4:55:AB:96:20,-64
BLE,1703215031794383467,DF:DF:EE:00:00:04,-54
BLE,1703215032051489035,D3:F4:55:AB:96:20,-63
BLE,1703215032414313325,DF:A6:DC:DC:2E:81,-73
BLE,1703215032414362658,DF:DF:EE:00:00:01,-73
BLE,1703215032428310052,D3:F4:55:AB:96:20,-62
BLE,1703215032801953750,DF:DF:EE:00:00:04,-54
BLE,1703215033007469513,D3:F4:55:AB:96:20,-64
BLE,1703215033394110944,D3:F4:55:AB:96:20,-46
BLE,1703215033414580516,DF:A6:DC:DC:2E:81,-74
BLE,1703215033414609266,DF:DF:EE:00:00:01,-74
BLE,1703215033586322768,D3:F4:55:AB:96:20,-62
BLE,1703215033969944379,D3:F4:55:AB:96:20,-62
BLE,1703215034156707936,D3:F4:55:AB:96:20,-64
BLE,1703215034744676566,D3:F4:55:AB:96:20,-61
BLE,1703215034801499679,DF:DF:EE:00:00:04,-57
BLE,1703215035135560185,D3:F4:55:AB:96:20,-47
BLE,1703215035257989247,DF:DF:EE:00:00:04,-54
BLE,1703215035327072846,D3:F4:55:AB:96:20,-65
BLE,1703215035522222948,D3:F4:55:AB:96:20,-63
BLE,1703215035708295051,D3:F4:55:AB:96:20,-64
BLE,1703215036256720362,DF:DF:EE:00:00:04,-40
BLE,1703215036292983987,D3:F4:55:AB:96:20,-64
BLE,1703215036431748307,DF:A6:DC:DC:2E:81,-71
BLE,1703215036431788932,DF:DF:EE:00:00:01,-71
BLE,1703215037071268366,D3:F4:55:AB:96:20,-63
BLE,1703215037835256227,D3:F4:55:AB:96:20,-68
BLE,1703215038024312441,D3:F4:55:AB:96:20,-64
BLE,1703215038797895384,D3:F4:55:AB:96:20,-61
BLE,1703215038991955241,D3:F4:55:AB:96:20,-65
BLE,1703215039260958087,DF:DF:EE:00:00:04,-54
BLE,1703215039457579850,DF:A6:DC:DC:2E:81,-72
BLE,1703215039457625975,DF:DF:EE:00:00:01,-72
BLE,1703215039564449275,D3:F4:55:AB:96:20,-61
BLE,1703215039758438091,D3:F4:55:AB:96:20,-64
BLE,1703215039801835225,DF:DF:EE:00:00:04,-48
BLE,1703215040148441464,D3:F4:55:AB:96:20,-62
BLE,1703215040256829716,DF:DF:EE:00:00:04,-54
BLE,1703215040340368790,D3:F4:55:AB:96:20,-63
BLE,1703215040725220395,D3:F4:55:AB:96:20,-64
BLE,1703215040802282499,DF:DF:EE:00:00:04,-53
BLE,1703215040916237350,D3:F4:55:AB:96:20,-63
BLE,1703215041112835071,D3:F4:55:AB:96:20,-62
BLE,1703215041261243138,DF:DF:EE:00:00:04,-54
BLE,1703215041304901521,D3:F4:55:AB:96:20,-62
BLE,1703215041468292228,DF:A6:DC:DC:2E:81,-61
BLE,1703215041468314103,DF:DF:EE:00:00:01,-61
BLE,1703215041497645009,D3:F4:55:AB:96:20,-60
BLE,1703215041692971819,D3:F4:55:AB:96:20,-67
BLE,1703215041795588556,DF:DF:EE:00:00:04,-56
BLE,1703215041889786873,D3:F4:55:AB:96:20,-64
BLE,1703215042080535245,D3:F4:55:AB:96:20,-60
BLE,1703215042256240687,DF:DF:EE:00:00:04,-54
BLE,1703215042275388099,D3:F4:55:AB:96:20,-65
BLE,1703215042465971639,D3:F4:55:AB:96:20,-62
BLE,1703215042793805007,DF:DF:EE:00:00:04,-53
BLE,1703215043259269699,DF:DF:EE:00:00:04,-56
BLE,1703215043424882688,D3:F4:55:AB:96:20,-64
BLE,1703215043621505034,D3:F4:55:AB:96:20,-47
BLE,1703215043814221731,D3:F4:55:AB:96:20,-62
BLE,1703215044009317458,D3:F4:55:AB:96:20,-65
BLE,1703215044203313983,D3:F4:55:AB:96:20,-62
BLE,1703215044261897422,DF:DF:EE:00:00:04,-54
BLE,1703215044796820295,DF:DF:EE:00:00:04,-53
BLE,1703215044962637366,D3:F4:55:AB:96:20,-61
BLE,1703215045153971611,D3:F4:55:AB:96:20,-65
BLE,1703215045492306638,DF:A6:DC:DC:2E:81,-74
BLE,1703215045492365305,DF:DF:EE:00:00:01,-74
BLE,1703215045541368329,D3:F4:55:AB:96:20,-65
BLE,1703215045803526249,DF:DF:EE:00:00:04,-57
BLE,1703215046259425360,DF:DF:EE:00:00:04,-54
BLE,1703215046319836416,D3:F4:55:AB:96:20,-62
BLE,1703215046493953490,DF:A6:DC:DC:2E:81,-71
BLE,1703215046494003532,DF:DF:EE:00:00:01,-71
BLE,1703215046506062601,D3:F4:55:AB:96:20,-64
BLE,1703215046799279878,DF:DF:EE:00:00:04,-54
BLE,1703215047257054189,DF:DF:EE:00:00:04,-54
BLE,1703215047498223205,DF:A6:DC:DC:2E:81,-73
BLE,1703215047498268996,DF:DF:EE:00:00:01,-73
BLE,1703215047804666337,DF:DF:EE:00:00:04,-56
BLE,1703215047851354331,D3:F4:55:AB:96:20,-62
BLE,1703215048037976056,D3:F4:55:AB:96:20,-64
BLE,1703215048426775726,D3:F4:55:AB:96:20,-60
BLE,1703215048815909937,D3:F4:55:AB:96:20,-63
BLE,1703215049004380487,D3:F4:55:AB:96:20,-64
BLE,1703215049201140915,D3:F4:55:AB:96:20,-63
BLE,1703215049265490744,DF:DF:EE:00:00:04,-55
BLE,1703215049501564617,DF:A6:DC:DC:2E:81,-74
BLE,1703215049501604950,DF:DF:EE:00:00:01,-74
BLE,1703215049778659551,D3:F4:55:AB:96:20,-62
BLE,1703215049974557691,D3:F4:55:AB:96:20,-66
BLE,1703215050366464847,D3:F4:55:AB:96:20,-72
BLE,1703215050561875157,D3:F4:55:AB:96:20,-60
BLE,1703215051329650585,D3:F4:55:AB:96:20,-61
BLE,1703215051520323416,D3:F4:55:AB:96:20,-62
BLE,1703215051709235339,D3:F4:55:AB:96:20,-46
BLE,1703215051799614882,DF:DF:EE:00:00:04,-44
BLE,1703215051897876638,D3:F4:55:AB:96:20,-63
BLE,1703215052093160573,D3:F4:55:AB:96:20,-62
BLE,1703215052282467244,D3:F4:55:AB:96:20,-63
BLE,1703215052472040872,D3:F4:55:AB:96:20,-66
BLE,1703215052800811985,DF:DF:EE:00:00:04,-56
BLE,1703215053436014189,D3:F4:55:AB:96:20,-64
BLE,1703215053633952154,D3:F4:55:AB:96:20,-62
BLE,1703215053797992983,DF:DF:EE:00:00:04,-54
BLE,1703215053825887438,D3:F4:55:AB:96:20,-61
BLE,1703215054022116785,D3:F4:55:AB:96:20,-64
BLE,1703215054219093296,D3:F4:55:AB:96:20,-63
BLE,1703215054262760345,DF:DF:EE:00:00:04,-55
BLE,1703215054534524054,DF:A6:DC:DC:2E:81,-73
BLE,1703215054534569095,DF:DF:EE:00:00:01,-73
BLE,1703215054796505807,DF:DF:EE:00:00:04,-54
BLE,1703215054800292790,D3:F4:55:AB:96:20,-67
BLE,1703215055185861975,D3:F4:55:AB:96:20,-47
BLE,1703215055261231837,DF:DF:EE:00:00:04,-53
BLE,1703215055373321113,D3:F4:55:AB:96:20,-64
BLE,1703215055569412795,D3:F4:55:AB:96:20,-63
BLE,1703215055954072651,D3:F4:55:AB:96:20,-65
BLE,1703215056258643792,DF:DF:EE:00:00:04,-39
BLE,1703215056529817419,D3:F4:55:AB:96:20,-46
BLE,1703215056540206872,DF:A6:DC:DC:2E:81,-60
BLE,1703215056540259871,DF:DF:EE:00:00:01,-60
BLE,1703215056722103243,D3:F4:55:AB:96:20,-64
BLE,1703215056915479187,D3:F4:55:AB:96:20,-64
BLE,1703215057795633265,DF:DF:EE:00:00:04,-56
BLE,1703215057872305620,D3:F4:55:AB:96:20,-65
BLE,1703215058065199650,D3:F4:55:AB:96:20,-62
BLE,1703215058251452627,D3:F4:55:AB:96:20,-66
BLE,1703215058257681015,DF:DF:EE:00:00:04,-55
BLE,1703215058441905459,D3:F4:55:AB:96:20,-62
BLE,1703215058542635329,DF:A6:DC:DC:2E:81,-74
BLE,1703215058542655329,DF:DF:EE:00:00:01,-74
BLE,1703215058634296366,D3:F4:55:AB:96:20,-64
BLE,1703215058827208854,D3:F4:55:AB:96:20,-63
BLE,1703215059019274262,D3:F4:55:AB:96:20,-64
BLE,1703215059212329416,D3:F4:55:AB:96:20,-63
BLE,1703215059595812527,D3:F4:55:AB:96:20,-63
BLE,1703215059789687969,D3:F4:55:AB:96:20,-60
BLE,1703215060367312813,D3:F4:55:AB:96:20,-64
BLE,1703215060559767969,D3:F4:55:AB:96:20,-64
BLE,1703215060938448603,D3:F4:55:AB:96:20,-62
BLE,1703215061132954833,D3:F4:55:AB:96:20,-66
BLE,1703215061262972985,DF:DF:EE:00:00:04,-56
BLE,1703215061515866531,D3:F4:55:AB:96:20,-64
BLE,1703215061708774560,D3:F4:55:AB:96:20,-63
BLE,1703215061799218769,DF:DF:EE:00:00:04,-56
BLE,1703215062262024849,DF:DF:EE:00:00:04,-54
BLE,1703215062677627938,D3:F4:55:AB:96:20,-62
BLE,1703215062863782998,D3:F4:55:AB:96:20,-64
BLE,1703215063059138683,D3:F4:55:AB:96:20,-62
BLE,1703215063246663071,D3:F4:55:AB:96:20,-64
BLE,1703215063628293774,D3:F4:55:AB:96:20,-64
BLE,1703215063799296571,DF:DF:EE:00:00:04,-55
BLE,1703215064014243666,D3:F4:55:AB:96:20,-64
BLE,1703215064407591732,D3:F4:55:AB:96:20,-63
BLE,1703215064589757727,DF:A6:DC:DC:2E:81,-73
BLE,1703215064589799269,DF:DF:EE:00:00:01,-73
BLE,1703215064800924590,DF:DF:EE:00:00:04,-54
BLE,1703215064978283524,D3:F4:55:AB:96:20,-64
BLE,1703215065172507756,D3:F4:55:AB:96:20,-63
BLE,1703215065263302421,DF:DF:EE:00:00:04,-56
BLE,1703215065363261378,D3:F4:55:AB:96:20,-64
BLE,1703215066124486669,D3:F4:55:AB:96:20,-64
BLE,1703215066256819727,DF:DF:EE:00:00:04,-55
BLE,1703215066315843289,D3:F4:55:AB:96:20,-61
BLE,1703215067253724934,DF:DF:EE:00:00:04,-54
BLE,1703215067275136711,D3:F4:55:AB:96:20,-64
BLE,1703215067471662099,D3:F4:55:AB:96:20,-62
BLE,1703215067606089064,DF:A6:DC:DC:2E:81,-74
BLE,1703215067606143772,DF:DF:EE:00:00:01,-74
BLE,1703215067665221292,D3:F4:55:AB:96:20,-62
BLE,1703215067794681155,DF:DF:EE:00:00:04,-55
BLE,1703215068044317965,D3:F4:55:AB:96:20,-60
BLE,1703215068256186949,DF:DF:EE:00:00:04,-56
BLE,1703215068434752670,D3:F4:55:AB:96:20,-63
BLE,1703215068819970148,D3:F4:55:AB:96:20,-63
BLE,1703215069008406823,D3:F4:55:AB:96:20,-64
BLE,1703215069203632467,D3:F4:55:AB:96:20,-62
BLE,1703215069781714517,D3:F4:55:AB:96:20,-62
BLE,1703215069793699170,DF:DF:EE:00:00:04,-54
BLE,1703215070170162730,D3:F4:55:AB:96:20,-63
BLE,1703215070256823290,DF:DF:EE:00:00:04,-56
BLE,1703215070364756044,D3:F4:55:AB:96:20,-60
BLE,1703215070798498049,DF:DF:EE:00:00:04,-55
BLE,1703215071140533809,D3:F4:55:AB:96:20,-62
BLE,1703215071326790994,D3:F4:55:AB:96:20,-65
BLE,1703215071617277325,DF:A6:DC:DC:2E:81,-75
BLE,1703215071617320533,DF:DF:EE:00:00:01,-75
BLE,1703215071713728715,D3:F4:55:AB:96:20,-61
BLE,1703215072091276729,D3:F4:55:AB:96:20,-51
BLE,1703215072256085887,DF:DF:EE:00:00:04,-45
BLE,1703215072283979551,D3:F4:55:AB:96:20,-63
BLE,1703215072624532401,DF:A6:DC:DC:2E:81,-73
BLE,1703215072624574068,DF:DF:EE:00:00:01,-73
BLE,1703215072664892716,D3:F4:55:AB:96:20,-62
BLE,1703215072856094378,D3:F4:55:AB:96:20,-65
BLE,1703215073049518738,D3:F4:55:AB:96:20,-62
BLE,1703215073239192658,D3:F4:55:AB:96:20,-65
BLE,1703215073263982419,DF:DF:EE:00:00:04,-55
BLE,1703215073432258395,D3:F4:55:AB:96:20,-62
BLE,1703215074257325475,DF:DF:EE:00:00:04,-56
BLE,1703215074380081286,D3:F4:55:AB:96:20,-62
BLE,1703215074762913234,D3:F4:55:AB:96:20,-82
BLE,1703215074798290904,DF:DF:EE:00:00:04,-54
BLE,1703215075259410159,DF:DF:EE:00:00:04,-53
BLE,1703215075337942797,D3:F4:55:AB:96:20,-61
BLE,1703215075635968635,DF:A6:DC:DC:2E:81,-72
BLE,1703215075636021718,DF:DF:EE:00:00:01,-72
BLE,1703215075727387506,D3:F4:55:AB:96:20,-62
BLE,1703215075797734891,DF:DF:EE:00:00:04,-57
BLE,1703215075916335304,D3:F4:55:AB:96:20,-64
BLE,1703215076693154648,D3:F4:55:AB:96:20,-62
BLE,1703215076801746482,DF:DF:EE:00:00:04,-54
BLE,1703215077258404549,DF:DF:EE:00:00:04,-56
BLE,1703215077269946996,D3:F4:55:AB:96:20,-61
BLE,1703215077646582514,DF:A6:DC:DC:2E:81,-73
BLE,1703215077646637222,DF:DF:EE:00:00:01,-73
BLE,1703215077649418417,D3:F4:55:AB:96:20,-65
BLE,1703215077843576816,D3:F4:55:AB:96:20,-62
BLE,1703215078032101824,D3:F4:55:AB:96:20,-64
BLE,1703215078224444314,D3:F4:55:AB:96:20,-62
BLE,1703215078257444038,DF:DF:EE:00:00:04,-54
BLE,1703215078414238775,D3:F4:55:AB:96:20,-66
BLE,1703215078654839085,DF:A6:DC:DC:2E:81,-74
BLE,1703215078654883126,DF:DF:EE:00:00:01,-74
BLE,1703215078796946806,DF:DF:EE:00:00:04,-53
BLE,1703215079183177114,D3:F4:55:AB:96:20,-61
BLE,1703215079379464294,D3:F4:55:AB:96:20,-66
BLE,1703215079574521355,D3:F4:55:AB:96:20,-63
BLE,1703215079952674783,D3:F4:55:AB:96:20,-46
BLE,1703215080340051918,D3:F4:55:AB:96:20,-76
BLE,1703215080723962819,D3:F4:55:AB:96:20,-62
BLE,1703215080796358361,DF:DF:EE:00:00:04,-54
BLE,1703215080918719632,D3:F4:55:AB:96:20,-60
BLE,1703215081109918794,D3:F4:55:AB:96:20,-64
BLE,1703215081300073211,D3:F4:55:AB:96:20,-62
BLE,1703215081495128314,D3:F4:55:AB:96:20,-65
BLE,1703215081666259027,DF:A6:DC:DC:2E:81,-73
BLE,1703215081666307444,DF:DF:EE:00:00:01,-73
BLE,1703215081690836789,D3:F4:55:AB:96:20,-47
BLE,1703215081800889367,DF:DF:EE:00:00:04,-58
BLE,1703215081885655727,D3:F4:55:AB:96:20,-60
BLE,1703215082074472483,D3:F4:55:AB:96:20,-62
BLE,1703215082260041755,DF:DF:EE:00:00:04,-53
BLE,1703215082261652373,D3:F4:55:AB:96:20,-66
BLE,1703215082671720653,DF:A6:DC:DC:2E:81,-71
BLE,1703215082671773986,DF:DF:EE:00:00:01,-71
BLE,1703215082842646367,D3:F4:55:AB:96:20,-64
BLE,1703215083032040746,D3:F4:55:AB:96:20,-60
BLE,1703215083224942859,D3:F4:55:AB:96:20,-64
BLE,1703215083420724667,D3:F4:55:AB:96:20,-63
BLE,1703215083678357107,DF:A6:DC:DC:2E:81,-61
BLE,1703215083678407815,DF:DF:EE:00:00:01,-61
BLE,1703215083796189315,DF:DF:EE:00:00:04,-54
BLE,1703215084001097206,D3:F4:55:AB:96:20,-60
BLE,1703215084194881482,D3:F4:55:AB:96:20,-65
BLE,1703215084392377407,D3:F4:55:AB:96:20,-63
BLE,1703215084582542449,D3:F4:55:AB:96:20,-61
BLE,1703215084684524397,DF:A6:DC:DC:2E:81,-72
BLE,1703215084684556772,DF:DF:EE:00:00:01,-72
BLE,1703215084961147499,D3:F4:55:AB:96:20,-64
BLE,1703215085152462203,D3:F4:55:AB:96:20,-62
BLE,1703215085339746008,D3:F4:55:AB:96:20,-66
BLE,1703215085529776718,D3:F4:55:AB:96:20,-61
BLE,1703215085684826755,DF:A6:DC:DC:2E:81,-71
BLE,1703215085684868171,DF:DF:EE:00:00:01,-71
BLE,1703215085724211865,D3:F4:55:AB:96:20,-64
BLE,1703215085800959054,DF:DF:EE:00:00:04,-40
BLE,1703215086106411191,D3:F4:55:AB:96:20,-65
BLE,1703215086260443691,DF:DF:EE:00:00:04,-56
BLE,1703215086495829275,D3:F4:55:AB:96:20,-61
BLE,1703215086691339626,D3:F4:55:AB:96:20,-64
BLE,1703215086796307726,DF:DF:EE:00:00:04,-55
BLE,1703215086884886736,D3:F4:55:AB:96:20,-62
BLE,1703215087260160218,DF:DF:EE:00:00:04,-53
BLE,1703215087272257704,D3:F4:55:AB:96:20,-62
BLE,1703215087659890755,D3:F4:55:AB:96:20,-50
BLE,1703215087688771664,DF:A6:DC:DC:2E:81,-70
BLE,1703215087688802289,DF:DF:EE:00:00:01,-70
BLE,1703215087795096966,DF:DF:EE:00:00:04,-54
BLE,1703215088230830879,D3:F4:55:AB:96:20,-61
BLE,1703215088255040309,DF:DF:EE:00:00:04,-55
BLE,1703215088423867741,D3:F4:55:AB:96:20,-64
BLE,1703215088797557606,DF:DF:EE:00:00:04,-55
BLE,1703215088808849721,D3:F4:55:AB:96:20,-64
BLE,1703215089204509860,D3:F4:55:AB:96:20,-63
BLE,1703215089255122960,DF:DF:EE:00:00:04,-53
BLE,1703215089395091025,D3:F4:55:AB:96:20,-64
BLE,1703215089587228183,D3:F4:55:AB:96:20,-63
BLE,1703215089775326859,D3:F4:55:AB:96:20,-66
BLE,1703215089968727928,D3:F4:55:AB:96:20,-67
BLE,1703215090164741110,D3:F4:55:AB:96:20,-62
BLE,1703215090253493869,DF:DF:EE:00:00:04,-55
BLE,1703215090357570307,D3:F4:55:AB:96:20,-64
BLE,1703215090554528359,D3:F4:55:AB:96:20,-62
BLE,1703215090709641896,DF:A6:DC:DC:2E:81,-77
BLE,1703215090709689354,DF:DF:EE:00:00:01,-77
BLE,1703215090743680239,D3:F4:55:AB:96:20,-64
BLE,1703215090800949309,DF:DF:EE:00:00:04,-55
BLE,1703215091124852111,D3:F4:55:AB:96:20,-64
BLE,1703215091258701121,DF:DF:EE:00:00:04,-53
BLE,1703215091319087843,D3:F4:55:AB:96:20,-62
BLE,1703215091513632490,D3:F4:55:AB:96:20,-61
BLE,1703215091702589913,D3:F4:55:AB:96:20,-75
BLE,1703215091714456525,DF:A6:DC:DC:2E:81,-72
BLE,1703215091714478358,DF:DF:EE:00:00:01,-72
BLE,1703215092091112584,D3:F4:55:AB:96:20,-63
BLE,1703215092256199117,DF:DF:EE:00:00:04,-53
BLE,1703215092283160409,D3:F4:55:AB:96:20,-62
BLE,1703215092475635191,D3:F4:55:AB:96:20,-64
BLE,1703215092669996005,D3:F4:55:AB:96:20,-62
BLE,1703215092795659678,DF:DF:EE:00:00:04,-53
BLE,1703215093052962994,D3:F4:55:AB:96:20,-62
BLE,1703215093439717299,D3:F4:55:AB:96:20,-66
BLE,1703215093719439554,DF:A6:DC:DC:2E:81,-71
BLE,1703215093719476846,DF:DF:EE:00:00:01,-71
BLE,1703215094006811024,D3:F4:55:AB:96:20,-50
BLE,1703215094199423138,D3:F4:55:AB:96:20,-63
BLE,1703215094259656861,DF:DF:EE:00:00:04,-55
BLE,1703215094388637602,D3:F4:55:AB:96:20,-64
BLE,1703215094582809292,D3:F4:55:AB:96:20,-63
BLE,1703215094722100985,DF:A6:DC:DC:2E:81,-74
BLE,1703215094722128735,DF:DF:EE:00:00:01,-74
BLE,1703215094772125588,D3:F4:55:AB:96:20,-65
BLE,1703215094798736924,DF:DF:EE:00:00:04,-40
BLE,1703215094962842211,D3:F4:55:AB:96:20,-62
BLE,1703215095153323335,D3:F4:55:AB:96:20,-64
BLE,1703215095260224718,DF:DF:EE:00:00:04,-57
BLE,1703215095350840677,D3:F4:55:AB:96:20,-47
BLE,1703215095797885371,DF:DF:EE:00:00:04,-55
BLE,1703215095931052092,D3:F4:55:AB:96:20,-62
BLE,1703215096125648572,D3:F4:55:AB:96:20,-61
BLE,1703215096262377443,DF:DF:EE:00:00:04,-56
BLE,1703215096315714156,D3:F4:55:AB:96:20,-63
BLE,1703215096503708291,D3:F4:55:AB:96:20,-64
BLE,1703215096695209202,D3:F4:55:AB:96:20,-62
BLE,1703215096801645463,DF:DF:EE:00:00:04,-53
BLE,1703215096886004491,D3:F4:55:AB:96:20,-64
BLE,1703215097266198910,D3:F4:55:AB:96:20,-64
BLE,1703215097462224883,D3:F4:55:AB:96:20,-63
BLE,1703215097651998052,D3:F4:55:AB:96:20,-64
BLE,1703215097739984522,DF:A6:DC:DC:2E:81,-73
BLE,1703215097740018647,DF:DF:EE:00:00:01,-73
BLE,1703215097792859488,DF:DF:EE:00:00:04,-54
BLE,1703215098232516966,D3:F4:55:AB:96:20,-64
BLE,1703215098254918696,DF:DF:EE:00:00:04,-54
BLE,1703215098745990979,DF:A6:DC:DC:2E:81,-72
BLE,1703215098746047312,DF:DF:EE:00:00:01,-72
BLE,1703215098812281049,D3:F4:55:AB:96:20,-63
BLE,1703215099000150644,D3:F4:55:AB:96:20,-64
BLE,1703215099191780262,D3:F4:55:AB:96:20,-61
BLE,1703215099257969541,DF:DF:EE:00:00:04,-55
BLE,1703215099379530024,D3:F4:55:AB:96:20,-64
BLE,1703215099577019324,D3:F4:55:AB:96:20,-63
BLE,1703215099763408633,D3:F4:55:AB:96:20,-65
BLE,1703215099957475283,D3:F4:55:AB:96:20,-63
BLE,1703215100149518108,D3:F4:55:AB:96:20,-64
BLE,1703215100260428389,DF:DF:EE:00:00:04,-53
BLE,1703215100342628511,D3:F4:55:AB:96:20,-63
BLE,1703215100533014386,D3:F4:55:AB:96:20,-64
BLE,1703215100534532629,D3:F4:55:AB:96:20,-61
BLE,1703215100730086438,D3:F4:55:AB:96:20,-64
BLE,1703215100755823028,DF:A6:DC:DC:2E:81,-77
BLE,1703215100755844319,DF:DF:EE:00:00:01,-77
BLE,1703215100921226392,D3:F4:55:AB:96:20,-60
BLE,1703215101112868636,D3:F4:55:AB:96:20,-50
BLE,1703215101262151241,DF:DF:EE:00:00:04,-55
BLE,1703215101302342389,D3:F4:55:AB:96:20,-61
BLE,1703215101692375387,D3:F4:55:AB:96:20,-78
BLE,1703215101762054192,DF:A6:DC:DC:2E:81,-73
BLE,1703215101762087525,DF:DF:EE:00:00:01,-73
BLE,1703215102072514472,D3:F4:55:AB:96:20,-63
BLE,1703215102254836676,DF:DF:EE:00:00:04,-56
BLE,1703215102457566368,D3:F4:55:AB:96:20,-62
BLE,1703215102646158626,D3:F4:55:AB:96:20,-64
BLE,1703215102797393514,DF:DF:EE:00:00:04,-57
BLE,1703215103040867727,D3:F4:55:AB:96:20,-63
BLE,1703215103234866710,D3:F4:55:AB:96:20,-61
BLE,1703215103427250284,D3:F4:55:AB:96:20,-62
BLE,1703215103618769736,D3:F4:55:AB:96:20,-61
BLE,1703215103772826778,DF:A6:DC:DC:2E:81,-75
BLE,1703215103772881278,DF:DF:EE:00:00:01,-75
BLE,1703215103791156735,DF:DF:EE:00:00:04,-53
BLE,1703215103807863325,D3:F4:55:AB:96:20,-63
BLE,1703215103996026626,D3:F4:55:AB:96:20,-69
BLE,1703215104260513202,DF:DF:EE:00:00:04,-54
BLE,1703215104391771056,D3:F4:55:AB:96:20,-46
BLE,1703215105560891846,D3:F4:55:AB:96:20,-63
BLE,1703215105756811570,D3:F4:55:AB:96:20,-46
BLE,1703215105789520337,DF:A6:DC:DC:2E:81,-73
BLE,1703215105789531045,DF:DF:EE:00:00:01,-73
BLE,1703215105795004020,DF:DF:EE:00:00:04,-54
BLE,1703215105946566031,D3:F4:55:AB:96:20,-47
BLE,1703215106255244528,DF:DF:EE:00:00:04,-53
BLE,1703215106330965222,D3:F4:55:AB:96:20,-62
BLE,1703215106713508546,D3:F4:55:AB:96:20,-63
BLE,1703215106797761283,DF:DF:EE:00:00:04,-54
BLE,1703215106900317520,D3:F4:55:AB:96:20,-63
BLE,1703215107255454428,DF:DF:EE:00:00:04,-38
BLE,1703215107282732469,D3:F4:55:AB:96:20,-66
BLE,1703215107791214589,DF:A6:DC:DC:2E:81,-72
BLE,1703215107791248673,DF:DF:EE:00:00:01,-72
BLE,1703215107797173520,DF:DF:EE:00:00:04,-53
BLE,1703215108060035228,D3:F4:55:AB:96:20,-62
BLE,1703215108245726624,D3:F4:55:AB:96:20,-64
BLE,1703215108435342919,D3:F4:55:AB:96:20,-61
BLE,1703215108627737201,D3:F4:55:AB:96:20,-69
BLE,1703215108789506248,DF:A6:DC:DC:2E:81,-73
BLE,1703215108789524332,DF:DF:EE:00:00:01,-73
BLE,1703215108817510411,D3:F4:55:AB:96:20,-62
BLE,1703215109006371334,D3:F4:55:AB:96:20,-63
BLE,1703215109192753352,D3:F4:55:AB:96:20,-64
BLE,1703215109388916783,D3:F4:55:AB:96:20,-62
BLE,1703215109584833507,D3:F4:55:AB:96:20,-62
BLE,1703215109779958318,D3:F4:55:AB:96:20,-64
BLE,1703215109794153170,DF:DF:EE:00:00:04,-56
BLE,1703215109971554604,D3:F4:55:AB:96:20,-62
BLE,1703215110262206100,DF:DF:EE:00:00:04,-56
BLE,1703215110353980387,D3:F4:55:AB:96:20,-62
BLE,1703215110543570848,D3:F4:55:AB:96:20,-64
BLE,1703215110792744744,DF:DF:EE:00:00:04,-53
BLE,1703215110937917160,D3:F4:55:AB:96:20,-62
BLE,1703215111125932337,D3:F4:55:AB:96:20,-64
BLE,1703215111253914373,DF:DF:EE:00:00:04,-55
BLE,1703215111508905284,D3:F4:55:AB:96:20,-50
BLE,1703215111706196251,D3:F4:55:AB:96:20,-62
BLE,1703215111896026045,D3:F4:55:AB:96:20,-65
BLE,1703215112089808987,D3:F4:55:AB:96:20,-62
BLE,1703215112258506503,DF:DF:EE:00:00:04,-53
BLE,1703215112283962094,D3:F4:55:AB:96:20,-61
BLE,1703215112474704759,D3:F4:55:AB:96:20,-65
BLE,1703215112671021981,D3:F4:55:AB:96:20,-46
BLE,1703215112791462427,DF:DF:EE:00:00:04,-53
BLE,1703215112809539594,DF:A6:DC:DC:2E:81,-74
BLE,1703215112809549302,DF:DF:EE:00:00:01,-74
BLE,1703215112859194949,D3:F4:55:AB:96:20,-64
BLE,1703215113056468208,D3:F4:55:AB:96:20,-67
BLE,1703215113242500394,D3:F4:55:AB:96:20,-64
BLE,1703215113256505830,DF:DF:EE:00:00:04,-58
BLE,1703215113441019856,D3:F4:55:AB:96:20,-75
BLE,1703215113822824267,D3:F4:55:AB:96:20,-62
BLE,1703215114020131776,D3:F4:55:AB:96:20,-47
BLE,1703215114597656037,D3:F4:55:AB:96:20,-46
BLE,1703215114984206634,D3:F4:55:AB:96:20,-61
BLE,1703215115262366647,DF:DF:EE:00:00:04,-55
BLE,1703215115366226794,D3:F4:55:AB:96:20,-62
BLE,1703215115753299347,D3:F4:55:AB:96:20,-63
BLE,1703215115799288469,DF:DF:EE:00:00:04,-54
BLE,1703215116143829926,D3:F4:55:AB:96:20,-64
BLE,1703215116338605614,D3:F4:55:AB:96:20,-63
BLE,1703215116525166214,D3:F4:55:AB:96:20,-63
BLE,1703215116721851101,D3:F4:55:AB:96:20,-63
BLE,1703215116819489652,DF:A6:DC:DC:2E:81,-76
BLE,1703215116819502111,DF:DF:EE:00:00:01,-76
BLE,1703215116908562326,D3:F4:55:AB:96:20,-64
BLE,1703215117292632435,D3:F4:55:AB:96:20,-65
BLE,1703215117484769968,D3:F4:55:AB:96:20,-63
BLE,1703215117823790492,DF:A6:DC:DC:2E:81,-73
BLE,1703215117823826117,DF:DF:EE:00:00:01,-73
BLE,1703215117867435916,D3:F4:55:AB:96:20,-63
BLE,1703215118062690477,D3:F4:55:AB:96:20,-47
BLE,1703215118254788218,D3:F4:55:AB:96:20,-61
BLE,1703215118644285094,D3:F4:55:AB:96:20,-63
BLE,1703215118793045118,DF:DF:EE:00:00:04,-56
BLE,1703215118829012286,DF:A6:DC:DC:2E:81,-70
BLE,1703215118829075827,DF:DF:EE:00:00:01,-70
BLE,1703215119032829223,D3:F4:55:AB:96:20,-61
BLE,1703215119419820069,D3:F4:55:AB:96:20,-63
BLE,1703215119608887074,D3:F4:55:AB:96:20,-50
BLE,1703215119799510156,DF:DF:EE:00:00:04,-55
BLE,1703215119804589007,D3:F4:55:AB:96:20,-76
BLE,1703215119993494097,D3:F4:55:AB:96:20,-51
BLE,1703215120187891078,D3:F4:55:AB:96:20,-62
BLE,1703215120257249176,DF:DF:EE:00:00:04,-58
BLE,1703215120764512760,D3:F4:55:AB:96:20,-46
BLE,1703215120796016240,DF:DF:EE:00:00:04,-55
BLE,1703215120841183657,DF:A6:DC:DC:2E:81,-57
BLE,1703215120841195615,DF:DF:EE:00:00:01,-57
BLE,1703215120956045795,D3:F4:55:AB:96:20,-64
BLE,1703215121149815529,D3:F4:55:AB:96:20,-61
BLE,1703215121340847151,D3:F4:55:AB:96:20,-64
BLE,1703215121539166364,D3:F4:55:AB:96:20,-62
BLE,1703215121735686752,D3:F4:55:AB:96:20,-62
BLE,1703215121790454250,DF:DF:EE:00:00:04,-52
BLE,1703215122794786839,DF:DF:EE:00:00:04,-55
BLE,1703215122850832998,DF:A6:DC:DC:2E:81,-73
BLE,1703215122850845456,DF:DF:EE:00:00:01,-73
BLE,1703215122905547538,D3:F4:55:AB:96:20,-62
BLE,1703215123097385864,D3:F4:55:AB:96:20,-63
BLE,1703215123257202296,DF:DF:EE:00:00:04,-53
BLE,1703215123678541817,D3:F4:55:AB:96:20,-47
BLE,1703215123795019989,DF:DF:EE:00:00:04,-54
BLE,1703215124259047855,DF:DF:EE:00:00:04,-56
BLE,1703215124442389762,D3:F4:55:AB:96:20,-67
BLE,1703215124636642827,D3:F4:55:AB:96:20,-62
BLE,1703215124798878873,DF:DF:EE:00:00:04,-55
BLE,1703215124861152294,DF:A6:DC:DC:2E:81,-71
BLE,1703215124861165128,DF:DF:EE:00:00:01,-71
BLE,1703215125024283919,D3:F4:55:AB:96:20,-47
BLE,1703215125259579837,DF:DF:EE:00:00:04,-54
BLE,1703215125407431991,D3:F4:55:AB:96:20,-64
BLE,1703215125602300344,D3:F4:55:AB:96:20,-60
BLE,1703215126362901430,D3:F4:55:AB:96:20,-65
BLE,1703215126796660102,DF:DF:EE:00:00:04,-54
BLE,1703215126864582914,DF:A6:DC:DC:2E:81,-71
BLE,1703215126864596956,DF:DF:EE:00:00:01,-71
BLE,1703215126940367899,D3:F4:55:AB:96:20,-62
BLE,1703215127257848397,DF:DF:EE:00:00:04,-53
BLE,1703215127521199019,D3:F4:55:AB:96:20,-62
BLE,1703215127717076410,D3:F4:55:AB:96:20,-62
BLE,1703215127795528300,DF:DF:EE:00:00:04,-76
BLE,1703215127872843736,DF:A6:DC:DC:2E:81,-71
BLE,1703215127872857361,DF:DF:EE:00:00:01,-71
BLE,1703215128482391932,D3:F4:55:AB:96:20,-61
BLE,1703215128798292688,DF:DF:EE:00:00:04,-57
BLE,1703215128872878512,D3:F4:55:AB:96:20,-47
BLE,1703215129060437107,D3:F4:55:AB:96:20,-63
BLE,1703215129253336554,D3:F4:55:AB:96:20,-62
BLE,1703215129257946282,DF:DF:EE:00:00:04,-56
BLE,1703215129878644553,DF:A6:DC:DC:2E:81,-72
BLE,1703215129878679803,DF:DF:EE:00:00:01,-72
BLE,1703215130220379148,D3:F4:55:AB:96:20,-63
BLE,1703215130253179580,DF:DF:EE:00:00:04,-53
BLE,1703215130411291228,D3:F4:55:AB:96:20,-65
BLE,1703215130605354877,D3:F4:55:AB:96:20,-63
BLE,1703215130791067857,DF:DF:EE:00:00:04,-54
BLE,1703215130801501142,D3:F4:55:AB:96:20,-60
BLE,1703215130994459671,D3:F4:55:AB:96:20,-50
BLE,1703215131259775076,DF:DF:EE:00:00:04,-56
BLE,1703215131378028366,D3:F4:55:AB:96:20,-77
BLE,1703215131571184477,D3:F4:55:AB:96:20,-47
BLE,1703215131761077854,D3:F4:55:AB:96:20,-80
BLE,1703215131791825921,DF:DF:EE:00:00:04,-56
BLE,1703215131953382011,D3:F4:55:AB:96:20,-46
BLE,1703215132256366910,DF:DF:EE:00:00:04,-54
BLE,1703215132722460974,D3:F4:55:AB:96:20,-63
BLE,1703215133490482234,D3:F4:55:AB:96:20,-50
BLE,1703215133687809285,D3:F4:55:AB:96:20,-63
BLE,1703215133792867593,DF:DF:EE:00:00:04,-55
BLE,1703215133877835119,D3:F4:55:AB:96:20,-77
BLE,1703215133895416747,DF:A6:DC:DC:2E:81,-75
BLE,1703215133895446997,DF:DF:EE:00:00:01,-75
BLE,1703215134258152579,DF:DF:EE:00:00:04,-53
BLE,1703215134268805155,D3:F4:55:AB:96:20,-60
BLE,1703215134461824767,D3:F4:55:AB:96:20,-64
BLE,1703215134798820550,DF:DF:EE:00:00:04,-54
BLE,1703215135043203718,D3:F4:55:AB:96:20,-64
BLE,1703215135235713166,D3:F4:55:AB:96:20,-61
BLE,1703215135426294998,D3:F4:55:AB:96:20,-64
BLE,1703215135623822173,D3:F4:55:AB:96:20,-62
BLE,1703215135800555110,DF:DF:EE:00:00:04,-54
BLE,1703215136255552184,DF:DF:EE:00:00:04,-56
BLE,1703215136778378446,D3:F4:55:AB:96:20,-64
BLE,1703215136974209421,D3:F4:55:AB:96:20,-62
BLE,1703215137160134566,D3:F4:55:AB:96:20,-64
BLE,1703215137260955894,DF:DF:EE:00:00:04,-55
BLE,1703215137351349770,D3:F4:55:AB:96:20,-61
BLE,1703215137739180403,D3:F4:55:AB:96:20,-47
BLE,1703215137795701810,DF:DF:EE:00:00:04,-54
BLE,1703215138125005004,D3:F4:55:AB:96:20,-64
BLE,1703215138323987297,D3:F4:55:AB:96:20,-62
BLE,1703215138517639031,D3:F4:55:AB:96:20,-60
BLE,1703215138921814464,DF:A6:DC:DC:2E:81,-70
BLE,1703215138921847964,DF:DF:EE:00:00:01,-70
BLE,1703215139097301865,D3:F4:55:AB:96:20,-64
BLE,1703215139251854946,DF:DF:EE:00:00:04,-53
BLE,1703215139482342261,D3:F4:55:AB:96:20,-62
BLE,1703215139677889945,D3:F4:55:AB:96:20,-50
BLE,1703215139794053911,DF:DF:EE:00:00:04,-53
BLE,1703215139869411898,D3:F4:55:AB:96:20,-63
BLE,1703215139928305585,DF:A6:DC:DC:2E:81,-74
BLE,1703215139928316835,DF:DF:EE:00:00:01,-74
BLE,1703215140259002814,DF:DF:EE:00:00:04,-50
BLE,1703215140797060382,DF:DF:EE:00:00:04,-57
BLE,1703215140826567079,D3:F4:55:AB:96:20,-50
BLE,1703215140931618388,DF:A6:DC:DC:2E:81,-73
BLE,1703215140931650054,DF:DF:EE:00:00:01,-73
BLE,1703215141024399503,D3:F4:55:AB:96:20,-62
BLE,1703215141258403718,DF:DF:EE:00:00:04,-53
BLE,1703215141599913981,D3:F4:55:AB:96:20,-46
BLE,1703215141983116677,D3:F4:55:AB:96:20,-60
BLE,1703215142259295699,DF:DF:EE:00:00:04,-55
BLE,1703215142362688181,D3:F4:55:AB:96:20,-61
BLE,1703215142797918513,DF:DF:EE:00:00:04,-55
BLE,1703215142937361414,DF:A6:DC:DC:2E:81,-86
BLE,1703215142937393038,DF:DF:EE:00:00:01,-86
BLE,1703215143259423682,DF:DF:EE:00:00:04,-53
BLE,1703215143507110460,D3:F4:55:AB:96:20,-64
BLE,1703215143700704903,D3:F4:55:AB:96:20,-62
BLE,1703215143886182342,D3:F4:55:AB:96:20,-63
BLE,1703215144077474129,D3:F4:55:AB:96:20,-61
BLE,1703215144254865979,DF:DF:EE:00:00:04,-52
BLE,1703215144268234001,D3:F4:55:AB:96:20,-66
BLE,1703215144654689432,D3:F4:55:AB:96:20,-64
BLE,1703215144794606289,DF:DF:EE:00:00:04,-53
BLE,1703215145047702292,D3:F4:55:AB:96:20,-62
BLE,1703215145254481341,DF:DF:EE:00:00:04,-55
BLE,1703215145433675183,D3:F4:55:AB:96:20,-47
BLE,1703215145620685990,D3:F4:55:AB:96:20,-63
BLE,1703215145793861110,DF:DF:EE:00:00:04,-56
BLE,1703215145815690093,D3:F4:55:AB:96:20,-63
BLE,1703215145953662584,DF:A6:DC:DC:2E:81,-73
BLE,1703215145953690833,DF:DF:EE:00:00:01,-73
BLE,1703215146005339304,D3:F4:55:AB:96:20,-64
BLE,1703215146197398671,D3:F4:55:AB:96:20,-63
BLE,1703215146252777500,DF:DF:EE:00:00:04,-53
BLE,1703215146386802467,D3:F4:55:AB:96:20,-64
BLE,1703215146581718195,D3:F4:55:AB:96:20,-62
BLE,1703215146775615345,D3:F4:55:AB:96:20,-62
BLE,1703215146791907229,DF:DF:EE:00:00:04,-53
BLE,1703215146958709336,DF:A6:DC:DC:2E:81,-72
BLE,1703215146958778003,DF:DF:EE:00:00:01,-72
BLE,1703215146965973511,D3:F4:55:AB:96:20,-62
BLE,1703215147157270840,D3:F4:55:AB:96:20,-61
BLE,1703215147550237574,D3:F4:55:AB:96:20,-62
BLE,1703215147747931457,D3:F4:55:AB:96:20,-63
BLE,1703215147936277841,D3:F4:55:AB:96:20,-64
BLE,1703215147958481405,DF:A6:DC:DC:2E:81,-59
BLE,1703215147958496238,DF:DF:EE:00:00:01,-59
BLE,1703215148132464313,D3:F4:55:AB:96:20,-63
BLE,1703215148254375669,DF:DF:EE:00:00:04,-54
BLE,1703215148319478953,D3:F4:55:AB:96:20,-70
BLE,1703215148795184849,DF:DF:EE:00:00:04,-37
BLE,1703215148891126366,D3:F4:55:AB:96:20,-60
BLE,1703215148966208062,DF:A6:DC:DC:2E:81,-73
BLE,1703215148966225021,DF:DF:EE:00:00:01,-73
BLE,1703215149083028400,D3:F4:55:AB:96:20,-64
BLE,1703215149260763291,DF:DF:EE:00:00:04,-55
BLE,1703215149662205403,D3:F4:55:AB:96:20,-63
BLE,1703215149799935478,DF:DF:EE:00:00:04,-55
BLE,1703215149852200321,D3:F4:55:AB:96:20,-50
BLE,1703215149969385616,DF:A6:DC:DC:2E:81,-70
BLE,1703215149969417990,DF:DF:EE:00:00:01,-70
BLE,1703215150235645516,D3:F4:55:AB:96:20,-50
BLE,1703215150253216769,DF:DF:EE:00:00:04,-53
BLE,1703215150430191746,D3:F4:55:AB:96:20,-62
BLE,1703215151005743308,D3:F4:55:AB:96:20,-62
BLE,1703215151201108576,D3:F4:55:AB:96:20,-64
BLE,1703215151779965247,D3:F4:55:AB:96:20,-62
BLE,1703215151975502931,D3:F4:55:AB:96:20,-62
BLE,1703215152743551774,D3:F4:55:AB:96:20,-62
BLE,1703215152932955611,D3:F4:55:AB:96:20,-64
BLE,1703215153121796868,D3:F4:55:AB:96:20,-62
BLE,1703215153249974070,DF:DF:EE:00:00:04,-54
BLE,1703215153317081262,D3:F4:55:AB:96:20,-64
BLE,1703215153797221970,DF:DF:EE:00:00:04,-56
BLE,1703215154093446108,D3:F4:55:AB:96:20,-47
BLE,1703215154253556538,DF:DF:EE:00:00:04,-55
BLE,1703215154285289392,D3:F4:55:AB:96:20,-64
BLE,1703215154479585415,D3:F4:55:AB:96:20,-62
BLE,1703215154664793647,D3:F4:55:AB:96:20,-64
BLE,1703215154861006161,D3:F4:55:AB:96:20,-62
BLE,1703215154989341071,DF:A6:DC:DC:2E:81,-72
BLE,1703215154989394112,DF:DF:EE:00:00:01,-72
BLE,1703215155049920751,D3:F4:55:AB:96:20,-69
BLE,1703215155254165895,DF:DF:EE:00:00:04,-53
BLE,1703215155439695083,D3:F4:55:AB:96:20,-60
BLE,1703215155795880028,DF:DF:EE:00:00:04,-54
BLE,1703215155818342592,D3:F4:55:AB:96:20,-56
BLE,1703215156007181390,D3:F4:55:AB:96:20,-47
BLE,1703215156255370457,DF:DF:EE:00:00:04,-55
BLE,1703215156591327037,D3:F4:55:AB:96:20,-63
BLE,1703215156780433126,D3:F4:55:AB:96:20,-64
BLE,1703215157000939570,DF:A6:DC:DC:2E:81,-86
BLE,1703215157000956570,DF:DF:EE:00:00:01,-86
BLE,1703215157166512017,D3:F4:55:AB:96:20,-66
BLE,1703215157556111100,D3:F4:55:AB:96:20,-60
BLE,1703215158008350020,DF:A6:DC:DC:2E:81,-72
BLE,1703215158008385270,DF:DF:EE:00:00:01,-72
BLE,1703215158131330413,D3:F4:55:AB:96:20,-51
BLE,1703215158796652311,DF:DF:EE:00:00:04,-55
BLE,1703215159014257519,DF:A6:DC:DC:2E:81,-70
BLE,1703215159014290436,DF:DF:EE:00:00:01,-70
BLE,1703215159088823301,D3:F4:55:AB:96:20,-63
BLE,1703215159258216397,DF:DF:EE:00:00:04,-53
BLE,1703215159675296021,D3:F4:55:AB:96:20,-63
BLE,1703215159793443436,DF:DF:EE:00:00:04,-53
BLE,1703215159862479785,D3:F4:55:AB:96:20,-64
BLE,1703215160055940395,D3:F4:55:AB:96:20,-64
BLE,1703215160248664717,D3:F4:55:AB:96:20,-64
BLE,1703215160254693814,DF:DF:EE:00:00:04,-55
BLE,1703215160635871603,D3:F4:55:AB:96:20,-60
BLE,1703215161021829036,D3:F4:55:AB:96:20,-61
BLE,1703215161210559710,D3:F4:55:AB:96:20,-64
BLE,1703215161252147519,DF:DF:EE:00:00:04,-55
BLE,1703215161406049978,D3:F4:55:AB:96:20,-67
BLE,1703215161598667717,D3:F4:55:AB:96:20,-50
BLE,1703215161794078235,D3:F4:55:AB:96:20,-62
BLE,1703215161797300595,DF:DF:EE:00:00:04,-54
BLE,1703215161984572150,D3:F4:55:AB:96:20,-61
BLE,1703215162025983168,DF:A6:DC:DC:2E:81,-59
BLE,1703215162025996460,DF:DF:EE:00:00:01,-59
BLE,1703215162378527172,D3:F4:55:AB:96:20,-62
BLE,1703215162571649284,D3:F4:55:AB:96:20,-61
BLE,1703215162767316592,D3:F4:55:AB:96:20,-64
BLE,1703215162960805994,D3:F4:55:AB:96:20,-62
BLE,1703215163153511900,D3:F4:55:AB:96:20,-60
BLE,1703215163255669013,DF:DF:EE:00:00:04,-57
BLE,1703215163343217277,D3:F4:55:AB:96:20,-63
BLE,1703215163539106335,D3:F4:55:AB:96:20,-61
BLE,1703215163921103245,D3:F4:55:AB:96:20,-62
BLE,1703215164032392816,DF:A6:DC:DC:2E:81,-72
BLE,1703215164032409524,DF:DF:EE:00:00:01,-72
BLE,1703215164117000260,D3:F4:55:AB:96:20,-65
BLE,1703215164790475621,DF:DF:EE:00:00:04,-53
BLE,1703215164889535541,D3:F4:55:AB:96:20,-61
BLE,1703215165254281738,DF:DF:EE:00:00:04,-55
BLE,1703215165269222795,D3:F4:55:AB:96:20,-61
BLE,1703215165458470633,D3:F4:55:AB:96:20,-64
BLE,1703215165651740827,D3:F4:55:AB:96:20,-61
BLE,1703215165799196899,DF:DF:EE:00:00:04,-40
BLE,1703215165842861948,D3:F4:55:AB:96:20,-64
BLE,1703215166028941217,D3:F4:55:AB:96:20,-69
BLE,1703215166045230143,DF:A6:DC:DC:2E:81,-74
BLE,1703215166045243434,DF:DF:EE:00:00:01,-74
BLE,1703215166609307757,D3:F4:55:AB:96:20,-63
BLE,1703215167047773699,DF:A6:DC:DC:2E:81,-70
BLE,1703215167047832657,DF:DF:EE:00:00:01,-70
BLE,1703215167369315512,D3:F4:55:AB:96:20,-67
BLE,1703215167555911153,D3:F4:55:AB:96:20,-64
BLE,1703215167938066729,D3:F4:55:AB:96:20,-67
BLE,1703215168253025989,DF:DF:EE:00:00:04,-53
BLE,1703215168323079209,D3:F4:55:AB:96:20,-69
BLE,1703215168900580678,D3:F4:55:AB:96:20,-47
BLE,1703215169091873423,D3:F4:55:AB:96:20,-64
BLE,1703215169673259749,D3:F4:55:AB:96:20,-64
BLE,1703215169867394940,D3:F4:55:AB:96:20,-63
BLE,1703215170252091129,DF:DF:EE:00:00:04,-55
BLE,1703215170837533770,D3:F4:55:AB:96:20,-63
BLE,1703215171031900918,D3:F4:55:AB:96:20,-61
BLE,1703215171055136769,DF:A6:DC:DC:2E:81,-71
BLE,1703215171055169811,DF:DF:EE:00:00:01,-71
BLE,1703215171253806814,DF:DF:EE:00:00:04,-53
BLE,1703215171413201914,D3:F4:55:AB:96:20,-61
BLE,1703215171791493466,DF:DF:EE:00:00:04,-53
BLE,1703215171793185375,DF:DF:EE:00:00:04,-55
BLE,1703215171796063070,D3:F4:55:AB:96:20,-61
BLE,1703215171985147742,D3:F4:55:AB:96:20,-63
BLE,1703215172171303303,D3:F4:55:AB:96:20,-64
BLE,1703215172252903386,DF:DF:EE:00:00:04,-55
BLE,1703215172362082175,D3:F4:55:AB:96:20,-61
BLE,1703215172553292421,D3:F4:55:AB:96:20,-65
BLE,1703215172743825670,D3:F4:55:AB:96:20,-62
BLE,1703215173126986658,D3:F4:55:AB:96:20,-61
BLE,1703215173250246091,DF:DF:EE:00:00:04,-53
BLE,1703215173317387199,D3:F4:55:AB:96:20,-64
BLE,1703215173514535584,D3:F4:55:AB:96:20,-62
BLE,1703215173793798466,DF:DF:EE:00:00:04,-54
BLE,1703215174073964344,DF:A6:DC:DC:2E:81,-73
BLE,1703215174074008802,DF:DF:EE:00:00:01,-73
BLE,1703215174093796961,D3:F4:55:AB:96:20,-62
BLE,1703215174256371214,DF:DF:EE:00:00:04,-40
BLE,1703215174284965332,D3:F4:55:AB:96:20,-64
BLE,1703215175057560612,D3:F4:55:AB:96:20,-61
BLE,1703215175075765320,DF:A6:DC:DC:2E:81,-73
BLE,1703215175075795737,DF:DF:EE:00:00:01,-73
BLE,1703215175255156912,DF:DF:EE:00:00:04,-53
BLE,1703215175436590703,D3:F4:55:AB:96:20,-64
BLE,1703215176080227909,DF:A6:DC:DC:2E:81,-73
BLE,1703215176080284909,DF:DF:EE:00:00:01,-73
BLE,1703215176212470968,D3:F4:55:AB:96:20,-63
BLE,1703215176590171981,D3:F4:55:AB:96:20,-62
BLE,1703215176976376830,D3:F4:55:AB:96:20,-47
BLE,1703215177079627438,DF:A6:DC:DC:2E:81,-73
BLE,1703215177079685146,DF:DF:EE:00:00:01,-73
BLE,1703215177258727406,DF:DF:EE:00:00:04,-53
BLE,1703215177555171543,D3:F4:55:AB:96:20,-62
BLE,1703215177795280813,DF:DF:EE:00:00:04,-54
BLE,1703215178085890727,DF:A6:DC:DC:2E:81,-74
BLE,1703215178085934310,DF:DF:EE:00:00:01,-74
BLE,1703215178119879071,D3:F4:55:AB:96:20,-62
BLE,1703215178693405308,D3:F4:55:AB:96:20,-66
BLE,1703215178885864965,D3:F4:55:AB:96:20,-62
BLE,1703215179076384047,D3:F4:55:AB:96:20,-64
BLE,1703215179088786740,DF:A6:DC:DC:2E:81,-57
BLE,1703215179088818990,DF:DF:EE:00:00:01,-57
BLE,1703215179267677167,D3:F4:55:AB:96:20,-62
BLE,1703215179651877942,D3:F4:55:AB:96:20,-46
BLE,1703215179791767048,DF:DF:EE:00:00:04,-69
BLE,1703215180254683586,DF:DF:EE:00:00:04,-54
BLE,1703215180791259285,DF:DF:EE:00:00:04,-38
BLE,1703215180806834255,D3:F4:55:AB:96:20,-75
BLE,1703215181187526504,D3:F4:55:AB:96:20,-63
BLE,1703215181380955657,D3:F4:55:AB:96:20,-47
BLE,1703215181957490588,D3:F4:55:AB:96:20,-64
BLE,1703215182105922073,DF:A6:DC:DC:2E:81,-72
BLE,1703215182105963239,DF:DF:EE:00:00:01,-72
BLE,1703215182147684005,D3:F4:55:AB:96:20,-61
BLE,1703215182723205109,D3:F4:55:AB:96:20,-64
BLE,1703215183114789266,DF:A6:DC:DC:2E:81,-72
BLE,1703215183114846349,DF:DF:EE:00:00:01,-72
BLE,1703215183300940327,D3:F4:55:AB:96:20,-63
BLE,1703215183488072091,D3:F4:55:AB:96:20,-66
BLE,1703215183679151629,D3:F4:55:AB:96:20,-60
BLE,1703215183789171623,DF:DF:EE:00:00:04,-55
BLE,1703215184057525514,D3:F4:55:AB:96:20,-61
BLE,1703215184437307976,D3:F4:55:AB:96:20,-66
BLE,1703215184791512180,DF:DF:EE:00:00:04,-54
BLE,1703215184825681815,D3:F4:55:AB:96:20,-61
BLE,1703215185127080012,DF:A6:DC:DC:2E:81,-73
BLE,1703215185127105012,DF:DF:EE:00:00:01,-73
BLE,1703215185213418156,D3:F4:55:AB:96:20,-47
BLE,1703215185256298251,DF:DF:EE:00:00:04,-57
BLE,1703215185403689906,D3:F4:55:AB:96:20,-65
BLE,1703215185597569765,D3:F4:55:AB:96:20,-62
BLE,1703215185786313647,D3:F4:55:AB:96:20,-63
BLE,1703215185983878488,D3:F4:55:AB:96:20,-64
BLE,1703215186128472532,DF:A6:DC:DC:2E:81,-72
BLE,1703215186128506115,DF:DF:EE:00:00:01,-72
BLE,1703215186180394209,D3:F4:55:AB:96:20,-62
BLE,1703215186256380360,DF:DF:EE:00:00:04,-54
BLE,1703215186368891926,D3:F4:55:AB:96:20,-66
BLE,1703215186565071774,D3:F4:55:AB:96:20,-63
BLE,1703215186758739633,D3:F4:55:AB:96:20,-60
BLE,1703215186795958545,DF:DF:EE:00:00:04,-53
BLE,1703215186954041235,D3:F4:55:AB:96:20,-64
BLE,1703215187135311734,DF:A6:DC:DC:2E:81,-73
BLE,1703215187135357276,DF:DF:EE:00:00:01,-73
BLE,1703215187726918514,D3:F4:55:AB:96:20,-60
BLE,1703215187919469003,D3:F4:55:AB:96:20,-63
BLE,1703215188108920215,D3:F4:55:AB:96:20,-46
BLE,1703215188140706486,DF:A6:DC:DC:2E:81,-73
BLE,1703215188140740652,DF:DF:EE:00:00:01,-73
BLE,1703215188253930007,DF:DF:EE:00:00:04,-57
BLE,1703215188304020693,D3:F4:55:AB:96:20,-64
BLE,1703215188688074635,D3:F4:55:AB:96:20,-65
BLE,1703215189143841581,DF:A6:DC:DC:2E:81,-70
BLE,1703215189143894080,DF:DF:EE:00:00:01,-70
BLE,1703215189450238047,D3:F4:55:AB:96:20,-64
BLE,1703215189648999591,D3:F4:55:AB:96:20,-63
BLE,1703215189791043188,DF:DF:EE:00:00:04,-54
BLE,1703215189841750871,D3:F4:55:AB:96:20,-60
BLE,1703215190412791120,D3:F4:55:AB:96:20,-63
BLE,1703215190601742626,D3:F4:55:AB:96:20,-64
BLE,1703215191152029512,DF:A6:DC:DC:2E:81,-74
BLE,1703215191152083137,DF:DF:EE:00:00:01,-74
BLE,1703215191176015527,D3:F4:55:AB:96:20,-47
BLE,1703215191258552605,DF:DF:EE:00:00:04,-49
BLE,1703215191797027087,DF:DF:EE:00:00:04,-54
BLE,1703215192137448938,D3:F4:55:AB:96:20,-60
BLE,1703215192328312894,D3:F4:55:AB:96:20,-65
BLE,1703215192789067400,DF:DF:EE:00:00:04,-55
BLE,1703215193096716485,D3:F4:55:AB:96:20,-64
BLE,1703215193291483548,D3:F4:55:AB:96:20,-62
BLE,1703215193478696312,D3:F4:55:AB:96:20,-64
BLE,1703215193668446647,D3:F4:55:AB:96:20,-61
BLE,1703215194166587440,DF:A6:DC:DC:2E:81,-58
BLE,1703215194166631940,DF:DF:EE:00:00:01,-58
BLE,1703215194249928640,DF:DF:EE:00:00:04,-54
BLE,1703215194638748852,D3:F4:55:AB:96:20,-63
BLE,1703215194827325568,D3:F4:55:AB:96:20,-66
BLE,1703215195018313648,D3:F4:55:AB:96:20,-62
BLE,1703215195168865789,DF:A6:DC:DC:2E:81,-73
BLE,1703215195168913580,DF:DF:EE:00:00:01,-73
BLE,1703215195256708968,DF:DF:EE:00:00:04,-53
BLE,1703215195974412751,D3:F4:55:AB:96:20,-65
BLE,1703215196248596948,DF:DF:EE:00:00:04,-53
BLE,1703215196559858933,D3:F4:55:AB:96:20,-65
BLE,1703215197139156603,D3:F4:55:AB:96:20,-63
BLE,1703215197170642208,DF:A6:DC:DC:2E:81,-74
BLE,1703215197170671083,DF:DF:EE:00:00:01,-74
BLE,1703215197324308293,D3:F4:55:AB:96:20,-77
BLE,1703215197796696412,DF:DF:EE:00:00:04,-53
BLE,1703215197899935187,D3:F4:55:AB:96:20,-62
BLE,1703215197901207973,D3:F4:55:AB:96:20,-62
BLE,1703215198089903605,D3:F4:55:AB:96:20,-64
BLE,1703215198251123739,DF:DF:EE:00:00:04,-54
BLE,1703215198281535182,D3:F4:55:AB:96:20,-46
BLE,1703215198474335629,D3:F4:55:AB:96:20,-64
BLE,1703215199181912250,DF:A6:DC:DC:2E:81,-72
BLE,1703215199181969875,DF:DF:EE:00:00:01,-72
BLE,1703215199252059886,DF:DF:EE:00:00:04,-58
BLE,1703215199426142418,D3:F4:55:AB:96:20,-61
BLE,1703215199815539752,D3:F4:55:AB:96:20,-62
BLE,1703215200201440394,D3:F4:55:AB:96:20,-62
BLE,1703215200795895494,DF:DF:EE:00:00:04,-53
BLE,1703215200962756352,D3:F4:55:AB:96:20,-62
BLE,1703215201151903648,D3:F4:55:AB:96:20,-64
BLE,1703215201256634208,DF:DF:EE:00:00:04,-57
BLE,1703215201345548424,D3:F4:55:AB:96:20,-62
BLE,1703215201536532254,D3:F4:55:AB:96:20,-64
BLE,1703215201923555350,D3:F4:55:AB:96:20,-46
BLE,1703215202311579232,D3:F4:55:AB:96:20,-62
BLE,1703215202504075555,D3:F4:55:AB:96:20,-64
BLE,1703215202795306924,DF:DF:EE:00:00:04,-53
BLE,1703215203196396163,DF:A6:DC:DC:2E:81,-73
BLE,1703215203196421871,DF:DF:EE:00:00:01,-73
BLE,1703215203276589335,D3:F4:55:AB:96:20,-60
BLE,1703215203662862892,D3:F4:55:AB:96:20,-62
BLE,1703215203791364676,DF:DF:EE:00:00:04,-54
BLE,1703215203853721806,D3:F4:55:AB:96:20,-64
BLE,1703215204241477773,D3:F4:55:AB:96:20,-61
BLE,1703215204431350650,D3:F4:55:AB:96:20,-62
BLE,1703215204621629441,D3:F4:55:AB:96:20,-56
BLE,1703215205208848574,DF:A6:DC:DC:2E:81,-72
BLE,1703215205208905782,DF:DF:EE:00:00:01,-72
BLE,1703215205248716016,DF:DF:EE:00:00:04,-53
BLE,1703215205601809892,D3:F4:55:AB:96:20,-62
BLE,1703215205791659185,D3:F4:55:AB:96:20,-61
BLE,1703215206179961566,D3:F4:55:AB:96:20,-61
BLE,1703215206569987648,D3:F4:55:AB:96:20,-63
BLE,1703215207250526185,DF:DF:EE:00:00:04,-54
BLE,1703215207528056700,D3:F4:55:AB:96:20,-62
BLE,1703215207789439748,DF:DF:EE:00:00:04,-53
BLE,1703215208106025542,D3:F4:55:AB:96:20,-51
BLE,1703215208299853442,D3:F4:55:AB:96:20,-62
BLE,1703215208795190581,DF:DF:EE:00:00:04,-56
BLE,1703215208881991098,D3:F4:55:AB:96:20,-47
BLE,1703215209070159900,D3:F4:55:AB:96:20,-64
BLE,1703215209251257358,DF:DF:EE:00:00:04,-53
BLE,1703215209454417424,D3:F4:55:AB:96:20,-64
BLE,1703215209845003211,D3:F4:55:AB:96:20,-62
BLE,1703215210240391434,DF:A6:DC:DC:2E:81,-74
BLE,1703215210240439809,DF:DF:EE:00:00:01,-74
BLE,1703215210250345972,DF:DF:EE:00:00:04,-54
BLE,1703215210421849183,D3:F4:55:AB:96:20,-65
BLE,1703215210796302420,DF:DF:EE:00:00:04,-55
BLE,1703215210812927885,D3:F4:55:AB:96:20,-62
BLE,1703215211193151636,D3:F4:55:AB:96:20,-60
BLE,1703215211245481145,DF:A6:DC:DC:2E:81,-72
BLE,1703215211245514104,DF:DF:EE:00:00:01,-72
BLE,1703215211255569474,DF:DF:EE:00:00:04,-54
BLE,1703215211387752324,D3:F4:55:AB:96:20,-64
BLE,1703215211778347987,D3:F4:55:AB:96:20,-62
BLE,1703215211795613657,DF:DF:EE:00:00:04,-53
BLE,1703215212170152726,D3:F4:55:AB:96:20,-62
BLE,1703215212355242625,D3:F4:55:AB:96:20,-65
BLE,1703215212741628640,D3:F4:55:AB:96:20,-64
BLE,1703215212791446952,DF:DF:EE:00:00:04,-40
BLE,1703215212933864547,D3:F4:55:AB:96:20,-62
BLE,1703215213316056331,D3:F4:55:AB:96:20,-62
BLE,1703215213791689352,DF:DF:EE:00:00:04,-55
BLE,1703215213899607689,D3:F4:55:AB:96:20,-62
BLE,1703215214088112031,D3:F4:55:AB:96:20,-64
BLE,1703215214252591066,DF:DF:EE:00:00:04,-55
BLE,1703215214476792785,D3:F4:55:AB:96:20,-46
BLE,1703215214787782271,DF:DF:EE:00:00:04,-54
BLE,1703215215057044533,D3:F4:55:AB:96:20,-64
BLE,1703215215250882808,DF:DF:EE:00:00:04,-55
BLE,1703215215272899624,DF:A6:DC:DC:2E:81,-72
BLE,1703215215272931874,DF:DF:EE:00:00:01,-72
BLE,1703215215643958459,D3:F4:55:AB:96:20,-64
BLE,1703215215836966905,D3:F4:55:AB:96:20,-63
BLE,1703215216252050454,DF:DF:EE:00:00:04,-54
BLE,1703215216281396361,DF:A6:DC:DC:2E:81,-56
BLE,1703215216281430861,DF:DF:EE:00:00:01,-56
BLE,1703215216409520605,D3:F4:55:AB:96:20,-64
BLE,1703215216604980039,D3:F4:55:AB:96:20,-62
BLE,1703215216794771750,DF:DF:EE:00:00:04,-54
BLE,1703215216798863148,D3:F4:55:AB:96:20,-61
BLE,1703215217387014609,D3:F4:55:AB:96:20,-63
BLE,1703215217795310607,DF:DF:EE:00:00:04,-56
BLE,1703215218251209968,DF:DF:EE:00:00:04,-53
BLE,1703215218296688426,DF:A6:DC:DC:2E:81,-74
BLE,1703215218296715342,DF:DF:EE:00:00:01,-74
BLE,1703215218737314358,D3:F4:55:AB:96:20,-76
BLE,1703215218793883098,DF:DF:EE:00:00:04,-53
BLE,1703215218925708116,D3:F4:55:AB:96:20,-50
BLE,1703215219120584470,D3:F4:55:AB:96:20,-62
BLE,1703215219254374147,DF:DF:EE:00:00:04,-55
BLE,1703215219304490666,DF:A6:DC:DC:2E:81,-88
BLE,1703215219304519416,DF:DF:EE:00:00:01,-88
BLE,1703215219309453018,D3:F4:55:AB:96:20,-64
BLE,1703215219705337031,D3:F4:55:AB:96:20,-62
BLE,1703215219901744294,D3:F4:55:AB:96:20,-62
BLE,1703215220094306867,D3:F4:55:AB:96:20,-66
BLE,1703215220254659588,DF:DF:EE:00:00:04,-53
BLE,1703215220674058826,D3:F4:55:AB:96:20,-63
BLE,1703215220859364682,D3:F4:55:AB:96:20,-65
BLE,1703215221049899389,D3:F4:55:AB:96:20,-62
BLE,1703215221247327481,DF:DF:EE:00:00:04,-53
BLE,1703215221312123725,DF:A6:DC:DC:2E:81,-73
BLE,1703215221312153225,DF:DF:EE:00:00:01,-73
BLE,1703215221432728045,D3:F4:55:AB:96:20,-62
BLE,1703215221819730099,D3:F4:55:AB:96:20,-62
BLE,1703215222008900979,D3:F4:55:AB:96:20,-64
BLE,1703215222204214539,D3:F4:55:AB:96:20,-61
BLE,1703215222254876806,DF:DF:EE:00:00:04,-53
BLE,1703215222318997886,DF:A6:DC:DC:2E:81,-73
BLE,1703215222319029928,DF:DF:EE:00:00:01,-73
BLE,1703215222792522750,DF:DF:EE:00:00:04,-57
BLE,1703215222968197650,D3:F4:55:AB:96:20,-62
BLE,1703215223159398479,D3:F4:55:AB:96:20,-65
BLE,1703215223249355732,DF:DF:EE:00:00:04,-68
BLE,1703215223735108165,D3:F4:55:AB:96:20,-63
BLE,1703215224251018709,DF:DF:EE:00:00:04,-40
BLE,1703215224309113400,D3:F4:55:AB:96:20,-60
BLE,1703215224502756551,D3:F4:55:AB:96:20,-62
BLE,1703215224788790069,DF:DF:EE:00:00:04,-56
BLE,1703215225075336876,D3:F4:55:AB:96:20,-61
BLE,1703215225332561735,DF:A6:DC:DC:2E:81,-72
BLE,1703215225332615610,DF:DF:EE:00:00:01,-72
BLE,1703215225458488448,D3:F4:55:AB:96:20,-60
BLE,1703215225791024168,DF:DF:EE:00:00:04,-53
BLE,1703215226252013965,DF:DF:EE:00:00:04,-56
BLE,1703215226341556595,DF:A6:DC:DC:2E:81,-74
BLE,1703215226341595970,DF:DF:EE:00:00:01,-74
BLE,1703215226419930609,D3:F4:55:AB:96:20,-64
BLE,1703215226612512015,D3:F4:55:AB:96:20,-67
BLE,1703215226792812728,DF:DF:EE:00:00:04,-55
BLE,1703215226803237555,D3:F4:55:AB:96:20,-64
BLE,1703215226998735073,D3:F4:55:AB:96:20,-63
BLE,1703215227348419714,DF:A6:DC:DC:2E:81,-71
BLE,1703215227348473214,DF:DF:EE:00:00:01,-71
BLE,1703215227766883582,D3:F4:55:AB:96:20,-64
BLE,1703215227797060651,DF:DF:EE:00:00:04,-54
BLE,1703215227958215327,D3:F4:55:AB:96:20,-46
BLE,1703215228147205416,D3:F4:55:AB:96:20,-62
BLE,1703215228255302460,DF:DF:EE:00:00:04,-55
BLE,1703215228342848141,D3:F4:55:AB:96:20,-46
BLE,1703215228727946328,D3:F4:55:AB:96:20,-63
BLE,1703215228792537031,DF:DF:EE:00:00:04,-40
BLE,1703215229113619388,D3:F4:55:AB:96:20,-62
BLE,1703215229360324004,DF:A6:DC:DC:2E:81,-73
BLE,1703215229360364337,DF:DF:EE:00:00:01,-73
BLE,1703215229689411823,D3:F4:55:AB:96:20,-60
BLE,1703215229878385288,D3:F4:55:AB:96:20,-62
BLE,1703215230073394349,D3:F4:55:AB:96:20,-47
BLE,1703215230251950570,DF:DF:EE:00:00:04,-54
BLE,1703215230361644107,DF:A6:DC:DC:2E:81,-70
BLE,1703215230361680107,DF:DF:EE:00:00:01,-70
BLE,1703215230797530227,DF:DF:EE:00:00:04,-55
BLE,1703215231031158028,D3:F4:55:AB:96:20,-64
BLE,1703215231226020882,D3:F4:55:AB:96:20,-64
BLE,1703215231254670083,DF:DF:EE:00:00:04,-53
BLE,1703215231414455932,D3:F4:55:AB:96:20,-64
BLE,1703215231992379899,D3:F4:55:AB:96:20,-63
BLE,1703215232180376368,D3:F4:55:AB:96:20,-64
BLE,1703215232256775725,DF:DF:EE:00:00:04,-55
BLE,1703215232377310795,D3:F4:55:AB:96:20,-62
BLE,1703215232564790808,D3:F4:55:AB:96:20,-65
BLE,1703215232785777750,DF:DF:EE:00:00:04,-53
BLE,1703215233723538896,D3:F4:55:AB:96:20,-62
BLE,1703215233918907372,D3:F4:55:AB:96:20,-60
BLE,1703215234300154869,D3:F4:55:AB:96:20,-46
BLE,1703215234491104574,D3:F4:55:AB:96:20,-63
BLE,1703215234677722091,D3:F4:55:AB:96:20,-50
BLE,1703215234874717102,D3:F4:55:AB:96:20,-62
BLE,1703215235071882737,D3:F4:55:AB:96:20,-63
BLE,1703215235257903339,DF:DF:EE:00:00:04,-55
BLE,1703215235260751451,D3:F4:55:AB:96:20,-64
BLE,1703215235398197527,DF:A6:DC:DC:2E:81,-74
BLE,1703215235398236194,DF:DF:EE:00:00:01,-74
BLE,1703215235644379104,D3:F4:55:AB:96:20,-64
BLE,1703215235793400085,DF:DF:EE:00:00:04,-56
BLE,1703215236025711017,D3:F4:55:AB:96:20,-64
BLE,1703215236217248011,D3:F4:55:AB:96:20,-61
BLE,1703215236253713510,DF:DF:EE:00:00:04,-53
BLE,1703215236401406289,DF:A6:DC:DC:2E:81,-73
BLE,1703215236401444122,DF:DF:EE:00:00:01,-73
BLE,1703215236793660402,DF:DF:EE:00:00:04,-53
BLE,1703215236992583987,D3:F4:55:AB:96:20,-64
BLE,1703215237190140370,D3:F4:55:AB:96:20,-62
BLE,1703215237255203404,DF:DF:EE:00:00:04,-56
BLE,1703215237572269029,D3:F4:55:AB:96:20,-63
BLE,1703215237758859463,D3:F4:55:AB:96:20,-64
BLE,1703215237794265217,DF:DF:EE:00:00:04,-56
BLE,1703215238255987218,DF:DF:EE:00:00:04,-54
BLE,1703215238342006323,D3:F4:55:AB:96:20,-65
BLE,1703215238411025422,DF:A6:DC:DC:2E:81,-73
BLE,1703215238411053797,DF:DF:EE:00:00:01,-73
BLE,1703215238537201717,D3:F4:55:AB:96:20,-67
BLE,1703215238793377497,DF:DF:EE:00:00:04,-53
BLE,1703215239110781912,D3:F4:55:AB:96:20,-64
BLE,1703215239256859573,DF:DF:EE:00:00:04,-56
BLE,1703215239419300493,DF:A6:DC:DC:2E:81,-72
BLE,1703215239419331743,DF:DF:EE:00:00:01,-72
BLE,1703215239499746707,D3:F4:55:AB:96:20,-62
BLE,1703215239791444823,DF:DF:EE:00:00:04,-54
BLE,1703215239887174841,D3:F4:55:AB:96:20,-63
BLE,1703215240078022255,D3:F4:55:AB:96:20,-65
BLE,1703215240274977766,D3:F4:55:AB:96:20,-62
BLE,1703215240417959859,DF:A6:DC:DC:2E:81,-73
BLE,1703215240417988525,DF:DF:EE:00:00:01,-73
BLE,1703215240464251563,D3:F4:55:AB:96:20,-62
BLE,1703215240653965565,D3:F4:55:AB:96:20,-63
BLE,1703215240839298129,D3:F4:55:AB:96:20,-50
BLE,1703215241038153798,D3:F4:55:AB:96:20,-62
BLE,1703215241226371058,D3:F4:55:AB:96:20,-65
BLE,1703215241249262077,DF:DF:EE:00:00:04,-54
BLE,1703215241421048787,DF:A6:DC:DC:2E:81,-73
BLE,1703215241421079245,DF:DF:EE:00:00:01,-73
BLE,1703215241794830902,DF:DF:EE:00:00:04,-55
BLE,1703215242186890515,D3:F4:55:AB:96:20,-62
BLE,1703215242254646370,DF:DF:EE:00:00:04,-54
BLE,1703215242379861378,D3:F4:55:AB:96:20,-46
BLE,1703215242425098628,DF:A6:DC:DC:2E:81,-71
BLE,1703215242425136670,DF:DF:EE:00:00:01,-71
BLE,1703215242574714440,D3:F4:55:AB:96:20,-64
BLE,1703215242768453549,D3:F4:55:AB:96:20,-62
BLE,1703215242793821849,DF:DF:EE:00:00:04,-55
BLE,1703215243150422876,D3:F4:55:AB:96:20,-62
BLE,1703215243247231431,DF:DF:EE:00:00:04,-53
BLE,1703215243336820227,D3:F4:55:AB:96:20,-50
BLE,1703215243534778775,D3:F4:55:AB:96:20,-63
BLE,1703215243730499166,D3:F4:55:AB:96:20,-61
BLE,1703215243922395409,D3:F4:55:AB:96:20,-50
BLE,1703215244119751293,D3:F4:55:AB:96:20,-64
BLE,1703215244252345308,DF:DF:EE:00:00:04,-54
BLE,1703215244308626924,D3:F4:55:AB:96:20,-64
BLE,1703215244428546873,DF:A6:DC:DC:2E:81,-70
BLE,1703215244428575748,DF:DF:EE:00:00:01,-70
BLE,1703215244698319257,D3:F4:55:AB:96:20,-62
BLE,1703215244789911794,DF:DF:EE:00:00:04,-54
BLE,1703215245252321043,DF:DF:EE:00:00:04,-54
BLE,1703215245271780911,D3:F4:55:AB:96:20,-65
BLE,1703215245469837751,D3:F4:55:AB:96:20,-63
BLE,1703215245658761715,D3:F4:55:AB:96:20,-65
BLE,1703215245794071676,DF:DF:EE:00:00:04,-53
BLE,1703215246239254504,D3:F4:55:AB:96:20,-64
BLE,1703215246248648544,DF:DF:EE:00:00:04,-54
BLE,1703215246430309875,D3:F4:55:AB:96:20,-62
BLE,1703215246788444270,DF:DF:EE:00:00:04,-55
BLE,1703215247006324226,D3:F4:55:AB:96:20,-65
BLE,1703215247248949235,DF:DF:EE:00:00:04,-55
BLE,1703215247389431048,D3:F4:55:AB:96:20,-64
BLE,1703215247440697145,DF:A6:DC:DC:2E:81,-56
BLE,1703215247440754437,DF:DF:EE:00:00:01,-56
BLE,1703215247579848089,D3:F4:55:AB:96:20,-61
BLE,1703215247958715804,D3:F4:55:AB:96:20,-62
BLE,1703215248250699545,DF:DF:EE:00:00:04,-54
BLE,1703215248721712712,D3:F4:55:AB:96:20,-61
BLE,1703215248913475205,D3:F4:55:AB:96:20,-62
BLE,1703215249250434697,DF:DF:EE:00:00:04,-57
BLE,1703215249292710920,D3:F4:55:AB:96:20,-63
BLE,1703215249793090785,DF:DF:EE:00:00:04,-56
BLE,1703215249865706368,D3:F4:55:AB:96:20,-65
BLE,1703215250061198052,D3:F4:55:AB:96:20,-46
BLE,1703215250444968537,D3:F4:55:AB:96:20,-62
BLE,1703215250452268795,DF:A6:DC:DC:2E:81,-59
BLE,1703215250452300337,DF:DF:EE:00:00:01,-59
BLE,1703215250631211847,D3:F4:55:AB:96:20,-64
BLE,1703215250795363801,DF:DF:EE:00:00:04,-54
BLE,1703215250820428894,D3:F4:55:AB:96:20,-62
BLE,1703215251198150157,D3:F4:55:AB:96:20,-62
BLE,1703215251246900099,DF:DF:EE:00:00:04,-55
BLE,1703215251390589188,D3:F4:55:AB:96:20,-62
BLE,1703215251461327238,DF:A6:DC:DC:2E:81,-74
BLE,1703215251461359279,DF:DF:EE:00:00:01,-74
BLE,1703215251771156021,D3:F4:55:AB:96:20,-62
BLE,1703215251967457619,D3:F4:55:AB:96:20,-62
BLE,1703215252157843826,D3:F4:55:AB:96:20,-64
BLE,1703215252252875681,DF:DF:EE:00:00:04,-53
BLE,1703215252357742324,D3:F4:55:AB:96:20,-76
BLE,1703215252465655827,DF:A6:DC:DC:2E:81,-72
BLE,1703215252465694161,DF:DF:EE:00:00:01,-72
BLE,1703215252544479007,D3:F4:55:AB:96:20,-64
BLE,1703215252739163528,D3:F4:55:AB:96:20,-64
BLE,1703215252929713485,D3:F4:55:AB:96:20,-61
BLE,1703215253119996068,D3:F4:55:AB:96:20,-62
BLE,1703215253253511663,DF:DF:EE:00:00:04,-55
BLE,1703215253315061838,D3:F4:55:AB:96:20,-60
BLE,1703215253471646243,DF:A6:DC:DC:2E:81,-70
BLE,1703215253471679826,DF:DF:EE:00:00:01,-70
BLE,1703215253703939383,D3:F4:55:AB:96:20,-63
BLE,1703215253788436911,DF:DF:EE:00:00:04,-55
BLE,1703215253895112212,D3:F4:55:AB:96:20,-64
BLE,1703215254253731271,DF:DF:EE:00:00:04,-54
BLE,1703215254475015462,DF:A6:DC:DC:2E:81,-73
BLE,1703215254475053378,DF:DF:EE:00:00:01,-73
BLE,1703215254673706215,D3:F4:55:AB:96:20,-62
BLE,1703215254789438349,DF:DF:EE:00:00:04,-51
BLE,1703215255483770947,DF:A6:DC:DC:2E:81,-73
BLE,1703215255483830864,DF:DF:EE:00:00:01,-73
BLE,1703215255631977974,D3:F4:55:AB:96:20,-61
BLE,1703215255787593884,DF:DF:EE:00:00:04,-54
BLE,1703215255828349446,D3:F4:55:AB:96:20,-64
BLE,1703215256022863593,D3:F4:55:AB:96:20,-63
BLE,1703215256212937844,D3:F4:55:AB:96:20,-64
BLE,1703215256254611569,DF:DF:EE:00:00:04,-54
BLE,1703215256594362840,D3:F4:55:AB:96:20,-64
BLE,1703215256977491036,D3:F4:55:AB:96:20,-64
BLE,1703215257171643477,D3:F4:55:AB:96:20,-63
BLE,1703215257501922833,DF:A6:DC:DC:2E:81,-70
BLE,1703215257501966083,DF:DF:EE:00:00:01,-70
BLE,1703215257553588179,D3:F4:55:AB:96:20,-62
BLE,1703215257745533671,D3:F4:55:AB:96:20,-61
BLE,1703215257786264442,DF:DF:EE:00:00:04,-54
BLE,1703215257935047383,D3:F4:55:AB:96:20,-63
BLE,1703215258128539493,D3:F4:55:AB:96:20,-61
BLE,1703215258249949143,DF:DF:EE:00:00:04,-55
BLE,1703215258505699175,DF:A6:DC:DC:2E:81,-61
BLE,1703215258505742925,DF:DF:EE:00:00:01,-61
BLE,1703215258518719740,D3:F4:55:AB:96:20,-62
BLE,1703215258706321211,D3:F4:55:AB:96:20,-64
BLE,1703215258787023923,DF:DF:EE:00:00:04,-56
BLE,1703215259510129389,DF:A6:DC:DC:2E:81,-72
BLE,1703215259510178222,DF:DF:EE:00:00:01,-72
BLE,1703215259674727340,D3:F4:55:AB:96:20,-50
BLE,1703215259870908896,D3:F4:55:AB:96:20,-62
BLE,1703215260062749431,D3:F4:55:AB:96:20,-61
BLE,1703215260253376971,D3:F4:55:AB:96:20,-64
BLE,1703215260442498018,D3:F4:55:AB:96:20,-64
BLE,1703215260516318595,DF:A6:DC:DC:2E:81,-72
BLE,1703215260516355928,DF:DF:EE:00:00:01,-72
BLE,1703215260821293692,D3:F4:55:AB:96:20,-64
BLE,1703215261010902612,D3:F4:55:AB:96:20,-62
BLE,1703215261251589963,DF:DF:EE:00:00:04,-38
BLE,1703215261399575908,D3:F4:55:AB:96:20,-63
BLE,1703215261519816563,DF:A6:DC:DC:2E:81,-60
BLE,1703215261519857521,DF:DF:EE:00:00:01,-60
BLE,1703215261595040634,D3:F4:55:AB:96:20,-46
BLE,1703215262253346190,DF:DF:EE:00:00:04,-55
BLE,1703215262788783394,DF:DF:EE:00:00:04,-44
BLE,1703215263124895848,D3:F4:55:AB:96:20,-60
BLE,1703215263251853973,DF:DF:EE:00:00:04,-53
BLE,1703215263513279562,D3:F4:55:AB:96:20,-63
BLE,1703215263536370956,DF:A6:DC:DC:2E:81,-73
BLE,1703215263536401497,DF:DF:EE:00:00:01,-73
BLE,1703215263703927102,D3:F4:55:AB:96:20,-64
BLE,1703215264247358436,DF:DF:EE:00:00:04,-40
BLE,1703215264288276373,D3:F4:55:AB:96:20,-66
BLE,1703215264477950209,D3:F4:55:AB:96:20,-62
BLE,1703215264794799502,DF:DF:EE:00:00:04,-55
BLE,1703215265237791840,D3:F4:55:AB:96:20,-61
BLE,1703215265542351606,DF:A6:DC:DC:2E:81,-72
BLE,1703215265542385397,DF:DF:EE:00:00:01,-72
BLE,1703215266203417690,D3:F4:55:AB:96:20,-66
BLE,1703215266399736704,D3:F4:55:AB:96:20,-64
BLE,1703215266543322961,DF:A6:DC:DC:2E:81,-70
BLE,1703215266543360335,DF:DF:EE:00:00:01,-70
BLE,1703215266589132458,D3:F4:55:AB:96:20,-62
BLE,1703215267162686987,D3:F4:55:AB:96:20,-62
BLE,1703215267550123664,DF:A6:DC:DC:2E:81,-74
BLE,1703215267550184705,DF:DF:EE:00:00:01,-74
BLE,1703215267735019772,D3:F4:55:AB:96:20,-60
BLE,1703215267930227416,D3:F4:55:AB:96:20,-63
BLE,1703215268252784307,DF:DF:EE:00:00:04,-54
BLE,1703215268313552403,D3:F4:55:AB:96:20,-64
BLE,1703215268508967754,D3:F4:55:AB:96:20,-62
BLE,1703215268555094750,DF:A6:DC:DC:2E:81,-74
BLE,1703215268555135917,DF:DF:EE:00:00:01,-74
BLE,1703215268699626086,D3:F4:55:AB:96:20,-64
BLE,1703215268793960527,DF:DF:EE:00:00:04,-55
BLE,1703215268891280079,D3:F4:55:AB:96:20,-62
BLE,1703215269252484751,DF:DF:EE:00:00:04,-55
BLE,1703215269475861349,D3:F4:55:AB:96:20,-62
BLE,1703215269559519089,DF:A6:DC:DC:2E:81,-71
BLE,1703215269559568547,DF:DF:EE:00:00:01,-71
BLE,1703215269795365046,DF:DF:EE:00:00:04,-56
BLE,1703215269861889199,D3:F4:55:AB:96:20,-63
BLE,1703215270056893010,D3:F4:55:AB:96:20,-46
BLE,1703215271013878943,D3:F4:55:AB:96:20,-64
BLE,1703215271255425832,DF:DF:EE:00:00:04,-55
BLE,1703215271586041145,D3:F4:55:AB:96:20,-61
BLE,1703215271779703129,D3:F4:55:AB:96:20,-64
BLE,1703215272246999063,DF:DF:EE:00:00:04,-55
BLE,1703215272557405136,D3:F4:55:AB:96:20,-63
BLE,1703215272786408291,DF:DF:EE:00:00:04,-56
BLE,1703215272941107829,D3:F4:55:AB:96:20,-62
BLE,1703215273127402681,D3:F4:55:AB:96:20,-64
BLE,1703215273317880430,D3:F4:55:AB:96:20,-46
BLE,1703215273512549951,D3:F4:55:AB:96:20,-64
BLE,1703215273575771202,DF:A6:DC:DC:2E:81,-73
BLE,1703215273575819744,DF:DF:EE:00:00:01,-73
BLE,1703215273710447875,D3:F4:55:AB:96:20,-62
BLE,1703215273791188295,DF:DF:EE:00:00:04,-40
BLE,1703215274288487758,D3:F4:55:AB:96:20,-61
BLE,1703215274289801085,D3:F4:55:AB:96:20,-63
BLE,1703215274479086423,D3:F4:55:AB:96:20,-65
BLE,1703215274575054440,DF:A6:DC:DC:2E:81,-70
BLE,1703215274575088856,DF:DF:EE:00:00:01,-70
BLE,1703215274788922081,DF:DF:EE:00:00:04,-57
BLE,1703215274863765112,D3:F4:55:AB:96:20,-76
BLE,1703215275246111354,DF:DF:EE:00:00:04,-54
BLE,1703215275253625194,D3:F4:55:AB:96:20,-62
BLE,1703215275442159702,D3:F4:55:AB:96:20,-63
BLE,1703215275636623141,D3:F4:55:AB:96:20,-62
BLE,1703215275786768159,DF:DF:EE:00:00:04,-53
BLE,1703215275830455291,D3:F4:55:AB:96:20,-64
BLE,1703215276024234192,D3:F4:55:AB:96:20,-62
BLE,1703215276214899190,D3:F4:55:AB:96:20,-65
BLE,1703215276248664577,DF:DF:EE:00:00:04,-56
BLE,1703215276587969141,DF:A6:DC:DC:2E:81,-72
BLE,1703215276588014391,DF:DF:EE:00:00:01,-72
BLE,1703215276787770597,DF:DF:EE:00:00:04,-71
BLE,1703215276978197680,D3:F4:55:AB:96:20,-64
BLE,1703215277363559491,D3:F4:55:AB:96:20,-64
BLE,1703215277364866485,D3:F4:55:AB:96:20,-61
BLE,1703215277744099532,D3:F4:55:AB:96:20,-66
BLE,1703215277939283343,D3:F4:55:AB:96:20,-63
BLE,1703215278127597394,D3:F4:55:AB:96:20,-64
BLE,1703215278515224069,D3:F4:55:AB:96:20,-62
BLE,1703215278899858426,D3:F4:55:AB:96:20,-60
BLE,1703215279255073084,DF:DF:EE:00:00:04,-54
BLE,1703215279286256774,D3:F4:55:AB:96:20,-63
BLE,1703215279477587852,D3:F4:55:AB:96:20,-50
BLE,1703215279595716100,DF:A6:DC:DC:2E:81,-72
BLE,1703215279595753850,DF:DF:EE:00:00:01,-72
BLE,1703215279671176795,D3:F4:55:AB:96:20,-62
BLE,1703215279792320238,DF:DF:EE:00:00:04,-53
BLE,1703215280053588203,D3:F4:55:AB:96:20,-62
BLE,1703215280248112558,D3:F4:55:AB:96:20,-61
BLE,1703215280249712843,DF:DF:EE:00:00:04,-54
BLE,1703215280440555090,D3:F4:55:AB:96:20,-64
BLE,1703215280600099148,DF:A6:DC:DC:2E:81,-73
BLE,1703215280600141981,DF:DF:EE:00:00:01,-73
BLE,1703215280632852164,D3:F4:55:AB:96:20,-46
BLE,1703215280823561287,D3:F4:55:AB:96:20,-65
BLE,1703215281019188262,D3:F4:55:AB:96:20,-63
BLE,1703215281253546476,DF:DF:EE:00:00:04,-53
BLE,1703215281401363755,D3:F4:55:AB:96:20,-62
BLE,1703215281591691463,D3:F4:55:AB:96:20,-69
BLE,1703215281604712070,DF:A6:DC:DC:2E:81,-72
BLE,1703215281604726153,DF:DF:EE:00:00:01,-72
BLE,1703215281980054468,D3:F4:55:AB:96:20,-60
BLE,1703215282170256219,D3:F4:55:AB:96:20,-62
BLE,1703215282245900246,DF:DF:EE:00:00:04,-53
BLE,1703215282247325281,DF:DF:EE:00:00:04,-53
BLE,1703215282361556464,D3:F4:55:AB:96:20,-61
BLE,1703215282553300124,D3:F4:55:AB:96:20,-63
BLE,1703215282744311204,D3:F4:55:AB:96:20,-61
BLE,1703215282939186474,D3:F4:55:AB:96:20,-65
BLE,1703215283132940500,D3:F4:55:AB:96:20,-47
BLE,1703215283246885726,DF:DF:EE:00:00:04,-57
BLE,1703215283323610748,D3:F4:55:AB:96:20,-69
BLE,1703215283717725185,D3:F4:55:AB:96:20,-64
BLE,1703215284295606444,D3:F4:55:AB:96:20,-62
BLE,1703215284485471279,D3:F4:55:AB:96:20,-63
BLE,1703215284874127325,D3:F4:55:AB:96:20,-64
BLE,1703215285073379492,D3:F4:55:AB:96:20,-75
BLE,1703215285249353433,DF:DF:EE:00:00:04,-55
BLE,1703215285625504703,DF:A6:DC:DC:2E:81,-71
BLE,1703215285625550453,DF:DF:EE:00:00:01,-71
BLE,1703215285789259325,DF:DF:EE:00:00:04,-56
BLE,1703215285840302799,D3:F4:55:AB:96:20,-64
BLE,1703215286420540380,D3:F4:55:AB:96:20,-76
BLE,1703215286609347095,D3:F4:55:AB:96:20,-64
BLE,1703215286627908093,DF:A6:DC:DC:2E:81,-73
BLE,1703215286627939468,DF:DF:EE:00:00:01,-73
BLE,1703215286789182477,DF:DF:EE:00:00:04,-53
BLE,1703215286802387708,D3:F4:55:AB:96:20,-62
BLE,1703215286991287464,D3:F4:55:AB:96:20,-64
BLE,1703215287251816599,DF:DF:EE:00:00:04,-55
BLE,1703215287374239744,D3:F4:55:AB:96:20,-65
BLE,1703215287635501876,DF:A6:DC:DC:2E:81,-73
BLE,1703215287635553001,DF:DF:EE:00:00:01,-73
BLE,1703215287785540478,DF:DF:EE:00:00:04,-54
BLE,1703215288335062201,D3:F4:55:AB:96:20,-62
BLE,1703215288521584551,D3:F4:55:AB:96:20,-64
BLE,1703215288712852005,D3:F4:55:AB:96:20,-63
BLE,1703215289103228043,D3:F4:55:AB:96:20,-76
BLE,1703215289249294913,DF:DF:EE:00:00:04,-53
BLE,1703215289486201865,D3:F4:55:AB:96:20,-50
BLE,1703215289637835168,DF:A6:DC:DC:2E:81,-72
BLE,1703215289637875626,DF:DF:EE:00:00:01,-72
BLE,1703215289681563258,D3:F4:55:AB:96:20,-63
BLE,1703215289783254290,DF:DF:EE:00:00:04,-53
BLE,1703215290068463645,D3:F4:55:AB:96:20,-62
BLE,1703215290250054102,DF:DF:EE:00:00:04,-53
BLE,1703215290460356135,D3:F4:55:AB:96:20,-61
BLE,1703215290787199548,DF:DF:EE:00:00:04,-56
BLE,1703215290835633451,D3:F4:55:AB:96:20,-64
BLE,1703215291035061283,D3:F4:55:AB:96:20,-47
BLE,1703215291225468408,D3:F4:55:AB:96:20,-46
BLE,1703215291417007069,D3:F4:55:AB:96:20,-62
BLE,1703215291611043343,D3:F4:55:AB:96:20,-62
BLE,1703215292187876190,D3:F4:55:AB:96:20,-64
BLE,1703215292650634020,DF:A6:DC:DC:2E:81,-72
BLE,1703215292650690978,DF:DF:EE:00:00:01,-72
BLE,1703215292774309910,D3:F4:55:AB:96:20,-51
BLE,1703215293157075983,D3:F4:55:AB:96:20,-64
BLE,1703215293252854876,DF:DF:EE:00:00:04,-54
BLE,1703215293351677296,D3:F4:55:AB:96:20,-47
BLE,1703215293651572959,DF:A6:DC:DC:2E:81,-74
BLE,1703215293651614459,DF:DF:EE:00:00:01,-74
BLE,1703215293784410389,DF:DF:EE:00:00:04,-53
BLE,1703215293930032803,D3:F4:55:AB:96:20,-61
BLE,1703215294121999629,D3:F4:55:AB:96:20,-64
BLE,1703215294249199127,DF:DF:EE:00:00:04,-56
BLE,1703215294315561988,D3:F4:55:AB:96:20,-62
BLE,1703215294502490629,D3:F4:55:AB:96:20,-65
BLE,1703215294785628202,DF:DF:EE:00:00:04,-56
BLE,1703215295081518716,D3:F4:55:AB:96:20,-47
BLE,1703215295270188223,D3:F4:55:AB:96:20,-64
BLE,1703215295465625616,D3:F4:55:AB:96:20,-63
BLE,1703215295653488752,D3:F4:55:AB:96:20,-67
BLE,1703215296041364218,D3:F4:55:AB:96:20,-47
BLE,1703215296229638477,D3:F4:55:AB:96:20,-63
BLE,1703215296424463123,D3:F4:55:AB:96:20,-60
BLE,1703215296659272918,DF:A6:DC:DC:2E:81,-72
BLE,1703215296659316043,DF:DF:EE:00:00:01,-72
BLE,1703215296790405107,DF:DF:EE:00:00:04,-57
BLE,1703215296807679569,D3:F4:55:AB:96:20,-62
BLE,1703215297001727010,D3:F4:55:AB:96:20,-64
BLE,1703215297191601012,D3:F4:55:AB:96:20,-62
BLE,1703215297251228321,DF:DF:EE:00:00:04,-39
BLE,1703215297381624555,D3:F4:55:AB:96:20,-62
BLE,1703215297573020966,D3:F4:55:AB:96:20,-62
BLE,1703215297791639919,DF:DF:EE:00:00:04,-53
BLE,1703215297961751137,D3:F4:55:AB:96:20,-63
BLE,1703215298248055028,DF:DF:EE:00:00:04,-55
BLE,1703215298339938981,D3:F4:55:AB:96:20,-60
BLE,1703215298532861010,D3:F4:55:AB:96:20,-64
BLE,1703215298665664733,DF:A6:DC:DC:2E:81,-75
BLE,1703215298665689108,DF:DF:EE:00:00:01,-75
BLE,1703215298729037608,D3:F4:55:AB:96:20,-67
BLE,1703215298924173502,D3:F4:55:AB:96:20,-62
BLE,1703215299113092300,D3:F4:55:AB:96:20,-67
BLE,1703215299250652542,DF:DF:EE:00:00:04,-54
BLE,1703215299300893103,D3:F4:55:AB:96:20,-65
BLE,1703215299671712023,DF:A6:DC:DC:2E:81,-73
BLE,1703215299671763522,DF:DF:EE:00:00:01,-73
BLE,1703215299687350409,D3:F4:55:AB:96:20,-62
BLE,1703215299790691392,DF:DF:EE:00:00:04,-53
BLE,1703215299882163013,D3:F4:55:AB:96:20,-64
BLE,1703215300255369255,DF:DF:EE:00:00:04,-55
BLE,1703215300677322481,DF:A6:DC:DC:2E:81,-71
BLE,1703215300677367648,DF:DF:EE:00:00:01,-71
BLE,1703215300790275503,DF:DF:EE:00:00:04,-54
BLE,1703215301037760907,D3:F4:55:AB:96:20,-46
BLE,1703215301233342758,D3:F4:55:AB:96:20,-66
BLE,1703215301426790743,D3:F4:55:AB:96:20,-47
BLE,1703215301614543879,D3:F4:55:AB:96:20,-65
BLE,1703215302006096204,D3:F4:55:AB:96:20,-61
BLE,1703215302246775347,DF:DF:EE:00:00:04,-54
BLE,1703215302788579563,DF:DF:EE:00:00:04,-53
BLE,1703215303251597809,DF:DF:EE:00:00:04,-41
BLE,1703215303345700751,D3:F4:55:AB:96:20,-64
BLE,1703215303789105170,DF:DF:EE:00:00:04,-56
BLE,1703215303934258086,D3:F4:55:AB:96:20,-64
BLE,1703215304130796974,D3:F4:55:AB:96:20,-63
BLE,1703215304249354595,DF:DF:EE:00:00:04,-54
BLE,1703215304319073150,D3:F4:55:AB:96:20,-65
BLE,1703215304511872138,D3:F4:55:AB:96:20,-63
BLE,1703215304697024995,DF:A6:DC:DC:2E:81,-74
BLE,1703215304697071828,DF:DF:EE:00:00:01,-74
BLE,1703215304706172995,D3:F4:55:AB:96:20,-62
BLE,1703215305088975776,D3:F4:55:AB:96:20,-61
BLE,1703215305247240756,DF:DF:EE:00:00:04,-44
BLE,1703215305280807019,D3:F4:55:AB:96:20,-64
BLE,1703215305704475112,DF:A6:DC:DC:2E:81,-73
BLE,1703215305704523862,DF:DF:EE:00:00:01,-73
BLE,1703215306042030893,D3:F4:55:AB:96:20,-63
BLE,1703215306227522790,D3:F4:55:AB:96:20,-64
BLE,1703215306610772819,D3:F4:55:AB:96:20,-65
BLE,1703215306710630985,DF:A6:DC:DC:2E:81,-71
BLE,1703215306710666401,DF:DF:EE:00:00:01,-71
BLE,1703215306800889320,D3:F4:55:AB:96:20,-46
BLE,1703215306993009311,D3:F4:55:AB:96:20,-69
BLE,1703215307249567339,DF:DF:EE:00:00:04,-54
BLE,1703215307386544918,D3:F4:55:AB:96:20,-46
BLE,1703215307716104986,DF:A6:DC:DC:2E:81,-73
BLE,1703215307716145152,DF:DF:EE:00:00:01,-73
BLE,1703215307774609883,D3:F4:55:AB:96:20,-63
BLE,1703215307787959905,DF:DF:EE:00:00:04,-44
BLE,1703215307966895082,D3:F4:55:AB:96:20,-61
BLE,1703215308253200599,DF:DF:EE:00:00:04,-53
BLE,1703215308351426564,D3:F4:55:AB:96:20,-62
BLE,1703215308725330261,DF:A6:DC:DC:2E:81,-72
BLE,1703215308725374386,DF:DF:EE:00:00:01,-72
BLE,1703215308931036690,D3:F4:55:AB:96:20,-64
BLE,1703215309324290131,D3:F4:55:AB:96:20,-63
BLE,1703215309511946477,D3:F4:55:AB:96:20,-65
BLE,1703215309707502036,D3:F4:55:AB:96:20,-63
BLE,1703215309785933592,DF:DF:EE:00:00:04,-54
BLE,1703215309903086178,D3:F4:55:AB:96:20,-46
BLE,1703215310285857792,D3:F4:55:AB:96:20,-47
BLE,1703215310480712605,D3:F4:55:AB:96:20,-64
BLE,1703215310675949832,D3:F4:55:AB:96:20,-62
BLE,1703215310786809489,DF:DF:EE:00:00:04,-58
BLE,1703215311058106116,D3:F4:55:AB:96:20,-62
BLE,1703215311246980664,DF:DF:EE:00:00:04,-53
BLE,1703215311249035821,D3:F4:55:AB:96:20,-65
BLE,1703215311441960934,D3:F4:55:AB:96:20,-62
BLE,1703215311630407359,D3:F4:55:AB:96:20,-65
BLE,1703215311826004168,D3:F4:55:AB:96:20,-63
BLE,1703215312011225233,D3:F4:55:AB:96:20,-64
BLE,1703215312207501663,D3:F4:55:AB:96:20,-63
BLE,1703215312253406119,DF:DF:EE:00:00:04,-56
BLE,1703215312747886970,DF:A6:DC:DC:2E:81,-73
BLE,1703215312747942636,DF:DF:EE:00:00:01,-73
BLE,1703215313247398673,DF:DF:EE:00:00:04,-54
BLE,1703215313555974878,D3:F4:55:AB:96:20,-63
BLE,1703215313742271147,D3:F4:55:AB:96:20,-50
BLE,1703215313753649928,DF:A6:DC:DC:2E:81,-57
BLE,1703215313753681969,DF:DF:EE:00:00:01,-57
BLE,1703215313789512096,DF:DF:EE:00:00:04,-53
BLE,1703215313937252708,D3:F4:55:AB:96:20,-47
BLE,1703215314254060501,DF:DF:EE:00:00:04,-55
BLE,1703215314514155722,D3:F4:55:AB:96:20,-60
BLE,1703215314763367076,DF:A6:DC:DC:2E:81,-72
BLE,1703215314763382992,DF:DF:EE:00:00:01,-72
BLE,1703215314788189003,DF:DF:EE:00:00:04,-55
BLE,1703215314905866504,D3:F4:55:AB:96:20,-62
BLE,1703215315093580099,D3:F4:55:AB:96:20,-64
BLE,1703215315478835035,D3:F4:55:AB:96:20,-50
BLE,1703215315769555157,DF:A6:DC:DC:2E:81,-73
BLE,1703215315769602906,DF:DF:EE:00:00:01,-73
BLE,1703215315859705034,D3:F4:55:AB:96:20,-63
BLE,1703215316247918373,D3:F4:55:AB:96:20,-46
BLE,1703215316253354807,DF:DF:EE:00:00:04,-57
BLE,1703215316788324138,DF:DF:EE:00:00:04,-55
BLE,1703215316823312269,D3:F4:55:AB:96:20,-50
BLE,1703215317021643815,D3:F4:55:AB:96:20,-62
BLE,1703215317787261377,DF:DF:EE:00:00:04,-55
BLE,1703215318368506704,D3:F4:55:AB:96:20,-67
BLE,1703215318559229827,D3:F4:55:AB:96:20,-64
BLE,1703215318792426588,DF:DF:EE:00:00:04,-55
BLE,1703215318954288302,D3:F4:55:AB:96:20,-63
BLE,1703215319249914443,DF:DF:EE:00:00:04,-69
BLE,1703215319340318610,D3:F4:55:AB:96:20,-62
BLE,1703215319920186068,D3:F4:55:AB:96:20,-63
BLE,1703215320109211241,D3:F4:55:AB:96:20,-66
BLE,1703215320297922123,D3:F4:55:AB:96:20,-62
BLE,1703215320682887977,D3:F4:55:AB:96:20,-60
BLE,1703215320785548339,DF:A6:DC:DC:2E:81,-60
BLE,1703215320785590630,DF:DF:EE:00:00:01,-60
BLE,1703215320788028786,DF:DF:EE:00:00:04,-53
BLE,1703215320877254959,D3:F4:55:AB:96:20,-50
BLE,1703215321253033439,DF:DF:EE:00:00:04,-74
BLE,1703215321263557224,D3:F4:55:AB:96:20,-61
BLE,1703215321453027602,D3:F4:55:AB:96:20,-62
BLE,1703215321783576290,DF:DF:EE:00:00:04,-54
BLE,1703215321845124507,D3:F4:55:AB:96:20,-50
BLE,1703215322040449067,D3:F4:55:AB:96:20,-62
BLE,1703215322249803980,DF:DF:EE:00:00:04,-54
BLE,1703215322423154224,D3:F4:55:AB:96:20,-62
BLE,1703215322798722622,DF:A6:DC:DC:2E:81,-56
BLE,1703215322798774580,DF:DF:EE:00:00:01,-56
BLE,1703215322811844853,D3:F4:55:AB:96:20,-65
BLE,1703215323207190285,D3:F4:55:AB:96:20,-64
BLE,1703215323593115177,D3:F4:55:AB:96:20,-63
BLE,1703215323791703180,DF:DF:EE:00:00:04,-56
BLE,1703215323798517816,DF:A6:DC:DC:2E:81,-73
BLE,1703215323798546440,DF:DF:EE:00:00:01,-73
BLE,1703215323979879856,D3:F4:55:AB:96:20,-65
BLE,1703215324176839992,D3:F4:55:AB:96:20,-63
BLE,1703215324244807513,DF:DF:EE:00:00:04,-56
BLE,1703215324785429318,DF:DF:EE:00:00:04,-55
BLE,1703215325131215728,D3:F4:55:AB:96:20,-64
BLE,1703215325783566478,DF:DF:EE:00:00:04,-54
BLE,1703215326094794380,D3:F4:55:AB:96:20,-64
BLE,1703215326289870525,D3:F4:55:AB:96:20,-63
BLE,1703215326676193290,D3:F4:55:AB:96:20,-62
BLE,1703215326791164178,DF:DF:EE:00:00:04,-54
BLE,1703215326811278002,DF:A6:DC:DC:2E:81,-72
BLE,1703215326811306543,DF:DF:EE:00:00:01,-72
BLE,1703215326863572220,D3:F4:55:AB:96:20,-50
BLE,1703215327054784215,D3:F4:55:AB:96:20,-63
BLE,1703215327243204599,D3:F4:55:AB:96:20,-64
BLE,1703215327819756281,D3:F4:55:AB:96:20,-63
BLE,1703215328013660014,D3:F4:55:AB:96:20,-61
BLE,1703215328203598807,D3:F4:55:AB:96:20,-63
BLE,1703215328249913052,DF:DF:EE:00:00:04,-57
BLE,1703215328589013034,D3:F4:55:AB:96:20,-62
BLE,1703215328819441641,DF:A6:DC:DC:2E:81,-75
BLE,1703215328819484475,DF:DF:EE:00:00:01,-75
BLE,1703215329360508111,D3:F4:55:AB:96:20,-64
BLE,1703215329822302404,DF:A6:DC:DC:2E:81,-72
BLE,1703215329822346571,DF:DF:EE:00:00:01,-72
BLE,1703215329948296075,D3:F4:55:AB:96:20,-62
BLE,1703215330788195129,DF:DF:EE:00:00:04,-54
BLE,1703215330824377088,DF:A6:DC:DC:2E:81,-75
BLE,1703215330824420171,DF:DF:EE:00:00:01,-75
BLE,1703215330911482520,D3:F4:55:AB:96:20,-63
BLE,1703215331104359633,D3:F4:55:AB:96:20,-47
BLE,1703215331295334088,D3:F4:55:AB:96:20,-64
BLE,1703215331486099503,D3:F4:55:AB:96:20,-67
BLE,1703215331675541131,D3:F4:55:AB:96:20,-50
BLE,1703215331868592327,D3:F4:55:AB:96:20,-63
BLE,1703215332055856632,D3:F4:55:AB:96:20,-64
BLE,1703215332243444186,DF:DF:EE:00:00:04,-54
BLE,1703215332248071248,D3:F4:55:AB:96:20,-61
BLE,1703215332441375151,D3:F4:55:AB:96:20,-70
BLE,1703215332833678722,DF:A6:DC:DC:2E:81,-57
BLE,1703215332833712722,DF:DF:EE:00:00:01,-57
BLE,1703215333021162235,D3:F4:55:AB:96:20,-47
BLE,1703215333791214193,DF:DF:EE:00:00:04,-54
BLE,1703215333804985922,D3:F4:55:AB:96:20,-63
BLE,1703215333840670633,DF:A6:DC:DC:2E:81,-57
BLE,1703215333840700882,DF:DF:EE:00:00:01,-57
BLE,1703215333994416801,D3:F4:55:AB:96:20,-64
BLE,1703215334191158896,D3:F4:55:AB:96:20,-62
BLE,1703215334253123319,DF:DF:EE:00:00:04,-58
BLE,1703215334764350510,D3:F4:55:AB:96:20,-61
BLE,1703215334782617467,DF:DF:EE:00:00:04,-53
BLE,1703215335149805987,D3:F4:55:AB:96:20,-62
BLE,1703215335339161033,D3:F4:55:AB:96:20,-63
BLE,1703215335721179984,D3:F4:55:AB:96:20,-63
BLE,1703215335788512050,DF:DF:EE:00:00:04,-56
BLE,1703215335847301446,DF:A6:DC:DC:2E:81,-72
BLE,1703215335847331404,DF:DF:EE:00:00:01,-72
BLE,1703215336095585304,D3:F4:55:AB:96:20,-62
BLE,1703215336246389486,DF:DF:EE:00:00:04,-53
BLE,1703215336248044353,DF:DF:EE:00:00:04,-54
BLE,1703215336853231278,DF:A6:DC:DC:2E:81,-76
BLE,1703215336853289611,DF:DF:EE:00:00:01,-76
BLE,1703215336873591893,D3:F4:55:AB:96:20,-64
BLE,1703215337068843995,D3:F4:55:AB:96:20,-63
BLE,1703215337251357739,DF:DF:EE:00:00:04,-55
BLE,1703215337254153143,D3:F4:55:AB:96:20,-65
BLE,1703215337444695225,D3:F4:55:AB:96:20,-62
BLE,1703215337787105067,DF:DF:EE:00:00:04,-56
BLE,1703215337857470035,DF:A6:DC:DC:2E:81,-72
BLE,1703215337857505701,DF:DF:EE:00:00:01,-72
BLE,1703215338206403305,D3:F4:55:AB:96:20,-61
BLE,1703215338785049727,D3:F4:55:AB:96:20,-64
BLE,1703215338862727287,DF:A6:DC:DC:2E:81,-70
BLE,1703215338862759411,DF:DF:EE:00:00:01,-70
BLE,1703215338979724707,D3:F4:55:AB:96:20,-62
BLE,1703215339173857689,D3:F4:55:AB:96:20,-61
BLE,1703215339366063055,D3:F4:55:AB:96:20,-47
BLE,1703215339558599753,D3:F4:55:AB:96:20,-61
BLE,1703215339753247691,D3:F4:55:AB:96:20,-69
BLE,1703215339942348988,D3:F4:55:AB:96:20,-60
BLE,1703215340137006426,D3:F4:55:AB:96:20,-64
BLE,1703215340251309442,DF:DF:EE:00:00:04,-53
BLE,1703215340332237737,D3:F4:55:AB:96:20,-64
BLE,1703215341247054238,DF:DF:EE:00:00:04,-54
BLE,1703215341286387265,D3:F4:55:AB:96:20,-64
BLE,1703215341481969908,D3:F4:55:AB:96:20,-62
BLE,1703215341867356260,D3:F4:55:AB:96:20,-64
BLE,1703215342438879340,D3:F4:55:AB:96:20,-62
BLE,1703215342879805062,DF:A6:DC:DC:2E:81,-73
BLE,1703215342879852729,DF:DF:EE:00:00:01,-73
BLE,1703215343011151750,D3:F4:55:AB:96:20,-62
BLE,1703215343198658929,D3:F4:55:AB:96:20,-64
BLE,1703215343393259868,D3:F4:55:AB:96:20,-62
BLE,1703215343587767015,D3:F4:55:AB:96:20,-61
BLE,1703215344354633155,D3:F4:55:AB:96:20,-60
BLE,1703215344545284820,D3:F4:55:AB:96:20,-64
BLE,1703215344787525122,DF:DF:EE:00:00:04,-55
BLE,1703215344890838356,DF:A6:DC:DC:2E:81,-72
BLE,1703215344890878355,DF:DF:EE:00:00:01,-72
BLE,1703215344930450340,D3:F4:55:AB:96:20,-64
BLE,1703215345316719480,D3:F4:55:AB:96:20,-60
BLE,1703215345509605385,D3:F4:55:AB:96:20,-62
BLE,1703215345786317696,DF:DF:EE:00:00:04,-54
BLE,1703215346085977984,D3:F4:55:AB:96:20,-62
BLE,1703215346246821453,DF:DF:EE:00:00:04,-55
BLE,1703215346474089824,D3:F4:55:AB:96:20,-62
BLE,1703215346666570439,D3:F4:55:AB:96:20,-61
BLE,1703215346789226583,DF:DF:EE:00:00:04,-55
BLE,1703215347046624900,D3:F4:55:AB:96:20,-65
BLE,1703215347244098450,D3:F4:55:AB:96:20,-65
BLE,1703215347820935047,D3:F4:55:AB:96:20,-63
BLE,1703215347908235937,DF:A6:DC:DC:2E:81,-72
BLE,1703215347908272854,DF:DF:EE:00:00:01,-72
BLE,1703215348199624305,D3:F4:55:AB:96:20,-62
BLE,1703215348388772102,D3:F4:55:AB:96:20,-63
BLE,1703215348583512832,D3:F4:55:AB:96:20,-62
BLE,1703215348917242588,DF:A6:DC:DC:2E:81,-56
BLE,1703215348917299963,DF:DF:EE:00:00:01,-56
BLE,1703215348963662208,D3:F4:55:AB:96:20,-62
BLE,1703215349787497170,DF:DF:EE:00:00:04,-53
BLE,1703215350251857076,DF:DF:EE:00:00:04,-56
BLE,1703215350498796690,D3:F4:55:AB:96:20,-63
BLE,1703215350686342244,D3:F4:55:AB:96:20,-64
BLE,1703215350781608931,DF:DF:EE:00:00:04,-53
BLE,1703215350783305923,DF:DF:EE:00:00:04,-53
BLE,1703215350875242542,D3:F4:55:AB:96:20,-46
BLE,1703215351246172336,DF:DF:EE:00:00:04,-56
BLE,1703215351254027508,D3:F4:55:AB:96:20,-65
BLE,1703215351446523498,D3:F4:55:AB:96:20,-62
BLE,1703215351838054156,D3:F4:55:AB:96:20,-65
BLE,1703215351926205625,DF:A6:DC:DC:2E:81,-73
BLE,1703215351926234792,DF:DF:EE:00:00:01,-73
BLE,1703215352228298445,D3:F4:55:AB:96:20,-61
BLE,1703215352244661286,DF:DF:EE:00:00:04,-53
BLE,1703215352610777311,D3:F4:55:AB:96:20,-63
BLE,1703215352934250323,DF:A6:DC:DC:2E:81,-72
BLE,1703215352934280823,DF:DF:EE:00:00:01,-72
BLE,1703215352991315227,D3:F4:55:AB:96:20,-62
BLE,1703215353184978253,D3:F4:55:AB:96:20,-66
BLE,1703215353248346003,DF:DF:EE:00:00:04,-56
BLE,1703215353382197096,D3:F4:55:AB:96:20,-63
BLE,1703215353765934415,D3:F4:55:AB:96:20,-63
BLE,1703215353787297525,DF:DF:EE:00:00:04,-56
BLE,1703215353935222678,DF:A6:DC:DC:2E:81,-71
BLE,1703215353935251636,DF:DF:EE:00:00:01,-71
BLE,1703215354146473206,D3:F4:55:AB:96:20,-63
BLE,1703215354244064633,DF:DF:EE:00:00:04,-53
BLE,1703215354332494892,D3:F4:55:AB:96:20,-66
BLE,1703215354524321927,D3:F4:55:AB:96:20,-62
BLE,1703215354525685462,D3:F4:55:AB:96:20,-62
BLE,1703215354716431043,D3:F4:55:AB:96:20,-65
BLE,1703215354783566151,DF:DF:EE:00:00:04,-53
BLE,1703215354913349555,D3:F4:55:AB:96:20,-62
BLE,1703215354939111978,DF:A6:DC:DC:2E:81,-78
BLE,1703215354939145519,DF:DF:EE:00:00:01,-78
BLE,1703215355104515925,D3:F4:55:AB:96:20,-61
BLE,1703215355293384098,D3:F4:55:AB:96:20,-62
BLE,1703215355481151193,D3:F4:55:AB:96:20,-64
BLE,1703215355678674285,D3:F4:55:AB:96:20,-62
BLE,1703215355787515076,DF:DF:EE:00:00:04,-55
BLE,1703215356067698121,D3:F4:55:AB:96:20,-64
BLE,1703215356248848079,DF:DF:EE:00:00:04,-53
BLE,1703215356260073278,D3:F4:55:AB:96:20,-63
BLE,1703215356446796919,D3:F4:55:AB:96:20,-64
BLE,1703215356641093650,D3:F4:55:AB:96:20,-63
BLE,1703215356831085985,D3:F4:55:AB:96:20,-64
BLE,1703215357244453251,DF:DF:EE:00:00:04,-55
BLE,1703215357610451776,D3:F4:55:AB:96:20,-62
BLE,1703215357784761349,DF:DF:EE:00:00:04,-55
BLE,1703215357800233653,D3:F4:55:AB:96:20,-64
BLE,1703215357994098928,D3:F4:55:AB:96:20,-63
BLE,1703215358187070291,D3:F4:55:AB:96:20,-47
BLE,1703215358381935519,D3:F4:55:AB:96:20,-65
BLE,1703215358762304437,D3:F4:55:AB:96:20,-63
BLE,1703215358951473734,D3:F4:55:AB:96:20,-60
BLE,1703215358967895533,DF:A6:DC:DC:2E:81,-73
BLE,1703215358967926408,DF:DF:EE:00:00:01,-73
BLE,1703215359241503691,DF:DF:EE:00:00:04,-54
BLE,1703215359341435898,D3:F4:55:AB:96:20,-63
BLE,1703215359726469628,D3:F4:55:AB:96:20,-62
BLE,1703215360249550889,DF:DF:EE:00:00:04,-53
BLE,1703215360492850020,D3:F4:55:AB:96:20,-63
BLE,1703215360681936984,D3:F4:55:AB:96:20,-66
BLE,1703215360784245180,DF:DF:EE:00:00:04,-57
BLE,1703215360983926678,DF:A6:DC:DC:2E:81,-72
BLE,1703215360983973428,DF:DF:EE:00:00:01,-72
BLE,1703215361070316031,D3:F4:55:AB:96:20,-60
BLE,1703215361248964418,DF:DF:EE:00:00:04,-54
BLE,1703215361263551184,D3:F4:55:AB:96:20,-64
BLE,1703215361460988859,D3:F4:55:AB:96:20,-62
BLE,1703215361646858963,D3:F4:55:AB:96:20,-64
BLE,1703215362029164788,D3:F4:55:AB:96:20,-65
BLE,1703215362224950096,D3:F4:55:AB:96:20,-63
BLE,1703215362247622492,DF:DF:EE:00:00:04,-56
BLE,1703215362606559882,D3:F4:55:AB:96:20,-63
BLE,1703215362795631013,D3:F4:55:AB:96:20,-64
BLE,1703215362988267419,D3:F4:55:AB:96:20,-63
BLE,1703215363179221749,D3:F4:55:AB:96:20,-65
BLE,1703215363251702582,DF:DF:EE:00:00:04,-54
BLE,1703215363376579341,D3:F4:55:AB:96:20,-69
BLE,1703215363576476505,D3:F4:55:AB:96:20,-62
BLE,1703215363962034107,D3:F4:55:AB:96:20,-64
BLE,1703215364159076034,D3:F4:55:AB:96:20,-63
BLE,1703215364354359095,D3:F4:55:AB:96:20,-46
BLE,1703215364543487266,D3:F4:55:AB:96:20,-62
BLE,1703215364791597917,DF:DF:EE:00:00:04,-56
BLE,1703215364927411209,D3:F4:55:AB:96:20,-62
BLE,1703215365113882893,D3:F4:55:AB:96:20,-64
BLE,1703215365308926038,D3:F4:55:AB:96:20,-62
BLE,1703215365501766609,D3:F4:55:AB:96:20,-61
BLE,1703215365784277352,DF:DF:EE:00:00:04,-68
BLE,1703215365889129411,D3:F4:55:AB:96:20,-63
BLE,1703215366085235176,D3:F4:55:AB:96:20,-61
BLE,1703215366252794905,DF:DF:EE:00:00:04,-55
BLE,1703215366781613765,DF:DF:EE:00:00:04,-54
BLE,1703215366846129468,D3:F4:55:AB:96:20,-65
BLE,1703215367243139601,DF:DF:EE:00:00:04,-56
BLE,1703215367424363726,D3:F4:55:AB:96:20,-62
BLE,1703215367616660258,D3:F4:55:AB:96:20,-61
BLE,1703215367808733208,D3:F4:55:AB:96:20,-64
BLE,1703215368004990806,D3:F4:55:AB:96:20,-62
BLE,1703215368009200120,DF:A6:DC:DC:2E:81,-73
BLE,1703215368009229453,DF:DF:EE:00:00:01,-73
BLE,1703215368193662646,D3:F4:55:AB:96:20,-50
BLE,1703215368247948688,DF:DF:EE:00:00:04,-55
BLE,1703215368780349781,DF:DF:EE:00:00:04,-54
BLE,1703215369156735675,D3:F4:55:AB:96:20,-63
BLE,1703215369343553483,D3:F4:55:AB:96:20,-64
BLE,1703215369924510353,D3:F4:55:AB:96:20,-64
BLE,1703215370017021761,DF:A6:DC:DC:2E:81,-73
BLE,1703215370017062844,DF:DF:EE:00:00:01,-73
BLE,1703215370241906768,DF:DF:EE:00:00:04,-53
BLE,1703215370310307287,D3:F4:55:AB:96:20,-64
BLE,1703215370692368905,D3:F4:55:AB:96:20,-64
BLE,1703215371076896136,D3:F4:55:AB:96:20,-65
BLE,1703215371245471445,DF:DF:EE:00:00:04,-56
BLE,1703215371269210752,D3:F4:55:AB:96:20,-62
BLE,1703215371464013481,D3:F4:55:AB:96:20,-46
BLE,1703215371657109468,D3:F4:55:AB:96:20,-64
BLE,1703215371785187504,DF:DF:EE:00:00:04,-40
BLE,1703215371847102636,D3:F4:55:AB:96:20,-61
BLE,1703215372236562553,D3:F4:55:AB:96:20,-63
BLE,1703215372241926404,DF:DF:EE:00:00:04,-54
BLE,1703215372624303770,D3:F4:55:AB:96:20,-64
BLE,1703215372784078744,DF:DF:EE:00:00:04,-53
BLE,1703215372813773607,D3:F4:55:AB:96:20,-61
BLE,1703215373008264671,D3:F4:55:AB:96:20,-64
BLE,1703215373030489069,DF:A6:DC:DC:2E:81,-74
BLE,1703215373030502319,DF:DF:EE:00:00:01,-74
BLE,1703215373206774258,D3:F4:55:AB:96:20,-62
BLE,1703215373248128110,DF:DF:EE:00:00:04,-55
BLE,1703215373401953027,D3:F4:55:AB:96:20,-61
BLE,1703215373595755886,D3:F4:55:AB:96:20,-50
BLE,1703215373788134126,D3:F4:55:AB:96:20,-63
BLE,1703215373979728620,D3:F4:55:AB:96:20,-65
BLE,1703215374034034745,DF:A6:DC:DC:2E:81,-72
BLE,1703215374034065370,DF:DF:EE:00:00:01,-72
BLE,1703215374251611370,DF:DF:EE:00:00:04,-54
BLE,1703215374371596609,D3:F4:55:AB:96:20,-62
BLE,1703215374563730684,D3:F4:55:AB:96:20,-64
BLE,1703215375140397740,D3:F4:55:AB:96:20,-62
BLE,1703215375252518142,DF:DF:EE:00:00:04,-55
BLE,1703215375782526537,DF:DF:EE:00:00:04,-53
BLE,1703215376038115237,DF:A6:DC:DC:2E:81,-58
BLE,1703215376038149945,DF:DF:EE:00:00:01,-58
BLE,1703215376249162475,DF:DF:EE:00:00:04,-38
BLE,1703215376295410345,D3:F4:55:AB:96:20,-64
BLE,1703215376788131996,DF:DF:EE:00:00:04,-54
BLE,1703215376873174647,D3:F4:55:AB:96:20,-63
BLE,1703215377036716853,DF:A6:DC:DC:2E:81,-59
BLE,1703215377036750686,DF:DF:EE:00:00:01,-59
BLE,1703215377245353352,DF:DF:EE:00:00:04,-49
BLE,1703215377780628473,DF:DF:EE:00:00:04,-53
BLE,1703215378043989720,DF:A6:DC:DC:2E:81,-72
BLE,1703215378044020012,DF:DF:EE:00:00:01,-72
BLE,1703215378221808236,D3:F4:55:AB:96:20,-62
BLE,1703215378242852764,DF:DF:EE:00:00:04,-55
BLE,1703215378411661446,D3:F4:55:AB:96:20,-65
BLE,1703215378783062322,DF:DF:EE:00:00:04,-56
BLE,1703215378807314252,D3:F4:55:AB:96:20,-47
BLE,1703215378995539678,D3:F4:55:AB:96:20,-63
BLE,1703215379044318620,DF:A6:DC:DC:2E:81,-70
BLE,1703215379044385286,DF:DF:EE:00:00:01,-70
BLE,1703215379187436462,D3:F4:55:AB:96:20,-63
BLE,1703215379242272876,DF:DF:EE:00:00:04,-54
BLE,1703215379571618945,D3:F4:55:AB:96:20,-62
BLE,1703215379761920403,D3:F4:55:AB:96:20,-64
BLE,1703215379781199106,DF:DF:EE:00:00:04,-53
BLE,1703215379957255838,D3:F4:55:AB:96:20,-62
BLE,1703215380049434748,DF:A6:DC:DC:2E:81,-61
BLE,1703215380049469664,DF:DF:EE:00:00:01,-61
BLE,1703215380342654316,D3:F4:55:AB:96:20,-50
BLE,1703215380539907825,D3:F4:55:AB:96:20,-63
BLE,1703215380735321593,D3:F4:55:AB:96:20,-60
BLE,1703215380928853203,D3:F4:55:AB:96:20,-65
BLE,1703215381127205541,D3:F4:55:AB:96:20,-47
BLE,1703215381514215386,D3:F4:55:AB:96:20,-64
BLE,1703215381703208225,D3:F4:55:AB:96:20,-62
BLE,1703215382053233366,DF:A6:DC:DC:2E:81,-72
BLE,1703215382053293907,DF:DF:EE:00:00:01,-72
BLE,1703215382090766568,D3:F4:55:AB:96:20,-63
BLE,1703215382278014165,D3:F4:55:AB:96:20,-65
BLE,1703215382468949370,D3:F4:55:AB:96:20,-46
BLE,1703215382663783724,D3:F4:55:AB:96:20,-64
BLE,1703215382789977561,DF:DF:EE:00:00:04,-56
BLE,1703215382857110544,D3:F4:55:AB:96:20,-62
BLE,1703215383045276887,D3:F4:55:AB:96:20,-64
BLE,1703215383239111870,D3:F4:55:AB:96:20,-62
BLE,1703215383429408620,D3:F4:55:AB:96:20,-64
BLE,1703215383626994170,D3:F4:55:AB:96:20,-64
BLE,1703215383785117693,DF:DF:EE:00:00:04,-54
BLE,1703215383821162443,D3:F4:55:AB:96:20,-63
BLE,1703215384009690576,D3:F4:55:AB:96:20,-64
BLE,1703215384069241636,DF:A6:DC:DC:2E:81,-73
BLE,1703215384069278302,DF:DF:EE:00:00:01,-73
BLE,1703215384208356746,D3:F4:55:AB:96:20,-63
BLE,1703215384252706750,DF:DF:EE:00:00:04,-55
BLE,1703215384785897423,DF:DF:EE:00:00:04,-55
BLE,1703215384792604851,D3:F4:55:AB:96:20,-46
BLE,1703215384979914906,D3:F4:55:AB:96:20,-64
BLE,1703215385174185304,D3:F4:55:AB:96:20,-62
BLE,1703215385363466309,D3:F4:55:AB:96:20,-66
BLE,1703215385559958989,D3:F4:55:AB:96:20,-62
BLE,1703215385781645969,DF:DF:EE:00:00:04,-71
BLE,1703215385944061722,D3:F4:55:AB:96:20,-63
BLE,1703215386133749808,D3:F4:55:AB:96:20,-61
BLE,1703215386523175684,D3:F4:55:AB:96:20,-47
BLE,1703215386784512732,DF:DF:EE:00:00:04,-56
BLE,1703215387088792708,DF:A6:DC:DC:2E:81,-74
BLE,1703215387088829916,DF:DF:EE:00:00:01,-74
BLE,1703215387106426001,D3:F4:55:AB:96:20,-63
BLE,1703215387243370830,DF:DF:EE:00:00:04,-55
BLE,1703215387488989034,D3:F4:55:AB:96:20,-63
BLE,1703215387680897901,D3:F4:55:AB:96:20,-63
BLE,1703215387874786301,D3:F4:55:AB:96:20,-47
BLE,1703215388097565735,DF:A6:DC:DC:2E:81,-72
BLE,1703215388097599026,DF:DF:EE:00:00:01,-72
BLE,1703215388248106334,DF:DF:EE:00:00:04,-53
BLE,1703215388262958683,D3:F4:55:AB:96:20,-64
BLE,1703215388457534579,D3:F4:55:AB:96:20,-63
BLE,1703215388649144615,D3:F4:55:AB:96:20,-63
BLE,1703215388784476034,DF:DF:EE:00:00:04,-53
BLE,1703215389097936759,DF:A6:DC:DC:2E:81,-59
BLE,1703215389097973676,DF:DF:EE:00:00:01,-59
BLE,1703215389788762832,DF:DF:EE:00:00:04,-56
BLE,1703215389811771435,D3:F4:55:AB:96:20,-47
BLE,1703215389999729987,D3:F4:55:AB:96:20,-64
BLE,1703215390103433885,DF:A6:DC:DC:2E:81,-75
BLE,1703215390103492093,DF:DF:EE:00:00:01,-75
BLE,1703215390575269382,D3:F4:55:AB:96:20,-62
BLE,1703215390763268892,D3:F4:55:AB:96:20,-64
BLE,1703215390785074125,DF:DF:EE:00:00:04,-53
BLE,1703215390955486925,D3:F4:55:AB:96:20,-64
BLE,1703215391144315723,D3:F4:55:AB:96:20,-64
BLE,1703215391249613739,DF:DF:EE:00:00:04,-55
BLE,1703215391728866577,D3:F4:55:AB:96:20,-63
BLE,1703215391789149299,DF:DF:EE:00:00:04,-55
BLE,1703215391925024174,D3:F4:55:AB:96:20,-63
BLE,1703215392110621238,DF:A6:DC:DC:2E:81,-73
BLE,1703215392110656529,DF:DF:EE:00:00:01,-73
BLE,1703215392246699820,DF:DF:EE:00:00:04,-55
BLE,1703215393265684592,D3:F4:55:AB:96:20,-47
BLE,1703215393458908204,D3:F4:55:AB:96:20,-65
BLE,1703215393648842413,D3:F4:55:AB:96:20,-46
BLE,1703215394033515728,D3:F4:55:AB:96:20,-62
BLE,1703215394414026436,D3:F4:55:AB:96:20,-62
BLE,1703215394609571412,D3:F4:55:AB:96:20,-64
BLE,1703215394802255192,D3:F4:55:AB:96:20,-63
BLE,1703215394989422790,D3:F4:55:AB:96:20,-64
BLE,1703215395369669541,D3:F4:55:AB:96:20,-46
BLE,1703215395555031772,D3:F4:55:AB:96:20,-64
BLE,1703215395779654322,DF:DF:EE:00:00:04,-53
BLE,1703215396139844541,DF:A6:DC:DC:2E:81,-73
BLE,1703215396139907791,DF:DF:EE:00:00:01,-73
BLE,1703215396142499487,D3:F4:55:AB:96:20,-64
BLE,1703215396144027730,D3:F4:55:AB:96:20,-61
BLE,1703215396244662226,DF:DF:EE:00:00:04,-68
BLE,1703215396334466146,D3:F4:55:AB:96:20,-62
BLE,1703215396521605119,D3:F4:55:AB:96:20,-63
BLE,1703215396712657657,D3:F4:55:AB:96:20,-62
BLE,1703215396713995067,D3:F4:55:AB:96:20,-63
BLE,1703215397243043551,DF:DF:EE:00:00:04,-37
BLE,1703215397780581079,DF:DF:EE:00:00:04,-54
BLE,1703215398049078802,D3:F4:55:AB:96:20,-64
BLE,1703215398147640182,DF:A6:DC:DC:2E:81,-71
BLE,1703215398147654391,DF:DF:EE:00:00:01,-71
BLE,1703215398247632972,D3:F4:55:AB:96:20,-58
BLE,1703215398435849482,D3:F4:55:AB:96:20,-64
BLE,1703215398624670738,D3:F4:55:AB:96:20,-62
BLE,1703215398785005834,DF:DF:EE:00:00:04,-55
BLE,1703215399149797198,DF:A6:DC:DC:2E:81,-73
BLE,1703215399149858948,DF:DF:EE:00:00:01,-73
BLE,1703215399245875132,DF:DF:EE:00:00:04,-54
BLE,1703215399385522614,D3:F4:55:AB:96:20,-61
BLE,1703215399575911989,D3:F4:55:AB:96:20,-47
BLE,1703215399764677871,D3:F4:55:AB:96:20,-63
BLE,1703215399783611492,DF:DF:EE:00:00:04,-53
BLE,1703215399958428230,D3:F4:55:AB:96:20,-62
BLE,1703215400151117385,DF:A6:DC:DC:2E:81,-70
BLE,1703215400151150802,DF:DF:EE:00:00:01,-70
BLE,1703215400338645398,D3:F4:55:AB:96:20,-62
BLE,1703215400534057291,D3:F4:55:AB:96:20,-62
BLE,1703215400779494204,DF:DF:EE:00:00:04,-55
BLE,1703215400916738739,D3:F4:55:AB:96:20,-62
BLE,1703215401242060368,DF:DF:EE:00:00:04,-56
BLE,1703215401308026731,D3:F4:55:AB:96:20,-62
BLE,1703215402077669817,D3:F4:55:AB:96:20,-64
BLE,1703215402155473959,DF:A6:DC:DC:2E:81,-72
BLE,1703215402155490375,DF:DF:EE:00:00:01,-72
BLE,1703215402268081941,D3:F4:55:AB:96:20,-61
BLE,1703215402460967221,D3:F4:55:AB:96:20,-50
BLE,1703215402654222915,D3:F4:55:AB:96:20,-63
BLE,1703215402847599734,D3:F4:55:AB:96:20,-50
BLE,1703215403042860003,D3:F4:55:AB:96:20,-63
BLE,1703215403160795502,DF:A6:DC:DC:2E:81,-73
BLE,1703215403160856877,DF:DF:EE:00:00:01,-73
BLE,1703215403232551797,D3:F4:55:AB:96:20,-46
BLE,1703215403427771733,D3:F4:55:AB:96:20,-64
BLE,1703215403621226968,D3:F4:55:AB:96:20,-62
BLE,1703215403788105826,DF:DF:EE:00:00:04,-53
BLE,1703215404001353970,D3:F4:55:AB:96:20,-62
BLE,1703215404167070708,DF:A6:DC:DC:2E:81,-73
BLE,1703215404167105291,DF:DF:EE:00:00:01,-73
BLE,1703215404377497657,D3:F4:55:AB:96:20,-66
BLE,1703215404780598220,DF:DF:EE:00:00:04,-53
BLE,1703215405335213211,D3:F4:55:AB:96:20,-63
BLE,1703215405521939518,D3:F4:55:AB:96:20,-64
BLE,1703215405717255120,D3:F4:55:AB:96:20,-62
BLE,1703215405788000837,DF:DF:EE:00:00:04,-55
BLE,1703215406487025038,D3:F4:55:AB:96:20,-50
BLE,1703215406682157683,D3:F4:55:AB:96:20,-63
BLE,1703215406787454407,DF:DF:EE:00:00:04,-54
BLE,1703215406877947866,D3:F4:55:AB:96:20,-61
BLE,1703215407066570040,D3:F4:55:AB:96:20,-63
BLE,1703215407249733947,DF:DF:EE:00:00:04,-56
BLE,1703215407259951692,D3:F4:55:AB:96:20,-46
BLE,1703215407454575922,D3:F4:55:AB:96:20,-64
BLE,1703215407646669080,D3:F4:55:AB:96:20,-62
BLE,1703215407788048430,DF:DF:EE:00:00:04,-55
BLE,1703215407837805035,D3:F4:55:AB:96:20,-69
BLE,1703215408033841842,D3:F4:55:AB:96:20,-62
BLE,1703215408191268201,DF:A6:DC:DC:2E:81,-72
BLE,1703215408191286742,DF:DF:EE:00:00:01,-72
BLE,1703215408228209573,D3:F4:55:AB:96:20,-61
BLE,1703215408245682784,DF:DF:EE:00:00:04,-53
BLE,1703215409188577156,D3:F4:55:AB:96:20,-50
BLE,1703215409197898988,DF:A6:DC:DC:2E:81,-72
BLE,1703215409197928155,DF:DF:EE:00:00:01,-72
BLE,1703215409250507996,DF:DF:EE:00:00:04,-56
BLE,1703215409788911895,DF:DF:EE:00:00:04,-56
BLE,1703215410241126857,DF:DF:EE:00:00:04,-56
BLE,1703215410343419970,D3:F4:55:AB:96:20,-62
BLE,1703215410785740144,DF:DF:EE:00:00:04,-53
BLE,1703215410921999184,D3:F4:55:AB:96:20,-66
BLE,1703215411215848541,DF:A6:DC:DC:2E:81,-73
BLE,1703215411215887041,DF:DF:EE:00:00:01,-73
BLE,1703215411245868070,DF:DF:EE:00:00:04,-53
BLE,1703215411310428564,D3:F4:55:AB:96:20,-46
BLE,1703215411696663455,D3:F4:55:AB:96:20,-60
BLE,1703215411888486281,D3:F4:55:AB:96:20,-64
BLE,1703215412084855336,D3:F4:55:AB:96:20,-63
BLE,1703215412225193399,DF:A6:DC:DC:2E:81,-74
BLE,1703215412225235107,DF:DF:EE:00:00:01,-74
BLE,1703215412274434339,D3:F4:55:AB:96:20,-64
BLE,1703215412782118421,DF:DF:EE:00:00:04,-56
BLE,1703215413429806026,D3:F4:55:AB:96:20,-62
BLE,1703215414244890069,DF:A6:DC:DC:2E:81,-73
BLE,1703215414244924027,DF:DF:EE:00:00:01,-73
BLE,1703215414397238660,D3:F4:55:AB:96:20,-60
BLE,1703215414779743568,DF:DF:EE:00:00:04,-54
BLE,1703215414975429043,D3:F4:55:AB:96:20,-64
BLE,1703215414976803120,D3:F4:55:AB:96:20,-62
BLE,1703215415248464329,DF:DF:EE:00:00:04,-56
BLE,1703215415252218311,DF:A6:DC:DC:2E:81,-57
BLE,1703215415252244770,DF:DF:EE:00:00:01,-57
BLE,1703215415356528290,D3:F4:55:AB:96:20,-64
BLE,1703215415782619539,DF:DF:EE:00:00:04,-53
BLE,1703215415930838399,D3:F4:55:AB:96:20,-63
BLE,1703215416122158269,D3:F4:55:AB:96:20,-65
BLE,1703215416248053898,DF:DF:EE:00:00:04,-55
BLE,1703215416256299902,DF:A6:DC:DC:2E:81,-74
BLE,1703215416256310610,DF:DF:EE:00:00:01,-74
BLE,1703215416313477973,D3:F4:55:AB:96:20,-62
BLE,1703215416499344243,D3:F4:55:AB:96:20,-48
BLE,1703215416698706534,D3:F4:55:AB:96:20,-64
BLE,1703215416895088214,D3:F4:55:AB:96:20,-46
BLE,1703215417084923341,D3:F4:55:AB:96:20,-64
BLE,1703215417246045100,DF:DF:EE:00:00:04,-53
BLE,1703215417282998889,D3:F4:55:AB:96:20,-63
BLE,1703215417472988265,D3:F4:55:AB:96:20,-65
BLE,1703215417474322384,D3:F4:55:AB:96:20,-46
BLE,1703215417663375389,D3:F4:55:AB:96:20,-62
BLE,1703215417784761540,DF:DF:EE:00:00:04,-54
BLE,1703215418248715198,DF:DF:EE:00:00:04,-51
BLE,1703215418275088868,DF:A6:DC:DC:2E:81,-73
BLE,1703215418275116993,DF:DF:EE:00:00:01,-73
BLE,1703215418778220637,DF:DF:EE:00:00:04,-53
BLE,1703215418811529693,D3:F4:55:AB:96:20,-62
BLE,1703215419002460065,D3:F4:55:AB:96:20,-64
BLE,1703215419195868050,D3:F4:55:AB:96:20,-62
BLE,1703215419390572196,D3:F4:55:AB:96:20,-60
BLE,1703215419582318773,D3:F4:55:AB:96:20,-63
BLE,1703215419771264779,D3:F4:55:AB:96:20,-62
BLE,1703215419965599427,D3:F4:55:AB:96:20,-66
BLE,1703215420161968399,D3:F4:55:AB:96:20,-47
BLE,1703215420282085180,DF:A6:DC:DC:2E:81,-73
BLE,1703215420282101346,DF:DF:EE:00:00:01,-73
BLE,1703215420547295502,D3:F4:55:AB:96:20,-62
BLE,1703215420734887264,D3:F4:55:AB:96:20,-64
BLE,1703215420778715312,DF:DF:EE:00:00:04,-53
BLE,1703215420926080843,D3:F4:55:AB:96:20,-63
BLE,1703215421117716045,D3:F4:55:AB:96:20,-64
BLE,1703215421241688933,DF:DF:EE:00:00:04,-55
BLE,1703215421290518667,DF:A6:DC:DC:2E:81,-57
BLE,1703215421290539167,DF:DF:EE:00:00:01,-57
BLE,1703215421504212184,D3:F4:55:AB:96:20,-62
BLE,1703215421692950108,D3:F4:55:AB:96:20,-62
BLE,1703215421780292790,DF:DF:EE:00:00:04,-71
BLE,1703215422268124504,D3:F4:55:AB:96:20,-46
BLE,1703215422458472921,D3:F4:55:AB:96:20,-62
BLE,1703215422644346816,D3:F4:55:AB:96:20,-64
BLE,1703215422787548366,DF:DF:EE:00:00:04,-54
BLE,1703215422841965574,D3:F4:55:AB:96:20,-63
BLE,1703215423028007885,D3:F4:55:AB:96:20,-69
BLE,1703215423420842161,D3:F4:55:AB:96:20,-60
BLE,1703215423614205147,D3:F4:55:AB:96:20,-64
BLE,1703215423787482017,DF:DF:EE:00:00:04,-54
BLE,1703215423809761123,D3:F4:55:AB:96:20,-63
BLE,1703215424196642927,D3:F4:55:AB:96:20,-64
BLE,1703215424245005871,DF:DF:EE:00:00:04,-53
BLE,1703215424392174569,D3:F4:55:AB:96:20,-63
BLE,1703215424586989340,D3:F4:55:AB:96:20,-46
BLE,1703215425162728942,D3:F4:55:AB:96:20,-51
BLE,1703215425239889546,DF:DF:EE:00:00:04,-54
BLE,1703215425299852312,DF:A6:DC:DC:2E:81,-74
BLE,1703215425299866520,DF:DF:EE:00:00:01,-74
BLE,1703215425352113946,D3:F4:55:AB:96:20,-62
BLE,1703215425736784802,D3:F4:55:AB:96:20,-62
BLE,1703215426122570695,D3:F4:55:AB:96:20,-63
BLE,1703215426245261797,DF:DF:EE:00:00:04,-54
BLE,1703215426306196850,DF:A6:DC:DC:2E:81,-75
BLE,1703215426306228517,DF:DF:EE:00:00:01,-75
BLE,1703215426311172244,D3:F4:55:AB:96:20,-78
BLE,1703215426696257515,D3:F4:55:AB:96:20,-64
BLE,1703215426782364160,DF:DF:EE:00:00:04,-53
BLE,1703215427087891172,D3:F4:55:AB:96:20,-46
BLE,1703215427659551626,D3:F4:55:AB:96:20,-64
BLE,1703215427777778124,DF:DF:EE:00:00:04,-53
BLE,1703215427858654627,D3:F4:55:AB:96:20,-62
BLE,1703215428314716030,DF:A6:DC:DC:2E:81,-74
BLE,1703215428314751780,DF:DF:EE:00:00:01,-74
BLE,1703215428441416947,D3:F4:55:AB:96:20,-64
BLE,1703215428823155483,D3:F4:55:AB:96:20,-62
BLE,1703215429015010559,D3:F4:55:AB:96:20,-64
BLE,1703215429207417633,D3:F4:55:AB:96:20,-62
BLE,1703215429244075673,DF:DF:EE:00:00:04,-40
BLE,1703215429319918365,DF:A6:DC:DC:2E:81,-72
BLE,1703215429319964865,DF:DF:EE:00:00:01,-72
BLE,1703215429594698643,D3:F4:55:AB:96:20,-64
BLE,1703215429783577691,DF:DF:EE:00:00:04,-53
BLE,1703215429975228018,D3:F4:55:AB:96:20,-62
BLE,1703215430244764696,DF:DF:EE:00:00:04,-55
BLE,1703215430319133645,DF:A6:DC:DC:2E:81,-76
BLE,1703215430319157228,DF:DF:EE:00:00:01,-76
BLE,1703215430557849381,D3:F4:55:AB:96:20,-62
BLE,1703215430784456672,DF:DF:EE:00:00:04,-56
BLE,1703215430944404645,D3:F4:55:AB:96:20,-50
BLE,1703215431142337859,D3:F4:55:AB:96:20,-63
BLE,1703215431328799252,D3:F4:55:AB:96:20,-63
BLE,1703215431527009840,D3:F4:55:AB:96:20,-62
BLE,1703215432107558212,D3:F4:55:AB:96:20,-63
BLE,1703215432242768799,DF:DF:EE:00:00:04,-55
BLE,1703215432299263664,D3:F4:55:AB:96:20,-63
BLE,1703215432332671885,DF:A6:DC:DC:2E:81,-72
BLE,1703215432332738468,DF:DF:EE:00:00:01,-72
BLE,1703215432780796949,DF:DF:EE:00:00:04,-55
BLE,1703215432782201776,DF:DF:EE:00:00:04,-55
BLE,1703215433063814731,D3:F4:55:AB:96:20,-64
BLE,1703215433241267081,DF:DF:EE:00:00:04,-53
BLE,1703215433254679520,D3:F4:55:AB:96:20,-62
BLE,1703215433637482009,D3:F4:55:AB:96:20,-63
BLE,1703215433782486217,DF:DF:EE:00:00:04,-54
BLE,1703215434023814524,D3:F4:55:AB:96:20,-63
BLE,1703215434212542740,D3:F4:55:AB:96:20,-65
BLE,1703215434240233404,DF:DF:EE:00:00:04,-55
BLE,1703215434598793130,D3:F4:55:AB:96:20,-61
BLE,1703215434788410341,DF:DF:EE:00:00:04,-56
BLE,1703215434795190893,D3:F4:55:AB:96:20,-64
BLE,1703215435186682635,D3:F4:55:AB:96:20,-61
BLE,1703215435348802097,DF:A6:DC:DC:2E:81,-58
BLE,1703215435348835972,DF:DF:EE:00:00:01,-58
BLE,1703215435575240598,D3:F4:55:AB:96:20,-63
BLE,1703215435761949031,D3:F4:55:AB:96:20,-64
BLE,1703215435783924430,DF:DF:EE:00:00:04,-53
BLE,1703215435954783977,D3:F4:55:AB:96:20,-63
BLE,1703215436151533906,D3:F4:55:AB:96:20,-62
BLE,1703215436241286201,DF:DF:EE:00:00:04,-54
BLE,1703215436342505611,D3:F4:55:AB:96:20,-62
BLE,1703215436347633212,DF:A6:DC:DC:2E:81,-60
BLE,1703215436347647171,DF:DF:EE:00:00:01,-60
BLE,1703215436534781976,D3:F4:55:AB:96:20,-61
BLE,1703215436724421729,D3:F4:55:AB:96:20,-62
BLE,1703215436919554832,D3:F4:55:AB:96:20,-62
BLE,1703215437110053164,D3:F4:55:AB:96:20,-64
BLE,1703215437244980835,DF:DF:EE:00:00:04,-53
BLE,1703215437304408729,D3:F4:55:AB:96:20,-60
BLE,1703215437354097417,DF:A6:DC:DC:2E:81,-73
BLE,1703215437354123834,DF:DF:EE:00:00:01,-73
BLE,1703215437494744145,D3:F4:55:AB:96:20,-64
BLE,1703215437688989502,D3:F4:55:AB:96:20,-63
BLE,1703215437785226559,DF:DF:EE:00:00:04,-39
BLE,1703215437882883860,D3:F4:55:AB:96:20,-60
BLE,1703215438073879690,D3:F4:55:AB:96:20,-63
BLE,1703215438239129555,DF:DF:EE:00:00:04,-54
BLE,1703215438265167727,D3:F4:55:AB:96:20,-60
BLE,1703215438359096837,DF:A6:DC:DC:2E:81,-72
BLE,1703215438359123503,DF:DF:EE:00:00:01,-72
BLE,1703215438455523893,D3:F4:55:AB:96:20,-62
BLE,1703215438785896291,DF:DF:EE:00:00:04,-45
BLE,1703215438837977426,D3:F4:55:AB:96:20,-63
BLE,1703215439028118510,D3:F4:55:AB:96:20,-64
BLE,1703215439220281626,D3:F4:55:AB:96:20,-62
BLE,1703215439409832129,D3:F4:55:AB:96:20,-66
BLE,1703215439599890839,D3:F4:55:AB:96:20,-62
BLE,1703215439785680943,DF:DF:EE:00:00:04,-56
BLE,1703215439788934594,D3:F4:55:AB:96:20,-50
BLE,1703215439987178183,D3:F4:55:AB:96:20,-63
BLE,1703215440172840495,D3:F4:55:AB:96:20,-64
BLE,1703215440242682008,DF:DF:EE:00:00:04,-54
BLE,1703215440560783920,D3:F4:55:AB:96:20,-61
BLE,1703215440752392247,D3:F4:55:AB:96:20,-62
BLE,1703215441242465993,DF:DF:EE:00:00:04,-55
BLE,1703215441379056032,DF:A6:DC:DC:2E:81,-73
BLE,1703215441379092281,DF:DF:EE:00:00:01,-73
BLE,1703215441712657956,D3:F4:55:AB:96:20,-62
BLE,1703215441785198830,DF:DF:EE:00:00:04,-57
BLE,1703215441902502541,D3:F4:55:AB:96:20,-51
BLE,1703215442093243955,D3:F4:55:AB:96:20,-61
BLE,1703215442289172679,D3:F4:55:AB:96:20,-64
BLE,1703215442483465619,D3:F4:55:AB:96:20,-62
BLE,1703215442675819318,D3:F4:55:AB:96:20,-62
BLE,1703215443247229482,D3:F4:55:AB:96:20,-63
BLE,1703215443380185787,DF:A6:DC:DC:2E:81,-73
BLE,1703215443380213870,DF:DF:EE:00:00:01,-73
BLE,1703215443637247355,D3:F4:55:AB:96:20,-64
BLE,1703215443830259092,D3:F4:55:AB:96:20,-67
BLE,1703215444216828106,D3:F4:55:AB:96:20,-62
BLE,1703215444410704298,D3:F4:55:AB:96:20,-60
BLE,1703215444604671656,D3:F4:55:AB:96:20,-64
BLE,1703215444785160076,DF:DF:EE:00:00:04,-54
BLE,1703215444799883924,D3:F4:55:AB:96:20,-62
BLE,1703215445368953349,D3:F4:55:AB:96:20,-63
BLE,1703215445385869896,DF:A6:DC:DC:2E:81,-73
BLE,1703215445385882979,DF:DF:EE:00:00:01,-73
BLE,1703215445564645407,D3:F4:55:AB:96:20,-62
BLE,1703215445784584979,DF:DF:EE:00:00:04,-54
BLE,1703215446335012615,D3:F4:55:AB:96:20,-50
BLE,1703215446392799182,DF:A6:DC:DC:2E:81,-72
BLE,1703215446392814015,DF:DF:EE:00:00:01,-72
BLE,1703215446913495537,D3:F4:55:AB:96:20,-67
BLE,1703215447101615256,D3:F4:55:AB:96:20,-64
BLE,1703215447246207091,DF:DF:EE:00:00:04,-55
BLE,1703215447394964490,DF:A6:DC:DC:2E:81,-74
BLE,1703215447394982532,DF:DF:EE:00:00:01,-74
BLE,1703215447486435278,D3:F4:55:AB:96:20,-64
BLE,1703215447681604713,D3:F4:55:AB:96:20,-47
BLE,1703215447787251228,DF:DF:EE:00:00:04,-56
BLE,1703215447867879273,D3:F4:55:AB:96:20,-65
BLE,1703215448061785048,D3:F4:55:AB:96:20,-62
BLE,1703215448252496421,D3:F4:55:AB:96:20,-63
BLE,1703215448400141576,DF:A6:DC:DC:2E:81,-72
BLE,1703215448400174867,DF:DF:EE:00:00:01,-72
BLE,1703215448647660604,D3:F4:55:AB:96:20,-68
BLE,1703215448783159397,DF:DF:EE:00:00:04,-39
BLE,1703215449036910105,D3:F4:55:AB:96:20,-65
BLE,1703215449232710163,D3:F4:55:AB:96:20,-63
BLE,1703215449421436170,D3:F4:55:AB:96:20,-64
BLE,1703215449615131030,D3:F4:55:AB:96:20,-62
BLE,1703215449780204687,DF:DF:EE:00:00:04,-53
BLE,1703215450197401185,D3:F4:55:AB:96:20,-62
BLE,1703215450412686445,DF:A6:DC:DC:2E:81,-73
BLE,1703215450412744111,DF:DF:EE:00:00:01,-73
BLE,1703215450777921807,D3:F4:55:AB:96:20,-61
BLE,1703215450970597588,D3:F4:55:AB:96:20,-63
BLE,1703215451166363646,D3:F4:55:AB:96:20,-63
BLE,1703215451243027085,DF:DF:EE:00:00:04,-37
BLE,1703215451353799409,D3:F4:55:AB:96:20,-50
BLE,1703215451420632393,DF:A6:DC:DC:2E:81,-73
BLE,1703215451420670434,DF:DF:EE:00:00:01,-73
BLE,1703215451542415541,D3:F4:55:AB:96:20,-61
BLE,1703215451931539668,D3:F4:55:AB:96:20,-62
BLE,1703215452121532586,D3:F4:55:AB:96:20,-64
BLE,1703215452247685881,DF:DF:EE:00:00:04,-56
BLE,1703215452312747748,D3:F4:55:AB:96:20,-63
BLE,1703215452785483324,DF:DF:EE:00:00:04,-55
BLE,1703215452887306814,D3:F4:55:AB:96:20,-64
BLE,1703215453081662171,D3:F4:55:AB:96:20,-63
BLE,1703215453422484812,DF:A6:DC:DC:2E:81,-72
BLE,1703215453422543603,DF:DF:EE:00:00:01,-72
BLE,1703215453465669780,D3:F4:55:AB:96:20,-76
BLE,1703215453652575337,D3:F4:55:AB:96:20,-66
BLE,1703215453785413184,DF:DF:EE:00:00:04,-53
BLE,1703215454042324711,D3:F4:55:AB:96:20,-62
BLE,1703215454241679877,DF:DF:EE:00:00:04,-54
BLE,1703215454423144876,D3:F4:55:AB:96:20,-61
BLE,1703215454616264321,D3:F4:55:AB:96:20,-65
BLE,1703215454806615446,D3:F4:55:AB:96:20,-62
BLE,1703215454995821659,D3:F4:55:AB:96:20,-62
BLE,1703215455187203529,D3:F4:55:AB:96:20,-62
BLE,1703215455239625496,DF:DF:EE:00:00:04,-55
BLE,1703215455764496624,D3:F4:55:AB:96:20,-64
BLE,1703215455782696832,DF:DF:EE:00:00:04,-57
BLE,1703215455955884244,D3:F4:55:AB:96:20,-61
BLE,1703215456146274327,D3:F4:55:AB:96:20,-64
BLE,1703215456239922146,DF:DF:EE:00:00:04,-53
BLE,1703215456340966098,D3:F4:55:AB:96:20,-63
BLE,1703215456435013624,DF:A6:DC:DC:2E:81,-74
BLE,1703215456435051790,DF:DF:EE:00:00:01,-74
BLE,1703215456724920582,D3:F4:55:AB:96:20,-64
BLE,1703215456776586053,DF:DF:EE:00:00:04,-54
BLE,1703215456910502520,D3:F4:55:AB:96:20,-65
BLE,1703215457100676063,D3:F4:55:AB:96:20,-60
BLE,1703215457244809108,DF:DF:EE:00:00:04,-56
BLE,1703215457488294238,D3:F4:55:AB:96:20,-63
BLE,1703215457683838506,D3:F4:55:AB:96:20,-62
BLE,1703215457781531390,DF:DF:EE:00:00:04,-55
BLE,1703215458255110545,D3:F4:55:AB:96:20,-62
BLE,1703215458443751094,D3:F4:55:AB:96:20,-65
BLE,1703215458639855567,D3:F4:55:AB:96:20,-62
BLE,1703215459026697205,D3:F4:55:AB:96:20,-64
BLE,1703215459224447796,D3:F4:55:AB:96:20,-62
BLE,1703215459417211951,D3:F4:55:AB:96:20,-61
BLE,1703215459449172220,DF:A6:DC:DC:2E:81,-72
BLE,1703215459449203345,DF:DF:EE:00:00:01,-72
BLE,1703215459786344420,DF:DF:EE:00:00:04,-56
BLE,1703215459807062158,D3:F4:55:AB:96:20,-63
BLE,1703215459995003710,D3:F4:55:AB:96:20,-64
BLE,1703215460185181711,D3:F4:55:AB:96:20,-46
BLE,1703215460572872803,D3:F4:55:AB:96:20,-62
BLE,1703215460761767392,D3:F4:55:AB:96:20,-64
BLE,1703215460784258705,DF:DF:EE:00:00:04,-53
BLE,1703215461344421504,D3:F4:55:AB:96:20,-64
BLE,1703215461452621007,DF:A6:DC:DC:2E:81,-73
BLE,1703215461452671423,DF:DF:EE:00:00:01,-73
BLE,1703215461741710927,D3:F4:55:AB:96:20,-70
BLE,1703215461785633100,DF:DF:EE:00:00:04,-56
BLE,1703215461936738489,D3:F4:55:AB:96:20,-61
BLE,1703215462323547876,D3:F4:55:AB:96:20,-60
BLE,1703215462897538028,D3:F4:55:AB:96:20,-64
BLE,1703215463095442410,D3:F4:55:AB:96:20,-62
BLE,1703215463481341635,D3:F4:55:AB:96:20,-65
BLE,1703215463781343964,DF:DF:EE:00:00:04,-49
BLE,1703215463864461623,D3:F4:55:AB:96:20,-64
BLE,1703215464057593610,D3:F4:55:AB:96:20,-62
BLE,1703215464241449889,DF:DF:EE:00:00:04,-55
BLE,1703215464246815615,D3:F4:55:AB:96:20,-64
BLE,1703215464444440998,D3:F4:55:AB:96:20,-62
BLE,1703215464830559847,D3:F4:55:AB:96:20,-64
BLE,1703215465020117350,D3:F4:55:AB:96:20,-62
BLE,1703215465216674029,D3:F4:55:AB:96:20,-64
BLE,1703215465462852606,DF:A6:DC:DC:2E:81,-75
BLE,1703215465462902147,DF:DF:EE:00:00:01,-75
BLE,1703215465775699750,DF:DF:EE:00:00:04,-53
BLE,1703215465981306930,D3:F4:55:AB:96:20,-65
BLE,1703215466563270378,D3:F4:55:AB:96:20,-64
BLE,1703215466755229120,D3:F4:55:AB:96:20,-47
BLE,1703215466949811601,D3:F4:55:AB:96:20,-64
BLE,1703215467143056754,D3:F4:55:AB:96:20,-62
BLE,1703215467240024516,DF:DF:EE:00:00:04,-53
BLE,1703215467330158143,D3:F4:55:AB:96:20,-64
BLE,1703215467524588291,D3:F4:55:AB:96:20,-62
BLE,1703215467718833231,D3:F4:55:AB:96:20,-62
BLE,1703215468098522651,D3:F4:55:AB:96:20,-65
BLE,1703215468291883512,D3:F4:55:AB:96:20,-62
BLE,1703215468674860042,D3:F4:55:AB:96:20,-62
BLE,1703215468865745289,D3:F4:55:AB:96:20,-62
BLE,1703215469491479662,DF:A6:DC:DC:2E:81,-74
BLE,1703215469491529203,DF:DF:EE:00:00:01,-74
BLE,1703215469780205001,DF:DF:EE:00:00:04,-66
BLE,1703215470247762642,DF:DF:EE:00:00:04,-55
BLE,1703215470402483847,D3:F4:55:AB:96:20,-73
BLE,1703215470495289337,DF:A6:DC:DC:2E:81,-72
BLE,1703215470495309295,DF:DF:EE:00:00:01,-72
BLE,1703215470593084262,D3:F4:55:AB:96:20,-64
BLE,1703215470785595252,DF:DF:EE:00:00:04,-55
BLE,1703215470981738308,D3:F4:55:AB:96:20,-61
BLE,1703215471175499584,D3:F4:55:AB:96:20,-64
BLE,1703215471241200115,DF:DF:EE:00:00:04,-55
BLE,1703215471559718733,D3:F4:55:AB:96:20,-50
BLE,1703215471755759582,D3:F4:55:AB:96:20,-63
BLE,1703215471943731676,D3:F4:55:AB:96:20,-64
BLE,1703215472135820626,D3:F4:55:AB:96:20,-63
BLE,1703215472238917776,DF:DF:EE:00:00:04,-53
BLE,1703215472506182422,DF:A6:DC:DC:2E:81,-74
BLE,1703215472506226922,DF:DF:EE:00:00:01,-74
BLE,1703215472523323885,D3:F4:55:AB:96:20,-62
BLE,1703215472718110531,D3:F4:55:AB:96:20,-60
BLE,1703215472780772618,DF:DF:EE:00:00:04,-54
BLE,1703215472909465484,D3:F4:55:AB:96:20,-64
BLE,1703215473682029973,D3:F4:55:AB:96:20,-62
BLE,1703215473780793477,DF:DF:EE:00:00:04,-55
BLE,1703215474521568487,DF:A6:DC:DC:2E:81,-73
BLE,1703215474521620028,DF:DF:EE:00:00:01,-73
BLE,1703215474656566575,D3:F4:55:AB:96:20,-62
BLE,1703215474780501296,DF:DF:EE:00:00:04,-53
BLE,1703215475047494693,D3:F4:55:AB:96:20,-65
BLE,1703215475241012720,D3:F4:55:AB:96:20,-62
BLE,1703215475622817006,D3:F4:55:AB:96:20,-64
BLE,1703215475782493188,DF:DF:EE:00:00:04,-55
BLE,1703215475999139692,D3:F4:55:AB:96:20,-46
BLE,1703215476246213222,DF:DF:EE:00:00:04,-55
BLE,1703215476380784270,D3:F4:55:AB:96:20,-62
BLE,1703215476778523941,DF:DF:EE:00:00:04,-53
BLE,1703215477247148661,DF:DF:EE:00:00:04,-55
BLE,1703215477921297852,D3:F4:55:AB:96:20,-62
BLE,1703215478534082867,DF:A6:DC:DC:2E:81,-61
BLE,1703215478534132784,DF:DF:EE:00:00:01,-61
BLE,1703215478784079009,DF:DF:EE:00:00:04,-53
BLE,1703215478881699102,D3:F4:55:AB:96:20,-62
BLE,1703215479269076654,D3:F4:55:AB:96:20,-64
BLE,1703215479459471070,D3:F4:55:AB:96:20,-64
BLE,1703215479538517706,DF:A6:DC:DC:2E:81,-73
BLE,1703215479538564873,DF:DF:EE:00:00:01,-73
BLE,1703215479780233386,DF:DF:EE:00:00:04,-54
BLE,1703215480041910141,D3:F4:55:AB:96:20,-65
BLE,1703215480239678607,D3:F4:55:AB:96:20,-63
BLE,1703215480540419224,DF:A6:DC:DC:2E:81,-74
BLE,1703215480540467015,DF:DF:EE:00:00:01,-74
BLE,1703215480620447231,D3:F4:55:AB:96:20,-62
BLE,1703215480806870790,D3:F4:55:AB:96:20,-64
BLE,1703215481246349977,DF:DF:EE:00:00:04,-56
BLE,1703215481587071452,D3:F4:55:AB:96:20,-63
BLE,1703215481970896728,D3:F4:55:AB:96:20,-62
BLE,1703215482240767862,DF:DF:EE:00:00:04,-40
BLE,1703215482540889024,DF:A6:DC:DC:2E:81,-73
BLE,1703215482540933232,DF:DF:EE:00:00:01,-73
BLE,1703215482549213360,D3:F4:55:AB:96:20,-62
BLE,1703215482737845118,D3:F4:55:AB:96:20,-47
BLE,1703215483240479348,DF:DF:EE:00:00:04,-53
BLE,1703215483315938168,D3:F4:55:AB:96:20,-47
BLE,1703215483546213650,DF:A6:DC:DC:2E:81,-72
BLE,1703215483546254733,DF:DF:EE:00:00:01,-72
BLE,1703215483778405791,DF:DF:EE:00:00:04,-65
BLE,1703215483893297471,D3:F4:55:AB:96:20,-64
BLE,1703215484240420333,DF:DF:EE:00:00:04,-63
BLE,1703215484555327009,DF:A6:DC:DC:2E:81,-74
BLE,1703215484555371801,DF:DF:EE:00:00:01,-74
BLE,1703215484668368948,D3:F4:55:AB:96:20,-75
BLE,1703215484855751253,D3:F4:55:AB:96:20,-63
BLE,1703215485050413941,D3:F4:55:AB:96:20,-63
BLE,1703215485241635145,D3:F4:55:AB:96:20,-64
BLE,1703215485437201579,D3:F4:55:AB:96:20,-63
BLE,1703215485562432294,DF:A6:DC:DC:2E:81,-56
BLE,1703215485562470128,DF:DF:EE:00:00:01,-56
BLE,1703215485623510264,D3:F4:55:AB:96:20,-64
BLE,1703215485815463506,D3:F4:55:AB:96:20,-62
BLE,1703215486244697115,DF:DF:EE:00:00:04,-55
BLE,1703215486563908772,DF:A6:DC:DC:2E:81,-72
BLE,1703215486563946064,DF:DF:EE:00:00:01,-72
BLE,1703215487150208451,D3:F4:55:AB:96:20,-64
BLE,1703215487243721354,DF:DF:EE:00:00:04,-53
BLE,1703215487343764227,D3:F4:55:AB:96:20,-62
BLE,1703215487345249054,D3:F4:55:AB:96:20,-62
BLE,1703215487540277865,D3:F4:55:AB:96:20,-60
BLE,1703215487564576128,DF:A6:DC:DC:2E:81,-71
BLE,1703215487564590878,DF:DF:EE:00:00:01,-71
BLE,1703215487736666170,D3:F4:55:AB:96:20,-64
BLE,1703215488238411571,DF:DF:EE:00:00:04,-54
BLE,1703215488315863882,D3:F4:55:AB:96:20,-62
BLE,1703215488501383820,D3:F4:55:AB:96:20,-64
BLE,1703215488692797690,D3:F4:55:AB:96:20,-62
BLE,1703215489075198765,D3:F4:55:AB:96:20,-61
BLE,1703215489267996128,D3:F4:55:AB:96:20,-64
BLE,1703215490034888768,D3:F4:55:AB:96:20,-64
BLE,1703215490416860053,D3:F4:55:AB:96:20,-64
BLE,1703215490571870465,DF:A6:DC:DC:2E:81,-59
BLE,1703215490571912423,DF:DF:EE:00:00:01,-59
BLE,1703215490605444685,D3:F4:55:AB:96:20,-62
BLE,1703215491182880155,D3:F4:55:AB:96:20,-65
BLE,1703215491377998549,D3:F4:55:AB:96:20,-63
BLE,1703215491565364354,D3:F4:55:AB:96:20,-66
BLE,1703215491758596049,D3:F4:55:AB:96:20,-62
BLE,1703215492141369039,D3:F4:55:AB:96:20,-47
BLE,1703215492235480272,DF:DF:EE:00:00:04,-37
BLE,1703215492583636838,DF:A6:DC:DC:2E:81,-71
BLE,1703215492583684963,DF:DF:EE:00:00:01,-71
BLE,1703215492779985852,DF:DF:EE:00:00:04,-54
BLE,1703215492915845560,D3:F4:55:AB:96:20,-64
BLE,1703215493243106638,DF:DF:EE:00:00:04,-56
BLE,1703215493587356222,DF:A6:DC:DC:2E:81,-73
BLE,1703215493587404180,DF:DF:EE:00:00:01,-73
BLE,1703215493687261596,D3:F4:55:AB:96:20,-62
BLE,1703215493777933720,DF:DF:EE:00:00:04,-55
BLE,1703215494239348182,DF:DF:EE:00:00:04,-53
BLE,1703215494453998528,D3:F4:55:AB:96:20,-62
BLE,1703215494643504781,D3:F4:55:AB:96:20,-64
BLE,1703215494782386226,DF:DF:EE:00:00:04,-54
BLE,1703215494833812281,D3:F4:55:AB:96:20,-60
BLE,1703215495218793719,D3:F4:55:AB:96:20,-46
BLE,1703215495409853799,D3:F4:55:AB:96:20,-64
BLE,1703215495979117514,D3:F4:55:AB:96:20,-61
BLE,1703215496168877225,D3:F4:55:AB:96:20,-62
BLE,1703215496364332201,D3:F4:55:AB:96:20,-62
BLE,1703215496601760442,DF:A6:DC:DC:2E:81,-73
BLE,1703215496601804234,DF:DF:EE:00:00:01,-73
BLE,1703215496745619864,D3:F4:55:AB:96:20,-61
BLE,1703215496935948780,D3:F4:55:AB:96:20,-63
BLE,1703215497240955128,DF:DF:EE:00:00:04,-40
BLE,1703215497326152944,D3:F4:55:AB:96:20,-63
BLE,1703215497603862084,DF:A6:DC:DC:2E:81,-72
BLE,1703215497603909292,DF:DF:EE:00:00:01,-72
BLE,1703215497703591292,D3:F4:55:AB:96:20,-64
BLE,1703215497781234101,DF:DF:EE:00:00:04,-44
BLE,1703215497901064509,D3:F4:55:AB:96:20,-62
BLE,1703215498241513651,DF:DF:EE:00:00:04,-40
BLE,1703215498487432062,D3:F4:55:AB:96:20,-62
BLE,1703215498673573998,D3:F4:55:AB:96:20,-64
BLE,1703215498866550068,D3:F4:55:AB:96:20,-64
BLE,1703215499057566940,D3:F4:55:AB:96:20,-65
BLE,1703215499236167785,DF:DF:EE:00:00:04,-53
BLE,1703215499435752326,D3:F4:55:AB:96:20,-64
BLE,1703215499635168659,D3:F4:55:AB:96:20,-62
BLE,1703215500602022962,D3:F4:55:AB:96:20,-64
BLE,1703215500609358178,DF:A6:DC:DC:2E:81,-73
BLE,1703215500609388178,DF:DF:EE:00:00:01,-73
BLE,1703215500797808270,D3:F4:55:AB:96:20,-46
BLE,1703215501371352841,D3:F4:55:AB:96:20,-78
BLE,1703215501749733642,D3:F4:55:AB:96:20,-63
BLE,1703215501779880254,DF:DF:EE:00:00:04,-53
BLE,1703215502133772168,D3:F4:55:AB:96:20,-63
BLE,1703215502319572813,D3:F4:55:AB:96:20,-64
BLE,1703215502514574166,D3:F4:55:AB:96:20,-63
BLE,1703215502616773321,DF:A6:DC:DC:2E:81,-72
BLE,1703215502616802988,DF:DF:EE:00:00:01,-72
BLE,1703215502775007635,DF:DF:EE:00:00:04,-54
BLE,1703215502900411892,D3:F4:55:AB:96:20,-66
BLE,1703215503279744564,D3:F4:55:AB:96:20,-63
BLE,1703215503473535131,D3:F4:55:AB:96:20,-61
BLE,1703215503621726741,DF:A6:DC:DC:2E:81,-74
BLE,1703215503621750700,DF:DF:EE:00:00:01,-74
BLE,1703215503664244921,D3:F4:55:AB:96:20,-63
BLE,1703215503782042921,DF:DF:EE:00:00:04,-53
BLE,1703215503857129950,D3:F4:55:AB:96:20,-46
BLE,1703215504629085525,D3:F4:55:AB:96:20,-62
BLE,1703215504780605079,DF:DF:EE:00:00:04,-55
BLE,1703215504825621121,D3:F4:55:AB:96:20,-62
BLE,1703215505018762150,D3:F4:55:AB:96:20,-64
BLE,1703215505243323867,DF:DF:EE:00:00:04,-53
BLE,1703215505403272423,D3:F4:55:AB:96:20,-65
BLE,1703215505596255744,D3:F4:55:AB:96:20,-67
BLE,1703215505783439467,DF:DF:EE:00:00:04,-53
BLE,1703215505790182977,D3:F4:55:AB:96:20,-61
BLE,1703215505980579768,D3:F4:55:AB:96:20,-62
BLE,1703215506166384330,D3:F4:55:AB:96:20,-51
BLE,1703215506240395240,DF:DF:EE:00:00:04,-54
BLE,1703215506780776005,DF:DF:EE:00:00:04,-56
BLE,1703215506944518294,D3:F4:55:AB:96:20,-63
BLE,1703215507141167264,D3:F4:55:AB:96:20,-62
BLE,1703215507334681708,D3:F4:55:AB:96:20,-65
BLE,1703215507528251859,D3:F4:55:AB:96:20,-63
BLE,1703215507643006748,DF:A6:DC:DC:2E:81,-72
BLE,1703215507643047039,DF:DF:EE:00:00:01,-72
BLE,1703215507716292119,D3:F4:55:AB:96:20,-64
BLE,1703215507911236639,D3:F4:55:AB:96:20,-76
BLE,1703215508295349415,D3:F4:55:AB:96:20,-62
BLE,1703215508649224204,DF:A6:DC:DC:2E:81,-70
BLE,1703215508649277287,DF:DF:EE:00:00:01,-70
BLE,1703215508675749832,D3:F4:55:AB:96:20,-62
BLE,1703215509062663052,D3:F4:55:AB:96:20,-63
BLE,1703215509243200264,DF:DF:EE:00:00:04,-56
BLE,1703215509255172542,D3:F4:55:AB:96:20,-62
BLE,1703215509445729207,D3:F4:55:AB:96:20,-63
BLE,1703215509656991486,DF:A6:DC:DC:2E:81,-74
BLE,1703215509657028027,DF:DF:EE:00:00:01,-74
BLE,1703215509776776393,DF:DF:EE:00:00:04,-55
BLE,1703215510019984816,D3:F4:55:AB:96:20,-61
BLE,1703215510237260109,DF:DF:EE:00:00:04,-53
BLE,1703215510659821249,DF:A6:DC:DC:2E:81,-76
BLE,1703215510659871499,DF:DF:EE:00:00:01,-76
BLE,1703215510776045006,DF:DF:EE:00:00:04,-53
BLE,1703215510796931327,D3:F4:55:AB:96:20,-63
BLE,1703215510983292470,D3:F4:55:AB:96:20,-64
BLE,1703215511243315149,DF:DF:EE:00:00:04,-56
BLE,1703215511380129895,D3:F4:55:AB:96:20,-62
BLE,1703215511573519214,D3:F4:55:AB:96:20,-46
BLE,1703215511668978066,DF:A6:DC:DC:2E:81,-72
BLE,1703215511669013941,DF:DF:EE:00:00:01,-72
BLE,1703215511775327827,DF:DF:EE:00:00:04,-54
BLE,1703215512149489648,D3:F4:55:AB:96:20,-64
BLE,1703215512340446270,D3:F4:55:AB:96:20,-62
BLE,1703215512533349174,D3:F4:55:AB:96:20,-64
BLE,1703215512725840789,D3:F4:55:AB:96:20,-63
BLE,1703215512917627240,D3:F4:55:AB:96:20,-64
BLE,1703215513242031915,DF:DF:EE:00:00:04,-55
BLE,1703215513683906508,DF:A6:DC:DC:2E:81,-75
BLE,1703215513683963174,DF:DF:EE:00:00:01,-75
BLE,1703215513700796097,D3:F4:55:AB:96:20,-64
BLE,1703215513891260846,D3:F4:55:AB:96:20,-61
BLE,1703215514242128607,DF:DF:EE:00:00:04,-54
BLE,1703215514278556107,D3:F4:55:AB:96:20,-63
BLE,1703215514860124890,D3:F4:55:AB:96:20,-62
BLE,1703215515052627963,D3:F4:55:AB:96:20,-64
BLE,1703215515244297040,DF:DF:EE:00:00:04,-53
BLE,1703215515247675816,D3:F4:55:AB:96:20,-63
BLE,1703215515443994580,D3:F4:55:AB:96:20,-61
BLE,1703215515826414613,D3:F4:55:AB:96:20,-61
BLE,1703215516601492299,D3:F4:55:AB:96:20,-62
BLE,1703215516781343013,DF:DF:EE:00:00:04,-56
BLE,1703215516983894165,D3:F4:55:AB:96:20,-63
BLE,1703215517170847055,D3:F4:55:AB:96:20,-64
BLE,1703215517244905048,DF:DF:EE:00:00:04,-55
BLE,1703215517753099252,D3:F4:55:AB:96:20,-64
BLE,1703215517775059193,DF:DF:EE:00:00:04,-54
BLE,1703215517942370549,D3:F4:55:AB:96:20,-62
BLE,1703215518237148901,DF:DF:EE:00:00:04,-55
BLE,1703215518517154364,D3:F4:55:AB:96:20,-64
BLE,1703215518716267323,D3:F4:55:AB:96:20,-62
BLE,1703215518775719550,DF:DF:EE:00:00:04,-57
BLE,1703215518906138075,D3:F4:55:AB:96:20,-61
BLE,1703215519097494028,D3:F4:55:AB:96:20,-76
BLE,1703215519239474917,DF:DF:EE:00:00:04,-53
BLE,1703215519682832878,D3:F4:55:AB:96:20,-62
BLE,1703215519776975153,DF:DF:EE:00:00:04,-53
BLE,1703215520245483915,DF:DF:EE:00:00:04,-56
BLE,1703215520446232159,D3:F4:55:AB:96:20,-62
BLE,1703215521017823322,D3:F4:55:AB:96:20,-64
BLE,1703215521396178707,D3:F4:55:AB:96:20,-64
BLE,1703215521593779798,D3:F4:55:AB:96:20,-63
BLE,1703215521730288837,DF:A6:DC:DC:2E:81,-74
BLE,1703215521730328878,DF:DF:EE:00:00:01,-74
BLE,1703215521782695304,D3:F4:55:AB:96:20,-65
BLE,1703215522170032231,D3:F4:55:AB:96:20,-61
BLE,1703215522243449018,DF:DF:EE:00:00:04,-58
BLE,1703215522360836062,D3:F4:55:AB:96:20,-62
BLE,1703215522555820374,D3:F4:55:AB:96:20,-62
BLE,1703215523732897669,DF:A6:DC:DC:2E:81,-74
BLE,1703215523732956918,DF:DF:EE:00:00:01,-74
BLE,1703215523779634245,DF:DF:EE:00:00:04,-57
BLE,1703215524089668695,D3:F4:55:AB:96:20,-62
BLE,1703215524276472585,D3:F4:55:AB:96:20,-64
BLE,1703215524465203467,D3:F4:55:AB:96:20,-61
BLE,1703215524854202887,D3:F4:55:AB:96:20,-63
BLE,1703215525230526823,D3:F4:55:AB:96:20,-61
BLE,1703215525614019184,D3:F4:55:AB:96:20,-61
BLE,1703215525998604082,D3:F4:55:AB:96:20,-62
BLE,1703215526192263858,D3:F4:55:AB:96:20,-64
BLE,1703215526237594650,DF:DF:EE:00:00:04,-53
BLE,1703215526774678721,D3:F4:55:AB:96:20,-63
BLE,1703215526776600421,DF:DF:EE:00:00:04,-54
BLE,1703215527235333228,DF:DF:EE:00:00:04,-54
BLE,1703215527351629860,D3:F4:55:AB:96:20,-66
BLE,1703215527543393436,D3:F4:55:AB:96:20,-51
BLE,1703215527783076959,DF:DF:EE:00:00:04,-56
BLE,1703215528121373820,D3:F4:55:AB:96:20,-62
BLE,1703215528703129394,D3:F4:55:AB:96:20,-63
BLE,1703215528889111497,D3:F4:55:AB:96:20,-64
BLE,1703215529079165873,D3:F4:55:AB:96:20,-60
BLE,1703215529236973564,DF:DF:EE:00:00:04,-54
BLE,1703215529271693613,D3:F4:55:AB:96:20,-64
BLE,1703215529768503661,DF:A6:DC:DC:2E:81,-73
BLE,1703215529768557703,DF:DF:EE:00:00:01,-73
BLE,1703215530775150699,DF:A6:DC:DC:2E:81,-73
BLE,1703215530775204907,DF:DF:EE:00:00:01,-73
BLE,1703215530780340675,DF:DF:EE:00:00:04,-53
BLE,1703215531008947082,D3:F4:55:AB:96:20,-64
BLE,1703215531236496535,DF:DF:EE:00:00:04,-54
BLE,1703215531396571549,D3:F4:55:AB:96:20,-62
BLE,1703215531785131304,D3:F4:55:AB:96:20,-62
BLE,1703215531979365869,D3:F4:55:AB:96:20,-61
BLE,1703215532365148428,D3:F4:55:AB:96:20,-62
BLE,1703215532782725591,DF:DF:EE:00:00:04,-65
BLE,1703215532786609490,DF:A6:DC:DC:2E:81,-60
BLE,1703215532786636323,DF:DF:EE:00:00:01,-60
BLE,1703215532937020548,D3:F4:55:AB:96:20,-63
BLE,1703215533127983628,D3:F4:55:AB:96:20,-61
BLE,1703215533707840378,D3:F4:55:AB:96:20,-51
BLE,1703215534487110253,D3:F4:55:AB:96:20,-62
BLE,1703215534682054398,D3:F4:55:AB:96:20,-61
BLE,1703215534777758999,DF:DF:EE:00:00:04,-55
BLE,1703215534804864833,DF:A6:DC:DC:2E:81,-73
BLE,1703215534804890708,DF:DF:EE:00:00:01,-73
BLE,1703215534878541411,D3:F4:55:AB:96:20,-65
BLE,1703215535244548228,DF:DF:EE:00:00:04,-55
BLE,1703215535266333544,D3:F4:55:AB:96:20,-46
BLE,1703215535656873040,D3:F4:55:AB:96:20,-47
BLE,1703215535774037834,DF:DF:EE:00:00:04,-66
BLE,1703215535809774545,DF:A6:DC:DC:2E:81,-56
BLE,1703215535809802503,DF:DF:EE:00:00:01,-56
BLE,1703215536235048006,D3:F4:55:AB:96:20,-46
BLE,1703215536429326821,D3:F4:55:AB:96:20,-79
BLE,1703215536816310166,DF:A6:DC:DC:2E:81,-70
BLE,1703215536816339207,DF:DF:EE:00:00:01,-70
BLE,1703215536817626368,D3:F4:55:AB:96:20,-60
BLE,1703215537012606596,D3:F4:55:AB:96:20,-63
BLE,1703215537201864976,D3:F4:55:AB:96:20,-62
BLE,1703215537244201740,DF:DF:EE:00:00:04,-54
BLE,1703215537780591315,DF:DF:EE:00:00:04,-53
BLE,1703215537822785245,DF:A6:DC:DC:2E:81,-73
BLE,1703215537822821870,DF:DF:EE:00:00:01,-73
BLE,1703215538236243302,DF:DF:EE:00:00:04,-53
BLE,1703215538350919817,D3:F4:55:AB:96:20,-46
BLE,1703215538738335368,D3:F4:55:AB:96:20,-63
BLE,1703215539504383845,D3:F4:55:AB:96:20,-63
BLE,1703215539691822025,D3:F4:55:AB:96:20,-64
BLE,1703215539835081366,DF:A6:DC:DC:2E:81,-71
BLE,1703215539835117741,DF:DF:EE:00:00:01,-71
BLE,1703215539884712763,D3:F4:55:AB:96:20,-63
BLE,1703215540269461702,D3:F4:55:AB:96:20,-62
BLE,1703215540774641920,DF:DF:EE:00:00:04,-53
BLE,1703215540776213996,DF:DF:EE:00:00:04,-54
BLE,1703215540844075809,D3:F4:55:AB:96:20,-46
BLE,1703215541608665210,D3:F4:55:AB:96:20,-62
BLE,1703215541776521854,DF:DF:EE:00:00:04,-55
BLE,1703215541803714188,D3:F4:55:AB:96:20,-64
BLE,1703215541850522222,DF:A6:DC:DC:2E:81,-74
BLE,1703215541850560555,DF:DF:EE:00:00:01,-74
BLE,1703215542001806110,D3:F4:55:AB:96:20,-63
BLE,1703215542234093042,DF:DF:EE:00:00:04,-53
BLE,1703215542970418155,D3:F4:55:AB:96:20,-62
BLE,1703215543157326587,D3:F4:55:AB:96:20,-64
BLE,1703215543237660760,DF:DF:EE:00:00:04,-55
BLE,1703215543354245348,D3:F4:55:AB:96:20,-63
BLE,1703215543548039916,D3:F4:55:AB:96:20,-61
BLE,1703215543857510367,DF:A6:DC:DC:2E:81,-73
BLE,1703215543857557492,DF:DF:EE:00:00:01,-73
BLE,1703215544234624091,DF:DF:EE:00:00:04,-54
BLE,1703215544778002384,DF:DF:EE:00:00:04,-53
BLE,1703215544864702610,DF:A6:DC:DC:2E:81,-74
BLE,1703215544864735569,DF:DF:EE:00:00:01,-74
BLE,1703215545071231369,D3:F4:55:AB:96:20,-65
BLE,1703215545261806701,D3:F4:55:AB:96:20,-63
BLE,1703215545449363505,D3:F4:55:AB:96:20,-64
BLE,1703215546216003271,D3:F4:55:AB:96:20,-64
BLE,1703215546237481839,DF:DF:EE:00:00:04,-54
BLE,1703215546884302697,DF:A6:DC:DC:2E:81,-73
BLE,1703215546884358239,DF:DF:EE:00:00:01,-73
BLE,1703215547179435132,D3:F4:55:AB:96:20,-62
BLE,1703215547371390666,D3:F4:55:AB:96:20,-60
BLE,1703215547760614292,D3:F4:55:AB:96:20,-64
BLE,1703215547783907227,DF:DF:EE:00:00:04,-55
BLE,1703215548142217662,D3:F4:55:AB:96:20,-63
BLE,1703215548333412575,D3:F4:55:AB:96:20,-64
BLE,1703215548728020302,D3:F4:55:AB:96:20,-63
BLE,1703215548887280069,DF:A6:DC:DC:2E:81,-76
BLE,1703215548887317402,DF:DF:EE:00:00:01,-76
BLE,1703215548915577147,D3:F4:55:AB:96:20,-64
BLE,1703215549104384862,D3:F4:55:AB:96:20,-59
BLE,1703215549243924971,DF:DF:EE:00:00:04,-40
BLE,1703215549772587998,DF:DF:EE:00:00:04,-53
BLE,1703215549868439765,D3:F4:55:AB:96:20,-62
BLE,1703215549896567386,DF:A6:DC:DC:2E:81,-73
BLE,1703215549896597927,DF:DF:EE:00:00:01,-73
BLE,1703215550898506528,DF:A6:DC:DC:2E:81,-73
BLE,1703215550898567028,DF:DF:EE:00:00:01,-73
BLE,1703215551209885596,D3:F4:55:AB:96:20,-64
BLE,1703215551241639658,DF:DF:EE:00:00:04,-54
BLE,1703215551399172101,D3:F4:55:AB:96:20,-62
BLE,1703215551588259106,D3:F4:55:AB:96:20,-62
BLE,1703215551775600869,DF:DF:EE:00:00:04,-53
BLE,1703215551906406560,DF:A6:DC:DC:2E:81,-74
BLE,1703215551906451768,DF:DF:EE:00:00:01,-74
BLE,1703215552172276129,D3:F4:55:AB:96:20,-63
BLE,1703215552242580305,DF:DF:EE:00:00:04,-56
BLE,1703215552563680370,D3:F4:55:AB:96:20,-64
BLE,1703215552754433701,D3:F4:55:AB:96:20,-47
BLE,1703215552776319059,DF:DF:EE:00:00:04,-55
BLE,1703215553236773733,DF:DF:EE:00:00:04,-53
BLE,1703215553710030515,D3:F4:55:AB:96:20,-64
BLE,1703215553902160173,D3:F4:55:AB:96:20,-62
BLE,1703215553917964225,DF:A6:DC:DC:2E:81,-71
BLE,1703215553917977559,DF:DF:EE:00:00:01,-71
BLE,1703215554287100153,D3:F4:55:AB:96:20,-62
BLE,1703215554676090989,D3:F4:55:AB:96:20,-64
BLE,1703215554871777589,D3:F4:55:AB:96:20,-63
BLE,1703215555067356481,D3:F4:55:AB:96:20,-60
BLE,1703215555242203927,DF:DF:EE:00:00:04,-53
BLE,1703215555450604968,D3:F4:55:AB:96:20,-61
BLE,1703215555641752339,D3:F4:55:AB:96:20,-64
BLE,1703215555779602747,DF:DF:EE:00:00:04,-53
BLE,1703215556022202590,D3:F4:55:AB:96:20,-62
BLE,1703215556209238813,D3:F4:55:AB:96:20,-64
BLE,1703215556399109315,D3:F4:55:AB:96:20,-75
BLE,1703215556967219410,D3:F4:55:AB:96:20,-63
BLE,1703215557235259469,DF:DF:EE:00:00:04,-55
BLE,1703215557933896506,D3:F4:55:AB:96:20,-65
BLE,1703215558233269296,DF:DF:EE:00:00:04,-54
BLE,1703215558506830955,D3:F4:55:AB:96:20,-60
BLE,1703215558939046384,DF:A6:DC:DC:2E:81,-71
BLE,1703215558939104592,DF:DF:EE:00:00:01,-71
BLE,1703215559081619311,D3:F4:55:AB:96:20,-62
BLE,1703215559241869491,DF:DF:EE:00:00:04,-54
BLE,1703215559276846414,D3:F4:55:AB:96:20,-60
BLE,1703215559778242316,DF:DF:EE:00:00:04,-55
BLE,1703215559860849228,D3:F4:55:AB:96:20,-61
BLE,1703215559944337261,DF:A6:DC:DC:2E:81,-73
BLE,1703215559944375302,DF:DF:EE:00:00:01,-73
BLE,1703215560236542333,DF:DF:EE:00:00:04,-53
BLE,1703215560774753067,DF:DF:EE:00:00:04,-54
BLE,1703215560951486754,DF:A6:DC:DC:2E:81,-79
BLE,1703215560951530712,DF:DF:EE:00:00:01,-79
BLE,1703215561200798107,D3:F4:55:AB:96:20,-65
BLE,1703215561240822381,DF:DF:EE:00:00:04,-56
BLE,1703215561394713965,D3:F4:55:AB:96:20,-63
BLE,1703215561781852643,D3:F4:55:AB:96:20,-62
BLE,1703215562358294451,D3:F4:55:AB:96:20,-60
BLE,1703215562549571154,D3:F4:55:AB:96:20,-64
BLE,1703215562748285574,D3:F4:55:AB:96:20,-63
BLE,1703215562774362037,DF:DF:EE:00:00:04,-53
BLE,1703215562943139886,D3:F4:55:AB:96:20,-61
BLE,1703215562962485630,DF:A6:DC:DC:2E:81,-70
BLE,1703215562962512922,DF:DF:EE:00:00:01,-70
BLE,1703215563711840892,D3:F4:55:AB:96:20,-47
BLE,1703215563904217258,D3:F4:55:AB:96:20,-50
BLE,1703215564283447972,D3:F4:55:AB:96:20,-65
BLE,1703215564480984647,D3:F4:55:AB:96:20,-62
BLE,1703215564668353702,D3:F4:55:AB:96:20,-64
BLE,1703215564780012980,DF:DF:EE:00:00:04,-54
BLE,1703215564972754635,DF:A6:DC:DC:2E:81,-72
BLE,1703215564972793552,DF:DF:EE:00:00:01,-72
BLE,1703215565237537543,DF:DF:EE:00:00:04,-55
BLE,1703215565249687487,D3:F4:55:AB:96:20,-65
BLE,1703215565636988622,D3:F4:55:AB:96:20,-65
BLE,1703215565771846585,DF:DF:EE:00:00:04,-53
BLE,1703215565832815680,D3:F4:55:AB:96:20,-62
BLE,1703215565977339807,DF:A6:DC:DC:2E:81,-71
BLE,1703215565977396015,DF:DF:EE:00:00:01,-71
BLE,1703215566217891201,D3:F4:55:AB:96:20,-67
BLE,1703215566237188820,DF:DF:EE:00:00:04,-56
BLE,1703215566606864495,D3:F4:55:AB:96:20,-61
BLE,1703215566776933630,DF:DF:EE:00:00:04,-40
BLE,1703215566986586707,D3:F4:55:AB:96:20,-64
BLE,1703215567242282948,DF:DF:EE:00:00:04,-55
BLE,1703215567570367856,D3:F4:55:AB:96:20,-63
BLE,1703215567762193515,D3:F4:55:AB:96:20,-63
BLE,1703215567781553134,DF:DF:EE:00:00:04,-55
BLE,1703215567951552186,D3:F4:55:AB:96:20,-64
BLE,1703215567990805839,DF:A6:DC:DC:2E:81,-73
BLE,1703215567990842130,DF:DF:EE:00:00:01,-73
BLE,1703215568140453442,D3:F4:55:AB:96:20,-61
BLE,1703215568329750488,D3:F4:55:AB:96:20,-62
BLE,1703215568516574129,D3:F4:55:AB:96:20,-50
BLE,1703215568711563941,D3:F4:55:AB:96:20,-62
BLE,1703215568780152792,DF:DF:EE:00:00:04,-55
BLE,1703215568897248462,D3:F4:55:AB:96:20,-64
BLE,1703215569093879224,D3:F4:55:AB:96:20,-62
BLE,1703215569232354504,DF:DF:EE:00:00:04,-54
BLE,1703215569773926222,DF:DF:EE:00:00:04,-54
BLE,1703215569858257292,D3:F4:55:AB:96:20,-63
BLE,1703215570044638727,D3:F4:55:AB:96:20,-64
BLE,1703215570240374618,D3:F4:55:AB:96:20,-83
BLE,1703215570621129326,D3:F4:55:AB:96:20,-63
BLE,1703215570772224297,DF:DF:EE:00:00:04,-56
BLE,1703215570807606926,D3:F4:55:AB:96:20,-64
BLE,1703215571199754914,D3:F4:55:AB:96:20,-62
BLE,1703215571587130341,D3:F4:55:AB:96:20,-63
BLE,1703215571977151631,D3:F4:55:AB:96:20,-69
BLE,1703215572017327613,DF:A6:DC:DC:2E:81,-58
BLE,1703215572017356029,DF:DF:EE:00:00:01,-58
BLE,1703215572175296595,D3:F4:55:AB:96:20,-63
BLE,1703215572361412405,D3:F4:55:AB:96:20,-65
BLE,1703215572934131480,D3:F4:55:AB:96:20,-61
BLE,1703215573019836461,DF:A6:DC:DC:2E:81,-56
BLE,1703215573019872086,DF:DF:EE:00:00:01,-56
BLE,1703215573238446705,DF:DF:EE:00:00:04,-54
BLE,1703215573316447305,D3:F4:55:AB:96:20,-61
BLE,1703215573774864905,DF:DF:EE:00:00:04,-55
BLE,1703215573891158495,D3:F4:55:AB:96:20,-63
BLE,1703215574276410849,D3:F4:55:AB:96:20,-64
BLE,1703215574772258068,DF:DF:EE:00:00:04,-53
BLE,1703215575061973361,D3:F4:55:AB:96:20,-64
BLE,1703215575236023935,DF:DF:EE:00:00:04,-55
BLE,1703215575258516540,D3:F4:55:AB:96:20,-62
BLE,1703215576035400509,D3:F4:55:AB:96:20,-61
BLE,1703215576039620698,DF:A6:DC:DC:2E:81,-73
BLE,1703215576039649448,DF:DF:EE:00:00:01,-73
BLE,1703215576229829282,D3:F4:55:AB:96:20,-64
BLE,1703215576233761139,DF:DF:EE:00:00:04,-53
BLE,1703215576424604678,D3:F4:55:AB:96:20,-63
BLE,1703215576619585989,D3:F4:55:AB:96:20,-46
BLE,1703215577039746432,DF:A6:DC:DC:2E:81,-73
BLE,1703215577039793598,DF:DF:EE:00:00:01,-73
BLE,1703215577236718776,DF:DF:EE:00:00:04,-55
BLE,1703215577769376868,D3:F4:55:AB:96:20,-60
BLE,1703215577779516321,DF:DF:EE:00:00:04,-55
BLE,1703215577959268995,D3:F4:55:AB:96:20,-63
BLE,1703215578046027554,DF:A6:DC:DC:2E:81,-73
BLE,1703215578046067804,DF:DF:EE:00:00:01,-73
BLE,1703215578147255380,D3:F4:55:AB:96:20,-64
BLE,1703215578337301090,D3:F4:55:AB:96:20,-63
BLE,1703215578527487090,D3:F4:55:AB:96:20,-64
BLE,1703215578919537662,D3:F4:55:AB:96:20,-62
BLE,1703215579050278227,DF:A6:DC:DC:2E:81,-70
BLE,1703215579050319352,DF:DF:EE:00:00:01,-70
BLE,1703215579109723204,D3:F4:55:AB:96:20,-64
BLE,1703215579299412207,D3:F4:55:AB:96:20,-62
BLE,1703215579495068682,D3:F4:55:AB:96:20,-65
BLE,1703215579688179169,D3:F4:55:AB:96:20,-63
BLE,1703215579776937969,DF:DF:EE:00:00:04,-55
BLE,1703215579876876759,D3:F4:55:AB:96:20,-63
BLE,1703215580071507406,D3:F4:55:AB:96:20,-63
BLE,1703215580454914268,D3:F4:55:AB:96:20,-63
BLE,1703215580647395174,D3:F4:55:AB:96:20,-60
BLE,1703215580836711803,D3:F4:55:AB:96:20,-62
BLE,1703215581024952896,D3:F4:55:AB:96:20,-65
BLE,1703215581053994304,DF:A6:DC:DC:2E:81,-57
BLE,1703215581054032096,DF:DF:EE:00:00:01,-57
BLE,1703215581217682385,D3:F4:55:AB:96:20,-62
BLE,1703215581241533858,DF:DF:EE:00:00:04,-55
BLE,1703215581609357292,D3:F4:55:AB:96:20,-66
BLE,1703215581773499662,DF:DF:EE:00:00:04,-55
BLE,1703215581992333572,D3:F4:55:AB:96:20,-64
BLE,1703215582063148830,DF:A6:DC:DC:2E:81,-74
BLE,1703215582063188288,DF:DF:EE:00:00:01,-74
BLE,1703215582184711146,D3:F4:55:AB:96:20,-63
BLE,1703215582774300643,DF:DF:EE:00:00:04,-56
BLE,1703215582939881964,D3:F4:55:AB:96:20,-64
BLE,1703215583066768381,DF:A6:DC:DC:2E:81,-58
BLE,1703215583066805089,DF:DF:EE:00:00:01,-58
BLE,1703215583236534600,DF:DF:EE:00:00:04,-55
BLE,1703215583714683818,D3:F4:55:AB:96:20,-63
BLE,1703215584092368039,D3:F4:55:AB:96:20,-62
BLE,1703215584237294748,DF:DF:EE:00:00:04,-56
BLE,1703215584287359809,D3:F4:55:AB:96:20,-64
BLE,1703215584480798794,D3:F4:55:AB:96:20,-63
BLE,1703215584670406131,D3:F4:55:AB:96:20,-65
BLE,1703215585058353513,D3:F4:55:AB:96:20,-62
BLE,1703215585075829516,DF:A6:DC:DC:2E:81,-74
BLE,1703215585075846641,DF:DF:EE:00:00:01,-74
BLE,1703215585234187121,DF:DF:EE:00:00:04,-53
BLE,1703215585447236308,D3:F4:55:AB:96:20,-67
BLE,1703215585642381952,D3:F4:55:AB:96:20,-61
BLE,1703215585772125314,DF:DF:EE:00:00:04,-53
BLE,1703215585838480009,D3:F4:55:AB:96:20,-66
BLE,1703215586234542104,DF:DF:EE:00:00:04,-55
BLE,1703215586407875682,D3:F4:55:AB:96:20,-61
BLE,1703215586603265200,D3:F4:55:AB:96:20,-66
BLE,1703215586776092447,DF:DF:EE:00:00:04,-55
BLE,1703215586990329378,D3:F4:55:AB:96:20,-63
BLE,1703215587083637033,DF:A6:DC:DC:2E:81,-56
BLE,1703215587083674741,DF:DF:EE:00:00:01,-56
BLE,1703215587184054196,D3:F4:55:AB:96:20,-62
BLE,1703215587236707495,DF:DF:EE:00:00:04,-53
BLE,1703215587767816678,D3:F4:55:AB:96:20,-63
BLE,1703215588089315824,DF:A6:DC:DC:2E:81,-73
BLE,1703215588089364157,DF:DF:EE:00:00:01,-73
BLE,1703215588238886803,DF:DF:EE:00:00:04,-55
BLE,1703215588343153865,D3:F4:55:AB:96:20,-61
BLE,1703215588535648855,D3:F4:55:AB:96:20,-62
BLE,1703215588780448771,DF:DF:EE:00:00:04,-57
BLE,1703215588921190707,D3:F4:55:AB:96:20,-69
BLE,1703215589116944390,D3:F4:55:AB:96:20,-62
BLE,1703215589309485254,D3:F4:55:AB:96:20,-62
BLE,1703215589689164925,D3:F4:55:AB:96:20,-66
BLE,1703215590072350538,D3:F4:55:AB:96:20,-64
BLE,1703215590461246999,D3:F4:55:AB:96:20,-62
BLE,1703215590839970466,D3:F4:55:AB:96:20,-60
BLE,1703215591032498705,D3:F4:55:AB:96:20,-62
BLE,1703215591220207842,D3:F4:55:AB:96:20,-65
BLE,1703215591410707758,D3:F4:55:AB:96:20,-62
BLE,1703215591598722643,D3:F4:55:AB:96:20,-64
BLE,1703215591793856954,D3:F4:55:AB:96:20,-63
BLE,1703215592109816709,DF:A6:DC:DC:2E:81,-74
BLE,1703215592109868001,DF:DF:EE:00:00:01,-74
BLE,1703215592233270600,DF:DF:EE:00:00:04,-54
BLE,1703215592370069471,D3:F4:55:AB:96:20,-61
BLE,1703215592560762302,D3:F4:55:AB:96:20,-62
BLE,1703215592747542568,D3:F4:55:AB:96:20,-64
BLE,1703215592944871952,D3:F4:55:AB:96:20,-63
BLE,1703215593118244822,DF:A6:DC:DC:2E:81,-71
BLE,1703215593118293988,DF:DF:EE:00:00:01,-71
BLE,1703215593135380910,D3:F4:55:AB:96:20,-60
BLE,1703215593326351073,D3:F4:55:AB:96:20,-62
BLE,1703215593514793206,D3:F4:55:AB:96:20,-64
BLE,1703215593707160988,D3:F4:55:AB:96:20,-63
BLE,1703215593897360530,D3:F4:55:AB:96:20,-65
BLE,1703215594091456138,D3:F4:55:AB:96:20,-62
BLE,1703215594121489458,DF:A6:DC:DC:2E:81,-74
BLE,1703215594121519833,DF:DF:EE:00:00:01,-74
BLE,1703215594232100616,DF:DF:EE:00:00:04,-54
BLE,1703215594278656943,D3:F4:55:AB:96:20,-65
BLE,1703215594471996221,D3:F4:55:AB:96:20,-62
BLE,1703215594658629071,D3:F4:55:AB:96:20,-64
BLE,1703215594853526966,D3:F4:55:AB:96:20,-62
BLE,1703215595041221686,D3:F4:55:AB:96:20,-65
BLE,1703215595129565738,DF:A6:DC:DC:2E:81,-73
BLE,1703215595129604988,DF:DF:EE:00:00:01,-73
BLE,1703215595238375321,D3:F4:55:AB:96:20,-63
BLE,1703215595614602258,D3:F4:55:AB:96:20,-46
BLE,1703215595808755032,D3:F4:55:AB:96:20,-64
BLE,1703215596001161563,D3:F4:55:AB:96:20,-62
BLE,1703215596140130841,DF:A6:DC:DC:2E:81,-73
BLE,1703215596140173882,DF:DF:EE:00:00:01,-73
BLE,1703215596383985469,D3:F4:55:AB:96:20,-62
BLE,1703215596581021897,D3:F4:55:AB:96:20,-61
BLE,1703215596773196721,DF:DF:EE:00:00:04,-53
BLE,1703215596965548295,D3:F4:55:AB:96:20,-62
BLE,1703215596966815372,D3:F4:55:AB:96:20,-61
BLE,1703215597150196112,DF:A6:DC:DC:2E:81,-58
BLE,1703215597150251946,DF:DF:EE:00:00:01,-58
BLE,1703215597158620615,D3:F4:55:AB:96:20,-64
BLE,1703215597538684742,D3:F4:55:AB:96:20,-64
BLE,1703215597730319319,D3:F4:55:AB:96:20,-61
BLE,1703215597778351807,DF:DF:EE:00:00:04,-56
BLE,1703215597927624037,D3:F4:55:AB:96:20,-61
BLE,1703215598123579719,D3:F4:55:AB:96:20,-65
BLE,1703215598159583470,DF:A6:DC:DC:2E:81,-72
BLE,1703215598159614387,DF:DF:EE:00:00:01,-72
BLE,1703215598242012466,DF:DF:EE:00:00:04,-55
BLE,1703215598313557012,D3:F4:55:AB:96:20,-61
BLE,1703215598699665570,D3:F4:55:AB:96:20,-63
BLE,1703215599467140749,D3:F4:55:AB:96:20,-62
BLE,1703215599776352660,DF:DF:EE:00:00:04,-54
BLE,1703215599848558453,D3:F4:55:AB:96:20,-62
BLE,1703215600045059008,D3:F4:55:AB:96:20,-62
BLE,1703215600171568092,DF:A6:DC:DC:2E:81,-73
BLE,1703215600171621842,DF:DF:EE:00:00:01,-73
BLE,1703215600234399845,D3:F4:55:AB:96:20,-62
BLE,1703215600623903304,D3:F4:55:AB:96:20,-64
BLE,1703215600812752810,D3:F4:55:AB:96:20,-61
BLE,1703215601002660687,D3:F4:55:AB:96:20,-64
BLE,1703215601388290414,D3:F4:55:AB:96:20,-64
BLE,1703215601576963921,D3:F4:55:AB:96:20,-60
BLE,1703215601768940121,D3:F4:55:AB:96:20,-64
BLE,1703215601959143788,D3:F4:55:AB:96:20,-62
BLE,1703215602153774101,D3:F4:55:AB:96:20,-65
BLE,1703215602178085948,DF:A6:DC:DC:2E:81,-73
BLE,1703215602178099281,DF:DF:EE:00:00:01,-73
BLE,1703215602239821164,DF:DF:EE:00:00:04,-54
BLE,1703215602772814588,DF:DF:EE:00:00:04,-68
BLE,1703215602915682431,D3:F4:55:AB:96:20,-50
BLE,1703215603181912873,DF:A6:DC:DC:2E:81,-72
BLE,1703215603181961998,DF:DF:EE:00:00:01,-72
BLE,1703215603239990773,DF:DF:EE:00:00:04,-54
BLE,1703215603297408217,D3:F4:55:AB:96:20,-65
BLE,1703215603684713352,D3:F4:55:AB:96:20,-64
BLE,1703215603878073255,D3:F4:55:AB:96:20,-62
BLE,1703215604065568976,D3:F4:55:AB:96:20,-66
BLE,1703215604258546213,D3:F4:55:AB:96:20,-62
BLE,1703215604446623807,D3:F4:55:AB:96:20,-64
BLE,1703215604636247643,D3:F4:55:AB:96:20,-62
BLE,1703215604775007130,DF:DF:EE:00:00:04,-54
BLE,1703215605185652866,DF:A6:DC:DC:2E:81,-73
BLE,1703215605185703033,DF:DF:EE:00:00:01,-73
BLE,1703215605208027514,D3:F4:55:AB:96:20,-62
BLE,1703215605232754067,DF:DF:EE:00:00:04,-53
BLE,1703215605395633984,D3:F4:55:AB:96:20,-65
BLE,1703215605589125303,D3:F4:55:AB:96:20,-63
BLE,1703215605772240127,DF:DF:EE:00:00:04,-53
BLE,1703215605972113875,D3:F4:55:AB:96:20,-62
BLE,1703215606159018057,D3:F4:55:AB:96:20,-64
BLE,1703215606353923452,D3:F4:55:AB:96:20,-62
BLE,1703215606540910884,D3:F4:55:AB:96:20,-65
BLE,1703215606735377073,D3:F4:55:AB:96:20,-62
BLE,1703215606774647851,DF:DF:EE:00:00:04,-56
BLE,1703215606921470425,D3:F4:55:AB:96:20,-64
BLE,1703215607118343978,D3:F4:55:AB:96:20,-62
BLE,1703215607303975375,D3:F4:55:AB:96:20,-64
BLE,1703215607502127838,D3:F4:55:AB:96:20,-63
BLE,1703215607687705068,D3:F4:55:AB:96:20,-64
BLE,1703215607880116600,D3:F4:55:AB:96:20,-63
BLE,1703215608075159120,D3:F4:55:AB:96:20,-61
BLE,1703215608204742232,DF:A6:DC:DC:2E:81,-60
BLE,1703215608204792940,DF:DF:EE:00:00:01,-60
BLE,1703215608230722321,DF:DF:EE:00:00:04,-53
BLE,1703215608464708911,D3:F4:55:AB:96:20,-63
BLE,1703215608652824005,D3:F4:55:AB:96:20,-64
BLE,1703215608773064077,DF:DF:EE:00:00:04,-54
BLE,1703215608847255944,D3:F4:55:AB:96:20,-63
BLE,1703215609038413815,D3:F4:55:AB:96:20,-64
BLE,1703215609214738879,DF:A6:DC:DC:2E:81,-73
BLE,1703215609214785462,DF:DF:EE:00:00:01,-73
BLE,1703215609234046790,DF:DF:EE:00:00:04,-56
BLE,1703215609802282135,D3:F4:55:AB:96:20,-65
BLE,1703215609997159739,D3:F4:55:AB:96:20,-62
BLE,1703215610192606840,D3:F4:55:AB:96:20,-61
BLE,1703215610381586304,D3:F4:55:AB:96:20,-62
BLE,1703215610577268904,D3:F4:55:AB:96:20,-62
BLE,1703215610960756391,D3:F4:55:AB:96:20,-60
BLE,1703215610962235676,D3:F4:55:AB:96:20,-62
BLE,1703215611233114471,DF:DF:EE:00:00:04,-57
BLE,1703215611348982980,D3:F4:55:AB:96:20,-62
BLE,1703215612113300382,D3:F4:55:AB:96:20,-63
BLE,1703215612230143720,DF:A6:DC:DC:2E:81,-73
BLE,1703215612230192136,DF:DF:EE:00:00:01,-73
BLE,1703215612240335089,DF:DF:EE:00:00:04,-53
BLE,1703215612502690174,D3:F4:55:AB:96:20,-64
BLE,1703215612772782057,DF:DF:EE:00:00:04,-53
BLE,1703215613081423596,D3:F4:55:AB:96:20,-62
BLE,1703215613231902029,DF:DF:EE:00:00:04,-53
BLE,1703215613462223470,D3:F4:55:AB:96:20,-62
BLE,1703215613649190068,D3:F4:55:AB:96:20,-51
BLE,1703215614034319172,D3:F4:55:AB:96:20,-64
BLE,1703215614233191716,DF:DF:EE:00:00:04,-53
BLE,1703215614614774545,D3:F4:55:AB:96:20,-65
BLE,1703215614777767045,DF:DF:EE:00:00:04,-53
BLE,1703215614803492093,D3:F4:55:AB:96:20,-60
BLE,1703215615192817844,D3:F4:55:AB:96:20,-63
BLE,1703215615235787480,DF:DF:EE:00:00:04,-41
BLE,1703215615248884837,DF:A6:DC:DC:2E:81,-73
BLE,1703215615248911295,DF:DF:EE:00:00:01,-73
BLE,1703215615576553246,D3:F4:55:AB:96:20,-68
BLE,1703215616252700137,DF:A6:DC:DC:2E:81,-74
BLE,1703215616252761137,DF:DF:EE:00:00:01,-74
BLE,1703215616347973990,D3:F4:55:AB:96:20,-64
BLE,1703215616772247623,DF:DF:EE:00:00:04,-56
BLE,1703215617121225726,D3:F4:55:AB:96:20,-60
BLE,1703215617256631062,DF:A6:DC:DC:2E:81,-57
BLE,1703215617256664186,DF:DF:EE:00:00:01,-57
BLE,1703215617507567533,D3:F4:55:AB:96:20,-62
BLE,1703215617704505418,D3:F4:55:AB:96:20,-46
BLE,1703215617769233579,DF:DF:EE:00:00:04,-53
BLE,1703215618088642694,D3:F4:55:AB:96:20,-61
BLE,1703215618283509672,D3:F4:55:AB:96:20,-64
BLE,1703215618474085754,D3:F4:55:AB:96:20,-61
BLE,1703215618667932196,D3:F4:55:AB:96:20,-64
BLE,1703215618771577469,DF:DF:EE:00:00:04,-55
BLE,1703215618856656620,D3:F4:55:AB:96:20,-61
BLE,1703215619048543654,D3:F4:55:AB:96:20,-65
BLE,1703215619242907385,D3:F4:55:AB:96:20,-62
BLE,1703215619631083642,D3:F4:55:AB:96:20,-62
BLE,1703215619779146211,DF:DF:EE:00:00:04,-53
BLE,1703215619826048620,D3:F4:55:AB:96:20,-62
BLE,1703215620019621063,D3:F4:55:AB:96:20,-65
BLE,1703215620212315302,D3:F4:55:AB:96:20,-76
BLE,1703215620233153456,DF:DF:EE:00:00:04,-56
BLE,1703215620398340446,D3:F4:55:AB:96:20,-64
BLE,1703215620772923057,DF:DF:EE:00:00:04,-55
BLE,1703215620783594633,D3:F4:55:AB:96:20,-64
BLE,1703215620976768161,D3:F4:55:AB:96:20,-63
BLE,1703215621165699501,D3:F4:55:AB:96:20,-50
BLE,1703215621550894854,D3:F4:55:AB:96:20,-64
BLE,1703215621771165800,DF:DF:EE:00:00:04,-53
BLE,1703215621930528858,D3:F4:55:AB:96:20,-64
BLE,1703215622128040450,D3:F4:55:AB:96:20,-63
BLE,1703215622697417707,D3:F4:55:AB:96:20,-64
BLE,1703215622887905914,D3:F4:55:AB:96:20,-64
BLE,1703215623079167784,D3:F4:55:AB:96:20,-50
BLE,1703215623233045535,DF:DF:EE:00:00:04,-53
BLE,1703215623270284572,D3:F4:55:AB:96:20,-63
BLE,1703215623458310832,D3:F4:55:AB:96:20,-48
BLE,1703215623647031131,D3:F4:55:AB:96:20,-61
BLE,1703215623778384569,DF:DF:EE:00:00:04,-53
BLE,1703215623779930353,DF:DF:EE:00:00:04,-54
BLE,1703215624029302290,D3:F4:55:AB:96:20,-60
BLE,1703215624239192283,DF:DF:EE:00:00:04,-55
BLE,1703215624307076929,DF:A6:DC:DC:2E:81,-73
BLE,1703215624307110012,DF:DF:EE:00:00:01,-73
BLE,1703215624418706999,D3:F4:55:AB:96:20,-63
BLE,1703215624991312574,D3:F4:55:AB:96:20,-64
BLE,1703215625184427602,D3:F4:55:AB:96:20,-62
BLE,1703215625372706236,D3:F4:55:AB:96:20,-64
BLE,1703215625567535007,D3:F4:55:AB:96:20,-64
BLE,1703215625776240214,DF:DF:EE:00:00:04,-53
BLE,1703215625947841216,D3:F4:55:AB:96:20,-63
BLE,1703215626135499478,D3:F4:55:AB:96:20,-64
BLE,1703215626325026857,D3:F4:55:AB:96:20,-61
BLE,1703215626710504209,D3:F4:55:AB:96:20,-62
BLE,1703215626770527516,DF:DF:EE:00:00:04,-53
BLE,1703215626904916023,D3:F4:55:AB:96:20,-66
BLE,1703215627097028098,D3:F4:55:AB:96:20,-63
BLE,1703215627238873404,DF:DF:EE:00:00:04,-54
BLE,1703215627282778369,D3:F4:55:AB:96:20,-64
BLE,1703215627476245146,D3:F4:55:AB:96:20,-62
BLE,1703215627864288195,D3:F4:55:AB:96:20,-63
BLE,1703215628051520375,D3:F4:55:AB:96:20,-66
BLE,1703215628330457717,DF:A6:DC:DC:2E:81,-71
BLE,1703215628330505884,DF:DF:EE:00:00:01,-71
BLE,1703215628635085566,D3:F4:55:AB:96:20,-64
BLE,1703215628770511444,DF:DF:EE:00:00:04,-54
BLE,1703215629234364310,DF:DF:EE:00:00:04,-57
BLE,1703215629340125032,DF:A6:DC:DC:2E:81,-72
BLE,1703215629340169157,DF:DF:EE:00:00:01,-72
BLE,1703215629613725816,D3:F4:55:AB:96:20,-46
BLE,1703215629802477614,D3:F4:55:AB:96:20,-64
BLE,1703215629993747401,D3:F4:55:AB:96:20,-61
BLE,1703215630184987147,D3:F4:55:AB:96:20,-64
BLE,1703215630765671685,D3:F4:55:AB:96:20,-63
BLE,1703215630771766407,DF:DF:EE:00:00:04,-43
BLE,1703215631240489126,DF:DF:EE:00:00:04,-58
BLE,1703215631538074091,D3:F4:55:AB:96:20,-50
BLE,1703215631733056777,D3:F4:55:AB:96:20,-63
BLE,1703215631779745354,DF:DF:EE:00:00:04,-56
BLE,1703215632117545843,D3:F4:55:AB:96:20,-62
BLE,1703215632361925844,DF:A6:DC:DC:2E:81,-73
BLE,1703215632361969427,DF:DF:EE:00:00:01,-73
BLE,1703215632499342670,D3:F4:55:AB:96:20,-62
BLE,1703215632684395111,D3:F4:55:AB:96:20,-64
BLE,1703215632770814505,DF:DF:EE:00:00:04,-56
BLE,1703215632875073109,D3:F4:55:AB:96:20,-62
BLE,1703215633241047176,DF:DF:EE:00:00:04,-54
BLE,1703215633361436122,DF:A6:DC:DC:2E:81,-75
BLE,1703215633361491288,DF:DF:EE:00:00:01,-75
BLE,1703215634203681040,D3:F4:55:AB:96:20,-46
BLE,1703215634369920609,DF:A6:DC:DC:2E:81,-72
BLE,1703215634369941442,DF:DF:EE:00:00:01,-72
BLE,1703215634396206738,D3:F4:55:AB:96:20,-64
BLE,1703215634771722511,DF:DF:EE:00:00:04,-55
BLE,1703215634787779562,D3:F4:55:AB:96:20,-61
BLE,1703215635169082725,D3:F4:55:AB:96:20,-62
BLE,1703215635380018422,DF:A6:DC:DC:2E:81,-73
BLE,1703215635380055297,DF:DF:EE:00:00:01,-73
BLE,1703215635550293347,D3:F4:55:AB:96:20,-60
BLE,1703215635740480848,D3:F4:55:AB:96:20,-63
BLE,1703215636322073756,D3:F4:55:AB:96:20,-67
BLE,1703215636518582061,D3:F4:55:AB:96:20,-61
BLE,1703215636773621221,DF:DF:EE:00:00:04,-55
BLE,1703215636897949150,D3:F4:55:AB:96:20,-62
BLE,1703215637093099835,D3:F4:55:AB:96:20,-65
BLE,1703215637472396841,D3:F4:55:AB:96:20,-62
BLE,1703215637773606289,DF:DF:EE:00:00:04,-53
BLE,1703215638433130173,D3:F4:55:AB:96:20,-62
BLE,1703215638812048722,D3:F4:55:AB:96:20,-46
BLE,1703215639006685577,D3:F4:55:AB:96:20,-72
BLE,1703215639233465284,DF:DF:EE:00:00:04,-53
BLE,1703215639965788582,D3:F4:55:AB:96:20,-64
BLE,1703215640236748420,DF:DF:EE:00:00:04,-56
BLE,1703215640404759605,DF:A6:DC:DC:2E:81,-76
BLE,1703215640404788480,DF:DF:EE:00:00:01,-76
BLE,1703215640544584212,D3:F4:55:AB:96:20,-62
BLE,1703215640737643533,D3:F4:55:AB:96:20,-84
BLE,1703215640932947010,D3:F4:55:AB:96:20,-63
BLE,1703215641127415657,D3:F4:55:AB:96:20,-46
BLE,1703215641235671784,DF:DF:EE:00:00:04,-53
BLE,1703215641322551593,D3:F4:55:AB:96:20,-64
BLE,1703215641521721510,D3:F4:55:AB:96:20,-62
BLE,1703215641710463809,D3:F4:55:AB:96:20,-64
BLE,1703215641777559125,DF:DF:EE:00:00:04,-53
BLE,1703215641902197094,D3:F4:55:AB:96:20,-62
BLE,1703215642238762713,DF:DF:EE:00:00:04,-54
BLE,1703215642413144202,DF:A6:DC:DC:2E:81,-70
BLE,1703215642413201827,DF:DF:EE:00:00:01,-70
BLE,1703215642768657359,DF:DF:EE:00:00:04,-38
BLE,1703215642853476011,D3:F4:55:AB:96:20,-78
BLE,1703215643048815987,D3:F4:55:AB:96:20,-61
BLE,1703215643239304320,D3:F4:55:AB:96:20,-64
BLE,1703215643625271670,D3:F4:55:AB:96:20,-46
BLE,1703215643770301128,DF:DF:EE:00:00:04,-55
BLE,1703215644016373663,D3:F4:55:AB:96:20,-62
BLE,1703215644203807342,D3:F4:55:AB:96:20,-63
BLE,1703215644398529030,D3:F4:55:AB:96:20,-62
BLE,1703215644588470157,D3:F4:55:AB:96:20,-64
BLE,1703215644780637106,D3:F4:55:AB:96:20,-63
BLE,1703215645236609217,DF:DF:EE:00:00:04,-55
BLE,1703215645421044953,DF:A6:DC:DC:2E:81,-73
BLE,1703215645421100661,DF:DF:EE:00:00:01,-73
BLE,1703215645562309470,D3:F4:55:AB:96:20,-61
BLE,1703215645755319249,D3:F4:55:AB:96:20,-64
BLE,1703215645953519754,D3:F4:55:AB:96:20,-62
BLE,1703215646139811480,D3:F4:55:AB:96:20,-50
BLE,1703215646238241111,DF:DF:EE:00:00:04,-56
BLE,1703215646334050712,D3:F4:55:AB:96:20,-62
BLE,1703215646427653073,DF:A6:DC:DC:2E:81,-72
BLE,1703215646427668657,DF:DF:EE:00:00:01,-72
BLE,1703215646525542415,D3:F4:55:AB:96:20,-64
BLE,1703215646715411375,D3:F4:55:AB:96:20,-63
BLE,1703215646778081295,DF:DF:EE:00:00:04,-54
BLE,1703215646905471376,D3:F4:55:AB:96:20,-65
BLE,1703215647098012574,D3:F4:55:AB:96:20,-62
BLE,1703215647237988763,DF:DF:EE:00:00:04,-57
BLE,1703215647294396546,D3:F4:55:AB:96:20,-60
BLE,1703215647428389138,DF:A6:DC:DC:2E:81,-70
BLE,1703215647428423846,DF:DF:EE:00:00:01,-70
BLE,1703215647488172363,D3:F4:55:AB:96:20,-64
BLE,1703215647683457631,D3:F4:55:AB:96:20,-62
BLE,1703215647873599382,D3:F4:55:AB:96:20,-65
BLE,1703215648233099145,DF:DF:EE:00:00:04,-53
BLE,1703215648436431460,DF:A6:DC:DC:2E:81,-73
BLE,1703215648436465960,DF:DF:EE:00:00:01,-73
BLE,1703215648451739515,D3:F4:55:AB:96:20,-62
BLE,1703215648776119523,DF:DF:EE:00:00:04,-39
BLE,1703215648827942243,D3:F4:55:AB:96:20,-62
BLE,1703215649207742163,D3:F4:55:AB:96:20,-60
BLE,1703215649235791701,DF:DF:EE:00:00:04,-55
BLE,1703215649400065987,D3:F4:55:AB:96:20,-64
BLE,1703215649596884832,D3:F4:55:AB:96:20,-63
BLE,1703215649782685727,D3:F4:55:AB:96:20,-64
BLE,1703215650233198739,DF:DF:EE:00:00:04,-54
BLE,1703215650361534482,D3:F4:55:AB:96:20,-63
BLE,1703215650453541600,DF:A6:DC:DC:2E:81,-58
BLE,1703215650453559267,DF:DF:EE:00:00:01,-58
BLE,1703215651127153669,D3:F4:55:AB:96:20,-63
BLE,1703215651509012955,D3:F4:55:AB:96:20,-63
BLE,1703215651699416871,D3:F4:55:AB:96:20,-64
BLE,1703215651770679460,DF:DF:EE:00:00:04,-54
BLE,1703215651893724769,D3:F4:55:AB:96:20,-62
BLE,1703215652081961236,D3:F4:55:AB:96:20,-64
BLE,1703215652233421498,DF:DF:EE:00:00:04,-56
BLE,1703215652273495897,D3:F4:55:AB:96:20,-62
BLE,1703215652461800864,D3:F4:55:AB:96:20,-64
BLE,1703215652651456784,D3:F4:55:AB:96:20,-61
BLE,1703215653033597527,D3:F4:55:AB:96:20,-60
BLE,1703215653226617514,D3:F4:55:AB:96:20,-64
BLE,1703215653238277544,DF:DF:EE:00:00:04,-54
BLE,1703215653609667961,D3:F4:55:AB:96:20,-64
BLE,1703215653770877761,DF:DF:EE:00:00:04,-53
BLE,1703215653990737041,D3:F4:55:AB:96:20,-69
BLE,1703215654183066615,D3:F4:55:AB:96:20,-61
BLE,1703215654473297625,DF:A6:DC:DC:2E:81,-70
BLE,1703215654473357708,DF:DF:EE:00:00:01,-70
BLE,1703215654568495116,D3:F4:55:AB:96:20,-64
BLE,1703215654760446799,D3:F4:55:AB:96:20,-64
BLE,1703215654954366599,D3:F4:55:AB:96:20,-67
BLE,1703215655233993098,DF:DF:EE:00:00:04,-37
BLE,1703215655235476092,DF:DF:EE:00:00:04,-54
BLE,1703215655535632458,D3:F4:55:AB:96:20,-63
BLE,1703215655922158729,D3:F4:55:AB:96:20,-67
BLE,1703215656111146217,D3:F4:55:AB:96:20,-64
BLE,1703215656112454795,D3:F4:55:AB:96:20,-46
BLE,1703215656303031776,D3:F4:55:AB:96:20,-63
BLE,1703215656476151335,DF:A6:DC:DC:2E:81,-56
BLE,1703215656476171543,DF:DF:EE:00:00:01,-56
BLE,1703215656491565100,D3:F4:55:AB:96:20,-64
BLE,1703215656878161204,D3:F4:55:AB:96:20,-60
BLE,1703215657070602135,D3:F4:55:AB:96:20,-47
BLE,1703215657255979473,D3:F4:55:AB:96:20,-64
BLE,1703215657453549006,D3:F4:55:AB:96:20,-62
BLE,1703215657639719299,D3:F4:55:AB:96:20,-66
BLE,1703215657777758890,DF:DF:EE:00:00:04,-54
BLE,1703215657828972411,D3:F4:55:AB:96:20,-62
BLE,1703215657830286280,D3:F4:55:AB:96:20,-63
BLE,1703215658025897613,D3:F4:55:AB:96:20,-60
BLE,1703215658217176425,D3:F4:55:AB:96:20,-62
BLE,1703215658237962873,DF:DF:EE:00:00:04,-55
BLE,1703215658405525999,D3:F4:55:AB:96:20,-65
BLE,1703215658486704678,DF:A6:DC:DC:2E:81,-73
BLE,1703215658486734219,DF:DF:EE:00:00:01,-73
BLE,1703215658597985055,D3:F4:55:AB:96:20,-62
BLE,1703215658772771898,DF:DF:EE:00:00:04,-39
BLE,1703215658792335061,D3:F4:55:AB:96:20,-60
BLE,1703215659180857573,D3:F4:55:AB:96:20,-67
BLE,1703215659368262985,D3:F4:55:AB:96:20,-64
BLE,1703215659484518882,DF:A6:DC:DC:2E:81,-75
BLE,1703215659484535174,DF:DF:EE:00:00:01,-75
BLE,1703215659564036860,D3:F4:55:AB:96:20,-47
BLE,1703215659755370088,D3:F4:55:AB:96:20,-66
BLE,1703215660141178446,D3:F4:55:AB:96:20,-46
BLE,1703215660235204692,DF:DF:EE:00:00:04,-54
BLE,1703215660519728378,D3:F4:55:AB:96:20,-64
BLE,1703215660716169499,D3:F4:55:AB:96:20,-62
BLE,1703215660772898412,DF:DF:EE:00:00:04,-54
BLE,1703215660902042626,D3:F4:55:AB:96:20,-63
BLE,1703215661095842718,D3:F4:55:AB:96:20,-47
BLE,1703215661494742059,DF:A6:DC:DC:2E:81,-72
BLE,1703215661494778892,DF:DF:EE:00:00:01,-72
BLE,1703215662051478153,D3:F4:55:AB:96:20,-65
BLE,1703215662229069109,DF:DF:EE:00:00:04,-53
BLE,1703215662442993902,D3:F4:55:AB:96:20,-63
BLE,1703215662504163920,DF:A6:DC:DC:2E:81,-71
BLE,1703215662504186045,DF:DF:EE:00:00:01,-71
BLE,1703215662635785832,D3:F4:55:AB:96:20,-51
BLE,1703215663217277731,D3:F4:55:AB:96:20,-50
BLE,1703215663234664362,DF:DF:EE:00:00:04,-55
BLE,1703215663416472840,D3:F4:55:AB:96:20,-63
BLE,1703215663603367630,D3:F4:55:AB:96:20,-65
BLE,1703215663772654123,DF:DF:EE:00:00:04,-55
BLE,1703215664229804120,DF:DF:EE:00:00:04,-54
BLE,1703215664373692143,D3:F4:55:AB:96:20,-61
BLE,1703215664569667933,D3:F4:55:AB:96:20,-51
BLE,1703215664763769399,D3:F4:55:AB:96:20,-62
BLE,1703215664768250254,DF:DF:EE:00:00:04,-53
BLE,1703215664959702981,D3:F4:55:AB:96:20,-62
BLE,1703215665238593109,DF:DF:EE:00:00:04,-72
BLE,1703215665526729112,DF:A6:DC:DC:2E:81,-72
BLE,1703215665526763945,DF:DF:EE:00:00:01,-72
BLE,1703215666108032221,D3:F4:55:AB:96:20,-62
BLE,1703215666498516433,D3:F4:55:AB:96:20,-63
BLE,1703215666535512851,DF:A6:DC:DC:2E:81,-70
BLE,1703215666535526559,DF:DF:EE:00:00:01,-70
BLE,1703215667068533675,D3:F4:55:AB:96:20,-64
BLE,1703215667260424609,D3:F4:55:AB:96:20,-62
BLE,1703215667449880553,D3:F4:55:AB:96:20,-66
BLE,1703215667539238362,DF:A6:DC:DC:2E:81,-59
BLE,1703215667539303987,DF:DF:EE:00:00:01,-59
BLE,1703215667645185013,D3:F4:55:AB:96:20,-62
BLE,1703215667840456348,D3:F4:55:AB:96:20,-61
BLE,1703215668030914705,D3:F4:55:AB:96:20,-65
BLE,1703215668230563646,D3:F4:55:AB:96:20,-62
BLE,1703215668418108099,D3:F4:55:AB:96:20,-65
BLE,1703215668544938615,DF:A6:DC:DC:2E:81,-58
BLE,1703215668544977281,DF:DF:EE:00:00:01,-58
BLE,1703215668770512939,DF:DF:EE:00:00:04,-41
BLE,1703215668803466459,D3:F4:55:AB:96:20,-46
BLE,1703215669390794124,D3:F4:55:AB:96:20,-47
BLE,1703215669971149903,D3:F4:55:AB:96:20,-65
BLE,1703215670161872009,D3:F4:55:AB:96:20,-63
BLE,1703215670358558379,D3:F4:55:AB:96:20,-62
BLE,1703215670742266038,D3:F4:55:AB:96:20,-46
BLE,1703215670937099167,D3:F4:55:AB:96:20,-64
BLE,1703215671131085091,D3:F4:55:AB:96:20,-47
BLE,1703215671903433346,D3:F4:55:AB:96:20,-64
BLE,1703215672092303835,D3:F4:55:AB:96:20,-61
BLE,1703215672231910669,DF:DF:EE:00:00:04,-54
BLE,1703215672476973823,D3:F4:55:AB:96:20,-60
BLE,1703215672674266524,D3:F4:55:AB:96:20,-60
BLE,1703215672771308381,DF:DF:EE:00:00:04,-55
BLE,1703215672870425063,D3:F4:55:AB:96:20,-65
BLE,1703215673060216298,D3:F4:55:AB:96:20,-61
BLE,1703215673228819835,DF:DF:EE:00:00:04,-37
BLE,1703215673434772289,D3:F4:55:AB:96:20,-50
BLE,1703215673570800014,DF:A6:DC:DC:2E:81,-75
BLE,1703215673570815723,DF:DF:EE:00:00:01,-75
BLE,1703215673623949777,D3:F4:55:AB:96:20,-62
BLE,1703215674017512309,D3:F4:55:AB:96:20,-64
BLE,1703215674215643423,D3:F4:55:AB:96:20,-75
BLE,1703215674230789563,DF:DF:EE:00:00:04,-56
BLE,1703215674573112949,DF:A6:DC:DC:2E:81,-72
BLE,1703215674573146782,DF:DF:EE:00:00:01,-72
BLE,1703215674599180499,D3:F4:55:AB:96:20,-63
BLE,1703215674769981527,DF:DF:EE:00:00:04,-54
BLE,1703215675179021823,D3:F4:55:AB:96:20,-63
BLE,1703215675563346354,D3:F4:55:AB:96:20,-61
BLE,1703215675751112514,D3:F4:55:AB:96:20,-65
BLE,1703215676134617591,D3:F4:55:AB:96:20,-64
BLE,1703215676229855707,DF:DF:EE:00:00:04,-54
BLE,1703215676528771120,D3:F4:55:AB:96:20,-63
BLE,1703215676582141673,DF:A6:DC:DC:2E:81,-75
BLE,1703215676582155381,DF:DF:EE:00:00:01,-75
BLE,1703215676770864621,DF:DF:EE:00:00:04,-54
BLE,1703215677095797168,D3:F4:55:AB:96:20,-63
BLE,1703215677283135913,D3:F4:55:AB:96:20,-64
BLE,1703215677589845292,DF:A6:DC:DC:2E:81,-72
BLE,1703215677589867958,DF:DF:EE:00:00:01,-72
BLE,1703215677672337173,D3:F4:55:AB:96:20,-61
BLE,1703215677771502604,DF:DF:EE:00:00:04,-55
BLE,1703215677865398643,D3:F4:55:AB:96:20,-69
BLE,1703215678250232047,D3:F4:55:AB:96:20,-64
BLE,1703215678593783302,DF:A6:DC:DC:2E:81,-72
BLE,1703215678593840010,DF:DF:EE:00:00:01,-72
BLE,1703215679019676023,D3:F4:55:AB:96:20,-62
BLE,1703215679215257815,D3:F4:55:AB:96:20,-63
BLE,1703215679231319451,DF:DF:EE:00:00:04,-74
BLE,1703215679405176590,D3:F4:55:AB:96:20,-62
BLE,1703215679600272843,DF:A6:DC:DC:2E:81,-74
BLE,1703215679600337093,DF:DF:EE:00:00:01,-74
BLE,1703215679769986542,DF:DF:EE:00:00:04,-56
BLE,1703215680174137402,D3:F4:55:AB:96:20,-67
BLE,1703215680363722720,D3:F4:55:AB:96:20,-63
BLE,1703215680556213443,D3:F4:55:AB:96:20,-64
BLE,1703215680604458311,DF:A6:DC:DC:2E:81,-73
BLE,1703215680604495977,DF:DF:EE:00:00:01,-73
BLE,1703215680751926109,D3:F4:55:AB:96:20,-61
BLE,1703215681141921324,D3:F4:55:AB:96:20,-63
BLE,1703215681236298068,DF:DF:EE:00:00:04,-55
BLE,1703215681531271999,D3:F4:55:AB:96:20,-64
BLE,1703215681606343914,DF:A6:DC:DC:2E:81,-71
BLE,1703215681606387247,DF:DF:EE:00:00:01,-71
BLE,1703215681772016173,DF:DF:EE:00:00:04,-54
BLE,1703215682111353947,D3:F4:55:AB:96:20,-62
BLE,1703215682497039680,D3:F4:55:AB:96:20,-47
BLE,1703215682686568750,D3:F4:55:AB:96:20,-61
BLE,1703215682774427398,DF:DF:EE:00:00:04,-53
BLE,1703215682878248476,D3:F4:55:AB:96:20,-62
BLE,1703215683070101826,D3:F4:55:AB:96:20,-62
BLE,1703215683461123244,D3:F4:55:AB:96:20,-62
BLE,1703215683619533327,DF:A6:DC:DC:2E:81,-73
BLE,1703215683619550786,DF:DF:EE:00:00:01,-73
BLE,1703215683649379277,D3:F4:55:AB:96:20,-50
BLE,1703215683775979378,DF:DF:EE:00:00:04,-56
BLE,1703215683844966069,D3:F4:55:AB:96:20,-62
BLE,1703215684033332810,D3:F4:55:AB:96:20,-64
BLE,1703215684426410803,D3:F4:55:AB:96:20,-67
BLE,1703215684614410337,D3:F4:55:AB:96:20,-65
BLE,1703215684773298293,DF:DF:EE:00:00:04,-54
BLE,1703215684805552857,D3:F4:55:AB:96:20,-61
BLE,1703215685379730081,D3:F4:55:AB:96:20,-64
BLE,1703215685575906995,D3:F4:55:AB:96:20,-63
BLE,1703215685627647472,DF:A6:DC:DC:2E:81,-59
BLE,1703215685627708222,DF:DF:EE:00:00:01,-59
BLE,1703215685770376626,DF:DF:EE:00:00:04,-53
BLE,1703215686159917800,D3:F4:55:AB:96:20,-63
BLE,1703215686633842056,DF:A6:DC:DC:2E:81,-73
BLE,1703215686633880473,DF:DF:EE:00:00:01,-73
BLE,1703215686731021080,D3:F4:55:AB:96:20,-64
BLE,1703215686770643569,DF:DF:EE:00:00:04,-55
BLE,1703215686920953980,D3:F4:55:AB:96:20,-61
BLE,1703215687113448370,D3:F4:55:AB:96:20,-64
BLE,1703215687497105821,D3:F4:55:AB:96:20,-64
BLE,1703215687633072421,DF:A6:DC:DC:2E:81,-73
BLE,1703215687633106671,DF:DF:EE:00:00:01,-73
BLE,1703215687690049249,D3:F4:55:AB:96:20,-67
BLE,1703215687878590406,D3:F4:55:AB:96:20,-64
BLE,1703215688068935680,D3:F4:55:AB:96:20,-62
BLE,1703215688264385681,D3:F4:55:AB:96:20,-50
BLE,1703215688458813020,D3:F4:55:AB:96:20,-62
BLE,1703215688771227790,DF:DF:EE:00:00:04,-56
BLE,1703215688837596993,D3:F4:55:AB:96:20,-62
BLE,1703215689032588621,D3:F4:55:AB:96:20,-60
BLE,1703215689223078727,D3:F4:55:AB:96:20,-62
BLE,1703215689238217451,DF:DF:EE:00:00:04,-56
BLE,1703215689409518352,D3:F4:55:AB:96:20,-64
BLE,1703215689647098498,DF:A6:DC:DC:2E:81,-58
BLE,1703215689647134498,DF:DF:EE:00:00:01,-58
BLE,1703215689771927731,DF:DF:EE:00:00:04,-53
BLE,1703215690235852157,DF:DF:EE:00:00:04,-55
BLE,1703215690363907792,D3:F4:55:AB:96:20,-62
BLE,1703215690941006587,D3:F4:55:AB:96:20,-66
BLE,1703215691231441038,DF:DF:EE:00:00:04,-53
BLE,1703215691334698159,D3:F4:55:AB:96:20,-63
BLE,1703215691522583069,D3:F4:55:AB:96:20,-64
BLE,1703215691716339453,D3:F4:55:AB:96:20,-62
BLE,1703215692100721442,D3:F4:55:AB:96:20,-62
BLE,1703215692238436118,DF:DF:EE:00:00:04,-55
BLE,1703215692289760763,D3:F4:55:AB:96:20,-64
BLE,1703215692481390031,D3:F4:55:AB:96:20,-63
BLE,1703215692666953118,DF:A6:DC:DC:2E:81,-74
BLE,1703215692666986160,DF:DF:EE:00:00:01,-74
BLE,1703215692670248395,D3:F4:55:AB:96:20,-50
BLE,1703215692771153069,DF:DF:EE:00:00:04,-55
BLE,1703215692865288773,D3:F4:55:AB:96:20,-64
BLE,1703215693052529186,D3:F4:55:AB:96:20,-77
BLE,1703215693248698725,D3:F4:55:AB:96:20,-62
BLE,1703215693626528660,D3:F4:55:AB:96:20,-62
BLE,1703215694230419085,DF:DF:EE:00:00:04,-54
BLE,1703215694389734997,D3:F4:55:AB:96:20,-46
BLE,1703215694585345748,D3:F4:55:AB:96:20,-66
BLE,1703215695173567367,D3:F4:55:AB:96:20,-60
BLE,1703215695236445336,DF:DF:EE:00:00:04,-53
BLE,1703215695679052690,DF:A6:DC:DC:2E:81,-58
BLE,1703215695679090773,DF:DF:EE:00:00:01,-58
BLE,1703215695768779331,DF:DF:EE:00:00:04,-57
BLE,1703215695948292986,D3:F4:55:AB:96:20,-62
BLE,1703215696134690361,D3:F4:55:AB:96:20,-63
BLE,1703215696516822069,D3:F4:55:AB:96:20,-64
BLE,1703215696715772512,D3:F4:55:AB:96:20,-62
BLE,1703215696775803744,DF:DF:EE:00:00:04,-54
BLE,1703215696911911052,D3:F4:55:AB:96:20,-46
BLE,1703215697291339688,D3:F4:55:AB:96:20,-60
BLE,1703215697484092826,D3:F4:55:AB:96:20,-50
BLE,1703215697687132710,DF:A6:DC:DC:2E:81,-74
BLE,1703215697687198793,DF:DF:EE:00:00:01,-74
BLE,1703215697866574408,D3:F4:55:AB:96:20,-64
BLE,1703215698229594076,DF:DF:EE:00:00:04,-53
BLE,1703215698258161532,D3:F4:55:AB:96:20,-61
BLE,1703215698451467209,D3:F4:55:AB:96:20,-64
BLE,1703215698688090776,DF:A6:DC:DC:2E:81,-71
BLE,1703215698688125442,DF:DF:EE:00:00:01,-71
BLE,1703215698835480658,D3:F4:55:AB:96:20,-64
BLE,1703215699032641776,D3:F4:55:AB:96:20,-62
BLE,1703215699229066606,D3:F4:55:AB:96:20,-61
BLE,1703215699234431874,DF:DF:EE:00:00:04,-56
BLE,1703215699422365867,D3:F4:55:AB:96:20,-65
BLE,1703215699616358583,D3:F4:55:AB:96:20,-62
BLE,1703215699694156068,DF:A6:DC:DC:2E:81,-74
BLE,1703215699694190901,DF:DF:EE:00:00:01,-74
BLE,1703215700233741530,DF:DF:EE:00:00:04,-37
BLE,1703215700578999945,D3:F4:55:AB:96:20,-46
BLE,1703215700701527980,DF:A6:DC:DC:2E:81,-88
BLE,1703215700701552563,DF:DF:EE:00:00:01,-88
BLE,1703215700958152207,D3:F4:55:AB:96:20,-60
BLE,1703215701235055927,DF:DF:EE:00:00:04,-56
BLE,1703215701526395625,D3:F4:55:AB:96:20,-63
BLE,1703215701709365681,DF:A6:DC:DC:2E:81,-74
BLE,1703215701709397598,DF:DF:EE:00:00:01,-74
BLE,1703215701714780699,D3:F4:55:AB:96:20,-65
BLE,1703215701772186734,DF:DF:EE:00:00:04,-56
BLE,1703215701906900173,D3:F4:55:AB:96:20,-60
BLE,1703215701908402250,D3:F4:55:AB:96:20,-62
BLE,1703215702285207773,D3:F4:55:AB:96:20,-61
BLE,1703215702670559091,D3:F4:55:AB:96:20,-61
BLE,1703215702712839944,DF:A6:DC:DC:2E:81,-70
BLE,1703215702712854277,DF:DF:EE:00:00:01,-70
BLE,1703215702771286433,DF:DF:EE:00:00:04,-53
BLE,1703215702865457595,D3:F4:55:AB:96:20,-64
BLE,1703215703248117509,D3:F4:55:AB:96:20,-64
BLE,1703215703715970041,DF:A6:DC:DC:2E:81,-61
BLE,1703215703716004041,DF:DF:EE:00:00:01,-61
BLE,1703215703770294798,DF:DF:EE:00:00:04,-54
BLE,1703215703838893908,D3:F4:55:AB:96:20,-46
BLE,1703215704223491022,D3:F4:55:AB:96:20,-61
BLE,1703215704723228537,DF:A6:DC:DC:2E:81,-73
BLE,1703215704723283745,DF:DF:EE:00:00:01,-73
BLE,1703215704768836000,DF:DF:EE:00:00:04,-55
BLE,1703215704798258035,D3:F4:55:AB:96:20,-65
BLE,1703215704991387629,D3:F4:55:AB:96:20,-63
BLE,1703215705227406324,DF:DF:EE:00:00:04,-37
BLE,1703215705371738137,D3:F4:55:AB:96:20,-62
BLE,1703215705721611072,DF:A6:DC:DC:2E:81,-73
BLE,1703215705721646905,DF:DF:EE:00:00:01,-73
BLE,1703215705753425055,D3:F4:55:AB:96:20,-60
BLE,1703215705769659149,DF:DF:EE:00:00:04,-53
BLE,1703215706330846223,D3:F4:55:AB:96:20,-66
BLE,1703215706525268895,D3:F4:55:AB:96:20,-62
BLE,1703215706768645890,DF:DF:EE:00:00:04,-56
BLE,1703215706908545389,D3:F4:55:AB:96:20,-62
BLE,1703215707233225521,DF:DF:EE:00:00:04,-54
BLE,1703215707297343734,D3:F4:55:AB:96:20,-65
BLE,1703215707767743422,DF:DF:EE:00:00:04,-54
BLE,1703215707868718762,D3:F4:55:AB:96:20,-62
BLE,1703215708233210924,DF:DF:EE:00:00:04,-55
BLE,1703215708442641529,D3:F4:55:AB:96:20,-65
BLE,1703215708639408399,D3:F4:55:AB:96:20,-46
BLE,1703215708770799937,DF:DF:EE:00:00:04,-39
BLE,1703215708827911431,D3:F4:55:AB:96:20,-64
BLE,1703215709018599453,D3:F4:55:AB:96:20,-63
BLE,1703215709604782749,D3:F4:55:AB:96:20,-62
BLE,1703215709774503198,DF:DF:EE:00:00:04,-53
BLE,1703215709792756366,D3:F4:55:AB:96:20,-64
BLE,1703215709990081442,D3:F4:55:AB:96:20,-63
BLE,1703215710371211321,D3:F4:55:AB:96:20,-47
BLE,1703215710565466119,D3:F4:55:AB:96:20,-60
BLE,1703215710753803694,DF:A6:DC:DC:2E:81,-73
BLE,1703215710753865693,DF:DF:EE:00:00:01,-73
BLE,1703215710758816630,D3:F4:55:AB:96:20,-49
BLE,1703215710773811438,DF:DF:EE:00:00:04,-57
BLE,1703215711142764704,D3:F4:55:AB:96:20,-50
BLE,1703215711528944894,D3:F4:55:AB:96:20,-65
BLE,1703215711753554348,DF:A6:DC:DC:2E:81,-75
BLE,1703215711753581348,DF:DF:EE:00:00:01,-75
BLE,1703215711768216241,DF:DF:EE:00:00:04,-55
BLE,1703215711910967311,D3:F4:55:AB:96:20,-69
BLE,1703215712236845937,DF:DF:EE:00:00:04,-55
BLE,1703215712300210862,D3:F4:55:AB:96:20,-60
BLE,1703215712492867834,D3:F4:55:AB:96:20,-64
BLE,1703215712687045090,D3:F4:55:AB:96:20,-47
BLE,1703215712756305197,DF:A6:DC:DC:2E:81,-73
BLE,1703215712756318030,DF:DF:EE:00:00:01,-73
BLE,1703215713075044647,D3:F4:55:AB:96:20,-63
BLE,1703215713459551052,D3:F4:55:AB:96:20,-50
BLE,1703215713657580417,D3:F4:55:AB:96:20,-62
BLE,1703215713756566557,DF:A6:DC:DC:2E:81,-74
BLE,1703215713756592057,DF:DF:EE:00:00:01,-74
BLE,1703215713844507706,D3:F4:55:AB:96:20,-66
BLE,1703215714237383866,DF:DF:EE:00:00:04,-55
BLE,1703215714759119282,DF:A6:DC:DC:2E:81,-73
BLE,1703215714759152491,DF:DF:EE:00:00:01,-73
BLE,1703215714767716827,DF:DF:EE:00:00:04,-53
BLE,1703215714810361053,D3:F4:55:AB:96:20,-65
BLE,1703215715192940342,D3:F4:55:AB:96:20,-50
BLE,1703215715232843414,DF:DF:EE:00:00:04,-56
BLE,1703215715384778193,D3:F4:55:AB:96:20,-61
BLE,1703215715964779266,D3:F4:55:AB:96:20,-61
BLE,1703215716154778041,D3:F4:55:AB:96:20,-62
BLE,1703215716228976543,DF:DF:EE:00:00:04,-53
BLE,1703215716767571342,DF:DF:EE:00:00:04,-54
BLE,1703215717119265270,D3:F4:55:AB:96:20,-62
BLE,1703215717234151173,DF:DF:EE:00:00:04,-56
BLE,1703215717502209266,D3:F4:55:AB:96:20,-62
BLE,1703215718230647300,DF:DF:EE:00:00:04,-54
BLE,1703215718278603460,D3:F4:55:AB:96:20,-64
BLE,1703215718769326516,DF:A6:DC:DC:2E:81,-73
BLE,1703215718769371516,DF:DF:EE:00:00:01,-73
BLE,1703215718852059021,D3:F4:55:AB:96:20,-62
BLE,1703215719425529956,D3:F4:55:AB:96:20,-64
BLE,1703215719768329298,DF:DF:EE:00:00:04,-54
BLE,1703215719774505312,DF:A6:DC:DC:2E:81,-72
BLE,1703215719774533562,DF:DF:EE:00:00:01,-72
BLE,1703215719821735893,D3:F4:55:AB:96:20,-63
BLE,1703215720012056958,D3:F4:55:AB:96:20,-64
BLE,1703215720205237303,D3:F4:55:AB:96:20,-75
BLE,1703215720234539130,DF:DF:EE:00:00:04,-54
BLE,1703215720581320538,D3:F4:55:AB:96:20,-60
BLE,1703215720773401095,DF:DF:EE:00:00:04,-54
BLE,1703215720778585656,DF:A6:DC:DC:2E:81,-71
BLE,1703215720778612989,DF:DF:EE:00:00:01,-71
BLE,1703215721227166066,DF:DF:EE:00:00:04,-54
BLE,1703215721345297830,D3:F4:55:AB:96:20,-62
BLE,1703215721539401170,D3:F4:55:AB:96:20,-65
BLE,1703215721727988285,D3:F4:55:AB:96:20,-46
BLE,1703215721769456224,DF:DF:EE:00:00:04,-54
BLE,1703215722114519681,D3:F4:55:AB:96:20,-47
BLE,1703215722231725199,DF:DF:EE:00:00:04,-55
BLE,1703215722688917154,D3:F4:55:AB:96:20,-65
BLE,1703215722882349539,D3:F4:55:AB:96:20,-47
BLE,1703215723233279262,DF:DF:EE:00:00:04,-54
BLE,1703215723264330164,D3:F4:55:AB:96:20,-62
BLE,1703215723459005294,D3:F4:55:AB:96:20,-60
BLE,1703215723849477923,D3:F4:55:AB:96:20,-62
BLE,1703215724039201616,D3:F4:55:AB:96:20,-64
BLE,1703215724232849542,DF:DF:EE:00:00:04,-58
BLE,1703215724420836534,D3:F4:55:AB:96:20,-64
BLE,1703215724769669516,DF:DF:EE:00:00:04,-56
BLE,1703215724993983013,D3:F4:55:AB:96:20,-47
BLE,1703215725184290579,D3:F4:55:AB:96:20,-65
BLE,1703215725228190216,DF:DF:EE:00:00:04,-53
BLE,1703215725381973653,D3:F4:55:AB:96:20,-62
BLE,1703215725568923192,D3:F4:55:AB:96:20,-64
BLE,1703215725760604293,D3:F4:55:AB:96:20,-62
BLE,1703215725770738206,DF:DF:EE:00:00:04,-53
BLE,1703215726229515988,DF:DF:EE:00:00:04,-50
BLE,1703215726329606207,D3:F4:55:AB:96:20,-65
BLE,1703215726804710374,DF:A6:DC:DC:2E:81,-76
BLE,1703215726804755332,DF:DF:EE:00:00:01,-76
BLE,1703215727230816343,DF:DF:EE:00:00:04,-53
BLE,1703215727287077967,D3:F4:55:AB:96:20,-61
BLE,1703215727774452996,DF:DF:EE:00:00:04,-53
BLE,1703215728063221954,D3:F4:55:AB:96:20,-64
BLE,1703215728237125802,DF:DF:EE:00:00:04,-56
BLE,1703215728262424480,D3:F4:55:AB:96:20,-47
BLE,1703215728816224462,DF:A6:DC:DC:2E:81,-70
BLE,1703215728816282087,DF:DF:EE:00:00:01,-70
BLE,1703215729019542678,D3:F4:55:AB:96:20,-62
BLE,1703215729235400212,DF:DF:EE:00:00:04,-53
BLE,1703215729397272405,D3:F4:55:AB:96:20,-61
BLE,1703215729592167700,D3:F4:55:AB:96:20,-64
BLE,1703215729816759279,DF:A6:DC:DC:2E:81,-73
BLE,1703215729816800654,DF:DF:EE:00:00:01,-73
BLE,1703215729975809776,D3:F4:55:AB:96:20,-64
BLE,1703215730164828223,D3:F4:55:AB:96:20,-61
BLE,1703215730226498405,DF:DF:EE:00:00:04,-54
BLE,1703215730549549377,D3:F4:55:AB:96:20,-61
BLE,1703215730746564205,D3:F4:55:AB:96:20,-34
BLE,1703215730773519834,DF:DF:EE:00:00:04,-55
BLE,1703215730936939395,D3:F4:55:AB:96:20,-62
BLE,1703215731126898420,D3:F4:55:AB:96:20,-63
BLE,1703215731318242273,D3:F4:55:AB:96:20,-63
BLE,1703215731503808527,D3:F4:55:AB:96:20,-66
BLE,1703215731771522871,DF:DF:EE:00:00:04,-55
BLE,1703215732227891789,DF:DF:EE:00:00:04,-53
BLE,1703215732459649044,D3:F4:55:AB:96:20,-61
BLE,1703215732655678209,D3:F4:55:AB:96:20,-65
BLE,1703215732764804304,DF:DF:EE:00:00:04,-53
BLE,1703215732848206556,D3:F4:55:AB:96:20,-63
BLE,1703215733039070786,D3:F4:55:AB:96:20,-64
BLE,1703215733229065978,D3:F4:55:AB:96:20,-76
BLE,1703215733232579254,DF:DF:EE:00:00:04,-58
BLE,1703215733416941180,D3:F4:55:AB:96:20,-64
BLE,1703215733615803249,D3:F4:55:AB:96:20,-63
BLE,1703215733807136518,D3:F4:55:AB:96:20,-60
BLE,1703215733999754198,D3:F4:55:AB:96:20,-63
BLE,1703215734189595974,D3:F4:55:AB:96:20,-60
BLE,1703215734229201881,DF:DF:EE:00:00:04,-54
BLE,1703215734381630074,D3:F4:55:AB:96:20,-63
BLE,1703215734768380219,DF:DF:EE:00:00:04,-66
BLE,1703215734949134786,D3:F4:55:AB:96:20,-64
BLE,1703215735331093036,D3:F4:55:AB:96:20,-65
BLE,1703215735522086557,D3:F4:55:AB:96:20,-62
BLE,1703215735717584266,D3:F4:55:AB:96:20,-66
BLE,1703215735719162343,D3:F4:55:AB:96:20,-61
BLE,1703215735774524595,DF:DF:EE:00:00:04,-55
BLE,1703215736096353448,D3:F4:55:AB:96:20,-64
BLE,1703215736234702037,DF:DF:EE:00:00:04,-53
BLE,1703215736289979498,D3:F4:55:AB:96:20,-62
BLE,1703215736482308930,D3:F4:55:AB:96:20,-65
BLE,1703215736769541729,DF:DF:EE:00:00:04,-54
BLE,1703215736859517701,DF:A6:DC:DC:2E:81,-74
BLE,1703215736859553035,DF:DF:EE:00:00:01,-74
BLE,1703215736875161965,D3:F4:55:AB:96:20,-67
BLE,1703215737064210786,D3:F4:55:AB:96:20,-64
BLE,1703215737459535268,D3:F4:55:AB:96:20,-63
BLE,1703215737649720709,D3:F4:55:AB:96:20,-65
BLE,1703215737839265278,D3:F4:55:AB:96:20,-62
BLE,1703215737867635693,DF:A6:DC:DC:2E:81,-73
BLE,1703215737867668276,DF:DF:EE:00:00:01,-73
BLE,1703215738228325205,DF:DF:EE:00:00:04,-56
BLE,1703215738609198919,D3:F4:55:AB:96:20,-64
BLE,1703215738803042343,D3:F4:55:AB:96:20,-62
BLE,1703215739375686616,D3:F4:55:AB:96:20,-62
BLE,1703215739571092242,D3:F4:55:AB:96:20,-61
BLE,1703215740160577856,D3:F4:55:AB:96:20,-63
BLE,1703215740347470020,D3:F4:55:AB:96:20,-64
BLE,1703215740545718009,D3:F4:55:AB:96:20,-63
BLE,1703215740731406678,D3:F4:55:AB:96:20,-66
BLE,1703215740926120516,D3:F4:55:AB:96:20,-63
BLE,1703215741114200425,D3:F4:55:AB:96:20,-64
BLE,1703215741229947741,DF:DF:EE:00:00:04,-38
BLE,1703215741311711792,D3:F4:55:AB:96:20,-63
BLE,1703215741769742868,DF:DF:EE:00:00:04,-54
BLE,1703215741881578493,D3:F4:55:AB:96:20,-64
BLE,1703215742772890591,DF:DF:EE:00:00:04,-57
BLE,1703215742845936847,D3:F4:55:AB:96:20,-65
BLE,1703215742885970502,DF:A6:DC:DC:2E:81,-74
BLE,1703215742886002043,DF:DF:EE:00:00:01,-74
BLE,1703215743041318932,D3:F4:55:AB:96:20,-62
BLE,1703215743613309832,D3:F4:55:AB:96:20,-64
BLE,1703215744001387472,D3:F4:55:AB:96:20,-60
BLE,1703215744389683402,D3:F4:55:AB:96:20,-63
BLE,1703215744577245813,D3:F4:55:AB:96:20,-64
BLE,1703215745539365469,D3:F4:55:AB:96:20,-62
BLE,1703215745726011468,D3:F4:55:AB:96:20,-64
BLE,1703215745906679077,DF:A6:DC:DC:2E:81,-74
BLE,1703215745906721077,DF:DF:EE:00:00:01,-74
BLE,1703215745915548287,D3:F4:55:AB:96:20,-61
BLE,1703215746230086422,DF:DF:EE:00:00:04,-53
BLE,1703215746875564661,D3:F4:55:AB:96:20,-66
BLE,1703215746909798924,DF:A6:DC:DC:2E:81,-73
BLE,1703215746909828007,DF:DF:EE:00:00:01,-73
BLE,1703215747230437407,DF:DF:EE:00:00:04,-55
BLE,1703215747258725114,D3:F4:55:AB:96:20,-50
BLE,1703215747841875798,D3:F4:55:AB:96:20,-66
BLE,1703215748237006072,D3:F4:55:AB:96:20,-47
BLE,1703215748765097419,DF:DF:EE:00:00:04,-53
BLE,1703215748912854967,DF:A6:DC:DC:2E:81,-72
BLE,1703215748912873592,DF:DF:EE:00:00:01,-72
BLE,1703215749229234594,DF:DF:EE:00:00:04,-56
BLE,1703215749581111520,D3:F4:55:AB:96:20,-61
BLE,1703215749770486590,DF:DF:EE:00:00:04,-55
BLE,1703215749911117961,DF:A6:DC:DC:2E:81,-73
BLE,1703215749911155044,DF:DF:EE:00:00:01,-73
BLE,1703215750226462842,DF:DF:EE:00:00:04,-54
BLE,1703215750764576186,DF:DF:EE:00:00:04,-54
BLE,1703215750917421836,DF:A6:DC:DC:2E:81,-72
BLE,1703215750917458252,DF:DF:EE:00:00:01,-72
BLE,1703215750923788516,D3:F4:55:AB:96:20,-64
BLE,1703215751226732994,DF:DF:EE:00:00:04,-55
BLE,1703215751892378476,D3:F4:55:AB:96:20,-64
BLE,1703215752228338432,DF:DF:EE:00:00:04,-54
BLE,1703215752846542167,D3:F4:55:AB:96:20,-62
BLE,1703215753421976802,D3:F4:55:AB:96:20,-64
BLE,1703215753616945347,D3:F4:55:AB:96:20,-47
BLE,1703215753931102734,DF:A6:DC:DC:2E:81,-73
BLE,1703215753931143484,DF:DF:EE:00:00:01,-73
BLE,1703215753997021773,D3:F4:55:AB:96:20,-64
BLE,1703215754232850218,DF:DF:EE:00:00:04,-54
BLE,1703215754767208328,DF:DF:EE:00:00:04,-56
BLE,1703215755230024509,DF:DF:EE:00:00:04,-56
BLE,1703215755341035554,D3:F4:55:AB:96:20,-60
BLE,1703215755535333143,D3:F4:55:AB:96:20,-64
BLE,1703215755733847089,D3:F4:55:AB:96:20,-62
BLE,1703215755775944692,DF:DF:EE:00:00:04,-55
BLE,1703215755921160626,D3:F4:55:AB:96:20,-64
BLE,1703215756496621386,D3:F4:55:AB:96:20,-62
BLE,1703215756686076164,D3:F4:55:AB:96:20,-64
BLE,1703215756881043709,D3:F4:55:AB:96:20,-47
BLE,1703215756941182565,DF:A6:DC:DC:2E:81,-72
BLE,1703215756941214315,DF:DF:EE:00:00:01,-72
BLE,1703215757067449834,D3:F4:55:AB:96:20,-64
BLE,1703215757227287869,DF:DF:EE:00:00:04,-54
BLE,1703215757763547512,DF:DF:EE:00:00:04,-53
BLE,1703215757847517012,D3:F4:55:AB:96:20,-62
BLE,1703215758042302599,D3:F4:55:AB:96:20,-61
BLE,1703215758426895421,D3:F4:55:AB:96:20,-60
BLE,1703215758769961553,DF:DF:EE:00:00:04,-58
BLE,1703215758813302360,D3:F4:55:AB:96:20,-63
BLE,1703215758951352701,DF:A6:DC:DC:2E:81,-73
BLE,1703215758951393825,DF:DF:EE:00:00:01,-73
BLE,1703215759199052551,D3:F4:55:AB:96:20,-62
BLE,1703215759227028801,DF:DF:EE:00:00:04,-54
BLE,1703215759767515259,DF:DF:EE:00:00:04,-53
BLE,1703215759784326684,D3:F4:55:AB:96:20,-63
BLE,1703215759953845801,DF:A6:DC:DC:2E:81,-71
BLE,1703215759953886467,DF:DF:EE:00:00:01,-71
BLE,1703215759979132313,D3:F4:55:AB:96:20,-62
BLE,1703215760226502373,DF:DF:EE:00:00:04,-56
BLE,1703215760361448478,D3:F4:55:AB:96:20,-62
BLE,1703215760750326864,D3:F4:55:AB:96:20,-63
BLE,1703215760939172436,D3:F4:55:AB:96:20,-66
BLE,1703215760961560044,DF:A6:DC:DC:2E:81,-73
BLE,1703215760961612253,DF:DF:EE:00:00:01,-73
BLE,1703215761516269189,D3:F4:55:AB:96:20,-62
BLE,1703215761900035556,D3:F4:55:AB:96:20,-63
BLE,1703215762087949757,D3:F4:55:AB:96:20,-66
BLE,1703215762227652299,DF:DF:EE:00:00:04,-54
BLE,1703215762281378476,D3:F4:55:AB:96:20,-62
BLE,1703215762476731102,D3:F4:55:AB:96:20,-61
BLE,1703215762667590540,D3:F4:55:AB:96:20,-64
BLE,1703215763241845639,D3:F4:55:AB:96:20,-61
BLE,1703215763627283749,D3:F4:55:AB:96:20,-63
BLE,1703215763765775754,DF:DF:EE:00:00:04,-56
BLE,1703215763819317556,D3:F4:55:AB:96:20,-65
BLE,1703215763975515608,DF:A6:DC:DC:2E:81,-74
BLE,1703215763975549024,DF:DF:EE:00:00:01,-74
BLE,1703215764014326768,D3:F4:55:AB:96:20,-62
BLE,1703215764200663809,D3:F4:55:AB:96:20,-66
BLE,1703215764389586298,D3:F4:55:AB:96:20,-62
BLE,1703215764579374241,D3:F4:55:AB:96:20,-64
BLE,1703215764768575978,DF:DF:EE:00:00:04,-54
BLE,1703215764981937066,DF:A6:DC:DC:2E:81,-72
BLE,1703215764981973899,DF:DF:EE:00:00:01,-72
BLE,1703215765154451794,D3:F4:55:AB:96:20,-61
BLE,1703215765228416922,DF:DF:EE:00:00:04,-55
BLE,1703215765530740278,D3:F4:55:AB:96:20,-64
BLE,1703215765721468759,D3:F4:55:AB:96:20,-62
BLE,1703215765913316734,D3:F4:55:AB:96:20,-65
BLE,1703215766107626240,D3:F4:55:AB:96:20,-64
BLE,1703215766297627890,D3:F4:55:AB:96:20,-61
BLE,1703215766770466609,DF:DF:EE:00:00:04,-53
BLE,1703215766989861461,DF:A6:DC:DC:2E:81,-73
BLE,1703215766989902253,DF:DF:EE:00:00:01,-73
BLE,1703215767276072265,D3:F4:55:AB:96:20,-63
BLE,1703215767464552505,D3:F4:55:AB:96:20,-64
BLE,1703215767853423433,D3:F4:55:AB:96:20,-61
BLE,1703215767993600264,DF:A6:DC:DC:2E:81,-73
BLE,1703215767993639931,DF:DF:EE:00:00:01,-73
BLE,1703215768045054159,D3:F4:55:AB:96:20,-64
BLE,1703215768227144595,DF:DF:EE:00:00:04,-54
BLE,1703215768433017174,D3:F4:55:AB:96:20,-65
BLE,1703215768624983524,D3:F4:55:AB:96:20,-62
BLE,1703215768817069749,D3:F4:55:AB:96:20,-61
BLE,1703215769204421350,D3:F4:55:AB:96:20,-62
BLE,1703215769225335923,DF:DF:EE:00:00:04,-55
BLE,1703215769399292562,D3:F4:55:AB:96:20,-65
BLE,1703215769590001167,D3:F4:55:AB:96:20,-67
BLE,1703215769975151695,D3:F4:55:AB:96:20,-63
BLE,1703215770231760756,DF:DF:EE:00:00:04,-53
BLE,1703215770363335376,D3:F4:55:AB:96:20,-64
BLE,1703215770560126621,D3:F4:55:AB:96:20,-63
BLE,1703215770767624443,DF:DF:EE:00:00:04,-53
BLE,1703215771135074716,D3:F4:55:AB:96:20,-61
BLE,1703215771326682859,D3:F4:55:AB:96:20,-63
BLE,1703215771513426441,D3:F4:55:AB:96:20,-64
BLE,1703215771896447020,D3:F4:55:AB:96:20,-64
BLE,1703215772011902712,DF:A6:DC:DC:2E:81,-57
BLE,1703215772011960586,DF:DF:EE:00:00:01,-57
BLE,1703215772087474457,D3:F4:55:AB:96:20,-62
BLE,1703215772474117395,D3:F4:55:AB:96:20,-63
BLE,1703215772663127008,D3:F4:55:AB:96:20,-64
BLE,1703215772767471374,DF:DF:EE:00:00:04,-57
BLE,1703215773232821293,DF:DF:EE:00:00:04,-39
BLE,1703215773626504200,D3:F4:55:AB:96:20,-64
BLE,1703215773765044455,DF:DF:EE:00:00:04,-53
BLE,1703215773823942942,D3:F4:55:AB:96:20,-62
BLE,1703215774025264958,DF:A6:DC:DC:2E:81,-73
BLE,1703215774025320666,DF:DF:EE:00:00:01,-73
BLE,1703215774595191534,D3:F4:55:AB:96:20,-64
BLE,1703215774977756699,D3:F4:55:AB:96:20,-64
BLE,1703215775023941284,DF:A6:DC:DC:2E:81,-73
BLE,1703215775023974409,DF:DF:EE:00:00:01,-73
BLE,1703215775227435124,DF:DF:EE:00:00:04,-54
BLE,1703215775360552195,D3:F4:55:AB:96:20,-66
BLE,1703215775741808240,D3:F4:55:AB:96:20,-64
BLE,1703215775935254875,D3:F4:55:AB:96:20,-63
BLE,1703215776033783768,DF:A6:DC:DC:2E:81,-73
BLE,1703215776033821184,DF:DF:EE:00:00:01,-73
BLE,1703215776323400639,D3:F4:55:AB:96:20,-62
BLE,1703215776763546421,DF:DF:EE:00:00:04,-54
BLE,1703215776905470161,D3:F4:55:AB:96:20,-63
BLE,1703215777483836158,D3:F4:55:AB:96:20,-61
BLE,1703215777672163608,D3:F4:55:AB:96:20,-62
BLE,1703215777858215984,D3:F4:55:AB:96:20,-50
BLE,1703215778242400391,D3:F4:55:AB:96:20,-50
BLE,1703215778631330944,D3:F4:55:AB:96:20,-61
BLE,1703215778767391085,DF:DF:EE:00:00:04,-54
BLE,1703215779022746652,D3:F4:55:AB:96:20,-62
BLE,1703215779215183708,D3:F4:55:AB:96:20,-62
BLE,1703215779592998101,D3:F4:55:AB:96:20,-65
BLE,1703215779771498012,DF:DF:EE:00:00:04,-53
BLE,1703215779973488275,D3:F4:55:AB:96:20,-64
BLE,1703215780051024845,DF:A6:DC:DC:2E:81,-57
BLE,1703215780051055261,DF:DF:EE:00:00:01,-57
BLE,1703215780169701522,D3:F4:55:AB:96:20,-62
BLE,1703215780223527157,DF:DF:EE:00:00:04,-53
BLE,1703215780225016275,DF:DF:EE:00:00:04,-54
BLE,1703215780357998264,D3:F4:55:AB:96:20,-66
BLE,1703215781060114666,DF:A6:DC:DC:2E:81,-57
BLE,1703215781060150290,DF:DF:EE:00:00:01,-57
BLE,1703215781127845404,D3:F4:55:AB:96:20,-61
BLE,1703215781232632977,DF:DF:EE:00:00:04,-53
BLE,1703215781702787250,D3:F4:55:AB:96:20,-64
BLE,1703215781897245255,D3:F4:55:AB:96:20,-63
BLE,1703215782062619558,DF:A6:DC:DC:2E:81,-74
BLE,1703215782062651849,DF:DF:EE:00:00:01,-74
BLE,1703215782087906028,D3:F4:55:AB:96:20,-65
BLE,1703215782282697823,D3:F4:55:AB:96:20,-62
BLE,1703215782470279443,D3:F4:55:AB:96:20,-64
BLE,1703215782659068849,D3:F4:55:AB:96:20,-62
BLE,1703215782763501465,DF:DF:EE:00:00:04,-53
BLE,1703215782850226035,D3:F4:55:AB:96:20,-63
BLE,1703215783225973980,DF:DF:EE:00:00:04,-56
BLE,1703215783242864696,D3:F4:55:AB:96:20,-62
BLE,1703215783622827372,D3:F4:55:AB:96:20,-62
BLE,1703215783819098369,D3:F4:55:AB:96:20,-65
BLE,1703215784012889253,D3:F4:55:AB:96:20,-62
BLE,1703215784203608192,D3:F4:55:AB:96:20,-64
BLE,1703215784223825976,DF:DF:EE:00:00:04,-53
BLE,1703215784398557903,D3:F4:55:AB:96:20,-63
BLE,1703215784586443313,D3:F4:55:AB:96:20,-64
BLE,1703215784765191222,DF:DF:EE:00:00:04,-53
BLE,1703215784781424691,D3:F4:55:AB:96:20,-74
BLE,1703215784978069562,D3:F4:55:AB:96:20,-60
BLE,1703215785074046132,DF:A6:DC:DC:2E:81,-78
BLE,1703215785074072841,DF:DF:EE:00:00:01,-78
BLE,1703215785173591396,D3:F4:55:AB:96:20,-64
BLE,1703215785230224101,DF:DF:EE:00:00:04,-55
BLE,1703215785368265567,D3:F4:55:AB:96:20,-63
BLE,1703215785561606910,D3:F4:55:AB:96:20,-60
BLE,1703215785764078547,DF:DF:EE:00:00:04,-54
BLE,1703215786075212447,DF:A6:DC:DC:2E:81,-71
BLE,1703215786075257238,DF:DF:EE:00:00:01,-71
BLE,1703215786137358836,D3:F4:55:AB:96:20,-64
BLE,1703215786332895003,D3:F4:55:AB:96:20,-63
BLE,1703215786714134131,D3:F4:55:AB:96:20,-63
BLE,1703215786767820475,DF:DF:EE:00:00:04,-37
BLE,1703215786903979282,D3:F4:55:AB:96:20,-63
BLE,1703215787228620831,DF:DF:EE:00:00:04,-40
BLE,1703215787293209333,D3:F4:55:AB:96:20,-61
BLE,1703215787489125291,D3:F4:55:AB:96:20,-64
BLE,1703215787773738810,DF:DF:EE:00:00:04,-55
BLE,1703215788086603160,DF:A6:DC:DC:2E:81,-72
BLE,1703215788086632410,DF:DF:EE:00:00:01,-72
BLE,1703215788247057360,D3:F4:55:AB:96:20,-62
BLE,1703215788434773437,D3:F4:55:AB:96:20,-66
BLE,1703215789088543555,DF:A6:DC:DC:2E:81,-73
BLE,1703215789088585888,DF:DF:EE:00:00:01,-73
BLE,1703215789205092242,D3:F4:55:AB:96:20,-61
BLE,1703215789398461836,D3:F4:55:AB:96:20,-64
BLE,1703215789589261441,D3:F4:55:AB:96:20,-62
BLE,1703215789781695872,D3:F4:55:AB:96:20,-64
BLE,1703215789976126252,D3:F4:55:AB:96:20,-63
BLE,1703215790093176104,DF:A6:DC:DC:2E:81,-73
BLE,1703215790093208270,DF:DF:EE:00:00:01,-73
BLE,1703215790167262064,D3:F4:55:AB:96:20,-64
BLE,1703215790227356462,DF:DF:EE:00:00:04,-56
BLE,1703215790359142998,D3:F4:55:AB:96:20,-63
BLE,1703215790550139019,D3:F4:55:AB:96:20,-64
BLE,1703215790745717519,D3:F4:55:AB:96:20,-76
BLE,1703215790769662287,DF:DF:EE:00:00:04,-52
BLE,1703215790937745577,D3:F4:55:AB:96:20,-61
BLE,1703215791102917338,DF:A6:DC:DC:2E:81,-72
BLE,1703215791103020046,DF:DF:EE:00:00:01,-72
BLE,1703215791127353937,D3:F4:55:AB:96:20,-63
BLE,1703215791321678443,D3:F4:55:AB:96:20,-61
BLE,1703215791513303545,D3:F4:55:AB:96:20,-63
BLE,1703215791708628505,D3:F4:55:AB:96:20,-63
BLE,1703215791769216650,DF:DF:EE:00:00:04,-53
BLE,1703215792091685542,D3:F4:55:AB:96:20,-62
BLE,1703215792112462199,DF:A6:DC:DC:2E:81,-73
BLE,1703215792112495324,DF:DF:EE:00:00:01,-73
BLE,1703215792281175319,D3:F4:55:AB:96:20,-64
BLE,1703215792859134735,D3:F4:55:AB:96:20,-62
BLE,1703215793121233563,DF:A6:DC:DC:2E:81,-70
BLE,1703215793121281396,DF:DF:EE:00:00:01,-70
BLE,1703215793227967502,DF:DF:EE:00:00:04,-53
BLE,1703215793628016213,D3:F4:55:AB:96:20,-81
BLE,1703215793817127242,D3:F4:55:AB:96:20,-60
BLE,1703215794010384795,D3:F4:55:AB:96:20,-64
BLE,1703215794229312732,DF:DF:EE:00:00:04,-56
BLE,1703215794596622840,D3:F4:55:AB:96:20,-64
BLE,1703215794769255360,DF:DF:EE:00:00:04,-55
BLE,1703215794786597782,D3:F4:55:AB:96:20,-60
BLE,1703215795139507870,DF:A6:DC:DC:2E:81,-73
BLE,1703215795139559954,DF:DF:EE:00:00:01,-73
BLE,1703215795168216659,D3:F4:55:AB:96:20,-62
BLE,1703215795229386760,DF:DF:EE:00:00:04,-53
BLE,1703215795361944209,D3:F4:55:AB:96:20,-64
BLE,1703215795742434841,D3:F4:55:AB:96:20,-63
BLE,1703215795771229629,DF:DF:EE:00:00:04,-53
BLE,1703215795931807369,D3:F4:55:AB:96:20,-61
BLE,1703215796127252287,D3:F4:55:AB:96:20,-69
BLE,1703215796146267493,DF:A6:DC:DC:2E:81,-73
BLE,1703215796146301410,DF:DF:EE:00:00:01,-73
BLE,1703215796234336475,DF:DF:EE:00:00:04,-40
BLE,1703215796326258188,D3:F4:55:AB:96:20,-64
BLE,1703215796519855614,D3:F4:55:AB:96:20,-62
BLE,1703215796714021288,D3:F4:55:AB:96:20,-65
BLE,1703215797100440185,D3:F4:55:AB:96:20,-61
BLE,1703215797229945189,DF:DF:EE:00:00:04,-54
BLE,1703215797289486756,D3:F4:55:AB:96:20,-63
BLE,1703215797483817012,D3:F4:55:AB:96:20,-61
BLE,1703215797871353654,D3:F4:55:AB:96:20,-62
BLE,1703215797872634565,D3:F4:55:AB:96:20,-63
BLE,1703215798158173038,DF:A6:DC:DC:2E:81,-71
BLE,1703215798158229163,DF:DF:EE:00:00:01,-71
BLE,1703215798228846930,DF:DF:EE:00:00:04,-55
BLE,1703215798251371871,D3:F4:55:AB:96:20,-62
BLE,1703215798445529420,D3:F4:55:AB:96:20,-51
BLE,1703215798642912120,D3:F4:55:AB:96:20,-62
BLE,1703215799022515714,D3:F4:55:AB:96:20,-47
BLE,1703215799163239752,DF:A6:DC:DC:2E:81,-60
BLE,1703215799163281627,DF:DF:EE:00:00:01,-60
BLE,1703215799213129987,D3:F4:55:AB:96:20,-64
BLE,1703215799231936070,DF:DF:EE:00:00:04,-53
BLE,1703215799595997192,D3:F4:55:AB:96:20,-65
BLE,1703215799770802368,DF:DF:EE:00:00:04,-53
BLE,1703215799789290410,D3:F4:55:AB:96:20,-63
BLE,1703215800172579821,DF:A6:DC:DC:2E:81,-72
BLE,1703215800172639363,DF:DF:EE:00:00:01,-72
BLE,1703215800370464270,D3:F4:55:AB:96:20,-64
BLE,1703215800560556670,D3:F4:55:AB:96:20,-65
BLE,1703215800765459670,DF:DF:EE:00:00:04,-53
BLE,1703215801135682098,D3:F4:55:AB:96:20,-63
BLE,1703215801173125847,DF:A6:DC:DC:2E:81,-71
BLE,1703215801173161930,DF:DF:EE:00:00:01,-71
BLE,1703215801226098902,DF:DF:EE:00:00:04,-55
BLE,1703215801515633565,D3:F4:55:AB:96:20,-62
BLE,1703215801901439257,D3:F4:55:AB:96:20,-63
BLE,1703215802095115266,D3:F4:55:AB:96:20,-60
BLE,1703215802227702506,DF:DF:EE:00:00:04,-53
BLE,1703215802485904685,D3:F4:55:AB:96:20,-63
BLE,1703215802763395819,DF:DF:EE:00:00:04,-53
BLE,1703215802871192670,D3:F4:55:AB:96:20,-62
BLE,1703215803223279429,DF:DF:EE:00:00:04,-55
BLE,1703215803447331802,D3:F4:55:AB:96:20,-46
BLE,1703215803763158390,DF:DF:EE:00:00:04,-41
BLE,1703215803828135516,D3:F4:55:AB:96:20,-61
BLE,1703215804017053213,D3:F4:55:AB:96:20,-63
BLE,1703215804184087216,DF:A6:DC:DC:2E:81,-74
BLE,1703215804184127382,DF:DF:EE:00:00:01,-74
BLE,1703215804203918210,D3:F4:55:AB:96:20,-69
BLE,1703215804400583914,D3:F4:55:AB:96:20,-63
BLE,1703215804589668360,D3:F4:55:AB:96:20,-64
BLE,1703215804769424473,DF:DF:EE:00:00:04,-53
BLE,1703215804785057153,D3:F4:55:AB:96:20,-62
BLE,1703215804971737235,D3:F4:55:AB:96:20,-64
BLE,1703215805560642518,D3:F4:55:AB:96:20,-47
BLE,1703215805770615038,DF:DF:EE:00:00:04,-57
BLE,1703215805946812833,D3:F4:55:AB:96:20,-62
BLE,1703215806137473064,D3:F4:55:AB:96:20,-64
BLE,1703215806195487471,DF:A6:DC:DC:2E:81,-70
BLE,1703215806195515679,DF:DF:EE:00:00:01,-70
BLE,1703215806224662882,DF:DF:EE:00:00:04,-56
BLE,1703215806525936326,D3:F4:55:AB:96:20,-66
BLE,1703215806527468070,D3:F4:55:AB:96:20,-61
BLE,1703215806919200859,D3:F4:55:AB:96:20,-62
BLE,1703215807112803035,D3:F4:55:AB:96:20,-60
BLE,1703215807223229500,DF:DF:EE:00:00:04,-37
BLE,1703215807505175406,D3:F4:55:AB:96:20,-62
BLE,1703215807769363933,DF:DF:EE:00:00:04,-55
BLE,1703215808082440574,D3:F4:55:AB:96:20,-61
BLE,1703215808278652197,D3:F4:55:AB:96:20,-64
BLE,1703215808861196883,D3:F4:55:AB:96:20,-64
BLE,1703215809213322184,DF:A6:DC:DC:2E:81,-58
BLE,1703215809213375017,DF:DF:EE:00:00:01,-58
BLE,1703215809231432186,DF:DF:EE:00:00:04,-56
BLE,1703215809441980703,D3:F4:55:AB:96:20,-64
BLE,1703215809635642212,D3:F4:55:AB:96:20,-62
BLE,1703215810213502794,D3:F4:55:AB:96:20,-65
BLE,1703215810215153454,DF:A6:DC:DC:2E:81,-73
BLE,1703215810215188745,DF:DF:EE:00:00:01,-73
BLE,1703215810406790263,D3:F4:55:AB:96:20,-63
BLE,1703215810763238919,DF:DF:EE:00:00:04,-55
BLE,1703215811178431396,D3:F4:55:AB:96:20,-64
BLE,1703215811217138223,DF:A6:DC:DC:2E:81,-72
BLE,1703215811217169848,DF:DF:EE:00:00:01,-72
BLE,1703215811225267728,DF:DF:EE:00:00:04,-53
BLE,1703215811372828610,D3:F4:55:AB:96:20,-63
BLE,1703215811770754747,DF:DF:EE:00:00:04,-54
BLE,1703215812321763325,D3:F4:55:AB:96:20,-63
BLE,1703215812700270590,D3:F4:55:AB:96:20,-63
BLE,1703215812888075376,D3:F4:55:AB:96:20,-69
BLE,1703215813227324234,DF:DF:EE:00:00:04,-38
BLE,1703215813281653741,D3:F4:55:AB:96:20,-61
BLE,1703215813664563362,D3:F4:55:AB:96:20,-46
BLE,1703215814048043022,D3:F4:55:AB:96:20,-62
BLE,1703215814243279315,D3:F4:55:AB:96:20,-64
BLE,1703215814440849640,D3:F4:55:AB:96:20,-64
BLE,1703215814632247659,D3:F4:55:AB:96:20,-61
BLE,1703215815008754350,D3:F4:55:AB:96:20,-50
BLE,1703215815235680127,DF:A6:DC:DC:2E:81,-71
BLE,1703215815235721335,DF:DF:EE:00:00:01,-71
BLE,1703215815394657666,D3:F4:55:AB:96:20,-61
BLE,1703215815769548615,DF:DF:EE:00:00:04,-53
BLE,1703215815971179672,D3:F4:55:AB:96:20,-63
BLE,1703215816163740060,D3:F4:55:AB:96:20,-62
BLE,1703215816228792311,DF:DF:EE:00:00:04,-55
BLE,1703215816238680767,DF:A6:DC:DC:2E:81,-73
BLE,1703215816238710392,DF:DF:EE:00:00:01,-73
BLE,1703215816357851901,D3:F4:55:AB:96:20,-50
BLE,1703215816752479219,D3:F4:55:AB:96:20,-62
BLE,1703215816763280671,DF:DF:EE:00:00:04,-54
BLE,1703215816938179847,D3:F4:55:AB:96:20,-64
BLE,1703215817136209128,D3:F4:55:AB:96:20,-62
BLE,1703215817519230791,D3:F4:55:AB:96:20,-63
BLE,1703215817705747915,D3:F4:55:AB:96:20,-66
BLE,1703215817767145140,DF:DF:EE:00:00:04,-55
BLE,1703215817898772843,D3:F4:55:AB:96:20,-63
BLE,1703215818087829164,D3:F4:55:AB:96:20,-64
BLE,1703215818224172555,DF:DF:EE:00:00:04,-53
BLE,1703215818246525621,DF:A6:DC:DC:2E:81,-74
BLE,1703215818246555788,DF:DF:EE:00:00:01,-74
BLE,1703215818674129876,D3:F4:55:AB:96:20,-65
BLE,1703215818762908521,DF:DF:EE:00:00:04,-53
BLE,1703215818865879393,D3:F4:55:AB:96:20,-63
BLE,1703215819057313912,D3:F4:55:AB:96:20,-65
BLE,1703215819248415849,D3:F4:55:AB:96:20,-63
BLE,1703215819767010489,DF:DF:EE:00:00:04,-55
BLE,1703215819827580509,D3:F4:55:AB:96:20,-59
BLE,1703215820209172845,D3:F4:55:AB:96:20,-61
BLE,1703215820224572026,DF:DF:EE:00:00:04,-54
BLE,1703215820255826511,DF:A6:DC:DC:2E:81,-71
BLE,1703215820255853053,DF:DF:EE:00:00:01,-71
BLE,1703215820404616346,D3:F4:55:AB:96:20,-64
BLE,1703215820601866630,D3:F4:55:AB:96:20,-63
BLE,1703215820765476607,DF:DF:EE:00:00:04,-54
BLE,1703215820986580743,D3:F4:55:AB:96:20,-63
BLE,1703215821180870999,D3:F4:55:AB:96:20,-60
BLE,1703215821230753985,DF:DF:EE:00:00:04,-56
BLE,1703215821371106065,D3:F4:55:AB:96:20,-64
BLE,1703215821761108946,D3:F4:55:AB:96:20,-60
BLE,1703215821770905944,DF:DF:EE:00:00:04,-56
BLE,1703215821951646719,D3:F4:55:AB:96:20,-46
BLE,1703215822146517473,D3:F4:55:AB:96:20,-61
BLE,1703215822259462051,DF:A6:DC:DC:2E:81,-71
BLE,1703215822259500426,DF:DF:EE:00:00:01,-71
BLE,1703215822530764713,D3:F4:55:AB:96:20,-62
BLE,1703215822768677482,DF:DF:EE:00:00:04,-54
BLE,1703215822915226910,D3:F4:55:AB:96:20,-63
BLE,1703215823233693736,DF:DF:EE:00:00:04,-56
BLE,1703215823303116134,D3:F4:55:AB:96:20,-62
BLE,1703215823493411741,D3:F4:55:AB:96:20,-61
BLE,1703215823689565322,D3:F4:55:AB:96:20,-64
BLE,1703215823771976912,DF:DF:EE:00:00:04,-56
BLE,1703215824079674161,D3:F4:55:AB:96:20,-61
BLE,1703215824768412748,DF:DF:EE:00:00:04,-53
BLE,1703215824847592519,D3:F4:55:AB:96:20,-46
BLE,1703215825234653663,D3:F4:55:AB:96:20,-63
BLE,1703215825812433996,D3:F4:55:AB:96:20,-60
BLE,1703215826197790231,D3:F4:55:AB:96:20,-46
BLE,1703215826224215946,DF:DF:EE:00:00:04,-41
BLE,1703215826393436898,D3:F4:55:AB:96:20,-64
BLE,1703215826590743432,D3:F4:55:AB:96:20,-65
BLE,1703215827171155045,D3:F4:55:AB:96:20,-62
BLE,1703215827275586994,DF:A6:DC:DC:2E:81,-73
BLE,1703215827275622369,DF:DF:EE:00:00:01,-73
BLE,1703215827357244087,D3:F4:55:AB:96:20,-64
BLE,1703215828229396854,DF:DF:EE:00:00:04,-55
BLE,1703215828508791438,D3:F4:55:AB:96:20,-78
BLE,1703215828703270902,D3:F4:55:AB:96:20,-62
BLE,1703215829092193662,D3:F4:55:AB:96:20,-64
BLE,1703215829285998087,D3:F4:55:AB:96:20,-63
BLE,1703215829475401740,D3:F4:55:AB:96:20,-64
BLE,1703215829865511412,D3:F4:55:AB:96:20,-60
BLE,1703215830251008522,D3:F4:55:AB:96:20,-63
BLE,1703215830289920931,DF:A6:DC:DC:2E:81,-71
BLE,1703215830289974056,DF:DF:EE:00:00:01,-71
BLE,1703215830635654802,D3:F4:55:AB:96:20,-63
BLE,1703215830762062361,DF:DF:EE:00:00:04,-54
BLE,1703215830823090464,D3:F4:55:AB:96:20,-64
BLE,1703215831019821792,D3:F4:55:AB:96:20,-62
BLE,1703215831205086922,D3:F4:55:AB:96:20,-64
BLE,1703215831227358156,DF:DF:EE:00:00:04,-53
BLE,1703215831395456196,D3:F4:55:AB:96:20,-62
BLE,1703215831767338741,DF:DF:EE:00:00:04,-54
BLE,1703215831778761857,D3:F4:55:AB:96:20,-62
BLE,1703215832163972134,D3:F4:55:AB:96:20,-63
BLE,1703215832232318245,DF:DF:EE:00:00:04,-56
BLE,1703215832302561806,DF:A6:DC:DC:2E:81,-73
BLE,1703215832302611972,DF:DF:EE:00:00:01,-73
BLE,1703215832545765552,D3:F4:55:AB:96:20,-62
BLE,1703215832735957076,D3:F4:55:AB:96:20,-51
BLE,1703215832763068372,DF:DF:EE:00:00:04,-55
BLE,1703215833123991758,D3:F4:55:AB:96:20,-61
BLE,1703215833315151236,D3:F4:55:AB:96:20,-62
BLE,1703215833509817449,D3:F4:55:AB:96:20,-61
BLE,1703215833705101450,D3:F4:55:AB:96:20,-65
BLE,1703215833763570189,DF:DF:EE:00:00:04,-57
BLE,1703215834294558106,D3:F4:55:AB:96:20,-61
BLE,1703215834309251249,DF:A6:DC:DC:2E:81,-60
BLE,1703215834309291749,DF:DF:EE:00:00:01,-60
BLE,1703215834676470357,D3:F4:55:AB:96:20,-61
BLE,1703215834762383764,DF:DF:EE:00:00:04,-53
BLE,1703215834867257962,D3:F4:55:AB:96:20,-62
BLE,1703215835226118774,DF:DF:EE:00:00:04,-56
BLE,1703215835248940630,D3:F4:55:AB:96:20,-63
BLE,1703215835319137024,DF:A6:DC:DC:2E:81,-72
BLE,1703215835319184816,DF:DF:EE:00:00:01,-72
BLE,1703215835443485635,D3:F4:55:AB:96:20,-61
BLE,1703215835766005526,DF:DF:EE:00:00:04,-57
BLE,1703215835827325960,D3:F4:55:AB:96:20,-62
BLE,1703215836207305844,D3:F4:55:AB:96:20,-60
BLE,1703215836230628032,DF:DF:EE:00:00:04,-54
BLE,1703215836319334427,DF:A6:DC:DC:2E:81,-57
BLE,1703215836319371468,DF:DF:EE:00:00:01,-57
BLE,1703215836595944981,D3:F4:55:AB:96:20,-63
BLE,1703215836761269825,DF:DF:EE:00:00:04,-54
BLE,1703215837169415625,D3:F4:55:AB:96:20,-64
BLE,1703215837226515328,DF:DF:EE:00:00:04,-74
BLE,1703215837561055290,D3:F4:55:AB:96:20,-61
BLE,1703215837751838729,D3:F4:55:AB:96:20,-65
BLE,1703215837771208392,DF:DF:EE:00:00:04,-56
BLE,1703215837945729778,D3:F4:55:AB:96:20,-63
BLE,1703215838331052764,D3:F4:55:AB:96:20,-62
BLE,1703215838524299358,D3:F4:55:AB:96:20,-61
BLE,1703215838720274106,D3:F4:55:AB:96:20,-50
BLE,1703215839105092886,D3:F4:55:AB:96:20,-64
BLE,1703215839295745200,D3:F4:55:AB:96:20,-63
BLE,1703215839333208782,DF:A6:DC:DC:2E:81,-70
BLE,1703215839333257865,DF:DF:EE:00:00:01,-70
BLE,1703215839483667651,D3:F4:55:AB:96:20,-64
BLE,1703215839675867250,D3:F4:55:AB:96:20,-46
BLE,1703215839772213444,DF:DF:EE:00:00:04,-55
BLE,1703215840054336307,D3:F4:55:AB:96:20,-46
BLE,1703215840438690463,D3:F4:55:AB:96:20,-61
BLE,1703215841226866647,DF:DF:EE:00:00:04,-53
BLE,1703215841771568336,DF:DF:EE:00:00:04,-56
BLE,1703215842171221466,D3:F4:55:AB:96:20,-60
BLE,1703215842364434768,D3:F4:55:AB:96:20,-64
BLE,1703215842558185819,D3:F4:55:AB:96:20,-64
BLE,1703215842749468338,D3:F4:55:AB:96:20,-65
BLE,1703215842764809311,DF:DF:EE:00:00:04,-55
BLE,1703215842941029190,D3:F4:55:AB:96:20,-62
BLE,1703215843131277922,D3:F4:55:AB:96:20,-64
BLE,1703215843222770430,DF:DF:EE:00:00:04,-53
BLE,1703215843328511040,D3:F4:55:AB:96:20,-76
BLE,1703215843519609769,D3:F4:55:AB:96:20,-47
BLE,1703215843708936381,D3:F4:55:AB:96:20,-64
BLE,1703215843767457328,DF:DF:EE:00:00:04,-38
BLE,1703215843905045462,D3:F4:55:AB:96:20,-62
BLE,1703215844348940019,DF:A6:DC:DC:2E:81,-73
BLE,1703215844348987769,DF:DF:EE:00:00:01,-73
BLE,1703215844483721749,D3:F4:55:AB:96:20,-64
BLE,1703215844676283847,D3:F4:55:AB:96:20,-63
BLE,1703215844764492994,DF:DF:EE:00:00:04,-55
BLE,1703215845063588323,D3:F4:55:AB:96:20,-50
BLE,1703215845221377409,DF:DF:EE:00:00:04,-54
BLE,1703215845254483261,D3:F4:55:AB:96:20,-61
BLE,1703215845352474364,DF:A6:DC:DC:2E:81,-87
BLE,1703215845352515739,DF:DF:EE:00:00:01,-87
BLE,1703215845763829983,DF:DF:EE:00:00:04,-54
BLE,1703215845829550898,D3:F4:55:AB:96:20,-64
BLE,1703215846219786653,D3:F4:55:AB:96:20,-61
BLE,1703215846226463289,DF:DF:EE:00:00:04,-55
BLE,1703215846410639549,D3:F4:55:AB:96:20,-67
BLE,1703215846608838704,D3:F4:55:AB:96:20,-62
BLE,1703215846795757577,D3:F4:55:AB:96:20,-65
BLE,1703215847179531902,D3:F4:55:AB:96:20,-65
BLE,1703215847561146154,D3:F4:55:AB:96:20,-64
BLE,1703215847756437447,D3:F4:55:AB:96:20,-67
BLE,1703215847946460764,D3:F4:55:AB:96:20,-65
BLE,1703215848223768608,DF:DF:EE:00:00:04,-54
BLE,1703215848328246515,D3:F4:55:AB:96:20,-65
BLE,1703215848523937224,D3:F4:55:AB:96:20,-63
BLE,1703215848769906374,DF:DF:EE:00:00:04,-55
BLE,1703215849094993378,D3:F4:55:AB:96:20,-64
BLE,1703215849380170103,DF:A6:DC:DC:2E:81,-74
BLE,1703215849380230853,DF:DF:EE:00:00:01,-74
BLE,1703215849763812637,DF:DF:EE:00:00:04,-55
BLE,1703215850044856881,D3:F4:55:AB:96:20,-60
BLE,1703215850618603356,D3:F4:55:AB:96:20,-64
BLE,1703215850761282218,DF:DF:EE:00:00:04,-54
BLE,1703215850808702090,D3:F4:55:AB:96:20,-61
BLE,1703215850997656620,D3:F4:55:AB:96:20,-62
BLE,1703215851192592998,D3:F4:55:AB:96:20,-46
BLE,1703215851222680488,DF:DF:EE:00:00:04,-55
BLE,1703215851577790609,D3:F4:55:AB:96:20,-61
BLE,1703215851773353609,D3:F4:55:AB:96:20,-66
BLE,1703215852222887182,DF:DF:EE:00:00:04,-54
BLE,1703215852350424279,D3:F4:55:AB:96:20,-63
BLE,1703215852402105756,DF:A6:DC:DC:2E:81,-73
BLE,1703215852402140881,DF:DF:EE:00:00:01,-73
BLE,1703215852734314187,D3:F4:55:AB:96:20,-62
BLE,1703215852930903474,D3:F4:55:AB:96:20,-63
BLE,1703215853307269666,D3:F4:55:AB:96:20,-60
BLE,1703215853692726193,D3:F4:55:AB:96:20,-61
BLE,1703215853765050619,DF:DF:EE:00:00:04,-55
BLE,1703215853883498589,D3:F4:55:AB:96:20,-64
BLE,1703215854080073169,D3:F4:55:AB:96:20,-62
BLE,1703215854275472962,D3:F4:55:AB:96:20,-46
BLE,1703215854412197350,DF:A6:DC:DC:2E:81,-71
BLE,1703215854412228933,DF:DF:EE:00:00:01,-71
BLE,1703215854665022761,D3:F4:55:AB:96:20,-63
BLE,1703215854761279414,DF:DF:EE:00:00:04,-53
BLE,1703215855055234350,D3:F4:55:AB:96:20,-50
BLE,1703215855231096105,DF:DF:EE:00:00:04,-55
BLE,1703215855421540170,DF:A6:DC:DC:2E:81,-71
BLE,1703215855421595753,DF:DF:EE:00:00:01,-71
BLE,1703215855437673098,D3:F4:55:AB:96:20,-64
BLE,1703215855627843997,D3:F4:55:AB:96:20,-62
BLE,1703215855763992972,DF:DF:EE:00:00:04,-54
BLE,1703215855821370132,D3:F4:55:AB:96:20,-66
BLE,1703215856015127140,D3:F4:55:AB:96:20,-62
BLE,1703215856223507250,DF:DF:EE:00:00:04,-54
BLE,1703215856398579884,D3:F4:55:AB:96:20,-62
BLE,1703215856428979331,DF:A6:DC:DC:2E:81,-73
BLE,1703215856428997081,DF:DF:EE:00:00:01,-73
BLE,1703215856593149639,D3:F4:55:AB:96:20,-61
BLE,1703215856789120137,D3:F4:55:AB:96:20,-64
BLE,1703215857226135392,DF:DF:EE:00:00:04,-55
BLE,1703215857371422908,D3:F4:55:AB:96:20,-64
BLE,1703215857435107957,DF:A6:DC:DC:2E:81,-73
BLE,1703215857435129165,DF:DF:EE:00:00:01,-73
BLE,1703215857562382596,D3:F4:55:AB:96:20,-46
BLE,1703215857751148544,D3:F4:55:AB:96:20,-63
BLE,1703215858134100873,D3:F4:55:AB:96:20,-62
BLE,1703215858229261072,DF:DF:EE:00:00:04,-54
BLE,1703215858514018591,D3:F4:55:AB:96:20,-63
BLE,1703215858699907926,D3:F4:55:AB:96:20,-64
BLE,1703215858767479374,DF:DF:EE:00:00:04,-53
BLE,1703215858897731541,D3:F4:55:AB:96:20,-48
BLE,1703215859286234346,D3:F4:55:AB:96:20,-63
BLE,1703215859443468351,DF:A6:DC:DC:2E:81,-73
BLE,1703215859443510351,DF:DF:EE:00:00:01,-73
BLE,1703215859760230643,DF:DF:EE:00:00:04,-53
BLE,1703215860225668478,DF:DF:EE:00:00:04,-56
BLE,1703215860254411558,D3:F4:55:AB:96:20,-65
BLE,1703215860447515236,DF:A6:DC:DC:2E:81,-73
BLE,1703215860447555444,DF:DF:EE:00:00:01,-73
BLE,1703215860635123605,D3:F4:55:AB:96:20,-64
BLE,1703215861017872310,D3:F4:55:AB:96:20,-51
BLE,1703215861209308829,D3:F4:55:AB:96:20,-46
BLE,1703215861447498681,DF:A6:DC:DC:2E:81,-74
BLE,1703215861447559514,DF:DF:EE:00:00:01,-74
BLE,1703215861761461527,DF:DF:EE:00:00:04,-54
BLE,1703215861791595017,D3:F4:55:AB:96:20,-62
BLE,1703215862221007013,DF:DF:EE:00:00:04,-55
BLE,1703215862451365941,DF:A6:DC:DC:2E:81,-72
BLE,1703215862451409233,DF:DF:EE:00:00:01,-72
BLE,1703215862745412502,D3:F4:55:AB:96:20,-63
BLE,1703215862765101747,DF:DF:EE:00:00:04,-56
BLE,1703215863312600132,D3:F4:55:AB:96:20,-65
BLE,1703215863506551764,D3:F4:55:AB:96:20,-63
BLE,1703215863693243305,D3:F4:55:AB:96:20,-65
BLE,1703215863769489339,DF:DF:EE:00:00:04,-35
BLE,1703215863888908638,D3:F4:55:AB:96:20,-63
BLE,1703215864275195702,D3:F4:55:AB:96:20,-63
BLE,1703215864459442587,DF:A6:DC:DC:2E:81,-73
BLE,1703215864459482795,DF:DF:EE:00:00:01,-73
BLE,1703215864469694166,D3:F4:55:AB:96:20,-60
BLE,1703215865041722024,D3:F4:55:AB:96:20,-63
BLE,1703215865619131901,D3:F4:55:AB:96:20,-60
BLE,1703215865808822552,D3:F4:55:AB:96:20,-64
BLE,1703215866005209466,D3:F4:55:AB:96:20,-63
BLE,1703215866199843804,D3:F4:55:AB:96:20,-62
BLE,1703215866227030640,DF:DF:EE:00:00:04,-53
BLE,1703215866772914449,D3:F4:55:AB:96:20,-64
BLE,1703215867221726776,DF:DF:EE:00:00:04,-56
BLE,1703215867351209905,D3:F4:55:AB:96:20,-61
BLE,1703215867924245967,D3:F4:55:AB:96:20,-64
BLE,1703215868231946258,DF:DF:EE:00:00:04,-55
BLE,1703215868317925915,D3:F4:55:AB:96:20,-62
BLE,1703215868484608086,DF:A6:DC:DC:2E:81,-73
BLE,1703215868484664961,DF:DF:EE:00:00:01,-73
BLE,1703215868705379724,D3:F4:55:AB:96:20,-47
BLE,1703215868894820377,D3:F4:55:AB:96:20,-64
BLE,1703215869224188529,DF:DF:EE:00:00:04,-56
BLE,1703215869275489341,D3:F4:55:AB:96:20,-65
BLE,1703215869491586625,DF:A6:DC:DC:2E:81,-74
BLE,1703215869491628791,DF:DF:EE:00:00:01,-74
BLE,1703215869766011773,DF:DF:EE:00:00:04,-55
BLE,1703215869852769426,D3:F4:55:AB:96:20,-62
BLE,1703215870222319024,DF:DF:EE:00:00:04,-53
BLE,1703215870236817834,D3:F4:55:AB:96:20,-63
BLE,1703215870423053418,D3:F4:55:AB:96:20,-64
BLE,1703215870619643247,D3:F4:55:AB:96:20,-62
BLE,1703215870814153752,D3:F4:55:AB:96:20,-61
BLE,1703215871007962844,D3:F4:55:AB:96:20,-64
BLE,1703215871198589825,D3:F4:55:AB:96:20,-61
BLE,1703215871227751861,DF:DF:EE:00:00:04,-40
BLE,1703215871766733659,DF:DF:EE:00:00:04,-56
BLE,1703215871778606981,D3:F4:55:AB:96:20,-61
BLE,1703215871973922191,D3:F4:55:AB:96:20,-50
BLE,1703215872169154943,D3:F4:55:AB:96:20,-68
BLE,1703215872501428707,DF:A6:DC:DC:2E:81,-70
BLE,1703215872501467498,DF:DF:EE:00:00:01,-70
BLE,1703215872553558599,D3:F4:55:AB:96:20,-47
BLE,1703215872763960741,DF:DF:EE:00:00:04,-52
BLE,1703215872934681603,D3:F4:55:AB:96:20,-67
BLE,1703215873226669464,DF:DF:EE:00:00:04,-55
BLE,1703215873507806540,D3:F4:55:AB:96:20,-64
BLE,1703215873696603862,D3:F4:55:AB:96:20,-61
BLE,1703215873765944135,DF:DF:EE:00:00:04,-76
BLE,1703215874082830510,D3:F4:55:AB:96:20,-62
BLE,1703215874268801178,D3:F4:55:AB:96:20,-65
BLE,1703215874460483571,D3:F4:55:AB:96:20,-60
BLE,1703215874512902795,DF:A6:DC:DC:2E:81,-72
BLE,1703215874512934712,DF:DF:EE:00:00:01,-72
BLE,1703215874654175830,D3:F4:55:AB:96:20,-64
BLE,1703215875043022591,D3:F4:55:AB:96:20,-62
BLE,1703215875230025588,DF:DF:EE:00:00:04,-55
BLE,1703215875239100339,D3:F4:55:AB:96:20,-64
BLE,1703215875435888209,D3:F4:55:AB:96:20,-62
BLE,1703215875521574034,DF:A6:DC:DC:2E:81,-58
BLE,1703215875521616576,DF:DF:EE:00:00:01,-58
BLE,1703215875621488629,D3:F4:55:AB:96:20,-64
BLE,1703215875817570586,D3:F4:55:AB:96:20,-67
BLE,1703215876003275172,D3:F4:55:AB:96:20,-64
BLE,1703215876580783173,D3:F4:55:AB:96:20,-63
BLE,1703215876760704243,DF:DF:EE:00:00:04,-56
BLE,1703215876774232849,D3:F4:55:AB:96:20,-60
BLE,1703215877158431048,D3:F4:55:AB:96:20,-61
BLE,1703215877542896537,D3:F4:55:AB:96:20,-46
BLE,1703215877931239967,D3:F4:55:AB:96:20,-62
BLE,1703215878119135293,D3:F4:55:AB:96:20,-64
BLE,1703215878222514748,DF:DF:EE:00:00:04,-55
BLE,1703215878317184824,D3:F4:55:AB:96:20,-63
BLE,1703215878705969919,D3:F4:55:AB:96:20,-64
BLE,1703215878900687882,D3:F4:55:AB:96:20,-63
BLE,1703215879089263455,D3:F4:55:AB:96:20,-64
BLE,1703215879223654229,DF:DF:EE:00:00:04,-54
BLE,1703215879469241131,D3:F4:55:AB:96:20,-66
BLE,1703215879663225638,D3:F4:55:AB:96:20,-63
BLE,1703215879850442551,D3:F4:55:AB:96:20,-64
BLE,1703215880039699038,D3:F4:55:AB:96:20,-61
BLE,1703215880233618171,D3:F4:55:AB:96:20,-51
BLE,1703215880555656147,DF:A6:DC:DC:2E:81,-72
BLE,1703215880555704731,DF:DF:EE:00:00:01,-72
BLE,1703215881013435600,D3:F4:55:AB:96:20,-63
BLE,1703215881204764536,D3:F4:55:AB:96:20,-64
BLE,1703215881592578802,D3:F4:55:AB:96:20,-61
BLE,1703215881781516374,D3:F4:55:AB:96:20,-62
BLE,1703215882553953795,D3:F4:55:AB:96:20,-65
BLE,1703215882560928722,DF:A6:DC:DC:2E:81,-72
BLE,1703215882560964013,DF:DF:EE:00:00:01,-72
BLE,1703215882747571679,D3:F4:55:AB:96:20,-63
BLE,1703215883224357672,DF:DF:EE:00:00:04,-54
BLE,1703215883317613130,D3:F4:55:AB:96:20,-66
BLE,1703215883509469272,D3:F4:55:AB:96:20,-47
BLE,1703215883566427100,DF:A6:DC:DC:2E:81,-75
BLE,1703215883566455308,DF:DF:EE:00:00:01,-75
BLE,1703215883892962515,D3:F4:55:AB:96:20,-63
BLE,1703215884082663375,D3:F4:55:AB:96:20,-64
BLE,1703215884275596554,D3:F4:55:AB:96:20,-64
BLE,1703215884761802005,DF:DF:EE:00:00:04,-54
BLE,1703215885222737902,DF:DF:EE:00:00:04,-55
BLE,1703215885238438915,D3:F4:55:AB:96:20,-63
BLE,1703215885429860725,D3:F4:55:AB:96:20,-65
BLE,1703215885572939669,DF:A6:DC:DC:2E:81,-71
BLE,1703215885572990127,DF:DF:EE:00:00:01,-71
BLE,1703215885618564090,D3:F4:55:AB:96:20,-60
BLE,1703215885814410714,D3:F4:55:AB:96:20,-64
BLE,1703215886399427181,D3:F4:55:AB:96:20,-66
BLE,1703215886577151845,DF:A6:DC:DC:2E:81,-73
BLE,1703215886577222136,DF:DF:EE:00:00:01,-73
BLE,1703215886592143944,D3:F4:55:AB:96:20,-62
BLE,1703215886783229048,D3:F4:55:AB:96:20,-64
BLE,1703215886978155510,D3:F4:55:AB:96:20,-63
BLE,1703215887167284247,D3:F4:55:AB:96:20,-64
BLE,1703215887224725866,DF:DF:EE:00:00:04,-55
BLE,1703215887585029713,DF:A6:DC:DC:2E:81,-74
BLE,1703215887585072463,DF:DF:EE:00:00:01,-74
BLE,1703215887761817505,DF:DF:EE:00:00:04,-56
BLE,1703215887936986639,D3:F4:55:AB:96:20,-62
BLE,1703215888131857351,D3:F4:55:AB:96:20,-64
BLE,1703215888223739731,DF:DF:EE:00:00:04,-53
BLE,1703215888522264355,D3:F4:55:AB:96:20,-60
BLE,1703215888591537420,DF:A6:DC:DC:2E:81,-71
BLE,1703215888591573212,DF:DF:EE:00:00:01,-71
BLE,1703215888715328783,D3:F4:55:AB:96:20,-66
BLE,1703215888914276727,D3:F4:55:AB:96:20,-63
BLE,1703215889299890002,D3:F4:55:AB:96:20,-64
BLE,1703215889491148189,D3:F4:55:AB:96:20,-62
BLE,1703215889596986799,DF:A6:DC:DC:2E:81,-74
BLE,1703215889597026424,DF:DF:EE:00:00:01,-74
BLE,1703215889685891943,D3:F4:55:AB:96:20,-64
BLE,1703215889881163070,D3:F4:55:AB:96:20,-62
BLE,1703215890076546529,D3:F4:55:AB:96:20,-62
BLE,1703215890229020722,DF:DF:EE:00:00:04,-54
BLE,1703215890268645003,D3:F4:55:AB:96:20,-65
BLE,1703215890463040676,D3:F4:55:AB:96:20,-62
BLE,1703215890600198062,DF:A6:DC:DC:2E:81,-73
BLE,1703215890600240437,DF:DF:EE:00:00:01,-73
BLE,1703215890763749914,DF:DF:EE:00:00:04,-53
BLE,1703215890850238319,D3:F4:55:AB:96:20,-76
BLE,1703215891227193884,DF:DF:EE:00:00:04,-56
BLE,1703215891429274022,D3:F4:55:AB:96:20,-63
BLE,1703215891609835131,DF:A6:DC:DC:2E:81,-72
BLE,1703215891609876256,DF:DF:EE:00:00:01,-72
BLE,1703215891621124122,D3:F4:55:AB:96:20,-64
BLE,1703215892004036826,D3:F4:55:AB:96:20,-64
BLE,1703215892198288833,D3:F4:55:AB:96:20,-62
BLE,1703215892392670380,D3:F4:55:AB:96:20,-61
BLE,1703215892760643859,DF:DF:EE:00:00:04,-56
BLE,1703215893151695819,D3:F4:55:AB:96:20,-64
BLE,1703215893219373891,DF:DF:EE:00:00:04,-53
BLE,1703215893345756660,D3:F4:55:AB:96:20,-62
BLE,1703215893530781540,D3:F4:55:AB:96:20,-64
BLE,1703215893764206747,DF:DF:EE:00:00:04,-54
BLE,1703215894221792284,DF:DF:EE:00:00:04,-56
BLE,1703215894299518936,D3:F4:55:AB:96:20,-64
BLE,1703215894493888567,D3:F4:55:AB:96:20,-62
BLE,1703215894690167897,D3:F4:55:AB:96:20,-61
BLE,1703215895224606799,DF:DF:EE:00:00:04,-40
BLE,1703215895451246827,D3:F4:55:AB:96:20,-61
BLE,1703215895625580256,DF:A6:DC:DC:2E:81,-73
BLE,1703215895625627256,DF:DF:EE:00:00:01,-73
BLE,1703215895759420158,DF:DF:EE:00:00:04,-53
BLE,1703215895843425740,D3:F4:55:AB:96:20,-64
BLE,1703215896222729377,DF:DF:EE:00:00:04,-55
BLE,1703215896418396169,D3:F4:55:AB:96:20,-61
BLE,1703215896607798197,D3:F4:55:AB:96:20,-63
BLE,1703215896796477187,D3:F4:55:AB:96:20,-50
BLE,1703215896988260579,D3:F4:55:AB:96:20,-62
BLE,1703215897178998059,D3:F4:55:AB:96:20,-64
BLE,1703215897221612202,DF:DF:EE:00:00:04,-54
BLE,1703215897633054029,DF:A6:DC:DC:2E:81,-56
BLE,1703215897633113695,DF:DF:EE:00:00:01,-56
BLE,1703215897759740087,DF:DF:EE:00:00:04,-53
BLE,1703215897955797960,D3:F4:55:AB:96:20,-62
BLE,1703215898151541002,D3:F4:55:AB:96:20,-46
BLE,1703215898228710740,DF:DF:EE:00:00:04,-55
BLE,1703215898344045308,D3:F4:55:AB:96:20,-66
BLE,1703215898534503498,D3:F4:55:AB:96:20,-60
BLE,1703215898638234409,DF:A6:DC:DC:2E:81,-74
BLE,1703215898638268867,DF:DF:EE:00:00:01,-74
BLE,1703215899305712382,D3:F4:55:AB:96:20,-63
BLE,1703215899645835444,DF:A6:DC:DC:2E:81,-72
BLE,1703215899645878028,DF:DF:EE:00:00:01,-72
BLE,1703215899687836132,D3:F4:55:AB:96:20,-63
BLE,1703215900252927063,D3:F4:55:AB:96:20,-47
BLE,1703215900439866144,D3:F4:55:AB:96:20,-65
BLE,1703215900654041936,DF:A6:DC:DC:2E:81,-73
BLE,1703215900654096394,DF:DF:EE:00:00:01,-73
BLE,1703215901009342139,D3:F4:55:AB:96:20,-60
BLE,1703215901220466403,DF:DF:EE:00:00:04,-56
BLE,1703215901387521531,D3:F4:55:AB:96:20,-64
BLE,1703215901389047732,D3:F4:55:AB:96:20,-61
BLE,1703215901653493675,DF:A6:DC:DC:2E:81,-73
BLE,1703215901653546299,DF:DF:EE:00:00:01,-73
BLE,1703215901767144041,DF:DF:EE:00:00:04,-53
BLE,1703215902167312252,D3:F4:55:AB:96:20,-62
BLE,1703215902225878532,DF:DF:EE:00:00:04,-55
BLE,1703215902357197736,D3:F4:55:AB:96:20,-61
BLE,1703215902553215693,D3:F4:55:AB:96:20,-66
BLE,1703215902763246420,DF:DF:EE:00:00:04,-54
BLE,1703215902937840806,D3:F4:55:AB:96:20,-65
BLE,1703215903328423893,D3:F4:55:AB:96:20,-62
BLE,1703215903655944720,DF:A6:DC:DC:2E:81,-74
BLE,1703215903655993886,DF:DF:EE:00:00:01,-74
BLE,1703215904218243705,DF:DF:EE:00:00:04,-53
BLE,1703215904480941656,D3:F4:55:AB:96:20,-64
BLE,1703215904659142234,DF:A6:DC:DC:2E:81,-73
BLE,1703215904659187359,DF:DF:EE:00:00:01,-73
BLE,1703215904667130365,D3:F4:55:AB:96:20,-65
BLE,1703215905226429822,DF:DF:EE:00:00:04,-55
BLE,1703215905658206099,DF:A6:DC:DC:2E:81,-59
BLE,1703215905658236849,DF:DF:EE:00:00:01,-59
BLE,1703215905761617137,DF:DF:EE:00:00:04,-55
BLE,1703215905998264537,D3:F4:55:AB:96:20,-63
BLE,1703215906187913814,D3:F4:55:AB:96:20,-62
BLE,1703215906219912587,DF:DF:EE:00:00:04,-53
BLE,1703215906573464215,D3:F4:55:AB:96:20,-62
BLE,1703215906663257480,DF:A6:DC:DC:2E:81,-57
BLE,1703215906663273313,DF:DF:EE:00:00:01,-57
BLE,1703215906764862567,DF:DF:EE:00:00:04,-54
BLE,1703215906957195374,D3:F4:55:AB:96:20,-62
BLE,1703215907713473658,D3:F4:55:AB:96:20,-47
BLE,1703215907766140298,DF:DF:EE:00:00:04,-73
BLE,1703215908224528998,DF:DF:EE:00:00:04,-53
BLE,1703215908293973646,D3:F4:55:AB:96:20,-60
BLE,1703215908488236402,D3:F4:55:AB:96:20,-63
BLE,1703215908674383320,D3:F4:55:AB:96:20,-81
BLE,1703215908868458493,D3:F4:55:AB:96:20,-62
BLE,1703215909055229866,D3:F4:55:AB:96:20,-50
BLE,1703215909249539039,D3:F4:55:AB:96:20,-63
BLE,1703215909437773656,D3:F4:55:AB:96:20,-64
BLE,1703215909636797266,D3:F4:55:AB:96:20,-76
BLE,1703215909674495764,DF:A6:DC:DC:2E:81,-72
BLE,1703215909674530139,DF:DF:EE:00:00:01,-72
BLE,1703215909759266426,DF:DF:EE:00:00:04,-54
BLE,1703215909831612311,D3:F4:55:AB:96:20,-60
BLE,1703215910216673131,D3:F4:55:AB:96:20,-63
BLE,1703215910226527129,DF:DF:EE:00:00:04,-53
BLE,1703215910406901697,D3:F4:55:AB:96:20,-64
BLE,1703215910602051949,D3:F4:55:AB:96:20,-78
BLE,1703215910684078124,DF:A6:DC:DC:2E:81,-57
BLE,1703215910684112291,DF:DF:EE:00:00:01,-57
BLE,1703215910788299575,D3:F4:55:AB:96:20,-64
BLE,1703215911170918447,D3:F4:55:AB:96:20,-64
BLE,1703215911229333977,DF:DF:EE:00:00:04,-57
BLE,1703215911359773977,D3:F4:55:AB:96:20,-61
BLE,1703215911552011368,D3:F4:55:AB:96:20,-50
BLE,1703215911686673266,DF:A6:DC:DC:2E:81,-73
BLE,1703215911686727432,DF:DF:EE:00:00:01,-73
BLE,1703215911742398016,D3:F4:55:AB:96:20,-46
BLE,1703215911764480084,DF:DF:EE:00:00:04,-55
BLE,1703215912129711493,D3:F4:55:AB:96:20,-67
BLE,1703215912321690051,D3:F4:55:AB:96:20,-66
BLE,1703215912695810586,DF:A6:DC:DC:2E:81,-57
BLE,1703215912695846753,DF:DF:EE:00:00:01,-57
BLE,1703215912705173961,D3:F4:55:AB:96:20,-50
BLE,1703215912899909382,D3:F4:55:AB:96:20,-62
BLE,1703215913092740103,D3:F4:55:AB:96:20,-46
BLE,1703215913483729563,D3:F4:55:AB:96:20,-63
BLE,1703215913704794824,DF:A6:DC:DC:2E:81,-72
BLE,1703215913704826491,DF:DF:EE:00:00:01,-72
BLE,1703215913762063651,DF:DF:EE:00:00:04,-54
BLE,1703215913870209418,D3:F4:55:AB:96:20,-50
BLE,1703215914062132768,D3:F4:55:AB:96:20,-62
BLE,1703215914223396838,DF:DF:EE:00:00:04,-55
BLE,1703215914639092938,D3:F4:55:AB:96:20,-65
BLE,1703215914705512516,DF:A6:DC:DC:2E:81,-73
BLE,1703215914705543641,DF:DF:EE:00:00:01,-73
BLE,1703215914766620409,DF:DF:EE:00:00:04,-74
BLE,1703215914829740210,D3:F4:55:AB:96:20,-47
BLE,1703215915217390060,D3:F4:55:AB:96:20,-63
BLE,1703215915408235415,D3:F4:55:AB:96:20,-61
BLE,1703215915596609906,D3:F4:55:AB:96:20,-63
BLE,1703215915712841261,DF:A6:DC:DC:2E:81,-72
BLE,1703215915712873761,DF:DF:EE:00:00:01,-72
BLE,1703215915787839842,D3:F4:55:AB:96:20,-50
BLE,1703215916229116369,DF:DF:EE:00:00:04,-57
BLE,1703215916556176031,D3:F4:55:AB:96:20,-46
BLE,1703215916719668550,DF:A6:DC:DC:2E:81,-86
BLE,1703215916719685675,DF:DF:EE:00:00:01,-86
BLE,1703215916749832040,D3:F4:55:AB:96:20,-65
BLE,1703215916939583733,D3:F4:55:AB:96:20,-60
BLE,1703215917135940730,D3:F4:55:AB:96:20,-50
BLE,1703215917220283270,DF:DF:EE:00:00:04,-56
BLE,1703215917324619553,D3:F4:55:AB:96:20,-62
BLE,1703215917515998697,D3:F4:55:AB:96:20,-65
BLE,1703215917705050644,D3:F4:55:AB:96:20,-60
BLE,1703215917764229587,DF:DF:EE:00:00:04,-53
BLE,1703215917898082405,D3:F4:55:AB:96:20,-64
BLE,1703215918092833785,D3:F4:55:AB:96:20,-63
BLE,1703215918223614533,DF:DF:EE:00:00:04,-53
BLE,1703215918477940937,D3:F4:55:AB:96:20,-62
BLE,1703215918664852268,D3:F4:55:AB:96:20,-64
BLE,1703215918731835260,DF:A6:DC:DC:2E:81,-73
BLE,1703215918731849510,DF:DF:EE:00:00:01,-73
BLE,1703215918761960459,DF:DF:EE:00:00:04,-56
BLE,1703215919225109846,DF:DF:EE:00:00:04,-54
BLE,1703215919439898052,D3:F4:55:AB:96:20,-61
BLE,1703215919631209072,D3:F4:55:AB:96:20,-63
BLE,1703215919738636466,DF:A6:DC:DC:2E:81,-72
BLE,1703215919738690591,DF:DF:EE:00:00:01,-72
BLE,1703215919764865807,DF:DF:EE:00:00:04,-38
BLE,1703215919826750739,D3:F4:55:AB:96:20,-63
BLE,1703215920209978608,D3:F4:55:AB:96:20,-63
BLE,1703215920227430864,DF:DF:EE:00:00:04,-54
BLE,1703215920395799528,D3:F4:55:AB:96:20,-64
BLE,1703215920593572893,D3:F4:55:AB:96:20,-62
BLE,1703215920737542374,DF:A6:DC:DC:2E:81,-73
BLE,1703215920737574374,DF:DF:EE:00:00:01,-73
BLE,1703215920780896055,D3:F4:55:AB:96:20,-64
BLE,1703215921364329446,D3:F4:55:AB:96:20,-65
BLE,1703215921558643911,D3:F4:55:AB:96:20,-62
BLE,1703215921750428470,D3:F4:55:AB:96:20,-65
BLE,1703215921943312440,D3:F4:55:AB:96:20,-47
BLE,1703215922137130907,D3:F4:55:AB:96:20,-62
BLE,1703215922332596283,D3:F4:55:AB:96:20,-64
BLE,1703215922524742465,D3:F4:55:AB:96:20,-46
BLE,1703215922753647900,DF:A6:DC:DC:2E:81,-73
BLE,1703215922753684900,DF:DF:EE:00:00:01,-73
BLE,1703215922907303463,D3:F4:55:AB:96:20,-62
BLE,1703215923227380907,DF:DF:EE:00:00:04,-56
BLE,1703215923485273295,D3:F4:55:AB:96:20,-60
BLE,1703215923675127196,D3:F4:55:AB:96:20,-47
BLE,1703215923758347490,DF:A6:DC:DC:2E:81,-56
BLE,1703215923758408282,DF:DF:EE:00:00:01,-56
BLE,1703215923763307135,DF:DF:EE:00:00:04,-56
BLE,1703215924629880676,D3:F4:55:AB:96:20,-65
BLE,1703215924759943928,DF:A6:DC:DC:2E:81,-73
BLE,1703215924759984553,DF:DF:EE:00:00:01,-73
BLE,1703215924763086497,DF:DF:EE:00:00:04,-54
BLE,1703215924827305294,D3:F4:55:AB:96:20,-64
BLE,1703215925023671207,D3:F4:55:AB:96:20,-62
BLE,1703215925221178074,DF:DF:EE:00:00:04,-54
BLE,1703215925796194169,D3:F4:55:AB:96:20,-50
BLE,1703215926178142669,D3:F4:55:AB:96:20,-65
BLE,1703215926372994798,D3:F4:55:AB:96:20,-63
BLE,1703215926560758833,D3:F4:55:AB:96:20,-64
BLE,1703215926777954945,DF:A6:DC:DC:2E:81,-73
BLE,1703215926777989362,DF:DF:EE:00:00:01,-73
BLE,1703215927133713063,D3:F4:55:AB:96:20,-60
BLE,1703215927217748937,DF:DF:EE:00:00:04,-54
BLE,1703215927219310888,DF:DF:EE:00:00:04,-54
BLE,1703215927322159012,D3:F4:55:AB:96:20,-47
BLE,1703215927779896173,DF:A6:DC:DC:2E:81,-75
BLE,1703215927779934131,DF:DF:EE:00:00:01,-75
BLE,1703215928295064828,D3:F4:55:AB:96:20,-64
BLE,1703215928491891697,D3:F4:55:AB:96:20,-62
BLE,1703215928679741191,D3:F4:55:AB:96:20,-64
BLE,1703215928761101785,DF:DF:EE:00:00:04,-55
BLE,1703215928784770221,DF:A6:DC:DC:2E:81,-72
BLE,1703215928784780596,DF:DF:EE:00:00:01,-72
BLE,1703215928869950673,D3:F4:55:AB:96:20,-47
BLE,1703215929062155147,D3:F4:55:AB:96:20,-65
BLE,1703215929222856595,DF:DF:EE:00:00:04,-54
BLE,1703215929257207483,D3:F4:55:AB:96:20,-47
BLE,1703215929642777842,D3:F4:55:AB:96:20,-64
BLE,1703215929760005693,DF:DF:EE:00:00:04,-53
BLE,1703215930220545217,DF:DF:EE:00:00:04,-40
BLE,1703215930411657237,D3:F4:55:AB:96:20,-76
BLE,1703215930757910481,DF:DF:EE:00:00:04,-54
BLE,1703215931188091974,D3:F4:55:AB:96:20,-63
BLE,1703215931221972864,DF:DF:EE:00:00:04,-67
BLE,1703215931573742207,D3:F4:55:AB:96:20,-47
BLE,1703215931766064431,DF:DF:EE:00:00:04,-55
BLE,1703215931769183833,D3:F4:55:AB:96:20,-61
BLE,1703215931797382582,DF:A6:DC:DC:2E:81,-74
BLE,1703215931797393957,DF:DF:EE:00:00:01,-74
BLE,1703215931964965208,D3:F4:55:AB:96:20,-65
BLE,1703215932155708480,D3:F4:55:AB:96:20,-62
BLE,1703215932544910573,D3:F4:55:AB:96:20,-64
BLE,1703215932757729871,DF:DF:EE:00:00:04,-54
BLE,1703215932799525559,DF:A6:DC:DC:2E:81,-71
BLE,1703215932799588725,DF:DF:EE:00:00:01,-71
BLE,1703215933124389231,D3:F4:55:AB:96:20,-62
BLE,1703215933223511996,DF:DF:EE:00:00:04,-53
BLE,1703215933318597321,D3:F4:55:AB:96:20,-61
BLE,1703215933508542638,D3:F4:55:AB:96:20,-62
BLE,1703215933696190674,D3:F4:55:AB:96:20,-64
BLE,1703215933764017788,DF:DF:EE:00:00:04,-65
BLE,1703215933891185302,D3:F4:55:AB:96:20,-47
BLE,1703215934079305461,D3:F4:55:AB:96:20,-64
BLE,1703215934221168452,DF:DF:EE:00:00:04,-54
BLE,1703215934271455102,D3:F4:55:AB:96:20,-47
BLE,1703215934461318169,D3:F4:55:AB:96:20,-64
BLE,1703215934758451216,DF:DF:EE:00:00:04,-54
BLE,1703215934799445491,DF:A6:DC:DC:2E:81,-74
BLE,1703215934799463115,DF:DF:EE:00:00:01,-74
BLE,1703215934850095889,D3:F4:55:AB:96:20,-62
BLE,1703215935223326303,DF:DF:EE:00:00:04,-54
BLE,1703215935421576792,D3:F4:55:AB:96:20,-62
BLE,1703215935763722387,DF:DF:EE:00:00:04,-53
BLE,1703215935809488224,DF:A6:DC:DC:2E:81,-75
BLE,1703215935809520349,DF:DF:EE:00:00:01,-75
BLE,1703215936177022539,D3:F4:55:AB:96:20,-62
BLE,1703215936369516303,D3:F4:55:AB:96:20,-50
BLE,1703215936564417181,D3:F4:55:AB:96:20,-64
BLE,1703215936757608817,D3:F4:55:AB:96:20,-65
BLE,1703215936765110617,DF:DF:EE:00:00:04,-55
BLE,1703215937151259682,D3:F4:55:AB:96:20,-62
BLE,1703215937221463826,DF:DF:EE:00:00:04,-55
BLE,1703215937762560240,DF:DF:EE:00:00:04,-56
BLE,1703215937825044002,DF:A6:DC:DC:2E:81,-73
BLE,1703215937825078544,DF:DF:EE:00:00:01,-73
BLE,1703215938120393431,D3:F4:55:AB:96:20,-62
BLE,1703215938503162220,D3:F4:55:AB:96:20,-61
BLE,1703215938825949401,DF:A6:DC:DC:2E:81,-73
BLE,1703215938826008859,DF:DF:EE:00:00:01,-73
BLE,1703215939272036281,D3:F4:55:AB:96:20,-64
BLE,1703215939760005766,DF:DF:EE:00:00:04,-58
BLE,1703215939831753737,DF:A6:DC:DC:2E:81,-72
BLE,1703215939831789111,DF:DF:EE:00:00:01,-72
BLE,1703215940054973738,D3:F4:55:AB:96:20,-62
BLE,1703215940248286916,D3:F4:55:AB:96:20,-61
BLE,1703215940438703147,D3:F4:55:AB:96:20,-62
BLE,1703215940632575239,D3:F4:55:AB:96:20,-62
BLE,1703215940757519222,DF:DF:EE:00:00:04,-68
BLE,1703215940821921684,D3:F4:55:AB:96:20,-62
BLE,1703215940837143824,DF:A6:DC:DC:2E:81,-72
BLE,1703215940837180907,DF:DF:EE:00:00:01,-72
BLE,1703215941012270499,D3:F4:55:AB:96:20,-60
BLE,1703215941203836392,D3:F4:55:AB:96:20,-63
BLE,1703215941223079140,DF:DF:EE:00:00:04,-56
BLE,1703215941391417929,D3:F4:55:AB:96:20,-64
BLE,1703215941757850457,DF:DF:EE:00:00:04,-53
BLE,1703215941787284908,D3:F4:55:AB:96:20,-63
BLE,1703215941981155083,D3:F4:55:AB:96:20,-62
BLE,1703215942362465586,D3:F4:55:AB:96:20,-46
BLE,1703215942853956722,DF:A6:DC:DC:2E:81,-74
BLE,1703215942853993846,DF:DF:EE:00:00:01,-74
BLE,1703215942943501654,D3:F4:55:AB:96:20,-64
BLE,1703215943132152644,D3:F4:55:AB:96:20,-62
BLE,1703215943221298662,DF:DF:EE:00:00:04,-55
BLE,1703215943327141022,D3:F4:55:AB:96:20,-64
BLE,1703215943721369343,D3:F4:55:AB:96:20,-63
BLE,1703215943757129683,DF:DF:EE:00:00:04,-54
BLE,1703215943858326188,DF:A6:DC:DC:2E:81,-72
BLE,1703215943858362605,DF:DF:EE:00:00:01,-72
BLE,1703215943911483326,D3:F4:55:AB:96:20,-63
BLE,1703215944105183918,D3:F4:55:AB:96:20,-62
BLE,1703215944226287376,DF:DF:EE:00:00:04,-53
BLE,1703215944488529412,D3:F4:55:AB:96:20,-63
BLE,1703215944683799330,D3:F4:55:AB:96:20,-60
BLE,1703215944758555163,DF:DF:EE:00:00:04,-56
BLE,1703215944872648444,D3:F4:55:AB:96:20,-63
BLE,1703215945067800905,D3:F4:55:AB:96:20,-46
BLE,1703215945227632023,DF:DF:EE:00:00:04,-55
BLE,1703215945261247290,D3:F4:55:AB:96:20,-64
BLE,1703215945644032411,D3:F4:55:AB:96:20,-63
BLE,1703215945767030653,DF:DF:EE:00:00:04,-56
BLE,1703215945836015428,D3:F4:55:AB:96:20,-63
BLE,1703215945866546208,DF:A6:DC:DC:2E:81,-73
BLE,1703215945866563791,DF:DF:EE:00:00:01,-73
BLE,1703215946027575779,D3:F4:55:AB:96:20,-65
BLE,1703215946219866170,D3:F4:55:AB:96:20,-47
BLE,1703215946603969910,D3:F4:55:AB:96:20,-62
BLE,1703215946793173772,D3:F4:55:AB:96:20,-64
BLE,1703215947182773363,D3:F4:55:AB:96:20,-62
BLE,1703215947222426394,DF:DF:EE:00:00:04,-54
BLE,1703215947373447553,D3:F4:55:AB:96:20,-64
BLE,1703215947947322153,D3:F4:55:AB:96:20,-47
BLE,1703215948332646930,D3:F4:55:AB:96:20,-63
BLE,1703215948528735928,D3:F4:55:AB:96:20,-60
BLE,1703215948719405117,D3:F4:55:AB:96:20,-67
BLE,1703215948762890964,DF:DF:EE:00:00:04,-56
BLE,1703215948911353133,D3:F4:55:AB:96:20,-61
BLE,1703215949220931249,DF:DF:EE:00:00:04,-53
BLE,1703215949296137704,D3:F4:55:AB:96:20,-62
BLE,1703215949762244995,DF:DF:EE:00:00:04,-54
BLE,1703215949893818782,DF:A6:DC:DC:2E:81,-78
BLE,1703215949893879906,DF:DF:EE:00:00:01,-78
BLE,1703215950073921018,D3:F4:55:AB:96:20,-64
BLE,1703215950226458461,DF:DF:EE:00:00:04,-56
BLE,1703215950271022636,D3:F4:55:AB:96:20,-46
BLE,1703215950458862921,D3:F4:55:AB:96:20,-63
BLE,1703215950649716901,D3:F4:55:AB:96:20,-63
BLE,1703215950764308806,DF:DF:EE:00:00:04,-57
BLE,1703215951222440090,D3:F4:55:AB:96:20,-64
BLE,1703215951416668847,D3:F4:55:AB:96:20,-62
BLE,1703215951905172704,DF:A6:DC:DC:2E:81,-71
BLE,1703215951905209579,DF:DF:EE:00:00:01,-71
BLE,1703215951996849960,D3:F4:55:AB:96:20,-61
BLE,1703215952227823844,DF:DF:EE:00:00:04,-55
BLE,1703215952382881276,D3:F4:55:AB:96:20,-75
BLE,1703215952766259603,D3:F4:55:AB:96:20,-67
BLE,1703215952952870143,D3:F4:55:AB:96:20,-66
BLE,1703215953147175775,D3:F4:55:AB:96:20,-63
BLE,1703215953334824685,D3:F4:55:AB:96:20,-64
BLE,1703215953722853825,D3:F4:55:AB:96:20,-64
BLE,1703215953915896837,D3:F4:55:AB:96:20,-76
BLE,1703215954108554767,D3:F4:55:AB:96:20,-60
BLE,1703215954298428376,D3:F4:55:AB:96:20,-67
BLE,1703215954485139875,D3:F4:55:AB:96:20,-64
BLE,1703215954761572930,DF:DF:EE:00:00:04,-53
BLE,1703215954921675048,DF:A6:DC:DC:2E:81,-72
BLE,1703215954921694297,DF:DF:EE:00:00:01,-72
BLE,1703215955222302203,DF:DF:EE:00:00:04,-56
BLE,1703215955253146107,D3:F4:55:AB:96:20,-64
BLE,1703215955446251285,D3:F4:55:AB:96:20,-62
BLE,1703215955758854262,DF:DF:EE:00:00:04,-55
BLE,1703215955833410179,D3:F4:55:AB:96:20,-64
BLE,1703215955931264033,DF:A6:DC:DC:2E:81,-72
BLE,1703215955931279491,DF:DF:EE:00:00:01,-72
BLE,1703215956217225337,D3:F4:55:AB:96:20,-64
BLE,1703215956606336139,D3:F4:55:AB:96:20,-61
BLE,1703215956758749791,DF:DF:EE:00:00:04,-53
BLE,1703215956990184839,D3:F4:55:AB:96:20,-61
BLE,1703215957221955302,DF:DF:EE:00:00:04,-55
BLE,1703215957379055267,D3:F4:55:AB:96:20,-63
BLE,1703215957570301203,D3:F4:55:AB:96:20,-65
BLE,1703215957960305417,D3:F4:55:AB:96:20,-62
BLE,1703215958152837015,D3:F4:55:AB:96:20,-64
BLE,1703215958226623768,DF:DF:EE:00:00:04,-54
BLE,1703215958343503287,D3:F4:55:AB:96:20,-62
BLE,1703215958532287068,D3:F4:55:AB:96:20,-65
BLE,1703215958725355663,D3:F4:55:AB:96:20,-57
BLE,1703215958759886675,DF:DF:EE:00:00:04,-53
BLE,1703215958915729270,D3:F4:55:AB:96:20,-70
BLE,1703215959110913522,D3:F4:55:AB:96:20,-62
BLE,1703215959225601134,DF:DF:EE:00:00:04,-41
BLE,1703215959763891685,DF:DF:EE:00:00:04,-56
BLE,1703215960254318992,D3:F4:55:AB:96:20,-60
BLE,1703215960636700574,D3:F4:55:AB:96:20,-61
BLE,1703215960832130783,D3:F4:55:AB:96:20,-65
BLE,1703215961022394432,D3:F4:55:AB:96:20,-63
BLE,1703215961226100438,DF:DF:EE:00:00:04,-55
BLE,1703215961402637649,D3:F4:55:AB:96:20,-62
BLE,1703215961595368995,D3:F4:55:AB:96:20,-66
BLE,1703215961762838829,DF:DF:EE:00:00:04,-55
BLE,1703215961784052443,D3:F4:55:AB:96:20,-61
BLE,1703215961953849684,DF:A6:DC:DC:2E:81,-60
BLE,1703215961953891017,DF:DF:EE:00:00:01,-60
BLE,1703215962165647278,D3:F4:55:AB:96:20,-60
BLE,1703215962357619753,D3:F4:55:AB:96:20,-64
BLE,1703215962740107793,D3:F4:55:AB:96:20,-64
BLE,1703215962929206739,D3:F4:55:AB:96:20,-60
BLE,1703215962960683389,DF:A6:DC:DC:2E:81,-72
BLE,1703215962960728389,DF:DF:EE:00:00:01,-72
BLE,1703215963117628063,D3:F4:55:AB:96:20,-62
BLE,1703215963221169558,DF:DF:EE:00:00:04,-54
BLE,1703215963307511963,D3:F4:55:AB:96:20,-65
BLE,1703215963756542872,DF:DF:EE:00:00:04,-53
BLE,1703215964075766361,D3:F4:55:AB:96:20,-61
BLE,1703215964759290846,DF:DF:EE:00:00:04,-56
BLE,1703215964970083029,DF:A6:DC:DC:2E:81,-73
BLE,1703215964970119903,DF:DF:EE:00:00:01,-73
BLE,1703215965217137799,DF:DF:EE:00:00:04,-38
BLE,1703215965227891292,D3:F4:55:AB:96:20,-62
BLE,1703215965422219757,D3:F4:55:AB:96:20,-66
BLE,1703215965615218977,D3:F4:55:AB:96:20,-47
BLE,1703215965760746701,DF:DF:EE:00:00:04,-37
BLE,1703215966004280029,D3:F4:55:AB:96:20,-64
BLE,1703215966192840227,D3:F4:55:AB:96:20,-60
BLE,1703215966221597140,DF:DF:EE:00:00:04,-55
BLE,1703215966772262178,D3:F4:55:AB:96:20,-65
BLE,1703215966963886362,D3:F4:55:AB:96:20,-63
BLE,1703215966986015264,DF:A6:DC:DC:2E:81,-73
BLE,1703215966986027388,DF:DF:EE:00:00:01,-73
BLE,1703215967223272244,DF:DF:EE:00:00:04,-54
BLE,1703215967353602370,D3:F4:55:AB:96:20,-64
BLE,1703215967550252782,D3:F4:55:AB:96:20,-64
BLE,1703215967739493852,D3:F4:55:AB:96:20,-64
BLE,1703215967933144528,D3:F4:55:AB:96:20,-62
BLE,1703215968222489942,DF:DF:EE:00:00:04,-56
BLE,1703215968309168138,D3:F4:55:AB:96:20,-60
BLE,1703215968696451656,D3:F4:55:AB:96:20,-63
BLE,1703215968887714593,D3:F4:55:AB:96:20,-64
BLE,1703215969080423148,D3:F4:55:AB:96:20,-62
BLE,1703215969220401813,DF:DF:EE:00:00:04,-54
BLE,1703215969275836232,D3:F4:55:AB:96:20,-61
BLE,1703215969468612203,D3:F4:55:AB:96:20,-64
BLE,1703215969664217079,D3:F4:55:AB:96:20,-75
BLE,1703215969761259103,DF:DF:EE:00:00:04,-53
BLE,1703215969850441079,D3:F4:55:AB:96:20,-64
BLE,1703215969997015965,DF:A6:DC:DC:2E:81,-72
BLE,1703215969997044757,DF:DF:EE:00:00:01,-72
BLE,1703215970049409314,D3:F4:55:AB:96:20,-62
BLE,1703215970216046028,DF:DF:EE:00:00:04,-54
BLE,1703215970236059188,D3:F4:55:AB:96:20,-64
BLE,1703215970425582132,D3:F4:55:AB:96:20,-62
BLE,1703215970617460357,D3:F4:55:AB:96:20,-65
BLE,1703215970766668148,DF:DF:EE:00:00:04,-40
BLE,1703215971002119137,D3:F4:55:AB:96:20,-64
BLE,1703215971757962216,DF:DF:EE:00:00:04,-55
BLE,1703215971779219537,D3:F4:55:AB:96:20,-63
BLE,1703215972011759581,DF:A6:DC:DC:2E:81,-73
BLE,1703215972011792039,DF:DF:EE:00:00:01,-73
BLE,1703215972164929437,D3:F4:55:AB:96:20,-63
BLE,1703215972546528314,D3:F4:55:AB:96:20,-62
BLE,1703215972755497046,DF:DF:EE:00:00:04,-53
BLE,1703215973124283064,D3:F4:55:AB:96:20,-62
BLE,1703215973218242102,DF:DF:EE:00:00:04,-55
BLE,1703215973512392828,D3:F4:55:AB:96:20,-62
BLE,1703215973698226830,D3:F4:55:AB:96:20,-63
BLE,1703215973755947489,DF:DF:EE:00:00:04,-54
BLE,1703215973894602744,D3:F4:55:AB:96:20,-63
BLE,1703215974080867494,D3:F4:55:AB:96:20,-50
BLE,1703215974221105159,DF:DF:EE:00:00:04,-37
BLE,1703215974276600452,D3:F4:55:AB:96:20,-63
BLE,1703215974466811518,D3:F4:55:AB:96:20,-70
BLE,1703215974658497828,D3:F4:55:AB:96:20,-67
BLE,1703215974759123836,DF:DF:EE:00:00:04,-54
BLE,1703215974847938356,D3:F4:55:AB:96:20,-64
BLE,1703215975025573770,DF:A6:DC:DC:2E:81,-73
BLE,1703215975025606353,DF:DF:EE:00:00:01,-73
BLE,1703215975225522167,DF:DF:EE:00:00:04,-55
BLE,1703215975619257948,D3:F4:55:AB:96:20,-61
BLE,1703215976225538904,DF:DF:EE:00:00:04,-54
BLE,1703215976387823095,D3:F4:55:AB:96:20,-62
BLE,1703215976577625246,D3:F4:55:AB:96:20,-64
BLE,1703215976761835255,DF:DF:EE:00:00:04,-53
BLE,1703215976960636158,D3:F4:55:AB:96:20,-64
BLE,1703215977159477352,D3:F4:55:AB:96:20,-62
BLE,1703215977222763777,DF:DF:EE:00:00:04,-56
BLE,1703215977347587553,D3:F4:55:AB:96:20,-66
BLE,1703215977541259061,D3:F4:55:AB:96:20,-62
BLE,1703215978113875292,D3:F4:55:AB:96:20,-64
BLE,1703215978304567648,D3:F4:55:AB:96:20,-62
BLE,1703215978492584516,D3:F4:55:AB:96:20,-64
BLE,1703215978691065211,D3:F4:55:AB:96:20,-63
BLE,1703215978762648016,DF:DF:EE:00:00:04,-53
BLE,1703215978881814400,D3:F4:55:AB:96:20,-60
BLE,1703215979048496613,DF:A6:DC:DC:2E:81,-73
BLE,1703215979048508904,DF:DF:EE:00:00:01,-73
BLE,1703215979259649669,D3:F4:55:AB:96:20,-66
BLE,1703215979450603440,D3:F4:55:AB:96:20,-47
BLE,1703215979759392226,DF:DF:EE:00:00:04,-57
BLE,1703215979836950170,D3:F4:55:AB:96:20,-64
BLE,1703215980047154855,DF:A6:DC:DC:2E:81,-75
BLE,1703215980047185897,DF:DF:EE:00:00:01,-75
BLE,1703215980218335381,D3:F4:55:AB:96:20,-62
BLE,1703215980404750340,D3:F4:55:AB:96:20,-65
BLE,1703215981750724529,D3:F4:55:AB:96:20,-63
BLE,1703215981755627424,DF:DF:EE:00:00:04,-64
BLE,1703215982062302385,DF:A6:DC:DC:2E:81,-74
BLE,1703215982062351552,DF:DF:EE:00:00:01,-74
BLE,1703215982335514164,D3:F4:55:AB:96:20,-62
BLE,1703215982527436680,D3:F4:55:AB:96:20,-60
BLE,1703215982717046457,D3:F4:55:AB:96:20,-62
BLE,1703215983488121218,D3:F4:55:AB:96:20,-64
BLE,1703215983764261566,DF:DF:EE:00:00:04,-56
BLE,1703215984063680769,D3:F4:55:AB:96:20,-63
BLE,1703215984217499414,DF:DF:EE:00:00:04,-54
BLE,1703215984254707331,D3:F4:55:AB:96:20,-65
BLE,1703215985072778214,DF:A6:DC:DC:2E:81,-70
BLE,1703215985072838964,DF:DF:EE:00:00:01,-70
BLE,1703215985211490928,D3:F4:55:AB:96:20,-63
BLE,1703215985220801719,DF:DF:EE:00:00:04,-54
BLE,1703215985405239019,D3:F4:55:AB:96:20,-62
BLE,1703215985762436214,DF:DF:EE:00:00:04,-53
BLE,1703215985980635113,D3:F4:55:AB:96:20,-63
BLE,1703215986081506745,DF:A6:DC:DC:2E:81,-71
BLE,1703215986081538703,DF:DF:EE:00:00:01,-71
BLE,1703215986217306763,DF:DF:EE:00:00:04,-54
BLE,1703215986562108138,D3:F4:55:AB:96:20,-62
BLE,1703215987083384723,DF:A6:DC:DC:2E:81,-74
BLE,1703215987083435473,DF:DF:EE:00:00:01,-74
BLE,1703215988084142081,DF:A6:DC:DC:2E:81,-71
BLE,1703215988084202581,DF:DF:EE:00:00:01,-71
BLE,1703215988098473184,D3:F4:55:AB:96:20,-65
BLE,1703215988223554166,DF:DF:EE:00:00:04,-55
BLE,1703215988669820087,D3:F4:55:AB:96:20,-46
BLE,1703215988859699030,D3:F4:55:AB:96:20,-62
BLE,1703215989088665631,DF:A6:DC:DC:2E:81,-74
BLE,1703215989088721839,DF:DF:EE:00:00:01,-74
BLE,1703215989219621962,DF:DF:EE:00:00:04,-55
BLE,1703215989244035769,D3:F4:55:AB:96:20,-62
BLE,1703215989440976639,D3:F4:55:AB:96:20,-63
BLE,1703215989635402061,D3:F4:55:AB:96:20,-60
BLE,1703215989759669922,DF:DF:EE:00:00:04,-74
BLE,1703215990089823070,DF:A6:DC:DC:2E:81,-70
BLE,1703215990089863779,DF:DF:EE:00:00:01,-70
BLE,1703215990216681420,DF:DF:EE:00:00:04,-54
BLE,1703215990592239449,D3:F4:55:AB:96:20,-62
BLE,1703215990763035435,DF:DF:EE:00:00:04,-54
BLE,1703215990778457199,D3:F4:55:AB:96:20,-64
BLE,1703215991093844872,DF:A6:DC:DC:2E:81,-60
BLE,1703215991093891080,DF:DF:EE:00:00:01,-60
BLE,1703215991220462014,DF:DF:EE:00:00:04,-56
BLE,1703215991360943428,D3:F4:55:AB:96:20,-69
BLE,1703215991557599173,D3:F4:55:AB:96:20,-63
BLE,1703215991748433362,D3:F4:55:AB:96:20,-63
BLE,1703215991938362054,D3:F4:55:AB:96:20,-63
BLE,1703215992220363626,DF:DF:EE:00:00:04,-53
BLE,1703215992328773100,D3:F4:55:AB:96:20,-64
BLE,1703215992525339137,D3:F4:55:AB:96:20,-62
BLE,1703215992758483720,DF:DF:EE:00:00:04,-54
BLE,1703215993100452524,D3:F4:55:AB:96:20,-61
BLE,1703215993114198921,DF:A6:DC:DC:2E:81,-73
BLE,1703215993114226796,DF:DF:EE:00:00:01,-73
BLE,1703215993492998352,D3:F4:55:AB:96:20,-62
BLE,1703215993756643048,DF:DF:EE:00:00:04,-54
BLE,1703215994079840394,D3:F4:55:AB:96:20,-63
BLE,1703215994217983193,DF:DF:EE:00:00:04,-54
BLE,1703215994272289533,D3:F4:55:AB:96:20,-61
BLE,1703215994467944325,D3:F4:55:AB:96:20,-65
BLE,1703215994660796629,D3:F4:55:AB:96:20,-63
BLE,1703215994851540110,D3:F4:55:AB:96:20,-65
BLE,1703215995040542431,D3:F4:55:AB:96:20,-62
BLE,1703215995119795535,DF:A6:DC:DC:2E:81,-73
BLE,1703215995119838910,DF:DF:EE:00:00:01,-73
BLE,1703215995614844321,D3:F4:55:AB:96:20,-64
BLE,1703215995759566424,DF:DF:EE:00:00:04,-53
BLE,1703215996000514138,D3:F4:55:AB:96:20,-64
BLE,1703215996216962879,DF:DF:EE:00:00:04,-55
BLE,1703215996756096259,DF:DF:EE:00:00:04,-56
BLE,1703215996959715182,D3:F4:55:AB:96:20,-62
BLE,1703215997136083768,DF:A6:DC:DC:2E:81,-73
BLE,1703215997136138852,DF:DF:EE:00:00:01,-73
BLE,1703215997214343294,DF:DF:EE:00:00:04,-54
BLE,1703215997714819014,D3:F4:55:AB:96:20,-60
BLE,1703215998141080441,DF:A6:DC:DC:2E:81,-70
BLE,1703215998141106024,DF:DF:EE:00:00:01,-70
BLE,1703215998216025564,DF:DF:EE:00:00:04,-56
BLE,1703215999064117188,D3:F4:55:AB:96:20,-60
BLE,1703215999149434057,DF:A6:DC:DC:2E:81,-74
BLE,1703215999149460057,DF:DF:EE:00:00:01,-74
BLE,1703215999224583512,DF:DF:EE:00:00:04,-54
BLE,1703216000010053208,D3:F4:55:AB:96:20,-46
BLE,1703216000156809968,DF:A6:DC:DC:2E:81,-73
BLE,1703216000156855385,DF:DF:EE:00:00:01,-73
BLE,1703216000222264592,DF:DF:EE:00:00:04,-55
BLE,1703216000388829764,D3:F4:55:AB:96:20,-64
BLE,1703216000759978354,DF:DF:EE:00:00:04,-56
BLE,1703216000782389587,D3:F4:55:AB:96:20,-63
BLE,1703216000968584338,D3:F4:55:AB:96:20,-64
BLE,1703216001159826233,D3:F4:55:AB:96:20,-62
BLE,1703216001354822528,D3:F4:55:AB:96:20,-64
BLE,1703216001548563203,D3:F4:55:AB:96:20,-63
BLE,1703216001734514371,D3:F4:55:AB:96:20,-65
BLE,1703216001761691875,DF:DF:EE:00:00:04,-39
BLE,1703216002158477642,DF:A6:DC:DC:2E:81,-72
BLE,1703216002158531809,DF:DF:EE:00:00:01,-72
BLE,1703216002315691397,D3:F4:55:AB:96:20,-62
BLE,1703216002501297776,D3:F4:55:AB:96:20,-66
BLE,1703216002883128110,D3:F4:55:AB:96:20,-64
BLE,1703216003074321713,D3:F4:55:AB:96:20,-62
BLE,1703216003265692607,D3:F4:55:AB:96:20,-64
BLE,1703216003658797641,D3:F4:55:AB:96:20,-61
BLE,1703216004051156428,D3:F4:55:AB:96:20,-64
BLE,1703216004163674175,DF:A6:DC:DC:2E:81,-74
BLE,1703216004163710633,DF:DF:EE:00:00:01,-74
BLE,1703216004220330255,DF:DF:EE:00:00:04,-55
BLE,1703216004632316788,D3:F4:55:AB:96:20,-62
BLE,1703216005171335586,DF:A6:DC:DC:2E:81,-74
BLE,1703216005171395127,DF:DF:EE:00:00:01,-74
BLE,1703216005211202741,D3:F4:55:AB:96:20,-62
BLE,1703216005220607032,DF:DF:EE:00:00:04,-54
BLE,1703216005401847805,D3:F4:55:AB:96:20,-64
BLE,1703216005786167669,D3:F4:55:AB:96:20,-64
BLE,1703216006170691991,D3:F4:55:AB:96:20,-65
BLE,1703216006223411214,DF:DF:EE:00:00:04,-55
BLE,1703216006363145548,D3:F4:55:AB:96:20,-62
BLE,1703216006549616630,D3:F4:55:AB:96:20,-64
BLE,1703216006746089460,D3:F4:55:AB:96:20,-63
BLE,1703216006761335600,DF:DF:EE:00:00:04,-53
BLE,1703216006932440585,D3:F4:55:AB:96:20,-65
BLE,1703216007121903196,D3:F4:55:AB:96:20,-61
BLE,1703216007172441220,DF:A6:DC:DC:2E:81,-73
BLE,1703216007172473970,DF:DF:EE:00:00:01,-73
BLE,1703216007219972216,DF:DF:EE:00:00:04,-55
BLE,1703216007314524460,D3:F4:55:AB:96:20,-64
BLE,1703216007700899149,D3:F4:55:AB:96:20,-67
BLE,1703216007892604458,D3:F4:55:AB:96:20,-62
BLE,1703216008079698621,D3:F4:55:AB:96:20,-65
BLE,1703216008216558634,DF:DF:EE:00:00:04,-53
BLE,1703216008278073901,D3:F4:55:AB:96:20,-63
BLE,1703216008465547396,D3:F4:55:AB:96:20,-64
BLE,1703216008659797985,D3:F4:55:AB:96:20,-62
BLE,1703216008756641886,DF:DF:EE:00:00:04,-53
BLE,1703216009171602155,DF:A6:DC:DC:2E:81,-72
BLE,1703216009171646738,DF:DF:EE:00:00:01,-72
BLE,1703216009218199155,DF:DF:EE:00:00:04,-54
BLE,1703216009429515252,D3:F4:55:AB:96:20,-64
BLE,1703216009626180456,D3:F4:55:AB:96:20,-62
BLE,1703216009759797525,DF:DF:EE:00:00:04,-56
BLE,1703216010198519354,D3:F4:55:AB:96:20,-63
BLE,1703216010220645630,DF:DF:EE:00:00:04,-53
BLE,1703216010586262870,D3:F4:55:AB:96:20,-62
BLE,1703216011163336373,D3:F4:55:AB:96:20,-64
BLE,1703216011359565371,D3:F4:55:AB:96:20,-47
BLE,1703216011549005482,D3:F4:55:AB:96:20,-64
BLE,1703216012219048777,DF:DF:EE:00:00:04,-54
BLE,1703216012321013655,D3:F4:55:AB:96:20,-62
BLE,1703216012696748724,D3:F4:55:AB:96:20,-66
BLE,1703216013217163522,DF:DF:EE:00:00:04,-55
BLE,1703216013278594414,D3:F4:55:AB:96:20,-66
BLE,1703216013471482551,D3:F4:55:AB:96:20,-63
BLE,1703216013764852781,DF:DF:EE:00:00:04,-55
BLE,1703216014053492240,D3:F4:55:AB:96:20,-61
BLE,1703216014247932121,D3:F4:55:AB:96:20,-64
BLE,1703216014441312464,D3:F4:55:AB:96:20,-63
BLE,1703216014760717619,DF:DF:EE:00:00:04,-54
BLE,1703216015010681418,D3:F4:55:AB:96:20,-64
BLE,1703216015186491924,DF:A6:DC:DC:2E:81,-72
BLE,1703216015186514924,DF:DF:EE:00:00:01,-72
BLE,1703216015201189566,D3:F4:55:AB:96:20,-60
BLE,1703216015220094107,DF:DF:EE:00:00:04,-53
BLE,1703216015582539528,D3:F4:55:AB:96:20,-61
BLE,1703216015756014293,DF:DF:EE:00:00:04,-54
BLE,1703216015777333823,D3:F4:55:AB:96:20,-66
BLE,1703216016156457211,D3:F4:55:AB:96:20,-64
BLE,1703216016196040242,DF:A6:DC:DC:2E:81,-74
BLE,1703216016196066826,DF:DF:EE:00:00:01,-74
BLE,1703216016348242520,D3:F4:55:AB:96:20,-61
BLE,1703216016538800751,D3:F4:55:AB:96:20,-64
BLE,1703216016733976295,D3:F4:55:AB:96:20,-62
BLE,1703216016760736134,DF:DF:EE:00:00:04,-56
BLE,1703216017309090973,D3:F4:55:AB:96:20,-64
BLE,1703216017503812852,D3:F4:55:AB:96:20,-62
BLE,1703216017690713350,D3:F4:55:AB:96:20,-64
BLE,1703216017756384806,DF:DF:EE:00:00:04,-54
BLE,1703216017884729066,D3:F4:55:AB:96:20,-63
BLE,1703216018266235818,D3:F4:55:AB:96:20,-63
BLE,1703216018460120659,D3:F4:55:AB:96:20,-60
BLE,1703216018850063457,D3:F4:55:AB:96:20,-63
BLE,1703216019037674618,D3:F4:55:AB:96:20,-66
BLE,1703216019214244870,DF:A6:DC:DC:2E:81,-73
BLE,1703216019214283703,DF:DF:EE:00:00:01,-73
BLE,1703216019223794411,DF:DF:EE:00:00:04,-54
BLE,1703216019426414255,D3:F4:55:AB:96:20,-60
BLE,1703216019812988151,D3:F4:55:AB:96:20,-61
BLE,1703216020001806098,D3:F4:55:AB:96:20,-62
BLE,1703216020187935558,D3:F4:55:AB:96:20,-64
BLE,1703216020216242806,DF:DF:EE:00:00:04,-54
BLE,1703216020223532565,DF:A6:DC:DC:2E:81,-73
BLE,1703216020223559648,DF:DF:EE:00:00:01,-73
BLE,1703216021154890108,D3:F4:55:AB:96:20,-64
BLE,1703216021549867551,D3:F4:55:AB:96:20,-63
BLE,1703216021738475499,D3:F4:55:AB:96:20,-64
BLE,1703216021929067396,D3:F4:55:AB:96:20,-47
BLE,1703216022122201699,D3:F4:55:AB:96:20,-64
BLE,1703216022223768662,DF:DF:EE:00:00:04,-56
BLE,1703216022313954675,D3:F4:55:AB:96:20,-63
BLE,1703216022505156195,D3:F4:55:AB:96:20,-64
BLE,1703216022893798916,D3:F4:55:AB:96:20,-61
BLE,1703216023088718336,D3:F4:55:AB:96:20,-64
BLE,1703216023222342738,DF:DF:EE:00:00:04,-53
BLE,1703216023231582030,DF:A6:DC:DC:2E:81,-71
BLE,1703216023231614363,DF:DF:EE:00:00:01,-71
BLE,1703216023282843634,D3:F4:55:AB:96:20,-62
BLE,1703216023473167658,D3:F4:55:AB:96:20,-64
BLE,1703216023664673385,D3:F4:55:AB:96:20,-62
BLE,1703216023755868227,DF:DF:EE:00:00:04,-55
BLE,1703216024046740718,D3:F4:55:AB:96:20,-63
BLE,1703216024243171340,D3:F4:55:AB:96:20,-62
BLE,1703216024436451517,D3:F4:55:AB:96:20,-64
BLE,1703216024632648598,D3:F4:55:AB:96:20,-63
BLE,1703216024754897176,DF:DF:EE:00:00:04,-54
BLE,1703216024826422981,D3:F4:55:AB:96:20,-61
BLE,1703216025014785556,D3:F4:55:AB:96:20,-63
BLE,1703216025217515982,DF:DF:EE:00:00:04,-56
BLE,1703216025585126005,D3:F4:55:AB:96:20,-64
BLE,1703216025784694988,D3:F4:55:AB:96:20,-63
BLE,1703216025977522500,D3:F4:55:AB:96:20,-60
BLE,1703216026251074069,DF:A6:DC:DC:2E:81,-72
BLE,1703216026251118527,DF:DF:EE:00:00:01,-72
BLE,1703216026548090491,D3:F4:55:AB:96:20,-64
BLE,1703216026740976753,D3:F4:55:AB:96:20,-62
BLE,1703216026929655076,D3:F4:55:AB:96:20,-63
BLE,1703216027116361866,D3:F4:55:AB:96:20,-64
BLE,1703216027250314809,DF:A6:DC:DC:2E:81,-73
BLE,1703216027250356142,DF:DF:EE:00:00:01,-73
BLE,1703216027497849618,D3:F4:55:AB:96:20,-64
BLE,1703216027755505841,DF:DF:EE:00:00:04,-54
BLE,1703216027883025354,D3:F4:55:AB:96:20,-64
BLE,1703216028253863821,DF:A6:DC:DC:2E:81,-72
BLE,1703216028253916571,DF:DF:EE:00:00:01,-72
BLE,1703216029045459323,D3:F4:55:AB:96:20,-76
BLE,1703216029259812489,DF:A6:DC:DC:2E:81,-70
BLE,1703216029259870822,DF:DF:EE:00:00:01,-70
BLE,1703216029426606910,D3:F4:55:AB:96:20,-63
BLE,1703216029619732296,D3:F4:55:AB:96:20,-46
BLE,1703216029761505287,DF:DF:EE:00:00:04,-55
BLE,1703216029808851325,D3:F4:55:AB:96:20,-64
BLE,1703216030003618913,D3:F4:55:AB:96:20,-62
BLE,1703216030196438175,D3:F4:55:AB:96:20,-63
BLE,1703216030395613618,D3:F4:55:AB:96:20,-62
BLE,1703216030581988993,D3:F4:55:AB:96:20,-65
BLE,1703216030773697844,D3:F4:55:AB:96:20,-53
BLE,1703216030966799897,D3:F4:55:AB:96:20,-64
BLE,1703216030968250932,D3:F4:55:AB:96:20,-62
BLE,1703216031220658387,DF:DF:EE:00:00:04,-54
BLE,1703216031547954257,D3:F4:55:AB:96:20,-64
BLE,1703216031738264572,D3:F4:55:AB:96:20,-62
BLE,1703216032128938825,D3:F4:55:AB:96:20,-63
BLE,1703216032270731733,DF:A6:DC:DC:2E:81,-76
BLE,1703216032270756608,DF:DF:EE:00:00:01,-76
BLE,1703216032511646697,D3:F4:55:AB:96:20,-62
BLE,1703216032703273132,D3:F4:55:AB:96:20,-62
BLE,1703216032892901992,D3:F4:55:AB:96:20,-62
BLE,1703216033273916497,DF:A6:DC:DC:2E:81,-72
BLE,1703216033273972955,DF:DF:EE:00:00:01,-72
BLE,1703216033468161128,D3:F4:55:AB:96:20,-61
BLE,1703216033656947075,D3:F4:55:AB:96:20,-62
BLE,1703216033842791161,D3:F4:55:AB:96:20,-64
BLE,1703216034426350510,D3:F4:55:AB:96:20,-64
BLE,1703216034621320429,D3:F4:55:AB:96:20,-63
BLE,1703216034757558529,DF:DF:EE:00:00:04,-56
BLE,1703216034808680717,D3:F4:55:AB:96:20,-64
BLE,1703216034998015453,D3:F4:55:AB:96:20,-62
BLE,1703216035193239747,D3:F4:55:AB:96:20,-64
BLE,1703216035223057155,DF:DF:EE:00:00:04,-54
BLE,1703216035388229958,D3:F4:55:AB:96:20,-62
BLE,1703216035577831194,D3:F4:55:AB:96:20,-64
BLE,1703216035769926168,D3:F4:55:AB:96:20,-64
BLE,1703216035959159405,D3:F4:55:AB:96:20,-65
BLE,1703216036152748123,D3:F4:55:AB:96:20,-63
BLE,1703216036340511283,D3:F4:55:AB:96:20,-64
BLE,1703216036754828305,DF:DF:EE:00:00:04,-53
BLE,1703216037106560982,D3:F4:55:AB:96:20,-65
BLE,1703216037300776947,D3:F4:55:AB:96:20,-62
BLE,1703216037686636013,D3:F4:55:AB:96:20,-62
BLE,1703216037754878708,DF:DF:EE:00:00:04,-76
BLE,1703216037882251514,D3:F4:55:AB:96:20,-62
BLE,1703216037883585258,D3:F4:55:AB:96:20,-62
BLE,1703216039032954326,D3:F4:55:AB:96:20,-62
BLE,1703216039221991689,D3:F4:55:AB:96:20,-65
BLE,1703216039289872594,DF:A6:DC:DC:2E:81,-73
BLE,1703216039289902302,DF:DF:EE:00:00:01,-73
BLE,1703216039761108361,DF:DF:EE:00:00:04,-54
BLE,1703216039805301330,D3:F4:55:AB:96:20,-64
BLE,1703216039997029181,D3:F4:55:AB:96:20,-62
BLE,1703216039998536091,D3:F4:55:AB:96:20,-63
BLE,1703216040185905045,D3:F4:55:AB:96:20,-66
BLE,1703216040224104999,DF:DF:EE:00:00:04,-55
BLE,1703216040383894035,D3:F4:55:AB:96:20,-63
BLE,1703216040570611950,D3:F4:55:AB:96:20,-53
BLE,1703216040762352509,D3:F4:55:AB:96:20,-62
BLE,1703216040763646628,D3:F4:55:AB:96:20,-62
BLE,1703216041141751271,D3:F4:55:AB:96:20,-62
BLE,1703216041307483530,DF:A6:DC:DC:2E:81,-58
BLE,1703216041307540696,DF:DF:EE:00:00:01,-58
BLE,1703216041525500221,D3:F4:55:AB:96:20,-60
BLE,1703216042219392535,DF:DF:EE:00:00:04,-54
BLE,1703216042296498190,D3:F4:55:AB:96:20,-62
BLE,1703216042305404650,DF:A6:DC:DC:2E:81,-74
BLE,1703216042305435442,DF:DF:EE:00:00:01,-74
BLE,1703216042484862098,D3:F4:55:AB:96:20,-64
BLE,1703216042757437545,DF:DF:EE:00:00:04,-53
BLE,1703216042867931010,D3:F4:55:AB:96:20,-64
BLE,1703216043059171946,D3:F4:55:AB:96:20,-63
BLE,1703216044015503586,D3:F4:55:AB:96:20,-64
BLE,1703216044216241772,DF:DF:EE:00:00:04,-53
BLE,1703216044320487056,DF:A6:DC:DC:2E:81,-73
BLE,1703216044320527305,DF:DF:EE:00:00:01,-73
BLE,1703216044406488921,D3:F4:55:AB:96:20,-62
BLE,1703216044601513632,D3:F4:55:AB:96:20,-65
BLE,1703216044755020321,DF:DF:EE:00:00:04,-53
BLE,1703216044799111165,D3:F4:55:AB:96:20,-64
BLE,1703216044995252580,D3:F4:55:AB:96:20,-62
BLE,1703216045223223935,DF:DF:EE:00:00:04,-55
BLE,1703216045376712124,D3:F4:55:AB:96:20,-63
BLE,1703216045760388408,D3:F4:55:AB:96:20,-62
BLE,1703216045949576979,D3:F4:55:AB:96:20,-66
BLE,1703216046146199558,D3:F4:55:AB:96:20,-62
BLE,1703216046216713826,DF:DF:EE:00:00:04,-53
BLE,1703216046325591006,DF:A6:DC:DC:2E:81,-72
BLE,1703216046325627172,DF:DF:EE:00:00:01,-72
BLE,1703216046333438887,D3:F4:55:AB:96:20,-64
BLE,1703216046527369937,D3:F4:55:AB:96:20,-64
BLE,1703216046715269346,D3:F4:55:AB:96:20,-63
BLE,1703216046757721615,DF:DF:EE:00:00:04,-54
BLE,1703216046908860689,D3:F4:55:AB:96:20,-63
BLE,1703216047098985589,D3:F4:55:AB:96:20,-64
BLE,1703216047218000557,DF:DF:EE:00:00:04,-55
BLE,1703216047326691612,DF:A6:DC:DC:2E:81,-70
BLE,1703216047326724404,DF:DF:EE:00:00:01,-70
BLE,1703216047484295657,D3:F4:55:AB:96:20,-61
BLE,1703216047877423608,D3:F4:55:AB:96:20,-62
BLE,1703216048072267361,D3:F4:55:AB:96:20,-61
BLE,1703216048757462297,DF:DF:EE:00:00:04,-55
BLE,1703216049025449140,D3:F4:55:AB:96:20,-63
BLE,1703216049213015427,DF:DF:EE:00:00:04,-54
BLE,1703216049220105645,D3:F4:55:AB:96:20,-47
BLE,1703216049334719632,DF:A6:DC:DC:2E:81,-71
BLE,1703216049334760882,DF:DF:EE:00:00:01,-71
BLE,1703216049609365863,D3:F4:55:AB:96:20,-63
BLE,1703216049752126266,DF:DF:EE:00:00:04,-53
BLE,1703216049795302989,D3:F4:55:AB:96:20,-64
BLE,1703216050178259194,D3:F4:55:AB:96:20,-66
BLE,1703216050338062687,DF:A6:DC:DC:2E:81,-75
BLE,1703216050338101020,DF:DF:EE:00:00:01,-75
BLE,1703216050368129594,D3:F4:55:AB:96:20,-61
BLE,1703216050756847398,D3:F4:55:AB:96:20,-63
BLE,1703216050951767318,D3:F4:55:AB:96:20,-61
BLE,1703216051145079703,D3:F4:55:AB:96:20,-66
BLE,1703216051346121846,DF:A6:DC:DC:2E:81,-62
BLE,1703216051346175221,DF:DF:EE:00:00:01,-62
BLE,1703216051525009421,D3:F4:55:AB:96:20,-63
BLE,1703216051756220762,DF:DF:EE:00:00:04,-54
BLE,1703216051912623313,D3:F4:55:AB:96:20,-64
BLE,1703216052106036948,D3:F4:55:AB:96:20,-63
BLE,1703216052299665998,D3:F4:55:AB:96:20,-61
BLE,1703216052353120801,DF:A6:DC:DC:2E:81,-73
BLE,1703216052353152301,DF:DF:EE:00:00:01,-73
BLE,1703216052494722460,D3:F4:55:AB:96:20,-64
BLE,1703216052685566773,D3:F4:55:AB:96:20,-62
BLE,1703216052760644562,DF:DF:EE:00:00:04,-55
BLE,1703216052879340823,D3:F4:55:AB:96:20,-63
BLE,1703216053215414070,DF:DF:EE:00:00:04,-53
BLE,1703216053259044250,D3:F4:55:AB:96:20,-65
BLE,1703216053645637938,D3:F4:55:AB:96:20,-64
BLE,1703216053756904607,DF:DF:EE:00:00:04,-66
BLE,1703216053836567292,D3:F4:55:AB:96:20,-63
BLE,1703216054024129537,D3:F4:55:AB:96:20,-64
BLE,1703216054361867193,DF:A6:DC:DC:2E:81,-73
BLE,1703216054361922193,DF:DF:EE:00:00:01,-73
BLE,1703216054994533406,D3:F4:55:AB:96:20,-64
BLE,1703216055188064165,D3:F4:55:AB:96:20,-62
BLE,1703216055218858652,DF:DF:EE:00:00:04,-53
BLE,1703216055371268138,DF:A6:DC:DC:2E:81,-72
BLE,1703216055371312637,DF:DF:EE:00:00:01,-72
BLE,1703216055774156753,D3:F4:55:AB:96:20,-63
BLE,1703216055968306968,D3:F4:55:AB:96:20,-62
BLE,1703216056161704894,D3:F4:55:AB:96:20,-64
BLE,1703216056357641060,D3:F4:55:AB:96:20,-63
BLE,1703216056551852941,D3:F4:55:AB:96:20,-61
BLE,1703216056761874836,DF:DF:EE:00:00:04,-55
BLE,1703216057374632595,DF:A6:DC:DC:2E:81,-57
BLE,1703216057374689970,DF:DF:EE:00:00:01,-57
BLE,1703216057527774202,D3:F4:55:AB:96:20,-62
BLE,1703216057756720178,DF:DF:EE:00:00:04,-55
BLE,1703216057912356357,D3:F4:55:AB:96:20,-63
BLE,1703216058104147000,D3:F4:55:AB:96:20,-61
BLE,1703216058217657575,DF:DF:EE:00:00:04,-54
BLE,1703216058296903804,D3:F4:55:AB:96:20,-63
BLE,1703216058482091226,D3:F4:55:AB:96:20,-64
BLE,1703216058675215779,D3:F4:55:AB:96:20,-62
BLE,1703216058865312554,D3:F4:55:AB:96:20,-65
BLE,1703216059215256073,DF:DF:EE:00:00:04,-56
BLE,1703216059245460646,D3:F4:55:AB:96:20,-65
BLE,1703216059444865837,D3:F4:55:AB:96:20,-62
BLE,1703216059752136422,DF:DF:EE:00:00:04,-55
BLE,1703216059827186878,D3:F4:55:AB:96:20,-62
BLE,1703216060013424795,D3:F4:55:AB:96:20,-64
BLE,1703216060207733843,D3:F4:55:AB:96:20,-62
BLE,1703216060219299999,DF:DF:EE:00:00:04,-54
BLE,1703216060382643227,DF:A6:DC:DC:2E:81,-70
BLE,1703216060382683144,DF:DF:EE:00:00:01,-70
BLE,1703216060399409319,D3:F4:55:AB:96:20,-61
BLE,1703216060593955115,D3:F4:55:AB:96:20,-64
BLE,1703216060754343398,DF:DF:EE:00:00:04,-53
BLE,1703216060789069785,D3:F4:55:AB:96:20,-63
BLE,1703216061222005724,DF:DF:EE:00:00:04,-55
BLE,1703216061369310190,D3:F4:55:AB:96:20,-61
BLE,1703216061383058837,DF:A6:DC:DC:2E:81,-74
BLE,1703216061383088378,DF:DF:EE:00:00:01,-74
BLE,1703216061753843845,D3:F4:55:AB:96:20,-62
BLE,1703216062218251227,DF:DF:EE:00:00:04,-53
BLE,1703216062330215143,D3:F4:55:AB:96:20,-50
BLE,1703216062390988871,DF:A6:DC:DC:2E:81,-72
BLE,1703216062391023871,DF:DF:EE:00:00:01,-72
BLE,1703216062527353720,D3:F4:55:AB:96:20,-62
BLE,1703216062713057097,D3:F4:55:AB:96:20,-50
BLE,1703216062757723564,DF:DF:EE:00:00:04,-53
BLE,1703216062904264826,D3:F4:55:AB:96:20,-63
BLE,1703216063096922297,D3:F4:55:AB:96:20,-64
BLE,1703216063215155102,DF:DF:EE:00:00:04,-55
BLE,1703216063290765056,D3:F4:55:AB:96:20,-67
BLE,1703216063487244260,D3:F4:55:AB:96:20,-62
BLE,1703216063488742504,D3:F4:55:AB:96:20,-63
BLE,1703216063679200444,D3:F4:55:AB:96:20,-50
BLE,1703216063751734744,DF:DF:EE:00:00:04,-33
BLE,1703216063874353821,D3:F4:55:AB:96:20,-47
BLE,1703216064217699327,DF:DF:EE:00:00:04,-53
BLE,1703216064398146020,DF:A6:DC:DC:2E:81,-73
BLE,1703216064398176020,DF:DF:EE:00:00:01,-73
BLE,1703216064444802978,D3:F4:55:AB:96:20,-64
BLE,1703216064758645033,DF:DF:EE:00:00:04,-53
BLE,1703216065021662774,D3:F4:55:AB:96:20,-62
BLE,1703216065207366068,D3:F4:55:AB:96:20,-64
BLE,1703216065218888558,DF:DF:EE:00:00:04,-54
BLE,1703216065398177298,D3:F4:55:AB:96:20,-62
BLE,1703216065594058505,D3:F4:55:AB:96:20,-50
BLE,1703216065762108087,DF:DF:EE:00:00:04,-56
BLE,1703216066171659423,D3:F4:55:AB:96:20,-64
BLE,1703216066362508694,D3:F4:55:AB:96:20,-61
BLE,1703216067133996536,D3:F4:55:AB:96:20,-63
BLE,1703216067217491829,DF:DF:EE:00:00:04,-54
BLE,1703216067329434037,D3:F4:55:AB:96:20,-61
BLE,1703216067420322464,DF:A6:DC:DC:2E:81,-70
BLE,1703216067420360255,DF:DF:EE:00:00:01,-70
BLE,1703216067521247137,D3:F4:55:AB:96:20,-63
BLE,1703216067756274295,DF:DF:EE:00:00:04,-55
BLE,1703216067900685315,D3:F4:55:AB:96:20,-63
BLE,1703216068088313310,D3:F4:55:AB:96:20,-64
BLE,1703216068279490663,D3:F4:55:AB:96:20,-61
BLE,1703216068754532955,DF:DF:EE:00:00:04,-40
BLE,1703216069042132253,D3:F4:55:AB:96:20,-62
BLE,1703216069216841680,DF:DF:EE:00:00:04,-53
BLE,1703216069235018682,D3:F4:55:AB:96:20,-64
BLE,1703216069426665575,D3:F4:55:AB:96:20,-62
BLE,1703216069619285588,D3:F4:55:AB:96:20,-64
BLE,1703216070007256853,D3:F4:55:AB:96:20,-61
BLE,1703216070212811643,DF:DF:EE:00:00:04,-49
BLE,1703216070396910278,D3:F4:55:AB:96:20,-62
BLE,1703216070438194718,DF:A6:DC:DC:2E:81,-70
BLE,1703216070438230301,DF:DF:EE:00:00:01,-70
BLE,1703216070985397188,D3:F4:55:AB:96:20,-62
BLE,1703216071369673677,D3:F4:55:AB:96:20,-63
BLE,1703216071555737179,D3:F4:55:AB:96:20,-64
BLE,1703216071755749326,DF:DF:EE:00:00:04,-53
BLE,1703216071941864494,D3:F4:55:AB:96:20,-61
BLE,1703216072519054079,D3:F4:55:AB:96:20,-50
BLE,1703216072753407531,DF:DF:EE:00:00:04,-54
BLE,1703216072901632327,D3:F4:55:AB:96:20,-64
BLE,1703216073480873236,D3:F4:55:AB:96:20,-63
BLE,1703216074248245846,D3:F4:55:AB:96:20,-62
BLE,1703216074436158089,D3:F4:55:AB:96:20,-65
BLE,1703216074754175459,DF:DF:EE:00:00:04,-54
BLE,1703216074822363112,D3:F4:55:AB:96:20,-60
BLE,1703216075449763640,DF:A6:DC:DC:2E:81,-75
BLE,1703216075449821265,DF:DF:EE:00:00:01,-75
BLE,1703216075589766639,D3:F4:55:AB:96:20,-60
BLE,1703216075753594990,DF:DF:EE:00:00:04,-55
BLE,1703216075783258857,D3:F4:55:AB:96:20,-64
BLE,1703216076165477106,D3:F4:55:AB:96:20,-64
BLE,1703216076355295341,D3:F4:55:AB:96:20,-61
BLE,1703216076454093940,DF:A6:DC:DC:2E:81,-78
BLE,1703216076454136690,DF:DF:EE:00:00:01,-78
BLE,1703216076736628635,D3:F4:55:AB:96:20,-62
BLE,1703216076750488115,DF:DF:EE:00:00:04,-53
BLE,1703216077311430023,D3:F4:55:AB:96:20,-66
BLE,1703216077454190885,DF:A6:DC:DC:2E:81,-70
BLE,1703216077454257051,DF:DF:EE:00:00:01,-70
BLE,1703216078078691925,D3:F4:55:AB:96:20,-50
BLE,1703216078213195615,DF:DF:EE:00:00:04,-53
BLE,1703216078277683910,D3:F4:55:AB:96:20,-62
BLE,1703216078850095142,D3:F4:55:AB:96:20,-60
BLE,1703216079044561439,D3:F4:55:AB:96:20,-64
BLE,1703216079222990016,DF:DF:EE:00:00:04,-40
BLE,1703216079237555451,D3:F4:55:AB:96:20,-62
BLE,1703216079238884320,D3:F4:55:AB:96:20,-63
BLE,1703216079432347997,D3:F4:55:AB:96:20,-51
BLE,1703216079815285409,D3:F4:55:AB:96:20,-64
BLE,1703216080197810990,D3:F4:55:AB:96:20,-64
BLE,1703216080199141985,D3:F4:55:AB:96:20,-61
BLE,1703216080758278734,DF:DF:EE:00:00:04,-53
BLE,1703216080779077349,D3:F4:55:AB:96:20,-64
BLE,1703216081172086175,D3:F4:55:AB:96:20,-61
BLE,1703216081212486536,DF:DF:EE:00:00:04,-54
BLE,1703216081363757360,D3:F4:55:AB:96:20,-66
BLE,1703216081475508360,DF:A6:DC:DC:2E:81,-75
BLE,1703216081475544610,DF:DF:EE:00:00:01,-75
BLE,1703216081749768134,D3:F4:55:AB:96:20,-65
BLE,1703216082220113280,DF:DF:EE:00:00:04,-54
BLE,1703216082324718146,D3:F4:55:AB:96:20,-63
BLE,1703216082519076318,D3:F4:55:AB:96:20,-61
BLE,1703216082755428303,DF:DF:EE:00:00:04,-56
BLE,1703216082899749949,D3:F4:55:AB:96:20,-60
BLE,1703216083216174576,DF:DF:EE:00:00:04,-53
BLE,1703216083278443672,D3:F4:55:AB:96:20,-78
BLE,1703216083660056216,D3:F4:55:AB:96:20,-64
BLE,1703216083850031825,D3:F4:55:AB:96:20,-60
BLE,1703216084219670755,DF:DF:EE:00:00:04,-53
BLE,1703216084228084217,D3:F4:55:AB:96:20,-61
BLE,1703216084417567412,D3:F4:55:AB:96:20,-63
BLE,1703216084486792352,DF:A6:DC:DC:2E:81,-73
BLE,1703216084486824394,DF:DF:EE:00:00:01,-73
BLE,1703216084605584363,D3:F4:55:AB:96:20,-64
BLE,1703216084753023287,DF:DF:EE:00:00:04,-55
BLE,1703216084802311733,D3:F4:55:AB:96:20,-62
BLE,1703216084988971107,D3:F4:55:AB:96:20,-64
BLE,1703216085179702087,D3:F4:55:AB:96:20,-62
BLE,1703216085210901656,DF:DF:EE:00:00:04,-54
BLE,1703216085368945241,D3:F4:55:AB:96:20,-64
BLE,1703216085492340231,DF:A6:DC:DC:2E:81,-71
BLE,1703216085492380939,DF:DF:EE:00:00:01,-71
BLE,1703216085563609870,D3:F4:55:AB:96:20,-63
BLE,1703216085946162243,D3:F4:55:AB:96:20,-62
BLE,1703216086138016093,D3:F4:55:AB:96:20,-64
BLE,1703216086139332337,D3:F4:55:AB:96:20,-61
BLE,1703216086527250561,D3:F4:55:AB:96:20,-47
BLE,1703216086751716932,DF:DF:EE:00:00:04,-56
BLE,1703216087099128503,D3:F4:55:AB:96:20,-77
BLE,1703216087216193022,DF:DF:EE:00:00:04,-38
BLE,1703216087297839406,D3:F4:55:AB:96:20,-62
BLE,1703216087486231147,D3:F4:55:AB:96:20,-51
BLE,1703216087681334067,D3:F4:55:AB:96:20,-63
BLE,1703216087869213810,D3:F4:55:AB:96:20,-50
BLE,1703216088059314335,D3:F4:55:AB:96:20,-61
BLE,1703216088251175602,D3:F4:55:AB:96:20,-64
BLE,1703216088444787777,D3:F4:55:AB:96:20,-62
BLE,1703216088503988054,DF:A6:DC:DC:2E:81,-71
BLE,1703216088504020346,DF:DF:EE:00:00:01,-71
BLE,1703216089603209264,D3:F4:55:AB:96:20,-65
BLE,1703216089981911070,D3:F4:55:AB:96:20,-64
BLE,1703216090214293948,DF:DF:EE:00:00:04,-54
BLE,1703216090365312606,D3:F4:55:AB:96:20,-64
BLE,1703216090560610566,D3:F4:55:AB:96:20,-64
BLE,1703216090746619650,D3:F4:55:AB:96:20,-64
BLE,1703216090942562774,D3:F4:55:AB:96:20,-62
BLE,1703216091128815983,D3:F4:55:AB:96:20,-64
BLE,1703216091508029871,DF:A6:DC:DC:2E:81,-73
BLE,1703216091508077579,DF:DF:EE:00:00:01,-73
BLE,1703216091519708943,D3:F4:55:AB:96:20,-47
BLE,1703216092294507687,D3:F4:55:AB:96:20,-62
BLE,1703216092750683980,DF:DF:EE:00:00:04,-53
BLE,1703216093216866979,DF:DF:EE:00:00:04,-56
BLE,1703216093258685625,D3:F4:55:AB:96:20,-63
BLE,1703216093516020933,DF:A6:DC:DC:2E:81,-73
BLE,1703216093516061266,DF:DF:EE:00:00:01,-73
BLE,1703216093643289905,D3:F4:55:AB:96:20,-63
BLE,1703216094032281291,D3:F4:55:AB:96:20,-65
BLE,1703216094213129315,DF:DF:EE:00:00:04,-53
BLE,1703216094227316502,D3:F4:55:AB:96:20,-62
BLE,1703216094759395289,DF:DF:EE:00:00:04,-56
BLE,1703216094798552697,D3:F4:55:AB:96:20,-64
BLE,1703216095196008795,D3:F4:55:AB:96:20,-63
BLE,1703216095218200237,DF:DF:EE:00:00:04,-55
BLE,1703216095387593271,D3:F4:55:AB:96:20,-46
BLE,1703216095532826955,DF:A6:DC:DC:2E:81,-73
BLE,1703216095532885122,DF:DF:EE:00:00:01,-73
BLE,1703216095577863421,D3:F4:55:AB:96:20,-62
BLE,1703216095754696171,DF:DF:EE:00:00:04,-57
BLE,1703216095763722839,D3:F4:55:AB:96:20,-64
BLE,1703216095955131150,D3:F4:55:AB:96:20,-61
BLE,1703216096149242157,D3:F4:55:AB:96:20,-65
BLE,1703216096731048847,D3:F4:55:AB:96:20,-64
BLE,1703216097119773692,D3:F4:55:AB:96:20,-61
BLE,1703216097509746740,D3:F4:55:AB:96:20,-63
BLE,1703216097534867336,DF:A6:DC:DC:2E:81,-73
BLE,1703216097534878419,DF:DF:EE:00:00:01,-73
BLE,1703216097698189147,D3:F4:55:AB:96:20,-64
BLE,1703216097759720372,DF:DF:EE:00:00:04,-72
BLE,1703216097896313803,D3:F4:55:AB:96:20,-63
BLE,1703216098092774841,D3:F4:55:AB:96:20,-61
BLE,1703216098534537657,DF:A6:DC:DC:2E:81,-74
BLE,1703216098534589740,DF:DF:EE:00:00:01,-74
BLE,1703216098751126272,DF:DF:EE:00:00:04,-55
BLE,1703216098855763512,D3:F4:55:AB:96:20,-60
BLE,1703216099046737283,D3:F4:55:AB:96:20,-65
BLE,1703216099544514765,DF:A6:DC:DC:2E:81,-73
BLE,1703216099544570723,DF:DF:EE:00:00:01,-73
BLE,1703216099749475599,DF:DF:EE:00:00:04,-53
BLE,1703216099997005659,D3:F4:55:AB:96:20,-65
BLE,1703216100376478295,D3:F4:55:AB:96:20,-78
BLE,1703216100551078556,DF:A6:DC:DC:2E:81,-74
BLE,1703216100551144722,DF:DF:EE:00:00:01,-74
BLE,1703216100757356883,D3:F4:55:AB:96:20,-64
BLE,1703216100956753533,D3:F4:55:AB:96:20,-63
BLE,1703216101154529857,D3:F4:55:AB:96:20,-63
BLE,1703216101347808535,D3:F4:55:AB:96:20,-66
BLE,1703216101544627363,D3:F4:55:AB:96:20,-65
BLE,1703216101552074371,DF:A6:DC:DC:2E:81,-71
BLE,1703216101552106913,DF:DF:EE:00:00:01,-71
BLE,1703216101733898766,D3:F4:55:AB:96:20,-62
BLE,1703216101759101695,DF:DF:EE:00:00:04,-54
BLE,1703216102494642281,D3:F4:55:AB:96:20,-66
BLE,1703216102686325091,D3:F4:55:AB:96:20,-67
BLE,1703216102756386944,DF:DF:EE:00:00:04,-54
BLE,1703216102876122200,D3:F4:55:AB:96:20,-64
BLE,1703216103258797155,D3:F4:55:AB:96:20,-65
BLE,1703216103451307295,D3:F4:55:AB:96:20,-68
BLE,1703216103758907711,DF:DF:EE:00:00:04,-54
BLE,1703216104038395794,D3:F4:55:AB:96:20,-62
BLE,1703216104234426959,D3:F4:55:AB:96:20,-61
BLE,1703216104425077357,D3:F4:55:AB:96:20,-64
BLE,1703216104565093064,DF:A6:DC:DC:2E:81,-60
BLE,1703216104565133772,DF:DF:EE:00:00:01,-60
BLE,1703216104617683745,D3:F4:55:AB:96:20,-62
BLE,1703216105381404997,D3:F4:55:AB:96:20,-61
BLE,1703216105574105010,D3:F4:55:AB:96:20,-65
BLE,1703216105752514254,DF:DF:EE:00:00:04,-54
BLE,1703216105771388919,D3:F4:55:AB:96:20,-62
BLE,1703216106219606290,DF:DF:EE:00:00:04,-56
BLE,1703216106341329704,D3:F4:55:AB:96:20,-64
BLE,1703216106575287116,DF:A6:DC:DC:2E:81,-72
BLE,1703216106575329783,DF:DF:EE:00:00:01,-72
BLE,1703216106732860245,D3:F4:55:AB:96:20,-46
BLE,1703216106750508208,DF:DF:EE:00:00:04,-54
BLE,1703216107123292082,D3:F4:55:AB:96:20,-63
BLE,1703216107313108358,D3:F4:55:AB:96:20,-61
BLE,1703216107502701219,D3:F4:55:AB:96:20,-62
BLE,1703216107578378380,DF:A6:DC:DC:2E:81,-73
BLE,1703216107578410547,DF:DF:EE:00:00:01,-73
BLE,1703216107687826141,D3:F4:55:AB:96:20,-50
BLE,1703216108070137306,D3:F4:55:AB:96:20,-64
BLE,1703216108213039376,DF:DF:EE:00:00:04,-54
BLE,1703216108260502788,D3:F4:55:AB:96:20,-60
BLE,1703216108581276395,DF:A6:DC:DC:2E:81,-73
BLE,1703216108581332270,DF:DF:EE:00:00:01,-73
BLE,1703216108649869214,D3:F4:55:AB:96:20,-63
BLE,1703216108837496500,D3:F4:55:AB:96:20,-65
BLE,1703216109032563461,D3:F4:55:AB:96:20,-63
BLE,1703216109217901924,DF:DF:EE:00:00:04,-38
BLE,1703216109219370125,D3:F4:55:AB:96:20,-65
BLE,1703216109412466095,D3:F4:55:AB:96:20,-64
BLE,1703216109586596650,DF:A6:DC:DC:2E:81,-72
BLE,1703216109586644816,DF:DF:EE:00:00:01,-72
BLE,1703216110173886815,D3:F4:55:AB:96:20,-60
BLE,1703216110588386087,DF:A6:DC:DC:2E:81,-74
BLE,1703216110588435878,DF:DF:EE:00:00:01,-74
BLE,1703216110751573523,DF:DF:EE:00:00:04,-53
BLE,1703216111332521592,D3:F4:55:AB:96:20,-64
BLE,1703216111529033630,D3:F4:55:AB:96:20,-63
BLE,1703216111592065681,DF:A6:DC:DC:2E:81,-72
BLE,1703216111592099265,DF:DF:EE:00:00:01,-72
BLE,1703216111717428996,D3:F4:55:AB:96:20,-65
BLE,1703216111750988387,DF:DF:EE:00:00:04,-54
BLE,1703216111752433673,DF:DF:EE:00:00:04,-56
BLE,1703216111911921209,D3:F4:55:AB:96:20,-62
BLE,1703216112211449078,DF:DF:EE:00:00:04,-53
BLE,1703216112294946372,D3:F4:55:AB:96:20,-47
BLE,1703216112482290700,D3:F4:55:AB:96:20,-50
BLE,1703216112601310627,DF:A6:DC:DC:2E:81,-57
BLE,1703216112601325418,DF:DF:EE:00:00:01,-57
BLE,1703216112680369065,D3:F4:55:AB:96:20,-63
BLE,1703216112866501941,D3:F4:55:AB:96:20,-50
BLE,1703216113061325111,D3:F4:55:AB:96:20,-63
BLE,1703216113217043206,DF:DF:EE:00:00:04,-56
BLE,1703216113250657556,D3:F4:55:AB:96:20,-64
BLE,1703216113642803177,D3:F4:55:AB:96:20,-67
BLE,1703216113752059230,DF:DF:EE:00:00:04,-56
BLE,1703216114028761160,D3:F4:55:AB:96:20,-62
BLE,1703216114221501881,D3:F4:55:AB:96:20,-62
BLE,1703216114413174607,D3:F4:55:AB:96:20,-76
BLE,1703216114603409382,D3:F4:55:AB:96:20,-62
BLE,1703216114609798145,DF:A6:DC:DC:2E:81,-74
BLE,1703216114609828770,DF:DF:EE:00:00:01,-74
BLE,1703216114757255819,DF:DF:EE:00:00:04,-54
BLE,1703216114794004029,D3:F4:55:AB:96:20,-62
BLE,1703216114981972855,D3:F4:55:AB:96:20,-64
BLE,1703216115372670608,D3:F4:55:AB:96:20,-61
BLE,1703216115756987431,D3:F4:55:AB:96:20,-63
BLE,1703216115949833152,D3:F4:55:AB:96:20,-64
BLE,1703216116143969201,D3:F4:55:AB:96:20,-63
BLE,1703216116333244104,D3:F4:55:AB:96:20,-64
BLE,1703216116530025141,D3:F4:55:AB:96:20,-65
BLE,1703216116725641558,D3:F4:55:AB:96:20,-62
BLE,1703216116752197272,DF:DF:EE:00:00:04,-55
BLE,1703216116917289159,D3:F4:55:AB:96:20,-64
BLE,1703216117499200974,D3:F4:55:AB:96:20,-64
BLE,1703216117624793454,DF:A6:DC:DC:2E:81,-72
BLE,1703216117624830412,DF:DF:EE:00:00:01,-72
BLE,1703216117880331353,D3:F4:55:AB:96:20,-64
BLE,1703216118070408003,D3:F4:55:AB:96:20,-62
BLE,1703216118218463799,DF:DF:EE:00:00:04,-53
BLE,1703216118454820034,D3:F4:55:AB:96:20,-61
BLE,1703216118649430455,D3:F4:55:AB:96:20,-64
BLE,1703216118841152389,D3:F4:55:AB:96:20,-62
BLE,1703216119031320164,D3:F4:55:AB:96:20,-77
BLE,1703216119211141110,DF:DF:EE:00:00:04,-54
BLE,1703216119411953628,D3:F4:55:AB:96:20,-64
BLE,1703216119606554841,D3:F4:55:AB:96:20,-62
BLE,1703216119630314902,DF:A6:DC:DC:2E:81,-73
BLE,1703216119630344902,DF:DF:EE:00:00:01,-73
BLE,1703216119752557022,DF:DF:EE:00:00:04,-53
BLE,1703216120177604413,D3:F4:55:AB:96:20,-64
BLE,1703216120212990963,DF:DF:EE:00:00:04,-56
BLE,1703216120555737263,D3:F4:55:AB:96:20,-63
BLE,1703216120637808438,DF:A6:DC:DC:2E:81,-71
BLE,1703216120637841146,DF:DF:EE:00:00:01,-71
BLE,1703216120945514812,D3:F4:55:AB:96:20,-65
BLE,1703216121330361383,D3:F4:55:AB:96:20,-62
BLE,1703216121718225523,D3:F4:55:AB:96:20,-60
BLE,1703216121912631362,D3:F4:55:AB:96:20,-65
BLE,1703216122105147210,D3:F4:55:AB:96:20,-62
BLE,1703216122215470216,DF:DF:EE:00:00:04,-69
BLE,1703216122482292815,D3:F4:55:AB:96:20,-62
BLE,1703216122644251882,DF:A6:DC:DC:2E:81,-72
BLE,1703216122644292049,DF:DF:EE:00:00:01,-72
BLE,1703216122678202814,D3:F4:55:AB:96:20,-64
BLE,1703216122755051428,DF:DF:EE:00:00:04,-56
BLE,1703216123259861671,D3:F4:55:AB:96:20,-64
BLE,1703216123452360768,D3:F4:55:AB:96:20,-64
BLE,1703216123642443085,DF:A6:DC:DC:2E:81,-73
BLE,1703216123642479335,DF:DF:EE:00:00:01,-73
BLE,1703216123755853286,DF:DF:EE:00:00:04,-53
BLE,1703216124019797814,D3:F4:55:AB:96:20,-62
BLE,1703216124212001121,D3:F4:55:AB:96:20,-60
BLE,1703216124404984092,D3:F4:55:AB:96:20,-64
BLE,1703216124646068888,DF:A6:DC:DC:2E:81,-73
BLE,1703216124646117263,DF:DF:EE:00:00:01,-73
BLE,1703216124789168124,D3:F4:55:AB:96:20,-64
BLE,1703216124986796115,D3:F4:55:AB:96:20,-63
BLE,1703216125750638532,DF:DF:EE:00:00:04,-55
BLE,1703216125945469994,D3:F4:55:AB:96:20,-62
BLE,1703216126141650950,D3:F4:55:AB:96:20,-65
BLE,1703216126333904382,D3:F4:55:AB:96:20,-62
BLE,1703216126749599482,DF:DF:EE:00:00:04,-53
BLE,1703216126922981748,D3:F4:55:AB:96:20,-63
BLE,1703216127213788781,DF:DF:EE:00:00:04,-55
BLE,1703216127694857171,D3:F4:55:AB:96:20,-65
BLE,1703216127750554505,DF:DF:EE:00:00:04,-55
BLE,1703216127888069182,D3:F4:55:AB:96:20,-63
BLE,1703216128077411044,D3:F4:55:AB:96:20,-65
BLE,1703216128210675823,DF:DF:EE:00:00:04,-54
BLE,1703216128272799753,D3:F4:55:AB:96:20,-76
BLE,1703216128660678977,D3:F4:55:AB:96:20,-65
BLE,1703216128853128117,D3:F4:55:AB:96:20,-62
BLE,1703216129045795297,D3:F4:55:AB:96:20,-50
BLE,1703216129210074812,DF:DF:EE:00:00:04,-54
BLE,1703216129239328181,D3:F4:55:AB:96:20,-63
BLE,1703216129625448704,D3:F4:55:AB:96:20,-64
BLE,1703216129666273439,DF:A6:DC:DC:2E:81,-73
BLE,1703216129666298522,DF:DF:EE:00:00:01,-73
BLE,1703216129822219533,D3:F4:55:AB:96:20,-63
BLE,1703216130015247836,D3:F4:55:AB:96:20,-60
BLE,1703216130207406769,D3:F4:55:AB:96:20,-63
BLE,1703216130394039309,D3:F4:55:AB:96:20,-64
BLE,1703216130588689439,D3:F4:55:AB:96:20,-62
BLE,1703216130776018893,D3:F4:55:AB:96:20,-65
BLE,1703216130972154432,D3:F4:55:AB:96:20,-63
BLE,1703216131158120309,D3:F4:55:AB:96:20,-64
BLE,1703216131220717029,DF:DF:EE:00:00:04,-55
BLE,1703216131676539366,DF:A6:DC:DC:2E:81,-74
BLE,1703216131676596282,DF:DF:EE:00:00:01,-74
BLE,1703216131757947501,DF:DF:EE:00:00:04,-55
BLE,1703216132308013667,D3:F4:55:AB:96:20,-64
BLE,1703216132682231910,DF:A6:DC:DC:2E:81,-73
BLE,1703216132682280118,DF:DF:EE:00:00:01,-73
BLE,1703216132755597957,DF:DF:EE:00:00:04,-54
BLE,1703216132895317874,D3:F4:55:AB:96:20,-60
BLE,1703216133282505559,D3:F4:55:AB:96:20,-62
BLE,1703216133859146647,D3:F4:55:AB:96:20,-64
BLE,1703216134052931155,D3:F4:55:AB:96:20,-62
BLE,1703216134438224474,D3:F4:55:AB:96:20,-62
BLE,1703216134627844626,D3:F4:55:AB:96:20,-60
BLE,1703216134755379681,DF:DF:EE:00:00:04,-54
BLE,1703216134817239862,D3:F4:55:AB:96:20,-63
BLE,1703216135218292944,DF:DF:EE:00:00:04,-54
BLE,1703216135393760909,D3:F4:55:AB:96:20,-61
BLE,1703216135692696781,DF:A6:DC:DC:2E:81,-72
BLE,1703216135692740739,DF:DF:EE:00:00:01,-72
BLE,1703216135784212371,D3:F4:55:AB:96:20,-63
BLE,1703216135972161656,D3:F4:55:AB:96:20,-64
BLE,1703216136214426198,DF:DF:EE:00:00:04,-56
BLE,1703216136748509684,DF:DF:EE:00:00:04,-56
BLE,1703216136932836652,D3:F4:55:AB:96:20,-62
BLE,1703216137121337725,D3:F4:55:AB:96:20,-64
BLE,1703216137513097723,D3:F4:55:AB:96:20,-60
BLE,1703216137703278331,D3:F4:55:AB:96:20,-50
BLE,1703216137757523630,DF:DF:EE:00:00:04,-55
BLE,1703216138214341587,DF:DF:EE:00:00:04,-56
BLE,1703216138670245382,D3:F4:55:AB:96:20,-64
BLE,1703216138754100340,DF:DF:EE:00:00:04,-55
BLE,1703216139061750173,D3:F4:55:AB:96:20,-61
BLE,1703216139720169187,DF:A6:DC:DC:2E:81,-72
BLE,1703216139720220228,DF:DF:EE:00:00:01,-72
BLE,1703216140404451877,D3:F4:55:AB:96:20,-65
BLE,1703216140720115882,DF:A6:DC:DC:2E:81,-73
BLE,1703216140720161590,DF:DF:EE:00:00:01,-73
BLE,1703216140749571542,DF:DF:EE:00:00:04,-53
BLE,1703216140789725029,D3:F4:55:AB:96:20,-64
BLE,1703216141183333727,D3:F4:55:AB:96:20,-63
BLE,1703216141372370757,D3:F4:55:AB:96:20,-66
BLE,1703216141725972925,DF:A6:DC:DC:2E:81,-73
BLE,1703216141726020092,DF:DF:EE:00:00:01,-73
BLE,1703216141756478622,DF:DF:EE:00:00:04,-53
BLE,1703216142152647101,D3:F4:55:AB:96:20,-67
BLE,1703216142211645670,DF:DF:EE:00:00:04,-53
BLE,1703216142346889190,D3:F4:55:AB:96:20,-62
BLE,1703216142537019465,D3:F4:55:AB:96:20,-58
BLE,1703216142725751913,DF:A6:DC:DC:2E:81,-76
BLE,1703216142725790496,DF:DF:EE:00:00:01,-76
BLE,1703216142728936899,D3:F4:55:AB:96:20,-46
BLE,1703216142919200839,D3:F4:55:AB:96:20,-62
BLE,1703216143105282674,D3:F4:55:AB:96:20,-65
BLE,1703216143300928799,D3:F4:55:AB:96:20,-48
BLE,1703216143684836541,D3:F4:55:AB:96:20,-62
BLE,1703216143731325333,DF:A6:DC:DC:2E:81,-73
BLE,1703216143731365249,DF:DF:EE:00:00:01,-73
BLE,1703216144216512246,DF:DF:EE:00:00:04,-55
BLE,1703216144262057459,D3:F4:55:AB:96:20,-62
BLE,1703216144734459347,DF:A6:DC:DC:2E:81,-71
BLE,1703216144734508180,DF:DF:EE:00:00:01,-71
BLE,1703216145031826142,D3:F4:55:AB:96:20,-63
BLE,1703216145216518024,DF:DF:EE:00:00:04,-57
BLE,1703216145222006375,D3:F4:55:AB:96:20,-66
BLE,1703216145608040982,D3:F4:55:AB:96:20,-61
BLE,1703216145744214873,DF:A6:DC:DC:2E:81,-72
BLE,1703216145744253039,DF:DF:EE:00:00:01,-72
BLE,1703216145751372632,DF:DF:EE:00:00:04,-56
BLE,1703216145801146368,D3:F4:55:AB:96:20,-62
BLE,1703216145995122584,D3:F4:55:AB:96:20,-62
BLE,1703216146212501945,DF:DF:EE:00:00:04,-53
BLE,1703216146766510718,D3:F4:55:AB:96:20,-63
BLE,1703216146952067971,D3:F4:55:AB:96:20,-64
BLE,1703216147147170224,D3:F4:55:AB:96:20,-63
BLE,1703216147210041484,DF:DF:EE:00:00:04,-55
BLE,1703216147531045716,D3:F4:55:AB:96:20,-63
BLE,1703216147754551924,DF:A6:DC:DC:2E:81,-72
BLE,1703216147754596341,DF:DF:EE:00:00:01,-72
BLE,1703216148115285520,D3:F4:55:AB:96:20,-63
BLE,1703216148211196841,DF:DF:EE:00:00:04,-53
BLE,1703216148305503919,D3:F4:55:AB:96:20,-65
BLE,1703216148696147130,D3:F4:55:AB:96:20,-62
BLE,1703216148885927032,D3:F4:55:AB:96:20,-64
BLE,1703216149077113802,D3:F4:55:AB:96:20,-46
BLE,1703216149459733591,D3:F4:55:AB:96:20,-60
BLE,1703216149652130189,D3:F4:55:AB:96:20,-65
BLE,1703216149756522805,DF:DF:EE:00:00:04,-55
BLE,1703216149768167378,DF:A6:DC:DC:2E:81,-73
BLE,1703216149768196378,DF:DF:EE:00:00:01,-73
BLE,1703216149848411769,D3:F4:55:AB:96:20,-62
BLE,1703216150041872196,D3:F4:55:AB:96:20,-61
BLE,1703216150237125489,D3:F4:55:AB:96:20,-65
BLE,1703216150619730112,D3:F4:55:AB:96:20,-64
BLE,1703216150776627910,DF:A6:DC:DC:2E:81,-73
BLE,1703216150776671826,DF:DF:EE:00:00:01,-73
BLE,1703216150818999137,D3:F4:55:AB:96:20,-63
BLE,1703216151008339415,D3:F4:55:AB:96:20,-62
BLE,1703216151200242349,D3:F4:55:AB:96:20,-62
BLE,1703216151758473019,DF:DF:EE:00:00:04,-55
BLE,1703216151784499486,D3:F4:55:AB:96:20,-62
BLE,1703216152214078148,DF:DF:EE:00:00:04,-56
BLE,1703216152361892154,D3:F4:55:AB:96:20,-61
BLE,1703216152740420295,D3:F4:55:AB:96:20,-61
BLE,1703216152780609740,DF:A6:DC:DC:2E:81,-73
BLE,1703216152780639532,DF:DF:EE:00:00:01,-73
BLE,1703216153124036496,D3:F4:55:AB:96:20,-61
BLE,1703216153207734205,DF:DF:EE:00:00:04,-53
BLE,1703216153318369585,D3:F4:55:AB:96:20,-64
BLE,1703216153755829587,DF:DF:EE:00:00:04,-54
BLE,1703216153895808003,D3:F4:55:AB:96:20,-63
BLE,1703216154082826417,D3:F4:55:AB:96:20,-64
BLE,1703216154215989488,DF:DF:EE:00:00:04,-67
BLE,1703216154795905103,DF:A6:DC:DC:2E:81,-73
BLE,1703216154795954478,DF:DF:EE:00:00:01,-73
BLE,1703216155035827113,D3:F4:55:AB:96:20,-62
BLE,1703216155224667394,D3:F4:55:AB:96:20,-62
BLE,1703216155750894082,DF:DF:EE:00:00:04,-54
BLE,1703216155794699095,DF:A6:DC:DC:2E:81,-74
BLE,1703216155794736428,DF:DF:EE:00:00:01,-74
BLE,1703216155800826776,D3:F4:55:AB:96:20,-60
BLE,1703216156213398139,DF:DF:EE:00:00:04,-56
BLE,1703216156572875823,D3:F4:55:AB:96:20,-63
BLE,1703216156952214085,D3:F4:55:AB:96:20,-62
BLE,1703216157722268475,D3:F4:55:AB:96:20,-62
BLE,1703216157800386167,DF:A6:DC:DC:2E:81,-73
BLE,1703216157800433958,DF:DF:EE:00:00:01,-73
BLE,1703216158208657050,DF:DF:EE:00:00:04,-56
BLE,1703216158305695116,D3:F4:55:AB:96:20,-63
BLE,1703216158746679435,DF:DF:EE:00:00:04,-53
BLE,1703216158748155554,DF:DF:EE:00:00:04,-53
BLE,1703216158804616885,DF:A6:DC:DC:2E:81,-75
BLE,1703216158804653843,DF:DF:EE:00:00:01,-75
BLE,1703216158895915518,D3:F4:55:AB:96:20,-63
BLE,1703216159090077233,D3:F4:55:AB:96:20,-61
BLE,1703216159471520444,D3:F4:55:AB:96:20,-60
BLE,1703216159664918996,D3:F4:55:AB:96:20,-69
BLE,1703216159751544817,DF:DF:EE:00:00:04,-55
BLE,1703216159862321155,D3:F4:55:AB:96:20,-63
BLE,1703216160812935987,DF:A6:DC:DC:2E:81,-74
BLE,1703216160812992320,DF:DF:EE:00:00:01,-74
BLE,1703216160823555814,D3:F4:55:AB:96:20,-62
BLE,1703216161213503654,DF:DF:EE:00:00:04,-55
BLE,1703216161750728710,DF:DF:EE:00:00:04,-71
BLE,1703216161784076019,D3:F4:55:AB:96:20,-64
BLE,1703216161820746563,DF:A6:DC:DC:2E:81,-74
BLE,1703216161820777397,DF:DF:EE:00:00:01,-74
BLE,1703216161977773236,D3:F4:55:AB:96:20,-63
BLE,1703216162171965743,D3:F4:55:AB:96:20,-62
BLE,1703216162216033671,DF:DF:EE:00:00:04,-54
BLE,1703216162366515956,D3:F4:55:AB:96:20,-64
BLE,1703216162951164425,D3:F4:55:AB:96:20,-64
BLE,1703216163212807797,DF:DF:EE:00:00:04,-56
BLE,1703216163531502288,D3:F4:55:AB:96:20,-62
BLE,1703216164110768198,D3:F4:55:AB:96:20,-46
BLE,1703216164209449715,DF:DF:EE:00:00:04,-53
BLE,1703216164826712288,DF:A6:DC:DC:2E:81,-70
BLE,1703216164826750579,DF:DF:EE:00:00:01,-70
BLE,1703216165059720954,D3:F4:55:AB:96:20,-62
BLE,1703216165217452499,DF:DF:EE:00:00:04,-55
BLE,1703216165248363194,D3:F4:55:AB:96:20,-78
BLE,1703216165750092658,DF:DF:EE:00:00:04,-50
BLE,1703216165830333174,DF:A6:DC:DC:2E:81,-73
BLE,1703216165830367383,DF:DF:EE:00:00:01,-73
BLE,1703216166019911243,D3:F4:55:AB:96:20,-62
BLE,1703216166211852968,D3:F4:55:AB:96:20,-66
BLE,1703216166787032313,D3:F4:55:AB:96:20,-61
BLE,1703216167218699341,DF:DF:EE:00:00:04,-55
BLE,1703216167354399734,D3:F4:55:AB:96:20,-63
BLE,1703216167542711809,D3:F4:55:AB:96:20,-65
BLE,1703216167736849399,D3:F4:55:AB:96:20,-63
BLE,1703216167745896025,DF:DF:EE:00:00:04,-53
BLE,1703216167931734069,D3:F4:55:AB:96:20,-62
BLE,1703216168316642473,D3:F4:55:AB:96:20,-62
BLE,1703216168514096631,D3:F4:55:AB:96:20,-60
BLE,1703216168708503512,D3:F4:55:AB:96:20,-64
BLE,1703216168749672119,DF:DF:EE:00:00:04,-56
BLE,1703216168845751231,DF:A6:DC:DC:2E:81,-73
BLE,1703216168845787523,DF:DF:EE:00:00:01,-73
BLE,1703216168898381496,D3:F4:55:AB:96:20,-61
BLE,1703216169092325295,D3:F4:55:AB:96:20,-65
BLE,1703216169207199615,DF:DF:EE:00:00:04,-54
BLE,1703216169488033651,D3:F4:55:AB:96:20,-63
BLE,1703216169679834127,D3:F4:55:AB:96:20,-64
BLE,1703216170253353979,D3:F4:55:AB:96:20,-62
BLE,1703216170441074306,D3:F4:55:AB:96:20,-64
BLE,1703216170749732592,DF:DF:EE:00:00:04,-55
BLE,1703216170819332739,D3:F4:55:AB:96:20,-64
BLE,1703216170861004969,DF:A6:DC:DC:2E:81,-78
BLE,1703216170861037844,DF:DF:EE:00:00:01,-78
BLE,1703216171011181798,D3:F4:55:AB:96:20,-60
BLE,1703216171206717507,D3:F4:55:AB:96:20,-64
BLE,1703216171215502134,DF:DF:EE:00:00:04,-55
BLE,1703216171395463871,D3:F4:55:AB:96:20,-61
BLE,1703216171754264058,DF:DF:EE:00:00:04,-54
BLE,1703216171779841069,D3:F4:55:AB:96:20,-61
BLE,1703216171970885590,D3:F4:55:AB:96:20,-64
BLE,1703216172165148096,D3:F4:55:AB:96:20,-61
BLE,1703216172215757369,DF:DF:EE:00:00:04,-55
BLE,1703216172353775294,D3:F4:55:AB:96:20,-64
BLE,1703216172736853498,D3:F4:55:AB:96:20,-64
BLE,1703216172869220197,DF:A6:DC:DC:2E:81,-72
BLE,1703216172869281447,DF:DF:EE:00:00:01,-72
BLE,1703216172936449230,D3:F4:55:AB:96:20,-62
BLE,1703216173216035105,DF:DF:EE:00:00:04,-54
BLE,1703216173320907552,D3:F4:55:AB:96:20,-64
BLE,1703216173756240522,DF:DF:EE:00:00:04,-55
BLE,1703216174101683686,D3:F4:55:AB:96:20,-63
BLE,1703216174209954118,DF:DF:EE:00:00:04,-54
BLE,1703216174289719470,D3:F4:55:AB:96:20,-64
BLE,1703216174483362437,D3:F4:55:AB:96:20,-63
BLE,1703216174873780483,D3:F4:55:AB:96:20,-69
BLE,1703216175064038882,D3:F4:55:AB:96:20,-61
BLE,1703216175259914631,D3:F4:55:AB:96:20,-65
BLE,1703216175454451928,D3:F4:55:AB:96:20,-63
BLE,1703216175640994510,D3:F4:55:AB:96:20,-51
BLE,1703216176212099748,DF:DF:EE:00:00:04,-54
BLE,1703216176228092135,D3:F4:55:AB:96:20,-64
BLE,1703216176420935231,D3:F4:55:AB:96:20,-62
BLE,1703216176755931816,DF:DF:EE:00:00:04,-55
BLE,1703216176802009902,D3:F4:55:AB:96:20,-62
BLE,1703216176895211443,DF:A6:DC:DC:2E:81,-73
BLE,1703216176895243610,DF:DF:EE:00:00:01,-73
BLE,1703216176990578684,D3:F4:55:AB:96:20,-65
BLE,1703216177213583895,DF:DF:EE:00:00:04,-54
BLE,1703216177573114370,D3:F4:55:AB:96:20,-65
BLE,1703216177958903312,D3:F4:55:AB:96:20,-64
BLE,1703216178342450013,D3:F4:55:AB:96:20,-65
BLE,1703216178748532447,DF:DF:EE:00:00:04,-53
BLE,1703216178903698920,DF:A6:DC:DC:2E:81,-73
BLE,1703216178903735003,DF:DF:EE:00:00:01,-73
BLE,1703216179113109442,D3:F4:55:AB:96:20,-61
BLE,1703216179213762575,DF:DF:EE:00:00:04,-56
BLE,1703216179308568068,D3:F4:55:AB:96:20,-66
BLE,1703216179690442610,D3:F4:55:AB:96:20,-64
BLE,1703216179749947469,DF:DF:EE:00:00:04,-56
BLE,1703216179907432473,DF:A6:DC:DC:2E:81,-73
BLE,1703216179907458723,DF:DF:EE:00:00:01,-73
BLE,1703216180209774329,DF:DF:EE:00:00:04,-54
BLE,1703216180266022661,D3:F4:55:AB:96:20,-47
BLE,1703216180456262352,D3:F4:55:AB:96:20,-67
BLE,1703216180651349730,D3:F4:55:AB:96:20,-63
BLE,1703216180750705785,DF:DF:EE:00:00:04,-68
BLE,1703216180906258506,DF:A6:DC:DC:2E:81,-74
BLE,1703216180906319173,DF:DF:EE:00:00:01,-74
BLE,1703216181211197268,DF:DF:EE:00:00:04,-57
BLE,1703216181617497617,D3:F4:55:AB:96:20,-63
BLE,1703216181748065200,DF:DF:EE:00:00:04,-54
BLE,1703216181994163516,D3:F4:55:AB:96:20,-62
BLE,1703216182371140539,D3:F4:55:AB:96:20,-65
BLE,1703216182565536420,D3:F4:55:AB:96:20,-62
BLE,1703216182753725703,D3:F4:55:AB:96:20,-64
BLE,1703216182911478123,DF:A6:DC:DC:2E:81,-74
BLE,1703216182911519122,DF:DF:EE:00:00:01,-74
BLE,1703216183133905878,D3:F4:55:AB:96:20,-64
BLE,1703216183329038755,D3:F4:55:AB:96:20,-62
BLE,1703216183709957177,D3:F4:55:AB:96:20,-62
BLE,1703216183753992897,DF:DF:EE:00:00:04,-40
BLE,1703216183897389797,D3:F4:55:AB:96:20,-50
BLE,1703216184092495424,D3:F4:55:AB:96:20,-63
BLE,1703216184214880710,DF:DF:EE:00:00:04,-53
BLE,1703216184284433191,D3:F4:55:AB:96:20,-64
BLE,1703216184867055752,D3:F4:55:AB:96:20,-64
BLE,1703216184919445268,DF:A6:DC:DC:2E:81,-71
BLE,1703216184919457393,DF:DF:EE:00:00:01,-71
BLE,1703216185061138301,D3:F4:55:AB:96:20,-62
BLE,1703216185215880526,DF:DF:EE:00:00:04,-56
BLE,1703216185247450760,D3:F4:55:AB:96:20,-64
BLE,1703216185440989727,D3:F4:55:AB:96:20,-73
BLE,1703216185632542704,D3:F4:55:AB:96:20,-64
BLE,1703216185826576586,D3:F4:55:AB:96:20,-50
BLE,1703216186401367183,D3:F4:55:AB:96:20,-60
BLE,1703216186753324025,DF:DF:EE:00:00:04,-54
BLE,1703216186792385642,D3:F4:55:AB:96:20,-63
BLE,1703216186926311669,DF:A6:DC:DC:2E:81,-73
BLE,1703216186926368210,DF:DF:EE:00:00:01,-73
BLE,1703216187752772723,DF:DF:EE:00:00:04,-53
BLE,1703216187928019397,DF:A6:DC:DC:2E:81,-73
BLE,1703216187928055772,DF:DF:EE:00:00:01,-73
BLE,1703216188144974719,D3:F4:55:AB:96:20,-62
BLE,1703216188211643004,DF:DF:EE:00:00:04,-41
BLE,1703216188330801679,D3:F4:55:AB:96:20,-64
BLE,1703216188753692205,DF:DF:EE:00:00:04,-56
BLE,1703216188933487026,DF:A6:DC:DC:2E:81,-73
BLE,1703216188933522151,DF:DF:EE:00:00:01,-73
BLE,1703216189094051016,D3:F4:55:AB:96:20,-64
BLE,1703216189669251194,D3:F4:55:AB:96:20,-62
BLE,1703216189860379214,D3:F4:55:AB:96:20,-69
BLE,1703216190055171843,D3:F4:55:AB:96:20,-64
BLE,1703216190208772156,DF:DF:EE:00:00:04,-54
BLE,1703216190439393958,D3:F4:55:AB:96:20,-63
BLE,1703216190626611871,D3:F4:55:AB:96:20,-50
BLE,1703216190816417481,D3:F4:55:AB:96:20,-62
BLE,1703216190948778264,DF:A6:DC:DC:2E:81,-70
BLE,1703216190948814264,DF:DF:EE:00:00:01,-70
BLE,1703216191217377188,DF:DF:EE:00:00:04,-54
BLE,1703216191592266719,D3:F4:55:AB:96:20,-69
BLE,1703216191956620757,DF:A6:DC:DC:2E:81,-75
BLE,1703216191956657590,DF:DF:EE:00:00:01,-75
BLE,1703216191976455001,D3:F4:55:AB:96:20,-64
BLE,1703216192171362838,D3:F4:55:AB:96:20,-63
BLE,1703216192930166153,D3:F4:55:AB:96:20,-61
BLE,1703216193125032990,D3:F4:55:AB:96:20,-66
BLE,1703216193319546745,D3:F4:55:AB:96:20,-46
BLE,1703216193507056573,D3:F4:55:AB:96:20,-64
BLE,1703216193698892132,D3:F4:55:AB:96:20,-63
BLE,1703216193750762567,DF:DF:EE:00:00:04,-53
BLE,1703216193891964477,D3:F4:55:AB:96:20,-64
BLE,1703216193893295055,D3:F4:55:AB:96:20,-61
BLE,1703216193970062920,DF:A6:DC:DC:2E:81,-77
BLE,1703216193970112794,DF:DF:EE:00:00:01,-77
BLE,1703216194083311580,D3:F4:55:AB:96:20,-62
BLE,1703216194276140342,D3:F4:55:AB:96:20,-62
BLE,1703216194469014730,D3:F4:55:AB:96:20,-46
BLE,1703216194756577819,DF:DF:EE:00:00:04,-56
BLE,1703216194861003269,D3:F4:55:AB:96:20,-61
BLE,1703216195056191604,D3:F4:55:AB:96:20,-64
BLE,1703216195211644159,DF:DF:EE:00:00:04,-55
BLE,1703216195252342894,D3:F4:55:AB:96:20,-63
BLE,1703216195445934778,D3:F4:55:AB:96:20,-60
BLE,1703216195750342958,DF:DF:EE:00:00:04,-55
BLE,1703216195836404240,D3:F4:55:AB:96:20,-62
BLE,1703216196212750765,DF:DF:EE:00:00:04,-53
BLE,1703216196413880408,D3:F4:55:AB:96:20,-60
BLE,1703216196603821058,D3:F4:55:AB:96:20,-63
BLE,1703216196754042470,DF:DF:EE:00:00:04,-55
BLE,1703216196797694650,D3:F4:55:AB:96:20,-46
BLE,1703216196990793369,D3:F4:55:AB:96:20,-64
BLE,1703216197211733548,DF:DF:EE:00:00:04,-51
BLE,1703216197379552798,D3:F4:55:AB:96:20,-64
BLE,1703216197380887750,D3:F4:55:AB:96:20,-60
BLE,1703216197572520726,D3:F4:55:AB:96:20,-47
BLE,1703216197753323334,DF:DF:EE:00:00:04,-55
BLE,1703216198147678988,D3:F4:55:AB:96:20,-62
BLE,1703216198208458591,DF:DF:EE:00:00:04,-53
BLE,1703216198530396151,D3:F4:55:AB:96:20,-61
BLE,1703216198720652800,D3:F4:55:AB:96:20,-62
BLE,1703216198747056391,DF:DF:EE:00:00:04,-53
BLE,1703216198907375590,D3:F4:55:AB:96:20,-64
BLE,1703216198988944017,DF:A6:DC:DC:2E:81,-72
BLE,1703216198988969975,DF:DF:EE:00:00:01,-72
BLE,1703216199677578771,D3:F4:55:AB:96:20,-61
BLE,1703216200060132894,D3:F4:55:AB:96:20,-46
BLE,1703216200208921062,DF:DF:EE:00:00:04,-53
BLE,1703216200450131275,D3:F4:55:AB:96:20,-62
BLE,1703216200641535044,D3:F4:55:AB:96:20,-67
BLE,1703216200749735935,DF:DF:EE:00:00:04,-53
BLE,1703216200838570954,D3:F4:55:AB:96:20,-64
BLE,1703216201035598156,D3:F4:55:AB:96:20,-62
BLE,1703216201214569731,DF:DF:EE:00:00:04,-55
BLE,1703216201221363326,D3:F4:55:AB:96:20,-64
BLE,1703216201610858959,D3:F4:55:AB:96:20,-61
BLE,1703216201753510071,DF:DF:EE:00:00:04,-55
BLE,1703216201804330219,D3:F4:55:AB:96:20,-62
BLE,1703216202209318241,DF:DF:EE:00:00:04,-56
BLE,1703216202380857266,D3:F4:55:AB:96:20,-61
BLE,1703216202576612140,D3:F4:55:AB:96:20,-64
BLE,1703216202768531407,D3:F4:55:AB:96:20,-62
BLE,1703216202958413558,D3:F4:55:AB:96:20,-65
BLE,1703216203216886194,DF:DF:EE:00:00:04,-58
BLE,1703216203344636539,D3:F4:55:AB:96:20,-62
BLE,1703216203535920559,D3:F4:55:AB:96:20,-62
BLE,1703216203752960255,DF:DF:EE:00:00:04,-56
BLE,1703216204110181657,D3:F4:55:AB:96:20,-60
BLE,1703216204493498526,D3:F4:55:AB:96:20,-61
BLE,1703216204683690009,D3:F4:55:AB:96:20,-63
BLE,1703216204750205503,DF:DF:EE:00:00:04,-56
BLE,1703216205208694536,DF:DF:EE:00:00:04,-54
BLE,1703216205646182913,D3:F4:55:AB:96:20,-63
BLE,1703216205754369555,DF:DF:EE:00:00:04,-55
BLE,1703216205838035305,D3:F4:55:AB:96:20,-50
BLE,1703216206754107625,DF:DF:EE:00:00:04,-70
BLE,1703216206795882897,D3:F4:55:AB:96:20,-75
BLE,1703216206984017764,D3:F4:55:AB:96:20,-65
BLE,1703216207172675587,D3:F4:55:AB:96:20,-61
BLE,1703216207208970383,DF:DF:EE:00:00:04,-53
BLE,1703216207367746840,D3:F4:55:AB:96:20,-66
BLE,1703216207560978309,D3:F4:55:AB:96:20,-63
BLE,1703216207749715923,DF:DF:EE:00:00:04,-54
BLE,1703216207941224400,D3:F4:55:AB:96:20,-63
BLE,1703216208032954407,DF:A6:DC:DC:2E:81,-73
BLE,1703216208032988406,DF:DF:EE:00:00:01,-73
BLE,1703216208132075213,D3:F4:55:AB:96:20,-64
BLE,1703216208211162860,DF:DF:EE:00:00:04,-55
BLE,1703216208516681910,D3:F4:55:AB:96:20,-65
BLE,1703216208909219238,D3:F4:55:AB:96:20,-62
BLE,1703216209034548636,DF:A6:DC:DC:2E:81,-73
BLE,1703216209034582344,DF:DF:EE:00:00:01,-73
BLE,1703216209667233515,D3:F4:55:AB:96:20,-60
BLE,1703216209746314120,DF:DF:EE:00:00:04,-55
BLE,1703216210039606766,DF:A6:DC:DC:2E:81,-57
BLE,1703216210039639308,DF:DF:EE:00:00:01,-57
BLE,1703216210059719051,D3:F4:55:AB:96:20,-62
BLE,1703216210206457895,DF:DF:EE:00:00:04,-54
BLE,1703216210448497563,D3:F4:55:AB:96:20,-64
BLE,1703216210646187720,D3:F4:55:AB:96:20,-62
BLE,1703216210755058650,DF:DF:EE:00:00:04,-55
BLE,1703216210831534642,D3:F4:55:AB:96:20,-65
BLE,1703216211027905055,D3:F4:55:AB:96:20,-62
BLE,1703216211040141250,DF:A6:DC:DC:2E:81,-70
BLE,1703216211040169834,DF:DF:EE:00:00:01,-70
BLE,1703216211214191764,DF:DF:EE:00:00:04,-53
BLE,1703216211412083337,D3:F4:55:AB:96:20,-62
BLE,1703216211604244686,D3:F4:55:AB:96:20,-62
BLE,1703216212042185853,DF:A6:DC:DC:2E:81,-72
BLE,1703216212042219394,DF:DF:EE:00:00:01,-72
BLE,1703216212375327196,D3:F4:55:AB:96:20,-62
BLE,1703216212563725645,D3:F4:55:AB:96:20,-64
BLE,1703216212761790135,D3:F4:55:AB:96:20,-62
BLE,1703216213048973517,DF:A6:DC:DC:2E:81,-58
BLE,1703216213049004350,DF:DF:EE:00:00:01,-58
BLE,1703216213147184745,D3:F4:55:AB:96:20,-64
BLE,1703216213207260018,DF:DF:EE:00:00:04,-55
BLE,1703216213344860694,D3:F4:55:AB:96:20,-63
BLE,1703216213531600484,D3:F4:55:AB:96:20,-64
BLE,1703216214047416510,DF:A6:DC:DC:2E:81,-73
BLE,1703216214047450135,DF:DF:EE:00:00:01,-73
BLE,1703216214215611717,DF:DF:EE:00:00:04,-53
BLE,1703216214498572368,D3:F4:55:AB:96:20,-64
BLE,1703216214695679778,D3:F4:55:AB:96:20,-62
BLE,1703216214748394542,DF:DF:EE:00:00:04,-53
BLE,1703216214891943692,D3:F4:55:AB:96:20,-61
BLE,1703216215054464715,DF:A6:DC:DC:2E:81,-73
BLE,1703216215054498215,DF:DF:EE:00:00:01,-73
BLE,1703216215084789955,D3:F4:55:AB:96:20,-64
BLE,1703216215278993211,D3:F4:55:AB:96:20,-63
BLE,1703216215472334930,D3:F4:55:AB:96:20,-60
BLE,1703216216047356109,D3:F4:55:AB:96:20,-62
BLE,1703216216053830705,DF:A6:DC:DC:2E:81,-73
BLE,1703216216053884204,DF:DF:EE:00:00:01,-73
BLE,1703216216240304996,D3:F4:55:AB:96:20,-61
BLE,1703216216622895951,D3:F4:55:AB:96:20,-61
BLE,1703216216818507743,D3:F4:55:AB:96:20,-66
BLE,1703216217061696906,DF:A6:DC:DC:2E:81,-73
BLE,1703216217061732822,DF:DF:EE:00:00:01,-73
BLE,1703216217755804510,DF:DF:EE:00:00:04,-71
BLE,1703216217966624901,D3:F4:55:AB:96:20,-65
BLE,1703216218157000383,D3:F4:55:AB:96:20,-61
BLE,1703216218213877212,DF:DF:EE:00:00:04,-65
BLE,1703216218343587090,D3:F4:55:AB:96:20,-50
BLE,1703216218542971823,D3:F4:55:AB:96:20,-63
BLE,1703216218735197797,D3:F4:55:AB:96:20,-61
BLE,1703216218749108485,DF:DF:EE:00:00:04,-54
BLE,1703216219121887860,D3:F4:55:AB:96:20,-60
BLE,1703216219209223052,DF:DF:EE:00:00:04,-55
BLE,1703216219693321762,D3:F4:55:AB:96:20,-78
BLE,1703216220070109536,DF:A6:DC:DC:2E:81,-73
BLE,1703216220070147702,DF:DF:EE:00:00:01,-73
BLE,1703216220079905450,D3:F4:55:AB:96:20,-64
BLE,1703216220208748124,DF:DF:EE:00:00:04,-40
BLE,1703216220269755518,D3:F4:55:AB:96:20,-61
BLE,1703216220658088240,D3:F4:55:AB:96:20,-63
BLE,1703216220849422009,D3:F4:55:AB:96:20,-61
BLE,1703216221039318702,D3:F4:55:AB:96:20,-63
BLE,1703216221233926956,D3:F4:55:AB:96:20,-60
BLE,1703216221423966148,D3:F4:55:AB:96:20,-62
BLE,1703216221611277352,D3:F4:55:AB:96:20,-64
BLE,1703216221749850941,DF:DF:EE:00:00:04,-53
BLE,1703216221805415109,D3:F4:55:AB:96:20,-63
BLE,1703216222212378914,DF:DF:EE:00:00:04,-55
BLE,1703216222382796194,D3:F4:55:AB:96:20,-62
BLE,1703216222578717901,D3:F4:55:AB:96:20,-66
BLE,1703216222967085331,D3:F4:55:AB:96:20,-62
BLE,1703216223088974994,DF:A6:DC:DC:2E:81,-73
BLE,1703216223089012869,DF:DF:EE:00:00:01,-73
BLE,1703216223356630964,D3:F4:55:AB:96:20,-63
BLE,1703216223748730710,DF:DF:EE:00:00:04,-53
BLE,1703216224096603988,DF:A6:DC:DC:2E:81,-73
BLE,1703216224096640571,DF:DF:EE:00:00:01,-73
BLE,1703216224133967488,D3:F4:55:AB:96:20,-46
BLE,1703216224708528835,D3:F4:55:AB:96:20,-63
BLE,1703216224903877045,D3:F4:55:AB:96:20,-60
BLE,1703216225097627137,D3:F4:55:AB:96:20,-64
BLE,1703216225481355462,D3:F4:55:AB:96:20,-66
BLE,1703216225675193470,D3:F4:55:AB:96:20,-63
BLE,1703216225748139103,DF:DF:EE:00:00:04,-53
BLE,1703216225864289291,D3:F4:55:AB:96:20,-65
BLE,1703216226055549686,D3:F4:55:AB:96:20,-63
BLE,1703216226104005678,DF:A6:DC:DC:2E:81,-73
BLE,1703216226104037594,DF:DF:EE:00:00:01,-73
BLE,1703216226244398383,D3:F4:55:AB:96:20,-65
BLE,1703216226631626485,D3:F4:55:AB:96:20,-62
BLE,1703216226749834706,DF:DF:EE:00:00:04,-56
BLE,1703216226823548043,D3:F4:55:AB:96:20,-63
BLE,1703216227013964234,D3:F4:55:AB:96:20,-60
BLE,1703216227111514922,DF:A6:DC:DC:2E:81,-73
BLE,1703216227111541714,DF:DF:EE:00:00:01,-73
BLE,1703216227405131068,D3:F4:55:AB:96:20,-62
BLE,1703216227593340726,D3:F4:55:AB:96:20,-66
BLE,1703216227750088275,DF:DF:EE:00:00:04,-53
BLE,1703216227783290377,D3:F4:55:AB:96:20,-60
BLE,1703216228111059494,DF:A6:DC:DC:2E:81,-74
BLE,1703216228111122702,DF:DF:EE:00:00:01,-74
BLE,1703216228211745960,DF:DF:EE:00:00:04,-55
BLE,1703216228357849391,D3:F4:55:AB:96:20,-64
BLE,1703216228552540270,D3:F4:55:AB:96:20,-62
BLE,1703216228744305746,DF:DF:EE:00:00:04,-54
BLE,1703216228935521474,D3:F4:55:AB:96:20,-63
BLE,1703216229124486004,D3:F4:55:AB:96:20,-64
BLE,1703216229207590216,DF:DF:EE:00:00:04,-55
BLE,1703216229511603981,D3:F4:55:AB:96:20,-62
BLE,1703216229704766326,D3:F4:55:AB:96:20,-62
BLE,1703216229746583597,DF:DF:EE:00:00:04,-54
BLE,1703216229890308912,D3:F4:55:AB:96:20,-63
BLE,1703216230081785265,D3:F4:55:AB:96:20,-62
BLE,1703216230272368371,D3:F4:55:AB:96:20,-64
BLE,1703216230651572550,D3:F4:55:AB:96:20,-65
BLE,1703216230745408672,DF:DF:EE:00:00:04,-53
BLE,1703216230848287670,D3:F4:55:AB:96:20,-67
BLE,1703216231043271007,D3:F4:55:AB:96:20,-60
BLE,1703216231209143931,DF:DF:EE:00:00:04,-55
BLE,1703216231428420409,D3:F4:55:AB:96:20,-61
BLE,1703216231621236464,D3:F4:55:AB:96:20,-65
BLE,1703216231748756268,DF:DF:EE:00:00:04,-55
BLE,1703216231814262309,D3:F4:55:AB:96:20,-46
BLE,1703216232004504833,D3:F4:55:AB:96:20,-63
BLE,1703216232137544363,DF:A6:DC:DC:2E:81,-73
BLE,1703216232137567738,DF:DF:EE:00:00:01,-73
BLE,1703216232199956084,D3:F4:55:AB:96:20,-62
BLE,1703216232214163312,DF:DF:EE:00:00:04,-54
BLE,1703216232393107595,D3:F4:55:AB:96:20,-61
BLE,1703216232745883726,DF:DF:EE:00:00:04,-54
BLE,1703216232784722886,D3:F4:55:AB:96:20,-62
BLE,1703216232970784720,D3:F4:55:AB:96:20,-64
BLE,1703216233164897102,D3:F4:55:AB:96:20,-63
BLE,1703216233214353673,DF:DF:EE:00:00:04,-41
BLE,1703216233355002127,D3:F4:55:AB:96:20,-64
BLE,1703216233743032267,D3:F4:55:AB:96:20,-60
BLE,1703216233746260252,DF:DF:EE:00:00:04,-39
BLE,1703216233938165144,D3:F4:55:AB:96:20,-64
BLE,1703216234132212110,D3:F4:55:AB:96:20,-64
BLE,1703216234211968295,DF:DF:EE:00:00:04,-54
BLE,1703216234319049399,D3:F4:55:AB:96:20,-64
BLE,1703216234508565593,D3:F4:55:AB:96:20,-62
BLE,1703216234701916770,D3:F4:55:AB:96:20,-50
BLE,1703216234750207846,DF:DF:EE:00:00:04,-54
BLE,1703216234898345225,D3:F4:55:AB:96:20,-63
BLE,1703216235279229064,D3:F4:55:AB:96:20,-62
BLE,1703216235666791956,D3:F4:55:AB:96:20,-63
BLE,1703216235857997642,D3:F4:55:AB:96:20,-60
BLE,1703216236049352953,D3:F4:55:AB:96:20,-64
BLE,1703216236160946121,DF:A6:DC:DC:2E:81,-74
BLE,1703216236160992454,DF:DF:EE:00:00:01,-74
BLE,1703216236212123600,DF:DF:EE:00:00:04,-53
BLE,1703216236434174941,D3:F4:55:AB:96:20,-70
BLE,1703216236624695547,D3:F4:55:AB:96:20,-62
BLE,1703216236815009279,D3:F4:55:AB:96:20,-62
BLE,1703216237169629235,DF:A6:DC:DC:2E:81,-73
BLE,1703216237169686526,DF:DF:EE:00:00:01,-73
BLE,1703216237195833910,D3:F4:55:AB:96:20,-63
BLE,1703216237383219113,D3:F4:55:AB:96:20,-64
BLE,1703216238154501873,D3:F4:55:AB:96:20,-61
BLE,1703216238168144228,DF:A6:DC:DC:2E:81,-74
BLE,1703216238168158436,DF:DF:EE:00:00:01,-74
BLE,1703216238208913546,DF:DF:EE:00:00:04,-56
BLE,1703216238344483398,D3:F4:55:AB:96:20,-62
BLE,1703216238530144318,D3:F4:55:AB:96:20,-65
BLE,1703216238725174154,D3:F4:55:AB:96:20,-63
BLE,1703216238746044019,DF:DF:EE:00:00:04,-55
BLE,1703216239172999443,DF:A6:DC:DC:2E:81,-72
BLE,1703216239173039359,DF:DF:EE:00:00:01,-72
BLE,1703216239204531260,DF:DF:EE:00:00:04,-54
BLE,1703216239310284162,D3:F4:55:AB:96:20,-63
BLE,1703216239497160702,D3:F4:55:AB:96:20,-64
BLE,1703216239695291566,D3:F4:55:AB:96:20,-62
BLE,1703216239752191269,DF:DF:EE:00:00:04,-54
BLE,1703216240269887663,D3:F4:55:AB:96:20,-62
BLE,1703216240656970640,D3:F4:55:AB:96:20,-63
BLE,1703216240752072673,DF:DF:EE:00:00:04,-57
BLE,1703216241185236361,DF:A6:DC:DC:2E:81,-73
BLE,1703216241185272652,DF:DF:EE:00:00:01,-73
BLE,1703216241213413110,DF:DF:EE:00:00:04,-53
BLE,1703216241236930963,D3:F4:55:AB:96:20,-61
BLE,1703216241427576736,D3:F4:55:AB:96:20,-64
BLE,1703216241620136374,D3:F4:55:AB:96:20,-46
BLE,1703216241751859660,DF:DF:EE:00:00:04,-54
BLE,1703216241997617061,D3:F4:55:AB:96:20,-64
BLE,1703216242190903655,DF:A6:DC:DC:2E:81,-73
BLE,1703216242190972113,DF:DF:EE:00:00:01,-73
BLE,1703216242213357388,DF:DF:EE:00:00:04,-72
BLE,1703216242390861095,D3:F4:55:AB:96:20,-63
BLE,1703216242777038493,D3:F4:55:AB:96:20,-63
BLE,1703216242970014880,D3:F4:55:AB:96:20,-61
BLE,1703216243159633532,D3:F4:55:AB:96:20,-63
BLE,1703216243189257274,DF:A6:DC:DC:2E:81,-73
BLE,1703216243189286816,DF:DF:EE:00:00:01,-73
BLE,1703216243734715252,D3:F4:55:AB:96:20,-62
BLE,1703216243751389135,DF:DF:EE:00:00:04,-53
BLE,1703216243926666310,D3:F4:55:AB:96:20,-64
BLE,1703216244118564118,D3:F4:55:AB:96:20,-62
BLE,1703216244208648091,DF:DF:EE:00:00:04,-54
BLE,1703216245211558981,DF:DF:EE:00:00:04,-53
BLE,1703216245280892587,D3:F4:55:AB:96:20,-64
BLE,1703216245469936659,D3:F4:55:AB:96:20,-62
BLE,1703216245664209748,D3:F4:55:AB:96:20,-64
BLE,1703216245750414404,DF:DF:EE:00:00:04,-53
BLE,1703216245857144719,D3:F4:55:AB:96:20,-63
BLE,1703216246202382800,DF:A6:DC:DC:2E:81,-90
BLE,1703216246202433716,DF:DF:EE:00:00:01,-90
BLE,1703216246247571556,D3:F4:55:AB:96:20,-64
BLE,1703216246442214769,D3:F4:55:AB:96:20,-63
BLE,1703216246821996404,D3:F4:55:AB:96:20,-63
BLE,1703216247205532272,D3:F4:55:AB:96:20,-62
BLE,1703216247401856353,D3:F4:55:AB:96:20,-46
BLE,1703216247596651856,D3:F4:55:AB:96:20,-66
BLE,1703216247786349383,D3:F4:55:AB:96:20,-46
BLE,1703216247981374844,D3:F4:55:AB:96:20,-66
BLE,1703216248205466884,DF:DF:EE:00:00:04,-53
BLE,1703216248220073860,DF:A6:DC:DC:2E:81,-73
BLE,1703216248220101610,DF:DF:EE:00:00:01,-73
BLE,1703216248371751307,D3:F4:55:AB:96:20,-62
BLE,1703216248567149391,D3:F4:55:AB:96:20,-64
BLE,1703216249210830263,DF:DF:EE:00:00:04,-55
BLE,1703216249225508239,DF:A6:DC:DC:2E:81,-72
BLE,1703216249225540447,DF:DF:EE:00:00:01,-72
BLE,1703216249752417966,DF:DF:EE:00:00:04,-57
BLE,1703216250111829400,D3:F4:55:AB:96:20,-62
BLE,1703216250209752837,DF:DF:EE:00:00:04,-37
BLE,1703216250299466478,D3:F4:55:AB:96:20,-64
BLE,1703216250494811979,D3:F4:55:AB:96:20,-47
BLE,1703216250687664200,D3:F4:55:AB:96:20,-61
BLE,1703216250749527965,DF:DF:EE:00:00:04,-53
BLE,1703216250882408163,D3:F4:55:AB:96:20,-69
BLE,1703216251076795294,D3:F4:55:AB:96:20,-63
BLE,1703216251747764460,DF:DF:EE:00:00:04,-56
BLE,1703216251839717340,D3:F4:55:AB:96:20,-62
BLE,1703216252224287870,D3:F4:55:AB:96:20,-62
BLE,1703216252241536585,DF:A6:DC:DC:2E:81,-72
BLE,1703216252241567210,DF:DF:EE:00:00:01,-72
BLE,1703216252409859290,D3:F4:55:AB:96:20,-63
BLE,1703216252601666099,D3:F4:55:AB:96:20,-46
BLE,1703216253246215550,DF:A6:DC:DC:2E:81,-73
BLE,1703216253246264050,DF:DF:EE:00:00:01,-73
BLE,1703216253379582079,D3:F4:55:AB:96:20,-64
BLE,1703216253576841947,D3:F4:55:AB:96:20,-62
BLE,1703216254152193874,D3:F4:55:AB:96:20,-62
BLE,1703216254251692012,DF:A6:DC:DC:2E:81,-73
BLE,1703216254251727387,DF:DF:EE:00:00:01,-73
BLE,1703216254345465135,D3:F4:55:AB:96:20,-69
BLE,1703216254543657582,D3:F4:55:AB:96:20,-63
BLE,1703216254926812952,D3:F4:55:AB:96:20,-62
BLE,1703216255122732950,D3:F4:55:AB:96:20,-62
BLE,1703216255124232944,D3:F4:55:AB:96:20,-61
BLE,1703216255209874019,DF:DF:EE:00:00:04,-54
BLE,1703216255313567889,D3:F4:55:AB:96:20,-64
BLE,1703216255744543836,DF:DF:EE:00:00:04,-53
BLE,1703216256084660524,D3:F4:55:AB:96:20,-62
BLE,1703216256262542103,DF:A6:DC:DC:2E:81,-74
BLE,1703216256262587436,DF:DF:EE:00:00:01,-74
BLE,1703216256662338774,D3:F4:55:AB:96:20,-50
BLE,1703216256747159186,DF:DF:EE:00:00:04,-56
BLE,1703216256858641188,D3:F4:55:AB:96:20,-63
BLE,1703216257206691339,DF:DF:EE:00:00:04,-53
BLE,1703216257245030751,D3:F4:55:AB:96:20,-62
BLE,1703216257266141449,DF:A6:DC:DC:2E:81,-73
BLE,1703216257266169824,DF:DF:EE:00:00:01,-73
BLE,1703216257435249109,D3:F4:55:AB:96:20,-60
BLE,1703216257750582449,DF:DF:EE:00:00:04,-56
BLE,1703216258012922401,D3:F4:55:AB:96:20,-64
BLE,1703216258205476206,DF:DF:EE:00:00:04,-53
BLE,1703216258268527008,DF:A6:DC:DC:2E:81,-71
BLE,1703216258268567174,DF:DF:EE:00:00:01,-71
BLE,1703216258395154858,D3:F4:55:AB:96:20,-65
BLE,1703216258750813809,DF:DF:EE:00:00:04,-56
BLE,1703216258773568291,D3:F4:55:AB:96:20,-63
BLE,1703216258959229919,D3:F4:55:AB:96:20,-50
BLE,1703216259152066973,D3:F4:55:AB:96:20,-63
BLE,1703216259274794924,DF:A6:DC:DC:2E:81,-60
BLE,1703216259274814049,DF:DF:EE:00:00:01,-60
BLE,1703216259747311853,DF:DF:EE:00:00:04,-53
BLE,1703216260211851442,DF:DF:EE:00:00:04,-56
BLE,1703216260508149617,D3:F4:55:AB:96:20,-62
BLE,1703216261082238758,D3:F4:55:AB:96:20,-60
BLE,1703216261212567384,DF:DF:EE:00:00:04,-54
BLE,1703216261467679285,D3:F4:55:AB:96:20,-60
BLE,1703216261660195299,D3:F4:55:AB:96:20,-64
BLE,1703216261750697436,DF:DF:EE:00:00:04,-53
BLE,1703216261857472625,D3:F4:55:AB:96:20,-63
BLE,1703216262044414372,D3:F4:55:AB:96:20,-65
BLE,1703216262204958904,DF:DF:EE:00:00:04,-54
BLE,1703216262238750587,D3:F4:55:AB:96:20,-47
BLE,1703216262288640530,DF:A6:DC:DC:2E:81,-61
BLE,1703216262288670905,DF:DF:EE:00:00:01,-61
BLE,1703216262431556474,D3:F4:55:AB:96:20,-60
BLE,1703216262748685348,DF:DF:EE:00:00:04,-54
BLE,1703216262823272556,D3:F4:55:AB:96:20,-63
BLE,1703216263206892715,D3:F4:55:AB:96:20,-63
BLE,1703216263400442433,D3:F4:55:AB:96:20,-62
BLE,1703216263745386682,DF:DF:EE:00:00:04,-55
BLE,1703216263977687185,D3:F4:55:AB:96:20,-65
BLE,1703216264170751197,D3:F4:55:AB:96:20,-62
BLE,1703216264203077386,DF:DF:EE:00:00:04,-54
BLE,1703216264358131984,D3:F4:55:AB:96:20,-64
BLE,1703216264557464884,D3:F4:55:AB:96:20,-62
BLE,1703216264745085837,DF:DF:EE:00:00:04,-53
BLE,1703216264748548488,D3:F4:55:AB:96:20,-62
BLE,1703216265141633230,D3:F4:55:AB:96:20,-62
BLE,1703216265207021188,DF:DF:EE:00:00:04,-56
BLE,1703216265303275549,DF:A6:DC:DC:2E:81,-73
BLE,1703216265303312257,DF:DF:EE:00:00:01,-73
BLE,1703216265715211498,D3:F4:55:AB:96:20,-61
BLE,1703216265910771791,D3:F4:55:AB:96:20,-66
BLE,1703216266208187877,DF:DF:EE:00:00:04,-54
BLE,1703216266292392001,D3:F4:55:AB:96:20,-64
BLE,1703216266490821405,D3:F4:55:AB:96:20,-63
BLE,1703216266748279337,DF:DF:EE:00:00:04,-53
BLE,1703216267067497534,D3:F4:55:AB:96:20,-60
BLE,1703216267204402422,DF:DF:EE:00:00:04,-56
BLE,1703216267643725624,D3:F4:55:AB:96:20,-64
BLE,1703216267748607530,DF:DF:EE:00:00:04,-56
BLE,1703216267834473646,D3:F4:55:AB:96:20,-61
BLE,1703216268024484588,D3:F4:55:AB:96:20,-65
BLE,1703216268213383077,DF:DF:EE:00:00:04,-53
BLE,1703216268222480828,D3:F4:55:AB:96:20,-63
BLE,1703216268605816864,D3:F4:55:AB:96:20,-62
BLE,1703216269185113731,D3:F4:55:AB:96:20,-62
BLE,1703216269211382197,DF:DF:EE:00:00:04,-57
BLE,1703216269759074540,D3:F4:55:AB:96:20,-65
BLE,1703216269950836640,D3:F4:55:AB:96:20,-47
BLE,1703216270145702186,D3:F4:55:AB:96:20,-65
BLE,1703216270208467530,DF:DF:EE:00:00:04,-53
BLE,1703216270324898718,DF:A6:DC:DC:2E:81,-74
BLE,1703216270324932634,DF:DF:EE:00:00:01,-74
BLE,1703216270337073122,D3:F4:55:AB:96:20,-67
BLE,1703216270527609353,D3:F4:55:AB:96:20,-64
BLE,1703216270920911886,D3:F4:55:AB:96:20,-62
BLE,1703216271110457871,D3:F4:55:AB:96:20,-64
BLE,1703216271204585909,DF:DF:EE:00:00:04,-54
BLE,1703216271306298412,D3:F4:55:AB:96:20,-78
BLE,1703216271332983043,DF:A6:DC:DC:2E:81,-74
BLE,1703216271333009460,DF:DF:EE:00:00:01,-74
BLE,1703216271499128425,D3:F4:55:AB:96:20,-60
BLE,1703216271745748822,DF:DF:EE:00:00:04,-40
BLE,1703216271881126258,D3:F4:55:AB:96:20,-62
BLE,1703216272077056716,D3:F4:55:AB:96:20,-64
BLE,1703216272210571743,DF:DF:EE:00:00:04,-53
BLE,1703216272337870174,DF:A6:DC:DC:2E:81,-74
BLE,1703216272337914049,DF:DF:EE:00:00:01,-74
BLE,1703216272467179721,D3:F4:55:AB:96:20,-62
BLE,1703216272744803729,DF:DF:EE:00:00:04,-56
BLE,1703216272855936399,D3:F4:55:AB:96:20,-62
BLE,1703216273207892409,DF:DF:EE:00:00:04,-55
BLE,1703216273346796954,DF:A6:DC:DC:2E:81,-71
BLE,1703216273346836579,DF:DF:EE:00:00:01,-71
BLE,1703216273437798172,D3:F4:55:AB:96:20,-60
BLE,1703216273628616277,D3:F4:55:AB:96:20,-64
BLE,1703216273744546217,DF:DF:EE:00:00:04,-53
BLE,1703216274199792056,D3:F4:55:AB:96:20,-46
BLE,1703216274207323148,DF:DF:EE:00:00:04,-55
BLE,1703216274350453924,DF:A6:DC:DC:2E:81,-73
BLE,1703216274350492841,DF:DF:EE:00:00:01,-73
BLE,1703216274388788628,D3:F4:55:AB:96:20,-63
BLE,1703216274576684787,D3:F4:55:AB:96:20,-64
BLE,1703216274747521898,DF:DF:EE:00:00:04,-56
BLE,1703216274967602748,D3:F4:55:AB:96:20,-61
BLE,1703216275206244514,DF:DF:EE:00:00:04,-54
BLE,1703216275353685479,D3:F4:55:AB:96:20,-62
BLE,1703216275548602358,D3:F4:55:AB:96:20,-61
BLE,1703216275738552675,D3:F4:55:AB:96:20,-63
BLE,1703216275746792346,DF:DF:EE:00:00:04,-53
BLE,1703216276119396347,D3:F4:55:AB:96:20,-63
BLE,1703216276310143286,D3:F4:55:AB:96:20,-66
BLE,1703216276366056869,DF:A6:DC:DC:2E:81,-72
BLE,1703216276366084119,DF:DF:EE:00:00:01,-72
BLE,1703216276749921027,DF:DF:EE:00:00:04,-55
BLE,1703216276889786818,D3:F4:55:AB:96:20,-78
BLE,1703216277272297691,D3:F4:55:AB:96:20,-64
BLE,1703216278044672696,D3:F4:55:AB:96:20,-60
BLE,1703216278236989502,D3:F4:55:AB:96:20,-62
BLE,1703216278376636586,DF:A6:DC:DC:2E:81,-73
BLE,1703216278376670169,DF:DF:EE:00:00:01,-73
BLE,1703216278425254369,D3:F4:55:AB:96:20,-64
BLE,1703216278747297137,DF:DF:EE:00:00:04,-54
BLE,1703216279000150714,D3:F4:55:AB:96:20,-62
BLE,1703216279190054282,D3:F4:55:AB:96:20,-64
BLE,1703216279207235622,DF:DF:EE:00:00:04,-53
BLE,1703216279580851743,D3:F4:55:AB:96:20,-62
BLE,1703216279748412868,DF:DF:EE:00:00:04,-53
BLE,1703216280208821934,DF:DF:EE:00:00:04,-55
BLE,1703216280347579772,D3:F4:55:AB:96:20,-62
BLE,1703216280542828274,D3:F4:55:AB:96:20,-61
BLE,1703216280732897424,D3:F4:55:AB:96:20,-63
BLE,1703216280749565100,DF:DF:EE:00:00:04,-54
BLE,1703216280921370081,D3:F4:55:AB:96:20,-65
BLE,1703216281394042259,DF:A6:DC:DC:2E:81,-73
BLE,1703216281394096467,DF:DF:EE:00:00:01,-73
BLE,1703216281490439495,D3:F4:55:AB:96:20,-61
BLE,1703216281683550715,D3:F4:55:AB:96:20,-50
BLE,1703216282264041619,D3:F4:55:AB:96:20,-62
BLE,1703216282457227088,D3:F4:55:AB:96:20,-62
BLE,1703216282840151667,D3:F4:55:AB:96:20,-61
BLE,1703216283032349474,D3:F4:55:AB:96:20,-64
BLE,1703216283206575904,DF:DF:EE:00:00:04,-54
BLE,1703216283229808341,D3:F4:55:AB:96:20,-62
BLE,1703216283420286031,D3:F4:55:AB:96:20,-50
BLE,1703216283811103742,D3:F4:55:AB:96:20,-61
BLE,1703216284001530099,D3:F4:55:AB:96:20,-64
BLE,1703216284191576207,D3:F4:55:AB:96:20,-62
BLE,1703216284573991455,D3:F4:55:AB:96:20,-61
BLE,1703216284961583680,D3:F4:55:AB:96:20,-63
BLE,1703216285203125892,DF:DF:EE:00:00:04,-54
BLE,1703216285337614249,D3:F4:55:AB:96:20,-62
BLE,1703216285422798660,DF:A6:DC:DC:2E:81,-75
BLE,1703216285422839701,DF:DF:EE:00:00:01,-75
BLE,1703216285714739229,D3:F4:55:AB:96:20,-50
BLE,1703216285908816820,D3:F4:55:AB:96:20,-68
BLE,1703216286103588532,D3:F4:55:AB:96:20,-46
BLE,1703216286295496715,D3:F4:55:AB:96:20,-64
BLE,1703216286428493412,DF:A6:DC:DC:2E:81,-73
BLE,1703216286428531120,DF:DF:EE:00:00:01,-73
BLE,1703216286488238978,D3:F4:55:AB:96:20,-62
BLE,1703216286747336320,DF:DF:EE:00:00:04,-53
BLE,1703216286865391625,D3:F4:55:AB:96:20,-61
BLE,1703216287204447151,DF:DF:EE:00:00:04,-54
BLE,1703216287256043170,D3:F4:55:AB:96:20,-63
BLE,1703216287431218095,DF:A6:DC:DC:2E:81,-70
BLE,1703216287431279845,DF:DF:EE:00:00:01,-70
BLE,1703216287751189956,DF:DF:EE:00:00:04,-55
BLE,1703216287835164788,D3:F4:55:AB:96:20,-46
BLE,1703216288031154370,D3:F4:55:AB:96:20,-65
BLE,1703216288211482147,DF:DF:EE:00:00:04,-53
BLE,1703216288748209539,DF:DF:EE:00:00:04,-53
BLE,1703216288803706332,D3:F4:55:AB:96:20,-62
BLE,1703216289442062436,DF:A6:DC:DC:2E:81,-74
BLE,1703216289442117644,DF:DF:EE:00:00:01,-74
BLE,1703216290204344694,DF:DF:EE:00:00:04,-55
BLE,1703216290328600263,D3:F4:55:AB:96:20,-50
BLE,1703216290451304298,DF:A6:DC:DC:2E:81,-57
BLE,1703216290451338464,DF:DF:EE:00:00:01,-57
BLE,1703216290521865565,D3:F4:55:AB:96:20,-62
BLE,1703216291105196040,D3:F4:55:AB:96:20,-62
BLE,1703216291208672202,DF:DF:EE:00:00:04,-54
BLE,1703216291294676151,D3:F4:55:AB:96:20,-64
BLE,1703216291459117499,DF:A6:DC:DC:2E:81,-72
BLE,1703216291459150416,DF:DF:EE:00:00:01,-72
BLE,1703216291488791866,D3:F4:55:AB:96:20,-63
BLE,1703216292269367959,D3:F4:55:AB:96:20,-60
BLE,1703216292462628095,DF:A6:DC:DC:2E:81,-74
BLE,1703216292462652095,DF:DF:EE:00:00:01,-74
BLE,1703216292463975089,D3:F4:55:AB:96:20,-65
BLE,1703216292743075216,DF:DF:EE:00:00:04,-55
BLE,1703216292852455185,D3:F4:55:AB:96:20,-62
BLE,1703216293044845950,D3:F4:55:AB:96:20,-64
BLE,1703216293210436292,DF:DF:EE:00:00:04,-54
BLE,1703216293240231034,D3:F4:55:AB:96:20,-63
BLE,1703216293466266440,DF:A6:DC:DC:2E:81,-72
BLE,1703216293466321690,DF:DF:EE:00:00:01,-72
BLE,1703216293745588233,DF:DF:EE:00:00:04,-54
BLE,1703216293806408669,D3:F4:55:AB:96:20,-62
BLE,1703216293992900043,D3:F4:55:AB:96:20,-66
BLE,1703216294204211682,DF:DF:EE:00:00:04,-54
BLE,1703216294381584263,D3:F4:55:AB:96:20,-61
BLE,1703216294575511230,D3:F4:55:AB:96:20,-64
BLE,1703216294753329309,DF:DF:EE:00:00:04,-56
BLE,1703216294958227851,D3:F4:55:AB:96:20,-50
BLE,1703216295149335705,D3:F4:55:AB:96:20,-62
BLE,1703216295210073808,DF:DF:EE:00:00:04,-53
BLE,1703216295343096422,D3:F4:55:AB:96:20,-50
BLE,1703216295536492557,D3:F4:55:AB:96:20,-63
BLE,1703216295726155751,D3:F4:55:AB:96:20,-64
BLE,1703216295917970934,D3:F4:55:AB:96:20,-62
BLE,1703216296213307780,DF:DF:EE:00:00:04,-55
BLE,1703216296481565289,DF:A6:DC:DC:2E:81,-73
BLE,1703216296481609789,DF:DF:EE:00:00:01,-73
BLE,1703216296747169518,DF:DF:EE:00:00:04,-54
BLE,1703216297273390748,D3:F4:55:AB:96:20,-79
BLE,1703216297459406041,D3:F4:55:AB:96:20,-64
BLE,1703216297838039806,D3:F4:55:AB:96:20,-78
BLE,1703216298034487678,D3:F4:55:AB:96:20,-63
BLE,1703216298202527801,DF:DF:EE:00:00:04,-53
BLE,1703216298222501629,D3:F4:55:AB:96:20,-64
BLE,1703216298417981088,D3:F4:55:AB:96:20,-47
BLE,1703216298606695702,D3:F4:55:AB:96:20,-50
BLE,1703216298746133746,DF:DF:EE:00:00:04,-55
BLE,1703216298800006546,D3:F4:55:AB:96:20,-63
BLE,1703216298992589185,D3:F4:55:AB:96:20,-61
BLE,1703216299188845307,D3:F4:55:AB:96:20,-65
BLE,1703216299206488437,DF:DF:EE:00:00:04,-55
BLE,1703216299386903338,D3:F4:55:AB:96:20,-62
BLE,1703216299581745842,D3:F4:55:AB:96:20,-62
BLE,1703216299747515559,DF:DF:EE:00:00:04,-71
BLE,1703216300163041368,D3:F4:55:AB:96:20,-60
BLE,1703216300354725052,D3:F4:55:AB:96:20,-62
BLE,1703216300498191119,DF:A6:DC:DC:2E:81,-74
BLE,1703216300498245452,DF:DF:EE:00:00:01,-74
BLE,1703216300736187680,D3:F4:55:AB:96:20,-80
BLE,1703216300745944428,DF:DF:EE:00:00:04,-53
BLE,1703216300747504129,DF:DF:EE:00:00:04,-53
BLE,1703216301310616736,D3:F4:55:AB:96:20,-60
BLE,1703216301500934885,DF:A6:DC:DC:2E:81,-73
BLE,1703216301500979259,DF:DF:EE:00:00:01,-73
BLE,1703216301502240587,D3:F4:55:AB:96:20,-47
BLE,1703216302205059403,DF:DF:EE:00:00:04,-53
BLE,1703216302503809317,DF:A6:DC:DC:2E:81,-71
BLE,1703216302503850775,DF:DF:EE:00:00:01,-71
BLE,1703216302661046197,D3:F4:55:AB:96:20,-47
BLE,1703216302744765781,DF:DF:EE:00:00:04,-39
BLE,1703216302856444198,D3:F4:55:AB:96:20,-65
BLE,1703216303433137327,D3:F4:55:AB:96:20,-67
BLE,1703216303505673128,DF:A6:DC:DC:2E:81,-73
BLE,1703216303505706336,DF:DF:EE:00:00:01,-73
BLE,1703216303743086108,DF:DF:EE:00:00:04,-55
BLE,1703216303817131485,D3:F4:55:AB:96:20,-63
BLE,1703216304203456674,D3:F4:55:AB:96:20,-63
BLE,1703216304209655897,DF:DF:EE:00:00:04,-54
BLE,1703216304393945531,D3:F4:55:AB:96:20,-60
BLE,1703216304505264325,DF:A6:DC:DC:2E:81,-70
BLE,1703216304505313741,DF:DF:EE:00:00:01,-70
BLE,1703216304779292599,D3:F4:55:AB:96:20,-46
BLE,1703216304972867733,D3:F4:55:AB:96:20,-69
BLE,1703216305550730191,D3:F4:55:AB:96:20,-63
BLE,1703216305740129844,DF:DF:EE:00:00:04,-53
BLE,1703216305936256925,D3:F4:55:AB:96:20,-62
BLE,1703216306131376386,D3:F4:55:AB:96:20,-46
BLE,1703216306321330745,D3:F4:55:AB:96:20,-64
BLE,1703216306703813243,D3:F4:55:AB:96:20,-66
BLE,1703216306902041190,D3:F4:55:AB:96:20,-62
BLE,1703216307088676897,D3:F4:55:AB:96:20,-64
BLE,1703216307212757050,DF:DF:EE:00:00:04,-56
BLE,1703216307668590345,D3:F4:55:AB:96:20,-62
BLE,1703216307749092068,DF:DF:EE:00:00:04,-54
BLE,1703216307861657482,D3:F4:55:AB:96:20,-61
BLE,1703216308439054650,D3:F4:55:AB:96:20,-64
BLE,1703216308517909589,DF:A6:DC:DC:2E:81,-73
BLE,1703216308517930255,DF:DF:EE:00:00:01,-73
BLE,1703216308631695497,D3:F4:55:AB:96:20,-63
BLE,1703216309018013436,D3:F4:55:AB:96:20,-62
BLE,1703216309211849319,DF:DF:EE:00:00:04,-55
BLE,1703216309525475416,DF:A6:DC:DC:2E:81,-70
BLE,1703216309525519124,DF:DF:EE:00:00:01,-70
BLE,1703216309602078574,D3:F4:55:AB:96:20,-63
BLE,1703216309750739076,DF:DF:EE:00:00:04,-54
BLE,1703216309790681272,D3:F4:55:AB:96:20,-64
BLE,1703216310183302891,D3:F4:55:AB:96:20,-62
BLE,1703216310205521125,DF:DF:EE:00:00:04,-56
BLE,1703216310533213201,DF:A6:DC:DC:2E:81,-73
BLE,1703216310533254326,DF:DF:EE:00:00:01,-73
BLE,1703216310561454492,D3:F4:55:AB:96:20,-61
BLE,1703216310741723769,DF:DF:EE:00:00:04,-54
BLE,1703216310753372217,D3:F4:55:AB:96:20,-64
BLE,1703216310942625079,D3:F4:55:AB:96:20,-60
BLE,1703216311203906369,DF:DF:EE:00:00:04,-53
BLE,1703216311334445827,D3:F4:55:AB:96:20,-63
BLE,1703216311528209919,D3:F4:55:AB:96:20,-61
BLE,1703216311538645539,DF:A6:DC:DC:2E:81,-72
BLE,1703216311538672205,DF:DF:EE:00:00:01,-72
BLE,1703216311718356152,D3:F4:55:AB:96:20,-62
BLE,1703216311743314040,DF:DF:EE:00:00:04,-54
BLE,1703216311912659741,D3:F4:55:AB:96:20,-60
BLE,1703216312106104251,D3:F4:55:AB:96:20,-63
BLE,1703216312542331800,DF:A6:DC:DC:2E:81,-72
BLE,1703216312542385258,DF:DF:EE:00:00:01,-72
BLE,1703216312678659982,D3:F4:55:AB:96:20,-62
BLE,1703216312751419157,DF:DF:EE:00:00:04,-55
BLE,1703216313209252651,DF:DF:EE:00:00:04,-53
BLE,1703216313451451651,D3:F4:55:AB:96:20,-62
BLE,1703216313638901355,D3:F4:55:AB:96:20,-66
BLE,1703216314032156929,D3:F4:55:AB:96:20,-62
BLE,1703216314205695195,DF:DF:EE:00:00:04,-54
BLE,1703216314226564477,D3:F4:55:AB:96:20,-46
BLE,1703216314416942250,D3:F4:55:AB:96:20,-63
BLE,1703216314551090776,DF:A6:DC:DC:2E:81,-72
BLE,1703216314551131400,DF:DF:EE:00:00:01,-72
BLE,1703216314608271978,D3:F4:55:AB:96:20,-61
BLE,1703216314750731633,DF:DF:EE:00:00:04,-72
BLE,1703216314990241562,D3:F4:55:AB:96:20,-60
BLE,1703216315204891185,DF:DF:EE:00:00:04,-55
BLE,1703216315563285874,D3:F4:55:AB:96:20,-62
BLE,1703216315749249376,DF:DF:EE:00:00:04,-53
BLE,1703216315759437705,D3:F4:55:AB:96:20,-62
BLE,1703216315949044274,D3:F4:55:AB:96:20,-63
BLE,1703216316142034494,D3:F4:55:AB:96:20,-46
BLE,1703216316524204077,D3:F4:55:AB:96:20,-61
BLE,1703216316743905719,DF:DF:EE:00:00:04,-53
BLE,1703216316909014731,D3:F4:55:AB:96:20,-62
BLE,1703216317102019660,D3:F4:55:AB:96:20,-64
BLE,1703216317208261226,DF:DF:EE:00:00:04,-56
BLE,1703216317746546986,DF:DF:EE:00:00:04,-56
BLE,1703216318202104032,DF:DF:EE:00:00:04,-54
BLE,1703216318441923001,D3:F4:55:AB:96:20,-63
BLE,1703216318573526704,DF:A6:DC:DC:2E:81,-72
BLE,1703216318573566746,DF:DF:EE:00:00:01,-72
BLE,1703216318575207488,DF:A6:DC:DC:2E:81,-74
BLE,1703216318575235738,DF:DF:EE:00:00:01,-74
BLE,1703216318744541856,DF:DF:EE:00:00:04,-53
BLE,1703216319206882039,D3:F4:55:AB:96:20,-62
BLE,1703216319395013906,D3:F4:55:AB:96:20,-64
BLE,1703216319593796183,D3:F4:55:AB:96:20,-62
BLE,1703216319778769648,D3:F4:55:AB:96:20,-64
BLE,1703216319972912780,D3:F4:55:AB:96:20,-62
BLE,1703216320158408408,D3:F4:55:AB:96:20,-64
BLE,1703216320207786604,DF:DF:EE:00:00:04,-53
BLE,1703216320348360517,D3:F4:55:AB:96:20,-61
BLE,1703216320541273613,D3:F4:55:AB:96:20,-64
BLE,1703216320589800188,DF:A6:DC:DC:2E:81,-73
BLE,1703216320589838062,DF:DF:EE:00:00:01,-73
BLE,1703216320738410606,D3:F4:55:AB:96:20,-63
BLE,1703216320748548769,DF:DF:EE:00:00:04,-53
BLE,1703216320932901737,D3:F4:55:AB:96:20,-62
BLE,1703216321121678642,D3:F4:55:AB:96:20,-63
BLE,1703216321203270944,DF:DF:EE:00:00:04,-56
BLE,1703216321311550252,D3:F4:55:AB:96:20,-65
BLE,1703216321699617100,D3:F4:55:AB:96:20,-61
BLE,1703216321893449816,D3:F4:55:AB:96:20,-65
BLE,1703216322202822808,DF:DF:EE:00:00:04,-56
BLE,1703216322278480094,D3:F4:55:AB:96:20,-64
BLE,1703216322471592064,D3:F4:55:AB:96:20,-62
BLE,1703216322667881395,D3:F4:55:AB:96:20,-61
BLE,1703216323211052757,DF:DF:EE:00:00:04,-55
BLE,1703216323633019537,D3:F4:55:AB:96:20,-46
BLE,1703216323751819922,DF:DF:EE:00:00:04,-55
BLE,1703216324010858806,D3:F4:55:AB:96:20,-64
BLE,1703216324201467870,D3:F4:55:AB:96:20,-62
BLE,1703216324205114187,DF:DF:EE:00:00:04,-55
BLE,1703216324585815651,D3:F4:55:AB:96:20,-63
BLE,1703216324773966351,D3:F4:55:AB:96:20,-64
BLE,1703216324966511490,D3:F4:55:AB:96:20,-62
BLE,1703216325203585180,DF:DF:EE:00:00:04,-53
BLE,1703216325351895142,D3:F4:55:AB:96:20,-63
BLE,1703216325729015081,D3:F4:55:AB:96:20,-61
BLE,1703216326205065535,DF:DF:EE:00:00:04,-55
BLE,1703216326313727799,D3:F4:55:AB:96:20,-46
BLE,1703216326617186484,DF:A6:DC:DC:2E:81,-73
BLE,1703216326617228984,DF:DF:EE:00:00:01,-73
BLE,1703216326702162687,D3:F4:55:AB:96:20,-47
BLE,1703216327083471815,D3:F4:55:AB:96:20,-62
BLE,1703216327203385571,DF:DF:EE:00:00:04,-54
BLE,1703216327465106900,D3:F4:55:AB:96:20,-55
BLE,1703216327623811399,DF:A6:DC:DC:2E:81,-72
BLE,1703216327623852565,DF:DF:EE:00:00:01,-72
BLE,1703216327653831056,D3:F4:55:AB:96:20,-64
BLE,1703216327847902147,D3:F4:55:AB:96:20,-62
BLE,1703216328202174229,DF:DF:EE:00:00:04,-55
BLE,1703216328614810342,D3:F4:55:AB:96:20,-47
BLE,1703216328633049511,DF:A6:DC:DC:2E:81,-73
BLE,1703216328633078427,DF:DF:EE:00:00:01,-73
BLE,1703216328802958751,D3:F4:55:AB:96:20,-66
BLE,1703216329185509623,D3:F4:55:AB:96:20,-64
BLE,1703216329209239684,DF:DF:EE:00:00:04,-54
BLE,1703216329573301306,D3:F4:55:AB:96:20,-62
BLE,1703216329631067589,DF:A6:DC:DC:2E:81,-75
BLE,1703216329631103839,DF:DF:EE:00:00:01,-75
BLE,1703216329748216982,DF:DF:EE:00:00:04,-53
BLE,1703216329766171902,D3:F4:55:AB:96:20,-64
BLE,1703216329955878720,D3:F4:55:AB:96:20,-62
BLE,1703216330150484933,D3:F4:55:AB:96:20,-64
BLE,1703216330204937940,DF:DF:EE:00:00:04,-54
BLE,1703216330344884064,D3:F4:55:AB:96:20,-63
BLE,1703216330535360837,D3:F4:55:AB:96:20,-64
BLE,1703216330640565242,DF:A6:DC:DC:2E:81,-73
BLE,1703216330640597575,DF:DF:EE:00:00:01,-73
BLE,1703216330745357231,DF:DF:EE:00:00:04,-56
BLE,1703216331305481643,D3:F4:55:AB:96:20,-62
BLE,1703216331495418669,D3:F4:55:AB:96:20,-62
BLE,1703216331681108505,D3:F4:55:AB:96:20,-64
BLE,1703216331748005414,DF:DF:EE:00:00:04,-53
BLE,1703216332065756160,D3:F4:55:AB:96:20,-65
BLE,1703216332257596594,D3:F4:55:AB:96:20,-63
BLE,1703216332445951293,D3:F4:55:AB:96:20,-64
BLE,1703216332750830888,DF:DF:EE:00:00:04,-55
BLE,1703216332829544411,D3:F4:55:AB:96:20,-64
BLE,1703216333024490539,D3:F4:55:AB:96:20,-62
BLE,1703216333217128844,D3:F4:55:AB:96:20,-60
BLE,1703216333413219551,D3:F4:55:AB:96:20,-64
BLE,1703216333607281891,D3:F4:55:AB:96:20,-63
BLE,1703216333794286055,D3:F4:55:AB:96:20,-66
BLE,1703216333993585497,D3:F4:55:AB:96:20,-47
BLE,1703216334183639731,D3:F4:55:AB:96:20,-46
BLE,1703216334208561244,DF:DF:EE:00:00:04,-54
BLE,1703216334373856797,D3:F4:55:AB:96:20,-63
BLE,1703216334560171963,D3:F4:55:AB:96:20,-50
BLE,1703216335207325944,DF:DF:EE:00:00:04,-55
BLE,1703216335340909055,D3:F4:55:AB:96:20,-63
BLE,1703216335536701013,D3:F4:55:AB:96:20,-61
BLE,1703216335731381726,D3:F4:55:AB:96:20,-64
BLE,1703216335743539380,DF:DF:EE:00:00:04,-54
BLE,1703216335927780973,D3:F4:55:AB:96:20,-62
BLE,1703216336123105974,D3:F4:55:AB:96:20,-61
BLE,1703216336204671276,DF:DF:EE:00:00:04,-54
BLE,1703216336666807418,DF:A6:DC:DC:2E:81,-73
BLE,1703216336666855084,DF:DF:EE:00:00:01,-73
BLE,1703216337079947445,D3:F4:55:AB:96:20,-64
BLE,1703216337208807077,DF:DF:EE:00:00:04,-55
BLE,1703216338051774099,D3:F4:55:AB:96:20,-64
BLE,1703216338053097802,D3:F4:55:AB:96:20,-60
BLE,1703216338248641302,D3:F4:55:AB:96:20,-64
BLE,1703216338441138733,D3:F4:55:AB:96:20,-62
BLE,1703216338679100377,DF:A6:DC:DC:2E:81,-73
BLE,1703216338679143794,DF:DF:EE:00:00:01,-73
BLE,1703216338829855453,D3:F4:55:AB:96:20,-63
BLE,1703216339024082960,D3:F4:55:AB:96:20,-46
BLE,1703216339212214368,DF:DF:EE:00:00:04,-56
BLE,1703216339407761452,D3:F4:55:AB:96:20,-62
BLE,1703216339603488244,D3:F4:55:AB:96:20,-64
BLE,1703216339683772426,DF:A6:DC:DC:2E:81,-74
BLE,1703216339683810968,DF:DF:EE:00:00:01,-74
BLE,1703216340179879458,D3:F4:55:AB:96:20,-62
BLE,1703216340209617366,DF:DF:EE:00:00:04,-54
BLE,1703216340563192202,D3:F4:55:AB:96:20,-62
BLE,1703216340693617702,DF:A6:DC:DC:2E:81,-57
BLE,1703216340693657535,DF:DF:EE:00:00:01,-57
BLE,1703216340754617762,D3:F4:55:AB:96:20,-61
BLE,1703216340949467516,D3:F4:55:AB:96:20,-50
BLE,1703216341148415960,D3:F4:55:AB:96:20,-62
BLE,1703216341203048090,DF:DF:EE:00:00:04,-55
BLE,1703216341334093213,D3:F4:55:AB:96:20,-66
BLE,1703216341696052886,DF:A6:DC:DC:2E:81,-74
BLE,1703216341696070886,DF:DF:EE:00:00:01,-74
BLE,1703216341741137351,DF:DF:EE:00:00:04,-53
BLE,1703216341902175881,D3:F4:55:AB:96:20,-61
BLE,1703216342284797961,D3:F4:55:AB:96:20,-61
BLE,1703216342668574453,D3:F4:55:AB:96:20,-61
BLE,1703216342705008540,DF:A6:DC:DC:2E:81,-73
BLE,1703216342705038749,DF:DF:EE:00:00:01,-73
BLE,1703216342745539193,DF:DF:EE:00:00:04,-55
BLE,1703216343201109989,DF:DF:EE:00:00:04,-53
BLE,1703216343427204686,D3:F4:55:AB:96:20,-64
BLE,1703216343620113782,D3:F4:55:AB:96:20,-80
BLE,1703216343747498754,DF:DF:EE:00:00:04,-54
BLE,1703216343811051553,D3:F4:55:AB:96:20,-64
BLE,1703216344003771566,D3:F4:55:AB:96:20,-63
BLE,1703216344199426233,D3:F4:55:AB:96:20,-60
BLE,1703216344205620163,DF:DF:EE:00:00:04,-55
BLE,1703216344589348572,D3:F4:55:AB:96:20,-62
BLE,1703216344713951807,DF:A6:DC:DC:2E:81,-57
BLE,1703216344713994765,DF:DF:EE:00:00:01,-57
BLE,1703216344782399209,D3:F4:55:AB:96:20,-62
BLE,1703216345171223387,D3:F4:55:AB:96:20,-63
BLE,1703216345551231562,D3:F4:55:AB:96:20,-61
BLE,1703216345741583378,D3:F4:55:AB:96:20,-64
BLE,1703216346123153255,D3:F4:55:AB:96:20,-63
BLE,1703216346203800061,DF:DF:EE:00:00:04,-56
BLE,1703216346321003037,D3:F4:55:AB:96:20,-63
BLE,1703216346699368845,D3:F4:55:AB:96:20,-62
BLE,1703216346741255199,DF:DF:EE:00:00:04,-54
BLE,1703216346892867479,D3:F4:55:AB:96:20,-78
BLE,1703216347084771038,D3:F4:55:AB:96:20,-62
BLE,1703216347461622103,D3:F4:55:AB:96:20,-61
BLE,1703216347651895043,D3:F4:55:AB:96:20,-62
BLE,1703216347728501076,DF:A6:DC:DC:2E:81,-56
BLE,1703216347728535534,DF:DF:EE:00:00:01,-56
BLE,1703216347841929485,D3:F4:55:AB:96:20,-61
BLE,1703216348205207069,DF:DF:EE:00:00:04,-39
BLE,1703216348233583067,D3:F4:55:AB:96:20,-63
BLE,1703216348613306452,D3:F4:55:AB:96:20,-63
BLE,1703216348804592514,D3:F4:55:AB:96:20,-64
BLE,1703216348999312185,D3:F4:55:AB:96:20,-62
BLE,1703216349206470008,DF:DF:EE:00:00:04,-54
BLE,1703216349574818986,D3:F4:55:AB:96:20,-61
BLE,1703216349742294529,DF:DF:EE:00:00:04,-40
BLE,1703216350152370403,D3:F4:55:AB:96:20,-50
BLE,1703216350206125121,DF:DF:EE:00:00:04,-55
BLE,1703216350348255486,D3:F4:55:AB:96:20,-62
BLE,1703216350732361726,D3:F4:55:AB:96:20,-62
BLE,1703216351496355393,D3:F4:55:AB:96:20,-63
BLE,1703216351692633849,D3:F4:55:AB:96:20,-47
BLE,1703216352072502025,D3:F4:55:AB:96:20,-61
BLE,1703216352263997835,D3:F4:55:AB:96:20,-63
BLE,1703216352458583507,D3:F4:55:AB:96:20,-60
BLE,1703216352647057581,D3:F4:55:AB:96:20,-63
BLE,1703216352738854045,DF:A6:DC:DC:2E:81,-60
BLE,1703216352738899878,DF:DF:EE:00:00:01,-60
BLE,1703216352838204059,D3:F4:55:AB:96:20,-61
BLE,1703216353608667197,D3:F4:55:AB:96:20,-63
BLE,1703216353798004975,D3:F4:55:AB:96:20,-64
BLE,1703216353995140260,D3:F4:55:AB:96:20,-62
BLE,1703216354202567791,DF:DF:EE:00:00:04,-54
BLE,1703216354381150992,D3:F4:55:AB:96:20,-64
BLE,1703216354580390102,D3:F4:55:AB:96:20,-63
BLE,1703216354743235082,DF:DF:EE:00:00:04,-54
BLE,1703216355209092540,DF:DF:EE:00:00:04,-72
BLE,1703216355344852725,D3:F4:55:AB:96:20,-63
BLE,1703216355538096735,D3:F4:55:AB:96:20,-60
BLE,1703216355728000636,D3:F4:55:AB:96:20,-63
BLE,1703216356108654601,D3:F4:55:AB:96:20,-63
BLE,1703216356302622608,D3:F4:55:AB:96:20,-62
BLE,1703216356495831577,D3:F4:55:AB:96:20,-64
BLE,1703216356760681768,DF:A6:DC:DC:2E:81,-72
BLE,1703216356760737518,DF:DF:EE:00:00:01,-72
BLE,1703216357742366378,DF:DF:EE:00:00:04,-54
BLE,1703216357760479672,DF:A6:DC:DC:2E:81,-74
BLE,1703216357760507922,DF:DF:EE:00:00:01,-74
BLE,1703216357842405389,D3:F4:55:AB:96:20,-63
BLE,1703216358204042772,DF:DF:EE:00:00:04,-55
BLE,1703216358228464996,D3:F4:55:AB:96:20,-65
BLE,1703216358417477609,D3:F4:55:AB:96:20,-61
BLE,1703216358741870450,DF:DF:EE:00:00:04,-55
BLE,1703216358800007273,D3:F4:55:AB:96:20,-61
BLE,1703216359565305518,D3:F4:55:AB:96:20,-62
BLE,1703216359739101866,DF:DF:EE:00:00:04,-53
BLE,1703216359776230200,DF:A6:DC:DC:2E:81,-73
BLE,1703216359776242908,DF:DF:EE:00:00:01,-73
BLE,1703216359956026979,D3:F4:55:AB:96:20,-62
BLE,1703216360151616521,D3:F4:55:AB:96:20,-60
BLE,1703216360344327034,D3:F4:55:AB:96:20,-64
BLE,1703216360542902354,D3:F4:55:AB:96:20,-62
BLE,1703216360919032422,D3:F4:55:AB:96:20,-61
BLE,1703216361108390326,D3:F4:55:AB:96:20,-63
BLE,1703216361203963356,DF:DF:EE:00:00:04,-53
BLE,1703216361681865719,D3:F4:55:AB:96:20,-62
BLE,1703216362065527712,D3:F4:55:AB:96:20,-61
BLE,1703216362443700938,D3:F4:55:AB:96:20,-46
BLE,1703216362792703585,DF:A6:DC:DC:2E:81,-73
BLE,1703216362792754752,DF:DF:EE:00:00:01,-73
BLE,1703216363199084726,D3:F4:55:AB:96:20,-63
BLE,1703216363203433790,DF:DF:EE:00:00:04,-54
BLE,1703216363740934636,DF:DF:EE:00:00:04,-38
BLE,1703216363793898275,DF:A6:DC:DC:2E:81,-71
BLE,1703216363793927733,DF:DF:EE:00:00:01,-71
BLE,1703216364202162699,DF:DF:EE:00:00:04,-54
BLE,1703216364735295356,D3:F4:55:AB:96:20,-50
BLE,1703216364745940975,DF:DF:EE:00:00:04,-56
BLE,1703216364924651176,D3:F4:55:AB:96:20,-61
BLE,1703216365115255574,D3:F4:55:AB:96:20,-65
BLE,1703216365309097290,D3:F4:55:AB:96:20,-47
BLE,1703216365500460893,D3:F4:55:AB:96:20,-65
BLE,1703216365691822912,D3:F4:55:AB:96:20,-63
BLE,1703216365805367196,DF:A6:DC:DC:2E:81,-73
BLE,1703216365805404279,DF:DF:EE:00:00:01,-73
BLE,1703216365881159691,D3:F4:55:AB:96:20,-64
BLE,1703216366069810722,D3:F4:55:AB:96:20,-61
BLE,1703216366208777850,DF:DF:EE:00:00:04,-55
BLE,1703216366264013437,D3:F4:55:AB:96:20,-64
BLE,1703216366458848190,D3:F4:55:AB:96:20,-63
BLE,1703216367045236235,D3:F4:55:AB:96:20,-47
BLE,1703216367206494972,DF:DF:EE:00:00:04,-53
BLE,1703216367241559107,D3:F4:55:AB:96:20,-60
BLE,1703216367436701276,D3:F4:55:AB:96:20,-65
BLE,1703216367630412826,D3:F4:55:AB:96:20,-62
BLE,1703216367746204892,DF:DF:EE:00:00:04,-54
BLE,1703216368204145302,DF:DF:EE:00:00:04,-53
BLE,1703216368211744185,D3:F4:55:AB:96:20,-63
BLE,1703216368594120142,D3:F4:55:AB:96:20,-63
BLE,1703216368982255031,D3:F4:55:AB:96:20,-62
BLE,1703216369168482365,D3:F4:55:AB:96:20,-65
BLE,1703216369202778795,DF:DF:EE:00:00:04,-55
BLE,1703216369561541649,D3:F4:55:AB:96:20,-63
BLE,1703216369753190542,D3:F4:55:AB:96:20,-64
BLE,1703216369947053008,D3:F4:55:AB:96:20,-63
BLE,1703216370327493015,D3:F4:55:AB:96:20,-63
BLE,1703216370521665314,D3:F4:55:AB:96:20,-61
BLE,1703216370712986041,D3:F4:55:AB:96:20,-63
BLE,1703216370747029431,DF:DF:EE:00:00:04,-54
BLE,1703216370901615406,D3:F4:55:AB:96:20,-66
BLE,1703216371289197798,D3:F4:55:AB:96:20,-60
BLE,1703216371673279497,D3:F4:55:AB:96:20,-62
BLE,1703216371744423720,DF:DF:EE:00:00:04,-56
BLE,1703216371824708861,DF:A6:DC:DC:2E:81,-73
BLE,1703216371824741695,DF:DF:EE:00:00:01,-73
BLE,1703216371868479832,D3:F4:55:AB:96:20,-66
BLE,1703216372258530796,D3:F4:55:AB:96:20,-62
BLE,1703216372448279323,D3:F4:55:AB:96:20,-64
BLE,1703216372646589269,D3:F4:55:AB:96:20,-63
BLE,1703216372744566165,DF:DF:EE:00:00:04,-54
BLE,1703216372828571747,DF:A6:DC:DC:2E:81,-72
BLE,1703216372828610789,DF:DF:EE:00:00:01,-72
BLE,1703216373027756148,D3:F4:55:AB:96:20,-63
BLE,1703216373222875151,D3:F4:55:AB:96:20,-60
BLE,1703216373418735858,D3:F4:55:AB:96:20,-64
BLE,1703216373611553204,D3:F4:55:AB:96:20,-63
BLE,1703216373802390309,D3:F4:55:AB:96:20,-66
BLE,1703216374191486152,D3:F4:55:AB:96:20,-60
BLE,1703216374208082078,DF:DF:EE:00:00:04,-54
BLE,1703216374576790804,D3:F4:55:AB:96:20,-60
BLE,1703216374769344485,D3:F4:55:AB:96:20,-64
BLE,1703216374833952696,DF:A6:DC:DC:2E:81,-79
BLE,1703216374833971904,DF:DF:EE:00:00:01,-79
BLE,1703216374962887411,D3:F4:55:AB:96:20,-62
BLE,1703216375159002367,D3:F4:55:AB:96:20,-60
BLE,1703216375202670214,DF:DF:EE:00:00:04,-44
BLE,1703216375353145041,D3:F4:55:AB:96:20,-64
BLE,1703216375546434385,D3:F4:55:AB:96:20,-62
BLE,1703216376128864739,D3:F4:55:AB:96:20,-46
BLE,1703216376324074491,D3:F4:55:AB:96:20,-65
BLE,1703216376739945589,DF:DF:EE:00:00:04,-55
BLE,1703216376906196471,D3:F4:55:AB:96:20,-64
BLE,1703216377101370640,D3:F4:55:AB:96:20,-47
BLE,1703216377293986320,D3:F4:55:AB:96:20,-60
BLE,1703216377739261495,DF:DF:EE:00:00:04,-54
BLE,1703216377837415931,DF:A6:DC:DC:2E:81,-71
BLE,1703216377837451098,DF:DF:EE:00:00:01,-71
BLE,1703216378206296032,DF:DF:EE:00:00:04,-40
BLE,1703216378638656557,D3:F4:55:AB:96:20,-65
BLE,1703216378745847744,DF:DF:EE:00:00:04,-56
BLE,1703216378840431238,DF:A6:DC:DC:2E:81,-73
BLE,1703216378840466904,DF:DF:EE:00:00:01,-73
BLE,1703216379020199517,D3:F4:55:AB:96:20,-64
BLE,1703216379200322087,DF:DF:EE:00:00:04,-53
BLE,1703216379216215807,D3:F4:55:AB:96:20,-63
BLE,1703216379405477711,D3:F4:55:AB:96:20,-64
BLE,1703216379600297840,D3:F4:55:AB:96:20,-63
BLE,1703216380176627637,D3:F4:55:AB:96:20,-60
BLE,1703216380202143148,DF:DF:EE:00:00:04,-56
BLE,1703216380747792708,DF:DF:EE:00:00:04,-56
BLE,1703216380948330561,D3:F4:55:AB:96:20,-62
BLE,1703216381204666498,DF:DF:EE:00:00:04,-51
BLE,1703216381528272510,D3:F4:55:AB:96:20,-61
BLE,1703216381743697796,DF:DF:EE:00:00:04,-54
BLE,1703216381861481103,DF:A6:DC:DC:2E:81,-71
BLE,1703216381861522811,DF:DF:EE:00:00:01,-71
BLE,1703216382208051511,DF:DF:EE:00:00:04,-57
BLE,1703216382293548546,D3:F4:55:AB:96:20,-62
BLE,1703216382488714923,D3:F4:55:AB:96:20,-65
BLE,1703216382680779772,D3:F4:55:AB:96:20,-64
BLE,1703216382744278155,DF:DF:EE:00:00:04,-54
BLE,1703216382863421914,DF:A6:DC:DC:2E:81,-73
BLE,1703216382863460414,DF:DF:EE:00:00:01,-73
BLE,1703216383063211145,D3:F4:55:AB:96:20,-62
BLE,1703216383249283813,D3:F4:55:AB:96:20,-77
BLE,1703216383441566954,D3:F4:55:AB:96:20,-61
BLE,1703216383744409808,DF:DF:EE:00:00:04,-53
BLE,1703216383832472622,D3:F4:55:AB:96:20,-62
BLE,1703216384026889544,D3:F4:55:AB:96:20,-61
BLE,1703216384407903965,D3:F4:55:AB:96:20,-61
BLE,1703216384744328169,DF:DF:EE:00:00:04,-55
BLE,1703216384791263918,D3:F4:55:AB:96:20,-47
BLE,1703216384983155601,D3:F4:55:AB:96:20,-65
BLE,1703216385181752047,D3:F4:55:AB:96:20,-75
BLE,1703216385200881378,DF:DF:EE:00:00:04,-55
BLE,1703216385376672967,D3:F4:55:AB:96:20,-47
BLE,1703216385566750117,D3:F4:55:AB:96:20,-69
BLE,1703216385739394428,DF:DF:EE:00:00:04,-55
BLE,1703216385953464929,D3:F4:55:AB:96:20,-64
BLE,1703216386199446870,DF:DF:EE:00:00:04,-52
BLE,1703216386339005538,D3:F4:55:AB:96:20,-61
BLE,1703216386723906192,D3:F4:55:AB:96:20,-61
BLE,1703216386746277508,DF:DF:EE:00:00:04,-56
BLE,1703216386891627233,DF:A6:DC:DC:2E:81,-73
BLE,1703216386891667400,DF:DF:EE:00:00:01,-73
BLE,1703216387116611561,D3:F4:55:AB:96:20,-64
BLE,1703216387689786539,D3:F4:55:AB:96:20,-62
BLE,1703216387895817201,DF:A6:DC:DC:2E:81,-70
BLE,1703216387895861118,DF:DF:EE:00:00:01,-70
BLE,1703216388075371232,D3:F4:55:AB:96:20,-60
BLE,1703216388203058869,DF:DF:EE:00:00:04,-54
BLE,1703216388451741757,D3:F4:55:AB:96:20,-81
BLE,1703216388646001305,D3:F4:55:AB:96:20,-62
BLE,1703216389910729857,DF:A6:DC:DC:2E:81,-74
BLE,1703216389910788899,DF:DF:EE:00:00:01,-74
BLE,1703216389991446788,D3:F4:55:AB:96:20,-63
BLE,1703216390186360750,D3:F4:55:AB:96:20,-60
BLE,1703216390204472419,DF:DF:EE:00:00:04,-54
BLE,1703216390740039607,DF:DF:EE:00:00:04,-55
BLE,1703216390767021570,D3:F4:55:AB:96:20,-65
BLE,1703216390958520505,D3:F4:55:AB:96:20,-63
BLE,1703216391147222245,D3:F4:55:AB:96:20,-64
BLE,1703216391345576899,D3:F4:55:AB:96:20,-62
BLE,1703216391537540832,D3:F4:55:AB:96:20,-62
BLE,1703216391743001705,DF:DF:EE:00:00:04,-54
BLE,1703216391927913628,DF:A6:DC:DC:2E:81,-73
BLE,1703216391927935462,DF:DF:EE:00:00:01,-73
BLE,1703216392103166428,D3:F4:55:AB:96:20,-60
BLE,1703216392200288285,DF:DF:EE:00:00:04,-56
BLE,1703216392486991420,D3:F4:55:AB:96:20,-61
BLE,1703216392676332198,D3:F4:55:AB:96:20,-66
BLE,1703216392867648926,D3:F4:55:AB:96:20,-62
BLE,1703216393198515655,DF:DF:EE:00:00:04,-53
BLE,1703216393630647556,D3:F4:55:AB:96:20,-61
BLE,1703216393736675998,DF:DF:EE:00:00:04,-53
BLE,1703216393825657517,D3:F4:55:AB:96:20,-64
BLE,1703216393938165180,DF:A6:DC:DC:2E:81,-87
BLE,1703216393938210638,DF:DF:EE:00:00:01,-87
BLE,1703216394019267109,D3:F4:55:AB:96:20,-63
BLE,1703216394199493137,DF:DF:EE:00:00:04,-56
BLE,1703216394404307471,D3:F4:55:AB:96:20,-62
BLE,1703216394600177803,D3:F4:55:AB:96:20,-60
BLE,1703216394979453982,D3:F4:55:AB:96:20,-61
BLE,1703216395201609405,DF:DF:EE:00:00:04,-54
BLE,1703216395559531721,D3:F4:55:AB:96:20,-64
BLE,1703216395748865375,D3:F4:55:AB:96:20,-61
BLE,1703216395944310959,D3:F4:55:AB:96:20,-65
BLE,1703216395951405844,DF:A6:DC:DC:2E:81,-72
BLE,1703216395951435927,DF:DF:EE:00:00:01,-72
BLE,1703216396202210056,DF:DF:EE:00:00:04,-55
BLE,1703216396720199573,D3:F4:55:AB:96:20,-63
BLE,1703216396953237531,DF:A6:DC:DC:2E:81,-75
BLE,1703216396953279239,DF:DF:EE:00:00:01,-75
BLE,1703216397107004093,D3:F4:55:AB:96:20,-62
BLE,1703216397202106918,DF:DF:EE:00:00:04,-53
BLE,1703216397300838059,D3:F4:55:AB:96:20,-62
BLE,1703216397496911016,D3:F4:55:AB:96:20,-65
BLE,1703216397694477507,D3:F4:55:AB:96:20,-70
BLE,1703216397892765371,D3:F4:55:AB:96:20,-63
BLE,1703216398471445825,D3:F4:55:AB:96:20,-62
BLE,1703216398664481878,D3:F4:55:AB:96:20,-64
BLE,1703216398746746302,DF:DF:EE:00:00:04,-55
BLE,1703216398973028498,DF:A6:DC:DC:2E:81,-73
BLE,1703216398973073331,DF:DF:EE:00:00:01,-73
BLE,1703216399233041627,D3:F4:55:AB:96:20,-62
BLE,1703216399615707249,D3:F4:55:AB:96:20,-62
BLE,1703216399806502146,D3:F4:55:AB:96:20,-62
BLE,1703216399975726056,DF:A6:DC:DC:2E:81,-70
BLE,1703216399975767431,DF:DF:EE:00:00:01,-70
BLE,1703216399993104895,D3:F4:55:AB:96:20,-64
BLE,1703216400202020877,DF:DF:EE:00:00:04,-55
BLE,1703216400746849858,DF:DF:EE:00:00:04,-55
BLE,1703216400951488442,D3:F4:55:AB:96:20,-62
BLE,1703216401141126636,D3:F4:55:AB:96:20,-64
BLE,1703216401200649578,DF:DF:EE:00:00:04,-56
BLE,1703216401332862612,D3:F4:55:AB:96:20,-76
BLE,1703216402199420153,DF:DF:EE:00:00:04,-53
BLE,1703216402296575969,D3:F4:55:AB:96:20,-62
BLE,1703216402744249550,DF:DF:EE:00:00:04,-53
BLE,1703216402993601519,DF:A6:DC:DC:2E:81,-57
BLE,1703216402993636435,DF:DF:EE:00:00:01,-57
BLE,1703216403064353786,D3:F4:55:AB:96:20,-63
BLE,1703216403199391723,DF:DF:EE:00:00:04,-55
BLE,1703216403251995780,D3:F4:55:AB:96:20,-72
BLE,1703216403450029728,D3:F4:55:AB:96:20,-63
BLE,1703216403642851449,D3:F4:55:AB:96:20,-61
BLE,1703216403995538330,DF:A6:DC:DC:2E:81,-72
BLE,1703216403995585204,DF:DF:EE:00:00:01,-72
BLE,1703216404220917780,D3:F4:55:AB:96:20,-64
BLE,1703216404607163178,D3:F4:55:AB:96:20,-64
BLE,1703216404999396341,DF:A6:DC:DC:2E:81,-90
BLE,1703216404999442590,DF:DF:EE:00:00:01,-90
BLE,1703216405001891996,D3:F4:55:AB:96:20,-75
BLE,1703216405194998841,D3:F4:55:AB:96:20,-60
BLE,1703216405198296118,DF:DF:EE:00:00:04,-54
BLE,1703216405390423634,D3:F4:55:AB:96:20,-64
BLE,1703216405743217389,DF:DF:EE:00:00:04,-58
BLE,1703216405974580563,D3:F4:55:AB:96:20,-69
BLE,1703216405999304619,DF:A6:DC:DC:2E:81,-74
BLE,1703216405999336994,DF:DF:EE:00:00:01,-74
BLE,1703216406359395009,D3:F4:55:AB:96:20,-64
BLE,1703216406549471242,D3:F4:55:AB:96:20,-61
BLE,1703216406744726119,DF:DF:EE:00:00:04,-69
BLE,1703216406932570404,D3:F4:55:AB:96:20,-62
BLE,1703216407199650251,DF:DF:EE:00:00:04,-54
BLE,1703216407319322091,D3:F4:55:AB:96:20,-62
BLE,1703216407504885178,D3:F4:55:AB:96:20,-64
BLE,1703216407699458558,D3:F4:55:AB:96:20,-62
BLE,1703216408011376871,DF:A6:DC:DC:2E:81,-72
BLE,1703216408011408329,DF:DF:EE:00:00:01,-72
BLE,1703216408077095327,D3:F4:55:AB:96:20,-60
BLE,1703216408202994223,DF:DF:EE:00:00:04,-53
BLE,1703216408267388018,D3:F4:55:AB:96:20,-63
BLE,1703216408452896855,D3:F4:55:AB:96:20,-50
BLE,1703216408643784543,D3:F4:55:AB:96:20,-62
BLE,1703216408839047670,D3:F4:55:AB:96:20,-46
BLE,1703216409013160016,DF:A6:DC:DC:2E:81,-73
BLE,1703216409013192766,DF:DF:EE:00:00:01,-73
BLE,1703216409032034099,D3:F4:55:AB:96:20,-46
BLE,1703216409207101816,DF:DF:EE:00:00:04,-57
BLE,1703216409222120957,D3:F4:55:AB:96:20,-60
BLE,1703216409601177637,D3:F4:55:AB:96:20,-66
BLE,1703216409740357806,DF:DF:EE:00:00:04,-54
BLE,1703216409797280302,D3:F4:55:AB:96:20,-62
BLE,1703216409989246068,D3:F4:55:AB:96:20,-46
BLE,1703216410015103661,DF:A6:DC:DC:2E:81,-56
BLE,1703216410015137202,DF:DF:EE:00:00:01,-56
BLE,1703216410369379826,D3:F4:55:AB:96:20,-46
BLE,1703216410744160442,DF:DF:EE:00:00:04,-53
BLE,1703216410747815634,D3:F4:55:AB:96:20,-66
BLE,1703216410944586921,D3:F4:55:AB:96:20,-62
BLE,1703216411198190453,DF:DF:EE:00:00:04,-53
BLE,1703216411519619766,D3:F4:55:AB:96:20,-62
BLE,1703216411736495880,DF:DF:EE:00:00:04,-53
BLE,1703216411907052617,D3:F4:55:AB:96:20,-63
BLE,1703216412026796665,DF:A6:DC:DC:2E:81,-74
BLE,1703216412026818373,DF:DF:EE:00:00:01,-74
BLE,1703216412102847450,D3:F4:55:AB:96:20,-46
BLE,1703216412488996598,D3:F4:55:AB:96:20,-46
BLE,1703216412868603942,D3:F4:55:AB:96:20,-61
BLE,1703216413064768106,D3:F4:55:AB:96:20,-64
BLE,1703216413449180721,D3:F4:55:AB:96:20,-65
BLE,1703216413740437876,DF:DF:EE:00:00:04,-70
BLE,1703216413837432984,D3:F4:55:AB:96:20,-62
BLE,1703216414046820048,DF:A6:DC:DC:2E:81,-73
BLE,1703216414046861256,DF:DF:EE:00:00:01,-73
BLE,1703216414225929664,D3:F4:55:AB:96:20,-62
BLE,1703216414422086411,D3:F4:55:AB:96:20,-46
BLE,1703216414615973669,D3:F4:55:AB:96:20,-64
BLE,1703216414811733252,D3:F4:55:AB:96:20,-63
BLE,1703216415005727552,D3:F4:55:AB:96:20,-62
BLE,1703216415201097636,D3:F4:55:AB:96:20,-65
BLE,1703216415396044306,D3:F4:55:AB:96:20,-63
BLE,1703216415584153131,D3:F4:55:AB:96:20,-64
BLE,1703216415744200666,DF:DF:EE:00:00:04,-53
BLE,1703216415980025403,D3:F4:55:AB:96:20,-63
BLE,1703216416169301390,D3:F4:55:AB:96:20,-64
BLE,1703216416208216299,DF:DF:EE:00:00:04,-55
BLE,1703216416366598549,D3:F4:55:AB:96:20,-64
BLE,1703216416553593338,D3:F4:55:AB:96:20,-64
BLE,1703216416749360837,D3:F4:55:AB:96:20,-62
BLE,1703216416943164429,D3:F4:55:AB:96:20,-62
BLE,1703216417059652742,DF:A6:DC:DC:2E:81,-73
BLE,1703216417059699866,DF:DF:EE:00:00:01,-73
BLE,1703216417519568810,D3:F4:55:AB:96:20,-64
BLE,1703216417712210990,D3:F4:55:AB:96:20,-63
BLE,1703216417900171274,D3:F4:55:AB:96:20,-50
BLE,1703216418062508423,DF:A6:DC:DC:2E:81,-73
BLE,1703216418062549048,DF:DF:EE:00:00:01,-73
BLE,1703216418196403200,DF:DF:EE:00:00:04,-54
BLE,1703216418486071738,D3:F4:55:AB:96:20,-64
BLE,1703216418735632872,DF:DF:EE:00:00:04,-38
BLE,1703216419070587790,DF:A6:DC:DC:2E:81,-86
BLE,1703216419070638124,DF:DF:EE:00:00:01,-86
BLE,1703216419202153994,DF:DF:EE:00:00:04,-69
BLE,1703216419258863823,D3:F4:55:AB:96:20,-61
BLE,1703216419639984494,D3:F4:55:AB:96:20,-62
BLE,1703216419740769752,DF:DF:EE:00:00:04,-56
BLE,1703216420019818421,D3:F4:55:AB:96:20,-63
BLE,1703216420198730245,DF:DF:EE:00:00:04,-38
BLE,1703216420404825407,D3:F4:55:AB:96:20,-61
BLE,1703216420737340629,DF:DF:EE:00:00:04,-54
BLE,1703216421087446188,DF:A6:DC:DC:2E:81,-72
BLE,1703216421087495646,DF:DF:EE:00:00:01,-72
BLE,1703216421201535261,DF:DF:EE:00:00:04,-55
BLE,1703216421364698906,D3:F4:55:AB:96:20,-64
BLE,1703216421556582132,D3:F4:55:AB:96:20,-62
BLE,1703216421938661048,D3:F4:55:AB:96:20,-60
BLE,1703216422132324099,D3:F4:55:AB:96:20,-66
BLE,1703216422201760788,DF:DF:EE:00:00:04,-54
BLE,1703216422321470919,D3:F4:55:AB:96:20,-60
BLE,1703216423080529442,D3:F4:55:AB:96:20,-63
BLE,1703216423081825019,D3:F4:55:AB:96:20,-60
BLE,1703216423460959199,D3:F4:55:AB:96:20,-65
BLE,1703216423743139854,DF:DF:EE:00:00:04,-55
BLE,1703216423851824534,D3:F4:55:AB:96:20,-46
BLE,1703216424203591503,DF:DF:EE:00:00:04,-54
BLE,1703216424234287199,D3:F4:55:AB:96:20,-62
BLE,1703216424739834230,DF:DF:EE:00:00:04,-54
BLE,1703216424818632919,D3:F4:55:AB:96:20,-60
BLE,1703216425100429742,DF:A6:DC:DC:2E:81,-74
BLE,1703216425100466992,DF:DF:EE:00:00:01,-74
BLE,1703216425200963043,DF:DF:EE:00:00:04,-54
BLE,1703216425204759609,D3:F4:55:AB:96:20,-64
BLE,1703216425737782350,DF:DF:EE:00:00:04,-54
BLE,1703216425967579781,D3:F4:55:AB:96:20,-62
BLE,1703216426158262887,D3:F4:55:AB:96:20,-64
BLE,1703216426198690206,DF:DF:EE:00:00:04,-55
BLE,1703216426547357397,D3:F4:55:AB:96:20,-61
BLE,1703216426740249117,DF:DF:EE:00:00:04,-56
BLE,1703216426938647147,D3:F4:55:AB:96:20,-62
BLE,1703216427119690962,DF:A6:DC:DC:2E:81,-59
BLE,1703216427119724045,DF:DF:EE:00:00:01,-59
BLE,1703216427125532478,D3:F4:55:AB:96:20,-66
BLE,1703216427698615873,D3:F4:55:AB:96:20,-62
BLE,1703216427736748203,DF:DF:EE:00:00:04,-54
BLE,1703216427890121642,D3:F4:55:AB:96:20,-50
BLE,1703216428084477481,D3:F4:55:AB:96:20,-46
BLE,1703216428118897869,DF:A6:DC:DC:2E:81,-73
BLE,1703216428118966160,DF:DF:EE:00:00:01,-73
BLE,1703216428273373595,D3:F4:55:AB:96:20,-64
BLE,1703216428469588051,D3:F4:55:AB:96:20,-62
BLE,1703216428656804005,D3:F4:55:AB:96:20,-65
BLE,1703216428845883076,D3:F4:55:AB:96:20,-62
BLE,1703216429122002508,DF:A6:DC:DC:2E:81,-58
BLE,1703216429122057924,DF:DF:EE:00:00:01,-58
BLE,1703216429608841998,D3:F4:55:AB:96:20,-62
BLE,1703216429745206179,DF:DF:EE:00:00:04,-56
BLE,1703216429991032747,D3:F4:55:AB:96:20,-62
BLE,1703216430121321206,DF:A6:DC:DC:2E:81,-73
BLE,1703216430121335623,DF:DF:EE:00:00:01,-73
BLE,1703216430179791278,D3:F4:55:AB:96:20,-62
BLE,1703216430373946201,D3:F4:55:AB:96:20,-61
BLE,1703216431126047963,DF:A6:DC:DC:2E:81,-73
BLE,1703216431126081254,DF:DF:EE:00:00:01,-73
BLE,1703216431146071207,D3:F4:55:AB:96:20,-62
BLE,1703216431199044470,DF:DF:EE:00:00:04,-70
BLE,1703216431336231856,D3:F4:55:AB:96:20,-50
BLE,1703216431723134459,D3:F4:55:AB:96:20,-60
BLE,1703216431913830607,D3:F4:55:AB:96:20,-62
BLE,1703216432304871150,D3:F4:55:AB:96:20,-65
BLE,1703216432499286530,D3:F4:55:AB:96:20,-62
BLE,1703216432694073492,D3:F4:55:AB:96:20,-60
BLE,1703216433134853438,DF:A6:DC:DC:2E:81,-74
BLE,1703216433134886230,DF:DF:EE:00:00:01,-74
BLE,1703216433269434544,D3:F4:55:AB:96:20,-64
BLE,1703216433462384932,D3:F4:55:AB:96:20,-63
BLE,1703216433658597388,D3:F4:55:AB:96:20,-62
BLE,1703216434137180872,DF:A6:DC:DC:2E:81,-73
BLE,1703216434137216831,DF:DF:EE:00:00:01,-73
BLE,1703216434202992078,DF:DF:EE:00:00:04,-55
BLE,1703216434204385947,DF:DF:EE:00:00:04,-55
BLE,1703216434237174509,D3:F4:55:AB:96:20,-64
BLE,1703216434744635698,DF:DF:EE:00:00:04,-57
BLE,1703216435014871322,D3:F4:55:AB:96:20,-63
BLE,1703216435144586742,DF:A6:DC:DC:2E:81,-70
BLE,1703216435144615742,DF:DF:EE:00:00:01,-70
BLE,1703216435203563895,D3:F4:55:AB:96:20,-64
BLE,1703216435393435254,D3:F4:55:AB:96:20,-61
BLE,1703216435741911238,DF:DF:EE:00:00:04,-53
BLE,1703216436340084980,D3:F4:55:AB:96:20,-62
BLE,1703216436532424744,D3:F4:55:AB:96:20,-63
BLE,1703216436722392853,D3:F4:55:AB:96:20,-60
BLE,1703216436734686340,DF:DF:EE:00:00:04,-54
BLE,1703216436917062108,D3:F4:55:AB:96:20,-64
BLE,1703216437114867890,D3:F4:55:AB:96:20,-64
BLE,1703216437147726951,DF:A6:DC:DC:2E:81,-71
BLE,1703216437147780451,DF:DF:EE:00:00:01,-71
BLE,1703216437500281250,D3:F4:55:AB:96:20,-50
BLE,1703216438275634657,D3:F4:55:AB:96:20,-61
BLE,1703216438847372309,D3:F4:55:AB:96:20,-64
BLE,1703216439040377821,D3:F4:55:AB:96:20,-62
BLE,1703216439158919666,DF:A6:DC:DC:2E:81,-72
BLE,1703216439158986582,DF:DF:EE:00:00:01,-72
BLE,1703216439418605796,D3:F4:55:AB:96:20,-60
BLE,1703216439799874424,D3:F4:55:AB:96:20,-60
BLE,1703216439990679029,D3:F4:55:AB:96:20,-62
BLE,1703216440167442614,DF:A6:DC:DC:2E:81,-73
BLE,1703216440167477447,DF:DF:EE:00:00:01,-73
BLE,1703216440179479810,D3:F4:55:AB:96:20,-64
BLE,1703216440744625241,DF:DF:EE:00:00:04,-54
BLE,1703216440947627250,D3:F4:55:AB:96:20,-60
BLE,1703216441142044964,D3:F4:55:AB:96:20,-64
BLE,1703216441204091020,DF:DF:EE:00:00:04,-56
BLE,1703216441340715284,D3:F4:55:AB:96:20,-62
BLE,1703216441532592426,D3:F4:55:AB:96:20,-60
BLE,1703216441736234640,DF:DF:EE:00:00:04,-54
BLE,1703216442178546787,DF:A6:DC:DC:2E:81,-75
BLE,1703216442178582120,DF:DF:EE:00:00:01,-75
BLE,1703216442200012524,DF:DF:EE:00:00:04,-53
BLE,1703216442307294628,D3:F4:55:AB:96:20,-62
BLE,1703216442500675097,D3:F4:55:AB:96:20,-60
BLE,1703216442890473270,D3:F4:55:AB:96:20,-63
BLE,1703216443078919677,D3:F4:55:AB:96:20,-66
BLE,1703216443184910745,DF:A6:DC:DC:2E:81,-73
BLE,1703216443184963745,DF:DF:EE:00:00:01,-73
BLE,1703216443272600936,D3:F4:55:AB:96:20,-67
BLE,1703216443460095848,D3:F4:55:AB:96:20,-64
BLE,1703216443649319710,D3:F4:55:AB:96:20,-60
BLE,1703216443745412697,DF:DF:EE:00:00:04,-72
BLE,1703216444041797913,D3:F4:55:AB:96:20,-63
BLE,1703216444194546355,DF:A6:DC:DC:2E:81,-72
BLE,1703216444194564230,DF:DF:EE:00:00:01,-72
BLE,1703216444229800031,D3:F4:55:AB:96:20,-50
BLE,1703216444425040199,D3:F4:55:AB:96:20,-63
BLE,1703216444611388533,D3:F4:55:AB:96:20,-65
BLE,1703216444742732779,DF:DF:EE:00:00:04,-38
BLE,1703216444805824788,D3:F4:55:AB:96:20,-62
BLE,1703216445203331094,DF:DF:EE:00:00:04,-55
BLE,1703216445384068702,D3:F4:55:AB:96:20,-60
BLE,1703216445574364310,D3:F4:55:AB:96:20,-65
BLE,1703216445743588303,DF:DF:EE:00:00:04,-55
BLE,1703216445773292045,D3:F4:55:AB:96:20,-62
BLE,1703216446200819550,DF:A6:DC:DC:2E:81,-73
BLE,1703216446200873841,DF:DF:EE:00:00:01,-73
BLE,1703216446543661475,D3:F4:55:AB:96:20,-64
BLE,1703216446740291054,D3:F4:55:AB:96:20,-62
BLE,1703216446743181833,DF:DF:EE:00:00:04,-57
BLE,1703216447122987593,D3:F4:55:AB:96:20,-61
BLE,1703216447195210936,DF:DF:EE:00:00:04,-54
BLE,1703216447311496833,D3:F4:55:AB:96:20,-64
BLE,1703216447504602303,D3:F4:55:AB:96:20,-62
BLE,1703216447699962679,D3:F4:55:AB:96:20,-61
BLE,1703216447738983963,DF:DF:EE:00:00:04,-53
BLE,1703216447888760043,D3:F4:55:AB:96:20,-63
BLE,1703216448271750206,D3:F4:55:AB:96:20,-62
BLE,1703216448458748244,D3:F4:55:AB:96:20,-50
BLE,1703216448654974200,D3:F4:55:AB:96:20,-62
BLE,1703216448842508403,D3:F4:55:AB:96:20,-64
BLE,1703216449198363770,DF:DF:EE:00:00:04,-53
BLE,1703216449215112779,DF:A6:DC:DC:2E:81,-72
BLE,1703216449215172320,DF:DF:EE:00:00:01,-72
BLE,1703216449227957304,D3:F4:55:AB:96:20,-46
BLE,1703216449418803201,D3:F4:55:AB:96:20,-62
BLE,1703216449613735871,D3:F4:55:AB:96:20,-61
BLE,1703216449737093028,DF:DF:EE:00:00:04,-53
BLE,1703216450187528388,D3:F4:55:AB:96:20,-63
BLE,1703216450215722596,DF:A6:DC:DC:2E:81,-74
BLE,1703216450215737387,DF:DF:EE:00:00:01,-74
BLE,1703216450378710908,D3:F4:55:AB:96:20,-61
BLE,1703216450738434466,DF:DF:EE:00:00:04,-55
BLE,1703216450767518336,D3:F4:55:AB:96:20,-63
BLE,1703216451151735201,D3:F4:55:AB:96:20,-63
BLE,1703216451338181118,D3:F4:55:AB:96:20,-65
BLE,1703216451527615062,D3:F4:55:AB:96:20,-46
BLE,1703216451721267530,D3:F4:55:AB:96:20,-64
BLE,1703216451736829168,DF:DF:EE:00:00:04,-55
BLE,1703216451915030580,D3:F4:55:AB:96:20,-63
BLE,1703216452104489899,D3:F4:55:AB:96:20,-64
BLE,1703216452205154574,DF:DF:EE:00:00:04,-56
BLE,1703216452295499962,D3:F4:55:AB:96:20,-62
BLE,1703216452486428650,D3:F4:55:AB:96:20,-64
BLE,1703216452681710151,D3:F4:55:AB:96:20,-62
BLE,1703216452741527175,DF:DF:EE:00:00:04,-54
BLE,1703216452870539057,D3:F4:55:AB:96:20,-65
BLE,1703216452872068258,D3:F4:55:AB:96:20,-61
BLE,1703216453060252708,D3:F4:55:AB:96:20,-62
BLE,1703216453200181458,DF:DF:EE:00:00:04,-55
BLE,1703216453250866398,D3:F4:55:AB:96:20,-64
BLE,1703216453742834364,DF:DF:EE:00:00:04,-54
BLE,1703216454196813251,DF:DF:EE:00:00:04,-53
BLE,1703216454245499033,DF:A6:DC:DC:2E:81,-70
BLE,1703216454245511991,DF:DF:EE:00:00:01,-70
BLE,1703216454797399648,D3:F4:55:AB:96:20,-63
BLE,1703216455183626421,D3:F4:55:AB:96:20,-50
BLE,1703216455199304726,DF:DF:EE:00:00:04,-56
BLE,1703216455254107898,DF:A6:DC:DC:2E:81,-59
BLE,1703216455254120731,DF:DF:EE:00:00:01,-59
BLE,1703216455377552721,D3:F4:55:AB:96:20,-63
BLE,1703216455742347423,DF:DF:EE:00:00:04,-55
BLE,1703216455948748208,D3:F4:55:AB:96:20,-64
BLE,1703216456200751539,DF:DF:EE:00:00:04,-53
BLE,1703216456202317116,DF:DF:EE:00:00:04,-53
BLE,1703216456745449395,DF:DF:EE:00:00:04,-54
BLE,1703216456909796202,D3:F4:55:AB:96:20,-63
BLE,1703216457204617384,DF:DF:EE:00:00:04,-56
BLE,1703216457492479055,D3:F4:55:AB:96:20,-63
BLE,1703216457743755889,DF:DF:EE:00:00:04,-55
BLE,1703216457870915737,D3:F4:55:AB:96:20,-61
BLE,1703216458203317626,DF:DF:EE:00:00:04,-52
BLE,1703216458268178502,DF:A6:DC:DC:2E:81,-76
BLE,1703216458268209044,DF:DF:EE:00:00:01,-76
BLE,1703216458453477882,D3:F4:55:AB:96:20,-61
BLE,1703216458740233850,DF:DF:EE:00:00:04,-69
BLE,1703216458844151010,D3:F4:55:AB:96:20,-62
BLE,1703216459229244455,D3:F4:55:AB:96:20,-62
BLE,1703216459273519757,DF:A6:DC:DC:2E:81,-73
BLE,1703216459273580340,DF:DF:EE:00:00:01,-73
BLE,1703216459616509598,D3:F4:55:AB:96:20,-50
BLE,1703216460190610239,D3:F4:55:AB:96:20,-62
BLE,1703216460271448252,DF:A6:DC:DC:2E:81,-60
BLE,1703216460271481877,DF:DF:EE:00:00:01,-60
BLE,1703216460742743020,DF:DF:EE:00:00:04,-53
BLE,1703216460772248221,D3:F4:55:AB:96:20,-62
BLE,1703216460962538453,D3:F4:55:AB:96:20,-62
BLE,1703216461159906487,D3:F4:55:AB:96:20,-62
BLE,1703216461276156343,DF:A6:DC:DC:2E:81,-72
BLE,1703216461276195759,DF:DF:EE:00:00:01,-72
BLE,1703216461347201608,D3:F4:55:AB:96:20,-66
BLE,1703216461542569985,D3:F4:55:AB:96:20,-63
BLE,1703216461734022128,D3:F4:55:AB:96:20,-64
BLE,1703216461926195394,D3:F4:55:AB:96:20,-63
BLE,1703216462115611714,D3:F4:55:AB:96:20,-65
BLE,1703216462278774317,DF:A6:DC:DC:2E:81,-70
BLE,1703216462278830525,DF:DF:EE:00:00:01,-70
BLE,1703216462307631438,D3:F4:55:AB:96:20,-63
BLE,1703216462495424265,D3:F4:55:AB:96:20,-64
BLE,1703216462877203183,D3:F4:55:AB:96:20,-64
BLE,1703216463194738013,DF:DF:EE:00:00:04,-54
BLE,1703216463255224576,D3:F4:55:AB:96:20,-62
BLE,1703216463283990364,DF:A6:DC:DC:2E:81,-74
BLE,1703216463284013614,DF:DF:EE:00:00:01,-74
BLE,1703216463645270415,D3:F4:55:AB:96:20,-64
BLE,1703216463737787209,DF:DF:EE:00:00:04,-37
BLE,1703216464040991729,D3:F4:55:AB:96:20,-62
BLE,1703216464426651462,D3:F4:55:AB:96:20,-63
BLE,1703216464741948136,DF:DF:EE:00:00:04,-55
BLE,1703216464815406265,D3:F4:55:AB:96:20,-64
BLE,1703216465010273936,D3:F4:55:AB:96:20,-63
BLE,1703216465777788795,D3:F4:55:AB:96:20,-62
BLE,1703216465973433378,D3:F4:55:AB:96:20,-62
BLE,1703216466306846221,DF:A6:DC:DC:2E:81,-72
BLE,1703216466306885679,DF:DF:EE:00:00:01,-72
BLE,1703216466364762795,D3:F4:55:AB:96:20,-50
BLE,1703216466560744835,D3:F4:55:AB:96:20,-62
BLE,1703216466741646485,DF:DF:EE:00:00:04,-55
BLE,1703216467140357118,D3:F4:55:AB:96:20,-60
BLE,1703216467312880764,DF:A6:DC:DC:2E:81,-74
BLE,1703216467312915055,DF:DF:EE:00:00:01,-74
BLE,1703216467520354919,D3:F4:55:AB:96:20,-60
BLE,1703216467743244797,DF:DF:EE:00:00:04,-54
BLE,1703216468496852511,D3:F4:55:AB:96:20,-47
BLE,1703216468692142012,D3:F4:55:AB:96:20,-62
BLE,1703216469271855170,D3:F4:55:AB:96:20,-64
BLE,1703216469327416463,DF:A6:DC:DC:2E:81,-58
BLE,1703216469327444838,DF:DF:EE:00:00:01,-58
BLE,1703216469662918713,D3:F4:55:AB:96:20,-62
BLE,1703216469852855572,D3:F4:55:AB:96:20,-65
BLE,1703216470051606683,D3:F4:55:AB:96:20,-62
BLE,1703216470238755513,D3:F4:55:AB:96:20,-64
BLE,1703216470333201757,DF:A6:DC:DC:2E:81,-71
BLE,1703216470333229299,DF:DF:EE:00:00:01,-71
BLE,1703216470431818899,D3:F4:55:AB:96:20,-67
BLE,1703216470623287168,D3:F4:55:AB:96:20,-64
BLE,1703216470733243301,DF:DF:EE:00:00:04,-53
BLE,1703216471202902284,DF:DF:EE:00:00:04,-53
BLE,1703216471583412208,D3:F4:55:AB:96:20,-63
BLE,1703216471775847681,D3:F4:55:AB:96:20,-62
BLE,1703216472165101065,D3:F4:55:AB:96:20,-62
BLE,1703216472194147393,DF:DF:EE:00:00:04,-54
BLE,1703216472337923875,DF:A6:DC:DC:2E:81,-71
BLE,1703216472337961625,DF:DF:EE:00:00:01,-71
BLE,1703216472737414256,DF:DF:EE:00:00:04,-54
BLE,1703216472741206114,D3:F4:55:AB:96:20,-47
BLE,1703216472932002344,D3:F4:55:AB:96:20,-62
BLE,1703216473119180798,D3:F4:55:AB:96:20,-65
BLE,1703216473202904424,DF:DF:EE:00:00:04,-54
BLE,1703216473315594003,D3:F4:55:AB:96:20,-63
BLE,1703216473342976381,DF:A6:DC:DC:2E:81,-74
BLE,1703216473342992339,DF:DF:EE:00:00:01,-74
BLE,1703216473896362406,D3:F4:55:AB:96:20,-62
BLE,1703216474085264770,D3:F4:55:AB:96:20,-63
BLE,1703216474203028618,DF:DF:EE:00:00:04,-32
BLE,1703216474666078714,D3:F4:55:AB:96:20,-63
BLE,1703216474743073286,DF:DF:EE:00:00:04,-45
BLE,1703216474863040333,D3:F4:55:AB:96:20,-67
BLE,1703216475051218867,D3:F4:55:AB:96:20,-64
BLE,1703216475198159960,DF:DF:EE:00:00:04,-56
BLE,1703216475245292957,D3:F4:55:AB:96:20,-63
BLE,1703216475357394706,DF:A6:DC:DC:2E:81,-68
BLE,1703216475357430164,DF:DF:EE:00:00:01,-68
BLE,1703216475736555677,DF:DF:EE:00:00:04,-57
BLE,1703216475823099957,D3:F4:55:AB:96:20,-61
BLE,1703216476016069094,D3:F4:55:AB:96:20,-63
BLE,1703216476359698015,DF:A6:DC:DC:2E:81,-79
BLE,1703216476359757265,DF:DF:EE:00:00:01,-79
BLE,1703216476599093070,D3:F4:55:AB:96:20,-62
BLE,1703216476792831787,D3:F4:55:AB:96:20,-60
BLE,1703216476984831137,D3:F4:55:AB:96:20,-65
BLE,1703216477177130068,D3:F4:55:AB:96:20,-61
BLE,1703216477196499482,DF:DF:EE:00:00:04,-54
BLE,1703216477369344792,DF:A6:DC:DC:2E:81,-74
BLE,1703216477369387333,DF:DF:EE:00:00:01,-74
BLE,1703216477563391091,D3:F4:55:AB:96:20,-63
BLE,1703216477733709954,DF:DF:EE:00:00:04,-53
BLE,1703216478377922740,DF:A6:DC:DC:2E:81,-73
BLE,1703216478377961073,DF:DF:EE:00:00:01,-73
BLE,1703216478737662715,DF:DF:EE:00:00:04,-55
BLE,1703216479085444243,D3:F4:55:AB:96:20,-61
BLE,1703216479478163903,D3:F4:55:AB:96:20,-62
BLE,1703216479666459186,D3:F4:55:AB:96:20,-65
BLE,1703216479860211236,D3:F4:55:AB:96:20,-63
BLE,1703216480050106596,D3:F4:55:AB:96:20,-64
BLE,1703216480196996439,DF:DF:EE:00:00:04,-55
BLE,1703216480246294677,D3:F4:55:AB:96:20,-64
BLE,1703216480435455081,D3:F4:55:AB:96:20,-61
BLE,1703216480625680855,D3:F4:55:AB:96:20,-62
BLE,1703216480736223402,DF:DF:EE:00:00:04,-57
BLE,1703216480818134036,D3:F4:55:AB:96:20,-46
BLE,1703216481196292137,DF:DF:EE:00:00:04,-53
BLE,1703216481395142581,D3:F4:55:AB:96:20,-65
BLE,1703216481736544387,DF:DF:EE:00:00:04,-54
BLE,1703216481974570240,D3:F4:55:AB:96:20,-63
BLE,1703216482168074041,D3:F4:55:AB:96:20,-61
BLE,1703216482199391026,DF:DF:EE:00:00:04,-54
BLE,1703216482359253561,D3:F4:55:AB:96:20,-63
BLE,1703216482388989303,DF:A6:DC:DC:2E:81,-73
BLE,1703216482389015720,DF:DF:EE:00:00:01,-73
BLE,1703216482545074813,D3:F4:55:AB:96:20,-64
BLE,1703216482733952510,DF:DF:EE:00:00:04,-39
BLE,1703216482737811701,D3:F4:55:AB:96:20,-62
BLE,1703216483199347846,DF:DF:EE:00:00:04,-53
BLE,1703216483305334914,D3:F4:55:AB:96:20,-63
BLE,1703216483491288957,D3:F4:55:AB:96:20,-64
BLE,1703216483886850230,D3:F4:55:AB:96:20,-63
BLE,1703216484080322489,D3:F4:55:AB:96:20,-61
BLE,1703216484201690447,DF:DF:EE:00:00:04,-40
BLE,1703216484273108002,D3:F4:55:AB:96:20,-63
BLE,1703216484404719997,DF:A6:DC:DC:2E:81,-74
BLE,1703216484404756872,DF:DF:EE:00:00:01,-74
BLE,1703216484460743705,D3:F4:55:AB:96:20,-65
BLE,1703216484849719007,D3:F4:55:AB:96:20,-62
BLE,1703216485202439055,DF:DF:EE:00:00:04,-53
BLE,1703216485237074567,D3:F4:55:AB:96:20,-62
BLE,1703216485622666509,D3:F4:55:AB:96:20,-63
BLE,1703216485811140708,D3:F4:55:AB:96:20,-64
BLE,1703216486199234097,DF:DF:EE:00:00:04,-56
BLE,1703216486575078625,D3:F4:55:AB:96:20,-64
BLE,1703216486735149576,DF:DF:EE:00:00:04,-56
BLE,1703216486766861976,D3:F4:55:AB:96:20,-75
BLE,1703216487200873576,DF:DF:EE:00:00:04,-52
BLE,1703216487415723532,DF:A6:DC:DC:2E:81,-68
BLE,1703216487415790074,DF:DF:EE:00:00:01,-68
BLE,1703216487530616560,D3:F4:55:AB:96:20,-63
BLE,1703216487725364148,D3:F4:55:AB:96:20,-46
BLE,1703216487735092437,DF:DF:EE:00:00:04,-55
BLE,1703216487918740991,D3:F4:55:AB:96:20,-62
BLE,1703216488110497175,D3:F4:55:AB:96:20,-61
BLE,1703216488417059054,DF:A6:DC:DC:2E:81,-61
BLE,1703216488417092846,DF:DF:EE:00:00:01,-61
BLE,1703216488501100179,D3:F4:55:AB:96:20,-63
BLE,1703216488694398814,D3:F4:55:AB:96:20,-61
BLE,1703216488890306563,D3:F4:55:AB:96:20,-64
BLE,1703216489201003924,DF:DF:EE:00:00:04,-56
BLE,1703216489423373346,DF:A6:DC:DC:2E:81,-57
BLE,1703216489423418304,DF:DF:EE:00:00:01,-57
BLE,1703216489461075136,D3:F4:55:AB:96:20,-62
BLE,1703216489654570729,D3:F4:55:AB:96:20,-64
BLE,1703216489850460519,D3:F4:55:AB:96:20,-63
BLE,1703216490039165925,D3:F4:55:AB:96:20,-66
BLE,1703216490193301861,DF:DF:EE:00:00:04,-53
BLE,1703216490433249871,D3:F4:55:AB:96:20,-62
BLE,1703216490733921777,DF:DF:EE:00:00:04,-54
BLE,1703216491022238071,D3:F4:55:AB:96:20,-63
BLE,1703216491200446441,DF:DF:EE:00:00:04,-56
BLE,1703216491214249337,D3:F4:55:AB:96:20,-60
BLE,1703216491404775152,D3:F4:55:AB:96:20,-62
BLE,1703216491435137766,DF:A6:DC:DC:2E:81,-73
BLE,1703216491435149349,DF:DF:EE:00:00:01,-73
BLE,1703216491981921113,D3:F4:55:AB:96:20,-60
BLE,1703216492196650152,DF:DF:EE:00:00:04,-53
BLE,1703216492371023248,D3:F4:55:AB:96:20,-63
BLE,1703216492437804616,DF:A6:DC:DC:2E:81,-73
BLE,1703216492437833365,DF:DF:EE:00:00:01,-73
BLE,1703216492735666534,DF:DF:EE:00:00:04,-54
BLE,1703216492750566842,D3:F4:55:AB:96:20,-63
BLE,1703216492938246294,D3:F4:55:AB:96:20,-66
BLE,1703216493128961608,D3:F4:55:AB:96:20,-60
BLE,1703216493203926273,DF:DF:EE:00:00:04,-55
BLE,1703216493317613598,D3:F4:55:AB:96:20,-62
BLE,1703216493510661235,D3:F4:55:AB:96:20,-46
BLE,1703216493744543480,DF:DF:EE:00:00:04,-55
BLE,1703216494084123087,D3:F4:55:AB:96:20,-62
BLE,1703216494277340556,D3:F4:55:AB:96:20,-62
BLE,1703216494471842270,D3:F4:55:AB:96:20,-64
BLE,1703216494664324159,D3:F4:55:AB:96:20,-62
BLE,1703216495039586106,D3:F4:55:AB:96:20,-60
BLE,1703216495201589715,DF:DF:EE:00:00:04,-39
BLE,1703216495429581487,D3:F4:55:AB:96:20,-63
BLE,1703216495450846558,DF:A6:DC:DC:2E:81,-72
BLE,1703216495450862058,DF:DF:EE:00:00:01,-72
BLE,1703216495615972153,D3:F4:55:AB:96:20,-64
BLE,1703216495815324887,D3:F4:55:AB:96:20,-63
BLE,1703216496197249054,D3:F4:55:AB:96:20,-63
BLE,1703216496201000870,DF:DF:EE:00:00:04,-54
BLE,1703216496585474443,D3:F4:55:AB:96:20,-64
BLE,1703216496740268750,DF:DF:EE:00:00:04,-53
BLE,1703216496774554014,D3:F4:55:AB:96:20,-62
BLE,1703216496965692909,D3:F4:55:AB:96:20,-64
BLE,1703216497161580741,D3:F4:55:AB:96:20,-67
BLE,1703216497353153051,D3:F4:55:AB:96:20,-65
BLE,1703216497547239308,D3:F4:55:AB:96:20,-63
BLE,1703216497736010339,DF:DF:EE:00:00:04,-53
BLE,1703216497737701290,DF:DF:EE:00:00:04,-55
BLE,1703216498130309368,D3:F4:55:AB:96:20,-63
BLE,1703216498195856283,DF:DF:EE:00:00:04,-56
BLE,1703216498318841483,D3:F4:55:AB:96:20,-64
BLE,1703216498470767053,DF:A6:DC:DC:2E:81,-72
BLE,1703216498470801553,DF:DF:EE:00:00:01,-72
BLE,1703216498516660223,D3:F4:55:AB:96:20,-62
BLE,1703216498741606634,DF:DF:EE:00:00:04,-55
BLE,1703216498897908727,D3:F4:55:AB:96:20,-62
BLE,1703216499091713402,D3:F4:55:AB:96:20,-62
BLE,1703216499196741724,DF:DF:EE:00:00:04,-53
BLE,1703216499473682860,DF:A6:DC:DC:2E:81,-72
BLE,1703216499473740402,DF:DF:EE:00:00:01,-72
BLE,1703216499862390122,D3:F4:55:AB:96:20,-47
BLE,1703216500200488318,DF:DF:EE:00:00:04,-56
BLE,1703216500635835080,D3:F4:55:AB:96:20,-66
BLE,1703216500740258904,DF:DF:EE:00:00:04,-54
BLE,1703216501026278875,D3:F4:55:AB:96:20,-60
BLE,1703216501605629076,D3:F4:55:AB:96:20,-50
BLE,1703216501796023641,D3:F4:55:AB:96:20,-63
BLE,1703216501983090930,D3:F4:55:AB:96:20,-65
BLE,1703216502181071503,D3:F4:55:AB:96:20,-63
BLE,1703216502369255453,D3:F4:55:AB:96:20,-64
BLE,1703216502485247434,DF:A6:DC:DC:2E:81,-61
BLE,1703216502485287184,DF:DF:EE:00:00:01,-61
BLE,1703216502733732656,DF:DF:EE:00:00:04,-40
BLE,1703216502753692151,D3:F4:55:AB:96:20,-66
BLE,1703216503338678743,D3:F4:55:AB:96:20,-64
BLE,1703216503913662838,D3:F4:55:AB:96:20,-62
BLE,1703216504108404217,D3:F4:55:AB:96:20,-61
BLE,1703216504301458146,D3:F4:55:AB:96:20,-65
BLE,1703216504490130219,D3:F4:55:AB:96:20,-62
BLE,1703216504497642977,DF:A6:DC:DC:2E:81,-73
BLE,1703216504497668685,DF:DF:EE:00:00:01,-73
BLE,1703216504684982972,D3:F4:55:AB:96:20,-66
BLE,1703216504878989605,D3:F4:55:AB:96:20,-62
BLE,1703216505074525689,D3:F4:55:AB:96:20,-60
BLE,1703216505461145501,D3:F4:55:AB:96:20,-61
BLE,1703216506194358556,DF:DF:EE:00:00:04,-54
BLE,1703216506223442134,D3:F4:55:AB:96:20,-62
BLE,1703216506417372017,D3:F4:55:AB:96:20,-78
BLE,1703216506615105924,D3:F4:55:AB:96:20,-62
BLE,1703216506735649885,DF:DF:EE:00:00:04,-53
BLE,1703216507190005228,D3:F4:55:AB:96:20,-61
BLE,1703216507574825758,D3:F4:55:AB:96:20,-46
BLE,1703216507964444890,D3:F4:55:AB:96:20,-62
BLE,1703216508159309394,D3:F4:55:AB:96:20,-62
BLE,1703216508529392739,DF:A6:DC:DC:2E:81,-73
BLE,1703216508529434822,DF:DF:EE:00:00:01,-73
BLE,1703216508547245534,D3:F4:55:AB:96:20,-63
BLE,1703216508735086819,D3:F4:55:AB:96:20,-64
BLE,1703216509127192440,D3:F4:55:AB:96:20,-62
BLE,1703216509199984157,DF:DF:EE:00:00:04,-55
BLE,1703216509536170570,DF:A6:DC:DC:2E:81,-86
BLE,1703216509536226070,DF:DF:EE:00:00:01,-86
BLE,1703216509738664498,DF:DF:EE:00:00:04,-57
BLE,1703216510199372854,DF:DF:EE:00:00:04,-54
BLE,1703216510852865015,D3:F4:55:AB:96:20,-65
BLE,1703216511045037947,D3:F4:55:AB:96:20,-62
BLE,1703216511197856806,DF:DF:EE:00:00:04,-54
BLE,1703216511430246391,D3:F4:55:AB:96:20,-62
BLE,1703216511542038850,DF:A6:DC:DC:2E:81,-73
BLE,1703216511542072808,DF:DF:EE:00:00:01,-73
BLE,1703216511616983556,D3:F4:55:AB:96:20,-65
BLE,1703216511735156903,DF:DF:EE:00:00:04,-54
BLE,1703216511809873319,D3:F4:55:AB:96:20,-62
BLE,1703216512390768179,D3:F4:55:AB:96:20,-62
BLE,1703216512583896024,D3:F4:55:AB:96:20,-65
BLE,1703216512780358479,D3:F4:55:AB:96:20,-63
BLE,1703216512970395254,D3:F4:55:AB:96:20,-60
BLE,1703216513159687324,D3:F4:55:AB:96:20,-62
BLE,1703216513205066580,DF:DF:EE:00:00:04,-56
BLE,1703216513546308220,DF:A6:DC:DC:2E:81,-74
BLE,1703216513546353012,DF:DF:EE:00:00:01,-74
BLE,1703216514116341171,D3:F4:55:AB:96:20,-64
BLE,1703216514196122898,DF:DF:EE:00:00:04,-69
BLE,1703216514506561801,D3:F4:55:AB:96:20,-62
BLE,1703216514508056211,D3:F4:55:AB:96:20,-62
BLE,1703216514701043223,D3:F4:55:AB:96:20,-64
BLE,1703216514891570496,D3:F4:55:AB:96:20,-62
BLE,1703216515080641901,D3:F4:55:AB:96:20,-64
BLE,1703216515195551387,DF:DF:EE:00:00:04,-53
BLE,1703216515278640848,D3:F4:55:AB:96:20,-63
BLE,1703216515472846480,D3:F4:55:AB:96:20,-62
BLE,1703216515554271491,DF:A6:DC:DC:2E:81,-74
BLE,1703216515554294824,DF:DF:EE:00:00:01,-74
BLE,1703216515732454194,DF:DF:EE:00:00:04,-53
BLE,1703216515854350566,D3:F4:55:AB:96:20,-61
BLE,1703216516243513825,D3:F4:55:AB:96:20,-62
BLE,1703216516564247058,DF:A6:DC:DC:2E:81,-60
BLE,1703216516564270308,DF:DF:EE:00:00:01,-60
BLE,1703216516636165361,D3:F4:55:AB:96:20,-65
BLE,1703216516733526509,DF:DF:EE:00:00:04,-38
BLE,1703216516827520797,D3:F4:55:AB:96:20,-63
BLE,1703216517218667256,D3:F4:55:AB:96:20,-66
BLE,1703216517415575542,D3:F4:55:AB:96:20,-63
BLE,1703216517566120994,DF:A6:DC:DC:2E:81,-72
BLE,1703216517566159911,DF:DF:EE:00:00:01,-72
BLE,1703216517603766742,D3:F4:55:AB:96:20,-65
BLE,1703216517739407011,DF:DF:EE:00:00:04,-54
BLE,1703216517740835421,DF:DF:EE:00:00:04,-54
BLE,1703216517796113716,D3:F4:55:AB:96:20,-62
BLE,1703216517990035723,D3:F4:55:AB:96:20,-61
BLE,1703216518380185895,D3:F4:55:AB:96:20,-62
BLE,1703216518566225438,D3:F4:55:AB:96:20,-64
BLE,1703216518567970889,DF:A6:DC:DC:2E:81,-74
BLE,1703216518567999680,DF:DF:EE:00:00:01,-74
BLE,1703216518762395186,D3:F4:55:AB:96:20,-63
BLE,1703216518950745885,D3:F4:55:AB:96:20,-64
BLE,1703216519148731792,D3:F4:55:AB:96:20,-62
BLE,1703216519339636438,D3:F4:55:AB:96:20,-61
BLE,1703216519726612291,D3:F4:55:AB:96:20,-60
BLE,1703216519918280934,D3:F4:55:AB:96:20,-64
BLE,1703216520578314940,DF:A6:DC:DC:2E:81,-72
BLE,1703216520578375607,DF:DF:EE:00:00:01,-72
BLE,1703216520682432100,D3:F4:55:AB:96:20,-63
BLE,1703216520742601789,DF:DF:EE:00:00:04,-55
BLE,1703216521070831238,D3:F4:55:AB:96:20,-61
BLE,1703216521198897082,DF:DF:EE:00:00:04,-53
BLE,1703216521453945941,D3:F4:55:AB:96:20,-60
BLE,1703216521582878532,DF:A6:DC:DC:2E:81,-73
BLE,1703216521582991239,DF:DF:EE:00:00:01,-73
BLE,1703216521642540681,D3:F4:55:AB:96:20,-62
BLE,1703216521735768181,DF:DF:EE:00:00:04,-73
BLE,1703216521829293555,D3:F4:55:AB:96:20,-64
BLE,1703216522025944967,D3:F4:55:AB:96:20,-63
BLE,1703216522200207938,DF:DF:EE:00:00:04,-55
BLE,1703216522603331343,D3:F4:55:AB:96:20,-60
BLE,1703216522733384303,DF:DF:EE:00:00:04,-53
BLE,1703216522793977866,D3:F4:55:AB:96:20,-62
BLE,1703216522988979619,D3:F4:55:AB:96:20,-62
BLE,1703216523181097801,D3:F4:55:AB:96:20,-64
BLE,1703216523199464927,DF:DF:EE:00:00:04,-56
BLE,1703216523737453896,DF:DF:EE:00:00:04,-55
BLE,1703216523750335172,D3:F4:55:AB:96:20,-61
BLE,1703216523945518758,D3:F4:55:AB:96:20,-64
BLE,1703216524329078959,D3:F4:55:AB:96:20,-64
BLE,1703216524524023171,D3:F4:55:AB:96:20,-63
BLE,1703216524735260226,DF:DF:EE:00:00:04,-37
BLE,1703216525200832186,DF:DF:EE:00:00:04,-56
BLE,1703216525310608778,D3:F4:55:AB:96:20,-62
BLE,1703216525497133944,D3:F4:55:AB:96:20,-64
BLE,1703216525609312276,DF:A6:DC:DC:2E:81,-73
BLE,1703216525609355692,DF:DF:EE:00:00:01,-73
BLE,1703216525737828576,DF:DF:EE:00:00:04,-55
BLE,1703216526276099669,D3:F4:55:AB:96:20,-75
BLE,1703216526734648452,DF:DF:EE:00:00:04,-53
BLE,1703216527037207932,D3:F4:55:AB:96:20,-46
BLE,1703216527428381224,D3:F4:55:AB:96:20,-47
BLE,1703216527626821504,DF:A6:DC:DC:2E:81,-73
BLE,1703216527626871753,DF:DF:EE:00:00:01,-73
BLE,1703216527817550234,D3:F4:55:AB:96:20,-50
BLE,1703216528007176844,D3:F4:55:AB:96:20,-62
BLE,1703216528394535820,D3:F4:55:AB:96:20,-62
BLE,1703216528590353528,D3:F4:55:AB:96:20,-62
BLE,1703216528783393540,D3:F4:55:AB:96:20,-65
BLE,1703216528979156581,D3:F4:55:AB:96:20,-63
BLE,1703216529168280110,D3:F4:55:AB:96:20,-64
BLE,1703216529197513771,DF:DF:EE:00:00:04,-54
BLE,1703216529358817758,D3:F4:55:AB:96:20,-63
BLE,1703216529634084652,DF:A6:DC:DC:2E:81,-73
BLE,1703216529634125485,DF:DF:EE:00:00:01,-73
BLE,1703216529735196908,D3:F4:55:AB:96:20,-60
BLE,1703216529928626210,D3:F4:55:AB:96:20,-64
BLE,1703216530877727424,D3:F4:55:AB:96:20,-64
BLE,1703216531070368688,D3:F4:55:AB:96:20,-63
BLE,1703216531259155802,D3:F4:55:AB:96:20,-66
BLE,1703216531454605553,D3:F4:55:AB:96:20,-62
BLE,1703216531645606199,D3:F4:55:AB:96:20,-46
BLE,1703216531740711107,DF:DF:EE:00:00:04,-54
BLE,1703216531837415758,D3:F4:55:AB:96:20,-63
BLE,1703216532023896674,D3:F4:55:AB:96:20,-64
BLE,1703216532217587016,D3:F4:55:AB:96:20,-62
BLE,1703216532405513717,D3:F4:55:AB:96:20,-65
BLE,1703216532650799245,DF:A6:DC:DC:2E:81,-74
BLE,1703216532650823078,DF:DF:EE:00:00:01,-74
BLE,1703216532789920331,D3:F4:55:AB:96:20,-64
BLE,1703216532981488558,D3:F4:55:AB:96:20,-63
BLE,1703216533365018468,D3:F4:55:AB:96:20,-63
BLE,1703216533660395689,DF:A6:DC:DC:2E:81,-73
BLE,1703216533660438105,DF:DF:EE:00:00:01,-73
BLE,1703216533749652623,D3:F4:55:AB:96:20,-62
BLE,1703216534132752035,D3:F4:55:AB:96:20,-63
BLE,1703216534196316667,DF:DF:EE:00:00:04,-55
BLE,1703216534318739578,D3:F4:55:AB:96:20,-64
BLE,1703216534515484865,D3:F4:55:AB:96:20,-63
BLE,1703216534703446524,D3:F4:55:AB:96:20,-64
BLE,1703216534731960355,DF:DF:EE:00:00:04,-54
BLE,1703216535090278169,D3:F4:55:AB:96:20,-61
BLE,1703216535286554208,D3:F4:55:AB:96:20,-66
BLE,1703216535675363011,D3:F4:55:AB:96:20,-46
BLE,1703216536198852295,DF:DF:EE:00:00:04,-56
BLE,1703216536255945332,D3:F4:55:AB:96:20,-64
BLE,1703216536642241812,D3:F4:55:AB:96:20,-62
BLE,1703216536732148035,DF:DF:EE:00:00:04,-56
BLE,1703216536831291342,D3:F4:55:AB:96:20,-67
BLE,1703216537027068842,D3:F4:55:AB:96:20,-62
BLE,1703216537222865008,D3:F4:55:AB:96:20,-65
BLE,1703216537611443937,D3:F4:55:AB:96:20,-60
BLE,1703216537805176987,D3:F4:55:AB:96:20,-64
BLE,1703216537995342261,D3:F4:55:AB:96:20,-61
BLE,1703216538186897238,D3:F4:55:AB:96:20,-66
BLE,1703216538201499090,DF:DF:EE:00:00:04,-55
BLE,1703216538382338698,D3:F4:55:AB:96:20,-62
BLE,1703216538574493338,D3:F4:55:AB:96:20,-64
BLE,1703216538677723293,DF:A6:DC:DC:2E:81,-72
BLE,1703216538677766501,DF:DF:EE:00:00:01,-72
BLE,1703216538730727390,DF:DF:EE:00:00:04,-53
BLE,1703216538962299479,D3:F4:55:AB:96:20,-62
BLE,1703216539354156560,D3:F4:55:AB:96:20,-62
BLE,1703216539541431098,D3:F4:55:AB:96:20,-63
BLE,1703216539733869904,D3:F4:55:AB:96:20,-62
BLE,1703216539738635841,DF:DF:EE:00:00:04,-53
BLE,1703216540314012268,D3:F4:55:AB:96:20,-62
BLE,1703216540506504282,D3:F4:55:AB:96:20,-64
BLE,1703216540702489780,D3:F4:55:AB:96:20,-63
BLE,1703216540733506850,DF:DF:EE:00:00:04,-53
BLE,1703216541092340620,D3:F4:55:AB:96:20,-64
BLE,1703216541195345368,DF:DF:EE:00:00:04,-56
BLE,1703216541287702455,D3:F4:55:AB:96:20,-62
BLE,1703216541475786281,D3:F4:55:AB:96:20,-64
BLE,1703216542056472892,D3:F4:55:AB:96:20,-69
BLE,1703216542201372119,DF:DF:EE:00:00:04,-54
BLE,1703216542251865185,D3:F4:55:AB:96:20,-62
BLE,1703216542438522059,D3:F4:55:AB:96:20,-65
BLE,1703216542638444165,D3:F4:55:AB:96:20,-63
BLE,1703216542734042904,DF:DF:EE:00:00:04,-54
BLE,1703216543019795751,D3:F4:55:AB:96:20,-62
BLE,1703216543192898727,DF:DF:EE:00:00:04,-54
BLE,1703216543206621999,D3:F4:55:AB:96:20,-65
BLE,1703216543692955449,DF:A6:DC:DC:2E:81,-72
BLE,1703216543692996032,DF:DF:EE:00:00:01,-72
BLE,1703216543790332555,D3:F4:55:AB:96:20,-64
BLE,1703216543987853214,D3:F4:55:AB:96:20,-63
BLE,1703216544193383253,DF:DF:EE:00:00:04,-51
BLE,1703216544369084800,D3:F4:55:AB:96:20,-62
BLE,1703216544555617675,D3:F4:55:AB:96:20,-64
BLE,1703216544692614395,DF:A6:DC:DC:2E:81,-76
BLE,1703216544692648062,DF:DF:EE:00:00:01,-76
BLE,1703216544733621962,DF:DF:EE:00:00:04,-54
BLE,1703216544751089634,D3:F4:55:AB:96:20,-63
BLE,1703216544940202996,D3:F4:55:AB:96:20,-64
BLE,1703216545195671979,DF:DF:EE:00:00:04,-55
BLE,1703216545334282026,D3:F4:55:AB:96:20,-62
BLE,1703216545716881106,D3:F4:55:AB:96:20,-64
BLE,1703216545908091626,D3:F4:55:AB:96:20,-64
BLE,1703216546305170726,D3:F4:55:AB:96:20,-62
BLE,1703216546685432525,D3:F4:55:AB:96:20,-62
BLE,1703216546874173390,D3:F4:55:AB:96:20,-64
BLE,1703216547066233322,D3:F4:55:AB:96:20,-47
BLE,1703216547456762243,D3:F4:55:AB:96:20,-64
BLE,1703216547705533130,DF:A6:DC:DC:2E:81,-73
BLE,1703216547705568463,DF:DF:EE:00:00:01,-73
BLE,1703216547738172734,DF:DF:EE:00:00:04,-54
BLE,1703216547848414116,D3:F4:55:AB:96:20,-62
BLE,1703216548043801784,D3:F4:55:AB:96:20,-65
BLE,1703216548199246339,DF:DF:EE:00:00:04,-53
BLE,1703216548233512977,D3:F4:55:AB:96:20,-60
BLE,1703216548733877198,DF:DF:EE:00:00:04,-55
BLE,1703216549002815120,D3:F4:55:AB:96:20,-47
BLE,1703216549197937373,D3:F4:55:AB:96:20,-60
BLE,1703216549588012962,D3:F4:55:AB:96:20,-62
BLE,1703216549726040095,DF:A6:DC:DC:2E:81,-73
BLE,1703216549726060969,DF:DF:EE:00:00:01,-73
BLE,1703216549737589376,DF:DF:EE:00:00:04,-53
BLE,1703216549778246986,D3:F4:55:AB:96:20,-65
BLE,1703216550175264711,D3:F4:55:AB:96:20,-62
BLE,1703216550194118251,DF:DF:EE:00:00:04,-40
BLE,1703216550363216079,D3:F4:55:AB:96:20,-64
BLE,1703216550558098999,D3:F4:55:AB:96:20,-62
BLE,1703216550750878178,D3:F4:55:AB:96:20,-61
BLE,1703216550939491501,D3:F4:55:AB:96:20,-63
BLE,1703216551126167083,D3:F4:55:AB:96:20,-64
BLE,1703216551510046825,D3:F4:55:AB:96:20,-65
BLE,1703216551734443447,DF:A6:DC:DC:2E:81,-74
BLE,1703216551734486113,DF:DF:EE:00:00:01,-74
BLE,1703216551901930948,D3:F4:55:AB:96:20,-62
BLE,1703216552095524665,D3:F4:55:AB:96:20,-64
BLE,1703216552192005192,DF:DF:EE:00:00:04,-54
BLE,1703216552286453186,D3:F4:55:AB:96:20,-62
BLE,1703216552673775038,D3:F4:55:AB:96:20,-62
BLE,1703216553433699848,D3:F4:55:AB:96:20,-63
BLE,1703216554006542453,D3:F4:55:AB:96:20,-65
BLE,1703216554195441025,D3:F4:55:AB:96:20,-60
BLE,1703216554581851588,D3:F4:55:AB:96:20,-64
BLE,1703216554729764010,DF:DF:EE:00:00:04,-38
BLE,1703216554750417793,DF:A6:DC:DC:2E:81,-74
BLE,1703216554750444959,DF:DF:EE:00:00:01,-74
BLE,1703216554774439727,D3:F4:55:AB:96:20,-64
BLE,1703216555353839511,D3:F4:55:AB:96:20,-64
BLE,1703216555546353983,D3:F4:55:AB:96:20,-62
BLE,1703216555736601716,D3:F4:55:AB:96:20,-64
BLE,1703216556506867563,D3:F4:55:AB:96:20,-65
BLE,1703216556700479989,D3:F4:55:AB:96:20,-62
BLE,1703216556737492615,DF:DF:EE:00:00:04,-54
BLE,1703216556886259616,D3:F4:55:AB:96:20,-64
BLE,1703216557076571057,D3:F4:55:AB:96:20,-60
BLE,1703216557193945490,DF:DF:EE:00:00:04,-55
BLE,1703216557456672316,D3:F4:55:AB:96:20,-60
BLE,1703216557646831507,D3:F4:55:AB:96:20,-62
BLE,1703216557762549656,DF:A6:DC:DC:2E:81,-74
BLE,1703216557762586989,DF:DF:EE:00:00:01,-74
BLE,1703216557834526959,D3:F4:55:AB:96:20,-64
BLE,1703216558217563455,D3:F4:55:AB:96:20,-65
BLE,1703216558411341380,D3:F4:55:AB:96:20,-62
BLE,1703216558796385449,D3:F4:55:AB:96:20,-64
BLE,1703216558988201883,D3:F4:55:AB:96:20,-62
BLE,1703216559377047728,D3:F4:55:AB:96:20,-62
BLE,1703216559565123512,D3:F4:55:AB:96:20,-65
BLE,1703216559735633499,DF:DF:EE:00:00:04,-55
BLE,1703216559760928219,D3:F4:55:AB:96:20,-47
BLE,1703216559955642224,D3:F4:55:AB:96:20,-47
BLE,1703216560148107446,D3:F4:55:AB:96:20,-65
BLE,1703216560195475318,DF:DF:EE:00:00:04,-54
BLE,1703216561302033036,D3:F4:55:AB:96:20,-46
BLE,1703216561493179140,D3:F4:55:AB:96:20,-62
BLE,1703216561688514141,D3:F4:55:AB:96:20,-62
BLE,1703216561731363116,DF:DF:EE:00:00:04,-54
BLE,1703216561785623249,DF:A6:DC:DC:2E:81,-73
BLE,1703216561785649790,DF:DF:EE:00:00:01,-73
BLE,1703216562197691239,DF:DF:EE:00:00:04,-54
BLE,1703216562278197754,D3:F4:55:AB:96:20,-62
BLE,1703216563195572152,DF:DF:EE:00:00:04,-54
BLE,1703216563427361365,D3:F4:55:AB:96:20,-62
BLE,1703216563621725538,D3:F4:55:AB:96:20,-62
BLE,1703216563814193010,D3:F4:55:AB:96:20,-64
BLE,1703216564005096907,D3:F4:55:AB:96:20,-61
BLE,1703216564200159034,DF:DF:EE:00:00:04,-53
BLE,1703216564396262699,D3:F4:55:AB:96:20,-63
BLE,1703216564582443950,D3:F4:55:AB:96:20,-64
BLE,1703216564733446983,DF:DF:EE:00:00:04,-55
BLE,1703216564778160741,D3:F4:55:AB:96:20,-62
BLE,1703216564800352850,DF:A6:DC:DC:2E:81,-72
BLE,1703216564800380017,DF:DF:EE:00:00:01,-72
BLE,1703216564965982026,D3:F4:55:AB:96:20,-64
BLE,1703216565197716198,DF:DF:EE:00:00:04,-54
BLE,1703216565354493997,D3:F4:55:AB:96:20,-61
BLE,1703216565549471500,D3:F4:55:AB:96:20,-63
BLE,1703216565729338363,DF:DF:EE:00:00:04,-54
BLE,1703216565929141177,D3:F4:55:AB:96:20,-64
BLE,1703216566117859250,D3:F4:55:AB:96:20,-62
BLE,1703216566500728621,D3:F4:55:AB:96:20,-46
BLE,1703216566695317293,D3:F4:55:AB:96:20,-64
BLE,1703216566809577698,DF:A6:DC:DC:2E:81,-73
BLE,1703216566809609782,DF:DF:EE:00:00:01,-73
BLE,1703216567079383325,D3:F4:55:AB:96:20,-65
BLE,1703216567274632160,D3:F4:55:AB:96:20,-63
BLE,1703216567655708081,D3:F4:55:AB:96:20,-62
BLE,1703216567842432913,D3:F4:55:AB:96:20,-64
BLE,1703216568229409141,D3:F4:55:AB:96:20,-50
BLE,1703216568735241170,DF:DF:EE:00:00:04,-55
BLE,1703216568827710465,DF:A6:DC:DC:2E:81,-72
BLE,1703216568827746340,DF:DF:EE:00:00:01,-72
BLE,1703216569193642829,DF:DF:EE:00:00:04,-53
BLE,1703216569732072588,DF:DF:EE:00:00:04,-53
BLE,1703216569830318523,DF:A6:DC:DC:2E:81,-71
BLE,1703216569830362356,DF:DF:EE:00:00:01,-71
BLE,1703216570192021323,DF:DF:EE:00:00:04,-55
BLE,1703216570348175624,D3:F4:55:AB:96:20,-60
BLE,1703216570838166725,DF:A6:DC:DC:2E:81,-74
BLE,1703216570838219558,DF:DF:EE:00:00:01,-74
BLE,1703216571119290051,D3:F4:55:AB:96:20,-63
BLE,1703216571197322577,DF:DF:EE:00:00:04,-53
BLE,1703216571503305459,D3:F4:55:AB:96:20,-63
BLE,1703216571738202658,DF:DF:EE:00:00:04,-53
BLE,1703216571843211355,DF:A6:DC:DC:2E:81,-73
BLE,1703216571843246438,DF:DF:EE:00:00:01,-73
BLE,1703216571879205611,D3:F4:55:AB:96:20,-61
BLE,1703216572201433337,DF:DF:EE:00:00:04,-55
BLE,1703216572263279977,D3:F4:55:AB:96:20,-62
BLE,1703216572457715857,D3:F4:55:AB:96:20,-64
BLE,1703216572654156895,D3:F4:55:AB:96:20,-62
BLE,1703216572733314875,DF:DF:EE:00:00:04,-54
BLE,1703216572849563730,DF:A6:DC:DC:2E:81,-71
BLE,1703216572849608021,DF:DF:EE:00:00:01,-71
BLE,1703216573235602337,D3:F4:55:AB:96:20,-63
BLE,1703216573431590794,D3:F4:55:AB:96:20,-62
BLE,1703216573621882401,D3:F4:55:AB:96:20,-63
BLE,1703216573809902185,D3:F4:55:AB:96:20,-65
BLE,1703216573849434717,DF:A6:DC:DC:2E:81,-74
BLE,1703216573849462550,DF:DF:EE:00:00:01,-74
BLE,1703216574003368862,D3:F4:55:AB:96:20,-63
BLE,1703216574189165573,D3:F4:55:AB:96:20,-64
BLE,1703216574190800440,DF:DF:EE:00:00:04,-53
BLE,1703216574584162848,D3:F4:55:AB:96:20,-62
BLE,1703216574851244445,DF:A6:DC:DC:2E:81,-71
BLE,1703216574851286528,DF:DF:EE:00:00:01,-71
BLE,1703216575169767521,D3:F4:55:AB:96:20,-63
BLE,1703216575194584785,DF:DF:EE:00:00:04,-56
BLE,1703216575737112984,DF:DF:EE:00:00:04,-56
BLE,1703216575757171186,D3:F4:55:AB:96:20,-62
BLE,1703216575950567029,D3:F4:55:AB:96:20,-61
BLE,1703216576190072791,DF:DF:EE:00:00:04,-54
BLE,1703216576334131814,D3:F4:55:AB:96:20,-60
BLE,1703216576529982605,D3:F4:55:AB:96:20,-64
BLE,1703216576727077598,D3:F4:55:AB:96:20,-47
BLE,1703216576738413423,DF:DF:EE:00:00:04,-54
BLE,1703216576912983517,D3:F4:55:AB:96:20,-65
BLE,1703216577197836201,DF:DF:EE:00:00:04,-55
BLE,1703216577693375902,D3:F4:55:AB:96:20,-62
BLE,1703216577867898788,DF:A6:DC:DC:2E:81,-72
BLE,1703216577867946788,DF:DF:EE:00:00:01,-72
BLE,1703216577878487241,D3:F4:55:AB:96:20,-65
BLE,1703216578074499448,D3:F4:55:AB:96:20,-62
BLE,1703216578262507649,D3:F4:55:AB:96:20,-64
BLE,1703216578658457336,D3:F4:55:AB:96:20,-63
BLE,1703216578845984956,D3:F4:55:AB:96:20,-70
BLE,1703216578874808202,DF:A6:DC:DC:2E:81,-71
BLE,1703216578874839410,DF:DF:EE:00:00:01,-71
BLE,1703216579228403913,D3:F4:55:AB:96:20,-50
BLE,1703216579613483524,D3:F4:55:AB:96:20,-64
BLE,1703216579738437507,DF:DF:EE:00:00:04,-55
BLE,1703216579809028191,D3:F4:55:AB:96:20,-63
BLE,1703216580197438038,D3:F4:55:AB:96:20,-65
BLE,1703216580390655923,D3:F4:55:AB:96:20,-63
BLE,1703216580577042590,D3:F4:55:AB:96:20,-64
BLE,1703216580773718460,D3:F4:55:AB:96:20,-63
BLE,1703216580963025656,D3:F4:55:AB:96:20,-64
BLE,1703216581343085164,D3:F4:55:AB:96:20,-64
BLE,1703216581542640397,D3:F4:55:AB:96:20,-63
BLE,1703216581737506692,D3:F4:55:AB:96:20,-62
BLE,1703216581738885436,D3:F4:55:AB:96:20,-63
BLE,1703216581929532458,D3:F4:55:AB:96:20,-66
BLE,1703216582505952089,D3:F4:55:AB:96:20,-47
BLE,1703216582737949135,DF:DF:EE:00:00:04,-54
BLE,1703216582896364593,D3:F4:55:AB:96:20,-63
BLE,1703216583287944717,D3:F4:55:AB:96:20,-62
BLE,1703216583479445777,D3:F4:55:AB:96:20,-64
BLE,1703216583677129602,D3:F4:55:AB:96:20,-63
BLE,1703216583735839881,DF:DF:EE:00:00:04,-56
BLE,1703216583862241607,D3:F4:55:AB:96:20,-64
BLE,1703216584192184923,DF:DF:EE:00:00:04,-55
BLE,1703216584248874295,D3:F4:55:AB:96:20,-65
BLE,1703216584445117876,D3:F4:55:AB:96:20,-62
BLE,1703216584898022809,DF:A6:DC:DC:2E:81,-73
BLE,1703216584898057058,DF:DF:EE:00:00:01,-73
BLE,1703216585013868249,D3:F4:55:AB:96:20,-65
BLE,1703216585197376803,DF:DF:EE:00:00:04,-54
BLE,1703216585207403758,D3:F4:55:AB:96:20,-62
BLE,1703216585395562375,D3:F4:55:AB:96:20,-64
BLE,1703216585588670470,D3:F4:55:AB:96:20,-47
BLE,1703216585904891848,DF:A6:DC:DC:2E:81,-73
BLE,1703216585904931347,DF:DF:EE:00:00:01,-73
BLE,1703216586175383346,D3:F4:55:AB:96:20,-64
BLE,1703216586198173869,DF:DF:EE:00:00:04,-41
BLE,1703216586563728235,D3:F4:55:AB:96:20,-64
BLE,1703216586754729631,D3:F4:55:AB:96:20,-61
BLE,1703216586905283166,DF:A6:DC:DC:2E:81,-75
BLE,1703216586905311082,DF:DF:EE:00:00:01,-75
BLE,1703216587140703529,D3:F4:55:AB:96:20,-63
BLE,1703216587191977592,DF:DF:EE:00:00:04,-54
BLE,1703216587527608341,D3:F4:55:AB:96:20,-62
BLE,1703216587714849754,D3:F4:55:AB:96:20,-64
BLE,1703216587736225866,DF:DF:EE:00:00:04,-54
BLE,1703216588199362004,DF:DF:EE:00:00:04,-55
BLE,1703216588484985518,D3:F4:55:AB:96:20,-61
BLE,1703216588737273265,DF:DF:EE:00:00:04,-56
BLE,1703216588868608052,D3:F4:55:AB:96:20,-62
BLE,1703216589196397503,DF:DF:EE:00:00:04,-53
BLE,1703216589443605648,D3:F4:55:AB:96:20,-64
BLE,1703216589633825047,D3:F4:55:AB:96:20,-47
BLE,1703216589920460849,DF:A6:DC:DC:2E:81,-73
BLE,1703216589920509473,DF:DF:EE:00:00:01,-73
BLE,1703216590192187550,DF:DF:EE:00:00:04,-54
BLE,1703216590739957059,DF:DF:EE:00:00:04,-41
BLE,1703216590922341743,DF:A6:DC:DC:2E:81,-73
BLE,1703216590922401326,DF:DF:EE:00:00:01,-73
BLE,1703216590975958295,D3:F4:55:AB:96:20,-64
BLE,1703216591354342936,D3:F4:55:AB:96:20,-64
BLE,1703216591544703377,D3:F4:55:AB:96:20,-61
BLE,1703216591731591999,DF:DF:EE:00:00:04,-56
BLE,1703216591738098054,D3:F4:55:AB:96:20,-65
BLE,1703216591923052393,DF:A6:DC:DC:2E:81,-74
BLE,1703216591923096768,DF:DF:EE:00:00:01,-74
BLE,1703216591936717874,D3:F4:55:AB:96:20,-62
BLE,1703216592123688413,D3:F4:55:AB:96:20,-64
BLE,1703216592314403477,D3:F4:55:AB:96:20,-63
BLE,1703216592731935984,DF:DF:EE:00:00:04,-53
BLE,1703216592892363642,D3:F4:55:AB:96:20,-60
BLE,1703216593195969368,DF:DF:EE:00:00:04,-55
BLE,1703216593285617383,D3:F4:55:AB:96:20,-63
BLE,1703216593471523719,D3:F4:55:AB:96:20,-64
BLE,1703216594055641482,D3:F4:55:AB:96:20,-64
BLE,1703216594197647471,DF:DF:EE:00:00:04,-55
BLE,1703216594251144816,D3:F4:55:AB:96:20,-63
BLE,1703216594443092124,D3:F4:55:AB:96:20,-64
BLE,1703216594633047483,D3:F4:55:AB:96:20,-62
BLE,1703216594932471352,DF:A6:DC:DC:2E:81,-79
BLE,1703216594932516185,DF:DF:EE:00:00:01,-79
BLE,1703216595207295706,D3:F4:55:AB:96:20,-64
BLE,1703216595397319898,D3:F4:55:AB:96:20,-63
BLE,1703216595731055656,DF:DF:EE:00:00:04,-55
BLE,1703216595776512744,D3:F4:55:AB:96:20,-46
BLE,1703216596732227929,D3:F4:55:AB:96:20,-66
BLE,1703216597116422669,D3:F4:55:AB:96:20,-66
BLE,1703216597200778958,DF:DF:EE:00:00:04,-56
BLE,1703216597314280409,D3:F4:55:AB:96:20,-62
BLE,1703216597506601382,D3:F4:55:AB:96:20,-62
BLE,1703216597730197383,DF:DF:EE:00:00:04,-54
BLE,1703216597951142353,DF:A6:DC:DC:2E:81,-74
BLE,1703216597951193144,DF:DF:EE:00:00:01,-74
BLE,1703216598076972124,D3:F4:55:AB:96:20,-64
BLE,1703216598192787356,DF:DF:EE:00:00:04,-55
BLE,1703216598269743678,D3:F4:55:AB:96:20,-60
BLE,1703216598659841684,D3:F4:55:AB:96:20,-62
BLE,1703216598852943612,D3:F4:55:AB:96:20,-65
BLE,1703216598957306645,DF:A6:DC:DC:2E:81,-72
BLE,1703216598957344603,DF:DF:EE:00:00:01,-72
BLE,1703216599245944729,D3:F4:55:AB:96:20,-63
BLE,1703216599819859954,D3:F4:55:AB:96:20,-64
BLE,1703216599958218627,DF:A6:DC:DC:2E:81,-71
BLE,1703216599958259002,DF:DF:EE:00:00:01,-71
BLE,1703216600013226590,D3:F4:55:AB:96:20,-63
BLE,1703216600969994645,D3:F4:55:AB:96:20,-60
BLE,1703216601193218855,DF:DF:EE:00:00:04,-54
BLE,1703216601194706015,DF:DF:EE:00:00:04,-54
BLE,1703216601357686911,D3:F4:55:AB:96:20,-62
BLE,1703216601732467235,DF:DF:EE:00:00:04,-53
BLE,1703216602130702787,D3:F4:55:AB:96:20,-47
BLE,1703216602197132073,DF:DF:EE:00:00:04,-55
BLE,1703216602713682555,D3:F4:55:AB:96:20,-63
BLE,1703216602733478217,DF:DF:EE:00:00:04,-55
BLE,1703216602908205352,D3:F4:55:AB:96:20,-60
BLE,1703216602969072246,DF:A6:DC:DC:2E:81,-73
BLE,1703216602969100330,DF:DF:EE:00:00:01,-73
BLE,1703216603195077069,DF:DF:EE:00:00:04,-37
BLE,1703216603287594822,D3:F4:55:AB:96:20,-61
BLE,1703216603477400265,D3:F4:55:AB:96:20,-62
BLE,1703216603854844285,D3:F4:55:AB:96:20,-60
BLE,1703216603973050590,DF:A6:DC:DC:2E:81,-73
BLE,1703216603973074048,DF:DF:EE:00:00:01,-73
BLE,1703216604045724182,D3:F4:55:AB:96:20,-69
BLE,1703216604195018139,DF:DF:EE:00:00:04,-55
BLE,1703216604241424932,D3:F4:55:AB:96:20,-63
BLE,1703216604436067103,D3:F4:55:AB:96:20,-61
BLE,1703216604737752170,DF:DF:EE:00:00:04,-69
BLE,1703216604814666368,D3:F4:55:AB:96:20,-64
BLE,1703216604970911503,DF:A6:DC:DC:2E:81,-73
BLE,1703216604970978711,DF:DF:EE:00:00:01,-73
BLE,1703216605006271136,D3:F4:55:AB:96:20,-63
BLE,1703216605194487170,D3:F4:55:AB:96:20,-64
BLE,1703216605387400474,D3:F4:55:AB:96:20,-62
BLE,1703216605737015702,DF:DF:EE:00:00:04,-53
BLE,1703216605766275946,D3:F4:55:AB:96:20,-62
BLE,1703216605979661950,DF:A6:DC:DC:2E:81,-73
BLE,1703216605979703575,DF:DF:EE:00:00:01,-73
BLE,1703216606199039886,DF:DF:EE:00:00:04,-57
BLE,1703216606536795584,D3:F4:55:AB:96:20,-63
BLE,1703216607488808493,D3:F4:55:AB:96:20,-65
BLE,1703216607731977156,DF:DF:EE:00:00:04,-55
BLE,1703216607998614630,DF:A6:DC:DC:2E:81,-73
BLE,1703216607998664296,DF:DF:EE:00:00:01,-73
BLE,1703216608189621567,DF:DF:EE:00:00:04,-53
BLE,1703216608455125713,D3:F4:55:AB:96:20,-65
BLE,1703216608651786542,D3:F4:55:AB:96:20,-63
BLE,1703216609230796745,D3:F4:55:AB:96:20,-61
BLE,1703216609734892157,DF:DF:EE:00:00:04,-55
BLE,1703216610015136404,DF:A6:DC:DC:2E:81,-70
BLE,1703216610015183320,DF:DF:EE:00:00:01,-70
BLE,1703216610382377261,D3:F4:55:AB:96:20,-62
BLE,1703216610575271274,D3:F4:55:AB:96:20,-64
BLE,1703216610727510343,DF:DF:EE:00:00:04,-53
BLE,1703216610768865783,D3:F4:55:AB:96:20,-62
BLE,1703216611350120392,D3:F4:55:AB:96:20,-64
BLE,1703216611540195084,D3:F4:55:AB:96:20,-64
BLE,1703216611937776098,D3:F4:55:AB:96:20,-63
BLE,1703216612126317588,D3:F4:55:AB:96:20,-64
BLE,1703216612190230844,DF:DF:EE:00:00:04,-55
BLE,1703216612516625759,D3:F4:55:AB:96:20,-46
BLE,1703216612735198365,DF:DF:EE:00:00:04,-53
BLE,1703216612903181405,D3:F4:55:AB:96:20,-63
BLE,1703216613285087073,D3:F4:55:AB:96:20,-62
BLE,1703216613664683625,D3:F4:55:AB:96:20,-62
BLE,1703216613739415791,DF:DF:EE:00:00:04,-56
BLE,1703216614025530345,DF:A6:DC:DC:2E:81,-72
BLE,1703216614025577303,DF:DF:EE:00:00:01,-72
BLE,1703216614436680881,D3:F4:55:AB:96:20,-80
BLE,1703216614622186468,D3:F4:55:AB:96:20,-64
BLE,1703216614819965375,D3:F4:55:AB:96:20,-63
BLE,1703216615027664572,DF:A6:DC:DC:2E:81,-73
BLE,1703216615027703946,DF:DF:EE:00:00:01,-73
BLE,1703216615201463503,D3:F4:55:AB:96:20,-62
BLE,1703216615585574285,D3:F4:55:AB:96:20,-62
BLE,1703216615739655679,DF:DF:EE:00:00:04,-56
BLE,1703216615772582157,D3:F4:55:AB:96:20,-64
BLE,1703216615964719131,D3:F4:55:AB:96:20,-63
BLE,1703216616350012200,D3:F4:55:AB:96:20,-62
BLE,1703216616731028163,D3:F4:55:AB:96:20,-64
BLE,1703216617045994962,DF:A6:DC:DC:2E:81,-74
BLE,1703216617046043129,DF:DF:EE:00:00:01,-74
BLE,1703216617496526781,D3:F4:55:AB:96:20,-63
BLE,1703216617685700477,D3:F4:55:AB:96:20,-64
BLE,1703216617687216053,D3:F4:55:AB:96:20,-61
BLE,1703216617736789207,DF:DF:EE:00:00:04,-55
BLE,1703216617880051149,D3:F4:55:AB:96:20,-62
BLE,1703216618050084889,DF:A6:DC:DC:2E:81,-71
BLE,1703216618050140139,DF:DF:EE:00:00:01,-71
BLE,1703216618195944528,DF:DF:EE:00:00:04,-57
BLE,1703216618445355746,D3:F4:55:AB:96:20,-64
BLE,1703216618634450609,D3:F4:55:AB:96:20,-61
BLE,1703216618824854508,D3:F4:55:AB:96:20,-63
BLE,1703216619019880135,D3:F4:55:AB:96:20,-62
BLE,1703216619055335477,DF:A6:DC:DC:2E:81,-74
BLE,1703216619055368602,DF:DF:EE:00:00:01,-74
BLE,1703216619188490465,DF:DF:EE:00:00:04,-53
BLE,1703216619596907638,D3:F4:55:AB:96:20,-64
BLE,1703216619737618551,DF:DF:EE:00:00:04,-54
BLE,1703216619986247814,D3:F4:55:AB:96:20,-60
BLE,1703216620365322994,D3:F4:55:AB:96:20,-61
BLE,1703216620556486722,D3:F4:55:AB:96:20,-62
BLE,1703216620736915540,DF:DF:EE:00:00:04,-55
BLE,1703216620747864075,D3:F4:55:AB:96:20,-46
BLE,1703216620938624680,D3:F4:55:AB:96:20,-63
BLE,1703216621066442067,DF:A6:DC:DC:2E:81,-72
BLE,1703216621066490067,DF:DF:EE:00:00:01,-72
BLE,1703216621125124263,D3:F4:55:AB:96:20,-64
BLE,1703216621194210287,DF:DF:EE:00:00:04,-53
BLE,1703216621513462526,D3:F4:55:AB:96:20,-61
BLE,1703216621895339652,D3:F4:55:AB:96:20,-62
BLE,1703216622067758006,DF:A6:DC:DC:2E:81,-74
BLE,1703216622067786255,DF:DF:EE:00:00:01,-74
BLE,1703216622278471688,D3:F4:55:AB:96:20,-62
BLE,1703216622658192865,D3:F4:55:AB:96:20,-65
BLE,1703216622731561412,DF:DF:EE:00:00:04,-55
BLE,1703216622850291965,D3:F4:55:AB:96:20,-62
BLE,1703216623044239806,D3:F4:55:AB:96:20,-61
BLE,1703216623072893802,DF:A6:DC:DC:2E:81,-72
BLE,1703216623072919177,DF:DF:EE:00:00:01,-72
BLE,1703216623235986990,D3:F4:55:AB:96:20,-62
BLE,1703216623432013488,D3:F4:55:AB:96:20,-63
BLE,1703216623623652089,D3:F4:55:AB:96:20,-65
BLE,1703216624080108465,DF:A6:DC:DC:2E:81,-70
BLE,1703216624080151965,DF:DF:EE:00:00:01,-70
BLE,1703216624199284265,D3:F4:55:AB:96:20,-63
BLE,1703216624584360460,D3:F4:55:AB:96:20,-63
BLE,1703216624967576871,D3:F4:55:AB:96:20,-63
BLE,1703216625082485774,DF:A6:DC:DC:2E:81,-78
BLE,1703216625082503649,DF:DF:EE:00:00:01,-78
BLE,1703216625153893788,D3:F4:55:AB:96:20,-64
BLE,1703216625189990543,DF:DF:EE:00:00:04,-55
BLE,1703216625736188434,DF:DF:EE:00:00:04,-54
BLE,1703216625917638498,D3:F4:55:AB:96:20,-65
BLE,1703216626089323688,DF:A6:DC:DC:2E:81,-74
BLE,1703216626089353980,DF:DF:EE:00:00:01,-74
BLE,1703216626483522592,D3:F4:55:AB:96:20,-64
BLE,1703216626728248123,DF:DF:EE:00:00:04,-54
BLE,1703216627088273054,DF:A6:DC:DC:2E:81,-74
BLE,1703216627088314846,DF:DF:EE:00:00:01,-74
BLE,1703216627192714129,DF:DF:EE:00:00:04,-55
BLE,1703216627442217055,D3:F4:55:AB:96:20,-63
BLE,1703216628012100256,D3:F4:55:AB:96:20,-64
BLE,1703216628091468526,DF:A6:DC:DC:2E:81,-72
BLE,1703216628091500026,DF:DF:EE:00:00:01,-72
BLE,1703216628196465432,DF:DF:EE:00:00:04,-56
BLE,1703216628207883422,D3:F4:55:AB:96:20,-62
BLE,1703216628394337464,D3:F4:55:AB:96:20,-64
BLE,1703216628585395484,D3:F4:55:AB:96:20,-63
BLE,1703216628775670092,D3:F4:55:AB:96:20,-64
BLE,1703216628966107073,D3:F4:55:AB:96:20,-46
BLE,1703216629159903873,D3:F4:55:AB:96:20,-64
BLE,1703216629732420355,DF:DF:EE:00:00:04,-56
BLE,1703216629738093746,D3:F4:55:AB:96:20,-63
BLE,1703216630104424816,DF:A6:DC:DC:2E:81,-74
BLE,1703216630104474774,DF:DF:EE:00:00:01,-74
BLE,1703216630117941964,D3:F4:55:AB:96:20,-62
BLE,1703216630191785842,DF:DF:EE:00:00:04,-54
BLE,1703216630305228502,D3:F4:55:AB:96:20,-65
BLE,1703216630502011538,D3:F4:55:AB:96:20,-62
BLE,1703216631080794658,D3:F4:55:AB:96:20,-61
BLE,1703216631652596018,D3:F4:55:AB:96:20,-64
BLE,1703216632114235995,DF:A6:DC:DC:2E:81,-71
BLE,1703216632114284745,DF:DF:EE:00:00:01,-71
BLE,1703216632222417595,D3:F4:55:AB:96:20,-61
BLE,1703216632414347987,D3:F4:55:AB:96:20,-67
BLE,1703216632989096416,D3:F4:55:AB:96:20,-61
BLE,1703216633179281108,D3:F4:55:AB:96:20,-62
BLE,1703216633374263027,D3:F4:55:AB:96:20,-61
BLE,1703216633566539709,D3:F4:55:AB:96:20,-64
BLE,1703216634142771549,D3:F4:55:AB:96:20,-63
BLE,1703216634196638891,DF:DF:EE:00:00:04,-54
BLE,1703216634522296477,D3:F4:55:AB:96:20,-62
BLE,1703216634715403571,D3:F4:55:AB:96:20,-69
BLE,1703216634729422884,DF:DF:EE:00:00:04,-56
BLE,1703216635189205328,DF:DF:EE:00:00:04,-53
BLE,1703216635290434667,D3:F4:55:AB:96:20,-63
BLE,1703216635480425109,D3:F4:55:AB:96:20,-64
BLE,1703216635726242718,DF:DF:EE:00:00:04,-53
BLE,1703216635862990398,D3:F4:55:AB:96:20,-64
BLE,1703216636055539953,D3:F4:55:AB:96:20,-62
BLE,1703216636245037523,D3:F4:55:AB:96:20,-64
BLE,1703216636441658977,D3:F4:55:AB:96:20,-62
BLE,1703216636627605062,D3:F4:55:AB:96:20,-65
BLE,1703216636734074294,DF:DF:EE:00:00:04,-55
BLE,1703216636821245863,D3:F4:55:AB:96:20,-63
BLE,1703216637016239199,D3:F4:55:AB:96:20,-61
BLE,1703216637400736730,D3:F4:55:AB:96:20,-46
BLE,1703216637590532006,D3:F4:55:AB:96:20,-62
BLE,1703216637727630518,DF:DF:EE:00:00:04,-53
BLE,1703216638130397967,DF:A6:DC:DC:2E:81,-73
BLE,1703216638130433175,DF:DF:EE:00:00:01,-73
BLE,1703216638171749990,D3:F4:55:AB:96:20,-63
BLE,1703216638727196173,DF:DF:EE:00:00:04,-54
BLE,1703216638749441615,D3:F4:55:AB:96:20,-60
BLE,1703216638943073957,D3:F4:55:AB:96:20,-64
BLE,1703216639330718265,D3:F4:55:AB:96:20,-66
BLE,1703216639524026193,D3:F4:55:AB:96:20,-69
BLE,1703216639911365044,D3:F4:55:AB:96:20,-64
BLE,1703216640105950424,D3:F4:55:AB:96:20,-63
BLE,1703216640189330051,DF:DF:EE:00:00:04,-54
BLE,1703216640680442396,D3:F4:55:AB:96:20,-64
BLE,1703216640874361779,D3:F4:55:AB:96:20,-47
BLE,1703216641140668963,DF:A6:DC:DC:2E:81,-75
BLE,1703216641140725005,DF:DF:EE:00:00:01,-75
BLE,1703216641256011656,D3:F4:55:AB:96:20,-47
BLE,1703216641451690156,D3:F4:55:AB:96:20,-62
BLE,1703216641831680331,D3:F4:55:AB:96:20,-62
BLE,1703216642148142375,DF:A6:DC:DC:2E:81,-71
BLE,1703216642148179249,DF:DF:EE:00:00:01,-71
BLE,1703216642193250089,DF:DF:EE:00:00:04,-56
BLE,1703216642214145079,D3:F4:55:AB:96:20,-62
BLE,1703216642403830231,D3:F4:55:AB:96:20,-62
BLE,1703216642986365334,D3:F4:55:AB:96:20,-62
BLE,1703216643155819868,DF:A6:DC:DC:2E:81,-74
BLE,1703216643155849451,DF:DF:EE:00:00:01,-74
BLE,1703216643191686875,DF:DF:EE:00:00:04,-55
BLE,1703216643367600505,D3:F4:55:AB:96:20,-63
BLE,1703216643556869158,D3:F4:55:AB:96:20,-65
BLE,1703216643732077333,DF:DF:EE:00:00:04,-55
BLE,1703216643747065933,D3:F4:55:AB:96:20,-62
BLE,1703216644129422473,D3:F4:55:AB:96:20,-62
BLE,1703216644324617392,D3:F4:55:AB:96:20,-66
BLE,1703216644520439308,D3:F4:55:AB:96:20,-62
BLE,1703216644713198196,D3:F4:55:AB:96:20,-60
BLE,1703216644729336498,DF:DF:EE:00:00:04,-53
BLE,1703216644906741497,D3:F4:55:AB:96:20,-66
BLE,1703216645101236627,D3:F4:55:AB:96:20,-62
BLE,1703216645173638511,DF:A6:DC:DC:2E:81,-58
BLE,1703216645173656345,DF:DF:EE:00:00:01,-58
BLE,1703216645484491455,D3:F4:55:AB:96:20,-62
BLE,1703216645672482572,D3:F4:55:AB:96:20,-64
BLE,1703216645867840782,D3:F4:55:AB:96:20,-63
BLE,1703216646061768457,D3:F4:55:AB:96:20,-61
BLE,1703216646183067331,DF:A6:DC:DC:2E:81,-73
BLE,1703216646183091747,DF:DF:EE:00:00:01,-73
BLE,1703216646196771728,DF:DF:EE:00:00:04,-56
BLE,1703216646445912489,D3:F4:55:AB:96:20,-46
BLE,1703216646635606849,D3:F4:55:AB:96:20,-62
BLE,1703216646730385300,DF:DF:EE:00:00:04,-53
BLE,1703216647182768069,DF:A6:DC:DC:2E:81,-73
BLE,1703216647182829235,DF:DF:EE:00:00:01,-73
BLE,1703216647189478955,DF:DF:EE:00:00:04,-40
BLE,1703216647204430097,D3:F4:55:AB:96:20,-64
BLE,1703216647593897897,D3:F4:55:AB:96:20,-60
BLE,1703216647782526011,D3:F4:55:AB:96:20,-63
BLE,1703216647970302172,D3:F4:55:AB:96:20,-64
BLE,1703216648356813985,D3:F4:55:AB:96:20,-61
BLE,1703216648728422573,DF:DF:EE:00:00:04,-55
BLE,1703216648745153415,D3:F4:55:AB:96:20,-62
BLE,1703216649130468025,D3:F4:55:AB:96:20,-63
BLE,1703216649190667881,DF:A6:DC:DC:2E:81,-71
BLE,1703216649190707464,DF:DF:EE:00:00:01,-71
BLE,1703216649318580351,D3:F4:55:AB:96:20,-65
BLE,1703216649507829213,D3:F4:55:AB:96:20,-60
BLE,1703216649726418569,DF:DF:EE:00:00:04,-53
BLE,1703216649893085865,D3:F4:55:AB:96:20,-67
BLE,1703216650085765462,D3:F4:55:AB:96:20,-65
BLE,1703216650472758148,D3:F4:55:AB:96:20,-61
BLE,1703216650665670827,D3:F4:55:AB:96:20,-65
BLE,1703216650857795051,D3:F4:55:AB:96:20,-46
BLE,1703216651199988771,DF:A6:DC:DC:2E:81,-73
BLE,1703216651200043437,DF:DF:EE:00:00:01,-73
BLE,1703216651244087990,D3:F4:55:AB:96:20,-63
BLE,1703216651436550754,D3:F4:55:AB:96:20,-65
BLE,1703216651437854665,D3:F4:55:AB:96:20,-46
BLE,1703216651633571123,D3:F4:55:AB:96:20,-64
BLE,1703216651735382043,DF:DF:EE:00:00:04,-53
BLE,1703216651823306566,D3:F4:55:AB:96:20,-62
BLE,1703216652198244890,DF:A6:DC:DC:2E:81,-74
BLE,1703216652198285890,DF:DF:EE:00:00:01,-74
BLE,1703216652401801063,D3:F4:55:AB:96:20,-65
BLE,1703216652789389205,D3:F4:55:AB:96:20,-62
BLE,1703216653193455523,DF:DF:EE:00:00:04,-54
BLE,1703216653204018642,DF:A6:DC:DC:2E:81,-72
BLE,1703216653204048142,DF:DF:EE:00:00:01,-72
BLE,1703216653937273696,D3:F4:55:AB:96:20,-62
BLE,1703216654131783826,D3:F4:55:AB:96:20,-66
BLE,1703216654193079761,DF:DF:EE:00:00:04,-54
BLE,1703216654322703723,D3:F4:55:AB:96:20,-61
BLE,1703216654705325178,D3:F4:55:AB:96:20,-46
BLE,1703216655192278334,DF:DF:EE:00:00:04,-37
BLE,1703216655216234894,DF:A6:DC:DC:2E:81,-73
BLE,1703216655216268602,DF:DF:EE:00:00:01,-73
BLE,1703216655289020360,D3:F4:55:AB:96:20,-47
BLE,1703216655484883484,D3:F4:55:AB:96:20,-64
BLE,1703216655874466617,D3:F4:55:AB:96:20,-60
BLE,1703216656195764013,DF:DF:EE:00:00:04,-55
BLE,1703216656449462795,D3:F4:55:AB:96:20,-65
BLE,1703216656839692134,D3:F4:55:AB:96:20,-61
BLE,1703216657033823099,D3:F4:55:AB:96:20,-64
BLE,1703216657188751656,DF:DF:EE:00:00:04,-56
BLE,1703216657229996847,D3:F4:55:AB:96:20,-63
BLE,1703216657416990010,D3:F4:55:AB:96:20,-65
BLE,1703216657606617246,D3:F4:55:AB:96:20,-60
BLE,1703216657732927264,DF:DF:EE:00:00:04,-53
BLE,1703216657989606741,D3:F4:55:AB:96:20,-62
BLE,1703216658186332320,DF:DF:EE:00:00:04,-53
BLE,1703216658373870606,D3:F4:55:AB:96:20,-61
BLE,1703216658568963401,D3:F4:55:AB:96:20,-64
BLE,1703216658759803214,D3:F4:55:AB:96:20,-63
BLE,1703216658955544088,D3:F4:55:AB:96:20,-61
BLE,1703216659189917790,DF:DF:EE:00:00:04,-40
BLE,1703216659527190740,D3:F4:55:AB:96:20,-62
BLE,1703216659722857657,D3:F4:55:AB:96:20,-60
BLE,1703216660244992405,DF:A6:DC:DC:2E:81,-73
BLE,1703216660245046864,DF:DF:EE:00:00:01,-73
BLE,1703216660292551318,D3:F4:55:AB:96:20,-62
BLE,1703216660675763021,D3:F4:55:AB:96:20,-62
BLE,1703216661062223501,D3:F4:55:AB:96:20,-64
BLE,1703216661195472988,DF:DF:EE:00:00:04,-54
BLE,1703216661256017468,D3:F4:55:AB:96:20,-47
BLE,1703216661635879394,D3:F4:55:AB:96:20,-46
BLE,1703216661833714134,D3:F4:55:AB:96:20,-46
BLE,1703216662189579334,DF:DF:EE:00:00:04,-53
BLE,1703216662217593709,D3:F4:55:AB:96:20,-61
BLE,1703216662600934870,D3:F4:55:AB:96:20,-46
BLE,1703216662728819548,DF:DF:EE:00:00:04,-53
BLE,1703216662978016517,D3:F4:55:AB:96:20,-50
BLE,1703216663258664137,DF:A6:DC:DC:2E:81,-73
BLE,1703216663258690262,DF:DF:EE:00:00:01,-73
BLE,1703216663360050559,D3:F4:55:AB:96:20,-66
BLE,1703216663726425087,DF:DF:EE:00:00:04,-55
BLE,1703216663749931898,D3:F4:55:AB:96:20,-60
BLE,1703216663944498070,D3:F4:55:AB:96:20,-64
BLE,1703216664136112588,D3:F4:55:AB:96:20,-62
BLE,1703216664326988609,D3:F4:55:AB:96:20,-64
BLE,1703216664709497274,D3:F4:55:AB:96:20,-50
BLE,1703216664906558143,D3:F4:55:AB:96:20,-62
BLE,1703216665092206854,D3:F4:55:AB:96:20,-64
BLE,1703216665271952925,DF:A6:DC:DC:2E:81,-74
BLE,1703216665272003508,DF:DF:EE:00:00:01,-74
BLE,1703216665488640081,D3:F4:55:AB:96:20,-63
BLE,1703216665682911963,D3:F4:55:AB:96:20,-61
BLE,1703216665727679887,DF:DF:EE:00:00:04,-55
BLE,1703216666275802561,DF:A6:DC:DC:2E:81,-74
BLE,1703216666275859853,DF:DF:EE:00:00:01,-74
BLE,1703216666463497139,D3:F4:55:AB:96:20,-64
BLE,1703216666734705634,DF:DF:EE:00:00:04,-53
BLE,1703216666846148969,D3:F4:55:AB:96:20,-64
BLE,1703216667040491642,D3:F4:55:AB:96:20,-62
BLE,1703216667229217423,D3:F4:55:AB:96:20,-64
BLE,1703216667417870871,D3:F4:55:AB:96:20,-61
BLE,1703216667608319811,D3:F4:55:AB:96:20,-64
BLE,1703216667805438263,D3:F4:55:AB:96:20,-63
BLE,1703216667994607042,D3:F4:55:AB:96:20,-66
BLE,1703216668287489065,DF:A6:DC:DC:2E:81,-73
BLE,1703216668287533898,DF:DF:EE:00:00:01,-73
BLE,1703216668378635658,D3:F4:55:AB:96:20,-66
BLE,1703216668571834169,D3:F4:55:AB:96:20,-61
BLE,1703216668730084003,DF:DF:EE:00:00:04,-55
BLE,1703216668764693598,D3:F4:55:AB:96:20,-60
BLE,1703216668954189250,D3:F4:55:AB:96:20,-63
BLE,1703216669150394623,D3:F4:55:AB:96:20,-61
BLE,1703216669293447775,DF:A6:DC:DC:2E:81,-73
BLE,1703216669293487483,DF:DF:EE:00:00:01,-73
BLE,1703216669536036857,D3:F4:55:AB:96:20,-67
BLE,1703216669725516801,D3:F4:55:AB:96:20,-64
BLE,1703216669732526561,DF:DF:EE:00:00:04,-56
BLE,1703216669922416587,D3:F4:55:AB:96:20,-63
BLE,1703216670304806211,D3:F4:55:AB:96:20,-62
BLE,1703216670493459409,D3:F4:55:AB:96:20,-65
BLE,1703216670683632475,D3:F4:55:AB:96:20,-63
BLE,1703216670733405836,DF:DF:EE:00:00:04,-56
BLE,1703216671063152194,D3:F4:55:AB:96:20,-62
BLE,1703216671193606778,DF:DF:EE:00:00:04,-39
BLE,1703216671731143416,DF:DF:EE:00:00:04,-53
BLE,1703216672029294541,D3:F4:55:AB:96:20,-60
BLE,1703216672224763625,D3:F4:55:AB:96:20,-64
BLE,1703216672307499755,DF:A6:DC:DC:2E:81,-73
BLE,1703216672307530130,DF:DF:EE:00:00:01,-73
BLE,1703216672605293006,D3:F4:55:AB:96:20,-64
BLE,1703216672733108893,DF:DF:EE:00:00:04,-56
BLE,1703216672795209949,D3:F4:55:AB:96:20,-62
BLE,1703216672990524784,D3:F4:55:AB:96:20,-64
BLE,1703216673188074525,DF:DF:EE:00:00:04,-53
BLE,1703216673305622083,DF:A6:DC:DC:2E:81,-78
BLE,1703216673305658208,DF:DF:EE:00:00:01,-78
BLE,1703216673567439704,D3:F4:55:AB:96:20,-62
BLE,1703216673730266434,DF:DF:EE:00:00:04,-53
BLE,1703216674193856152,DF:DF:EE:00:00:04,-40
BLE,1703216674336809430,D3:F4:55:AB:96:20,-64
BLE,1703216674531910641,D3:F4:55:AB:96:20,-62
BLE,1703216675307945545,DF:A6:DC:DC:2E:81,-76
BLE,1703216675308003295,DF:DF:EE:00:00:01,-76
BLE,1703216675499115982,D3:F4:55:AB:96:20,-63
BLE,1703216675731761525,DF:DF:EE:00:00:04,-53
BLE,1703216675878639160,D3:F4:55:AB:96:20,-62
BLE,1703216676461356679,D3:F4:55:AB:96:20,-61
BLE,1703216676655116771,D3:F4:55:AB:96:20,-64
BLE,1703216676730134894,DF:DF:EE:00:00:04,-54
BLE,1703216676852403722,D3:F4:55:AB:96:20,-63
BLE,1703216677189742005,DF:DF:EE:00:00:04,-55
BLE,1703216677235256802,D3:F4:55:AB:96:20,-63
BLE,1703216677421128720,D3:F4:55:AB:96:20,-64
BLE,1703216677618214797,D3:F4:55:AB:96:20,-63
BLE,1703216677803472094,D3:F4:55:AB:96:20,-64
BLE,1703216678319673327,DF:A6:DC:DC:2E:81,-74
BLE,1703216678319720285,DF:DF:EE:00:00:01,-74
BLE,1703216678575744849,D3:F4:55:AB:96:20,-62
BLE,1703216678727413754,DF:DF:EE:00:00:04,-55
BLE,1703216678764985044,D3:F4:55:AB:96:20,-62
BLE,1703216678958139555,D3:F4:55:AB:96:20,-60
BLE,1703216679152472520,D3:F4:55:AB:96:20,-65
BLE,1703216679194307374,DF:DF:EE:00:00:04,-55
BLE,1703216679326159368,DF:A6:DC:DC:2E:81,-72
BLE,1703216679326197576,DF:DF:EE:00:00:01,-72
BLE,1703216679346265778,D3:F4:55:AB:96:20,-62
BLE,1703216679533087484,D3:F4:55:AB:96:20,-66
BLE,1703216680119478529,D3:F4:55:AB:96:20,-65
BLE,1703216680314450365,D3:F4:55:AB:96:20,-62
BLE,1703216680326044522,DF:A6:DC:DC:2E:81,-74
BLE,1703216680326072938,DF:DF:EE:00:00:01,-74
BLE,1703216680502418608,D3:F4:55:AB:96:20,-66
BLE,1703216680729883924,DF:DF:EE:00:00:04,-53
BLE,1703216681193154686,DF:DF:EE:00:00:04,-55
BLE,1703216681276117731,D3:F4:55:AB:96:20,-61
BLE,1703216681328623455,DF:A6:DC:DC:2E:81,-72
BLE,1703216681328649871,DF:DF:EE:00:00:01,-72
BLE,1703216681469447617,D3:F4:55:AB:96:20,-50
BLE,1703216681661278842,D3:F4:55:AB:96:20,-60
BLE,1703216681725612804,DF:DF:EE:00:00:04,-55
BLE,1703216681858538377,D3:F4:55:AB:96:20,-46
BLE,1703216682053670254,D3:F4:55:AB:96:20,-64
BLE,1703216682195665827,DF:DF:EE:00:00:04,-54
BLE,1703216682631240130,D3:F4:55:AB:96:20,-63
BLE,1703216682827408211,D3:F4:55:AB:96:20,-62
BLE,1703216683337897844,DF:A6:DC:DC:2E:81,-73
BLE,1703216683337954844,DF:DF:EE:00:00:01,-73
BLE,1703216683595165361,D3:F4:55:AB:96:20,-62
BLE,1703216683737226059,DF:DF:EE:00:00:04,-55
BLE,1703216683973573210,D3:F4:55:AB:96:20,-62
BLE,1703216684342095687,DF:A6:DC:DC:2E:81,-73
BLE,1703216684342127979,DF:DF:EE:00:00:01,-73
BLE,1703216684351986060,D3:F4:55:AB:96:20,-66
BLE,1703216684544413991,D3:F4:55:AB:96:20,-63
BLE,1703216684732641857,DF:DF:EE:00:00:04,-53
BLE,1703216684735816093,D3:F4:55:AB:96:20,-65
BLE,1703216685317714449,D3:F4:55:AB:96:20,-64
BLE,1703216685511475624,D3:F4:55:AB:96:20,-62
BLE,1703216685699866490,D3:F4:55:AB:96:20,-64
BLE,1703216685732484261,DF:DF:EE:00:00:04,-54
BLE,1703216685894269829,D3:F4:55:AB:96:20,-63
BLE,1703216686080664704,D3:F4:55:AB:96:20,-64
BLE,1703216686459325011,D3:F4:55:AB:96:20,-63
BLE,1703216686647235045,D3:F4:55:AB:96:20,-65
BLE,1703216686726516608,DF:DF:EE:00:00:04,-55
BLE,1703216687039069668,D3:F4:55:AB:96:20,-62
BLE,1703216687233953672,D3:F4:55:AB:96:20,-65
BLE,1703216687621713938,D3:F4:55:AB:96:20,-60
BLE,1703216687726312262,DF:DF:EE:00:00:04,-53
BLE,1703216688192610135,DF:DF:EE:00:00:04,-55
BLE,1703216688578332035,D3:F4:55:AB:96:20,-65
BLE,1703216688734190546,DF:DF:EE:00:00:04,-56
BLE,1703216688774919364,D3:F4:55:AB:96:20,-63
BLE,1703216688964969389,D3:F4:55:AB:96:20,-65
BLE,1703216689185826485,DF:DF:EE:00:00:04,-53
BLE,1703216689359349125,DF:A6:DC:DC:2E:81,-73
BLE,1703216689359408000,DF:DF:EE:00:00:01,-73
BLE,1703216689542749514,D3:F4:55:AB:96:20,-63
BLE,1703216690112767131,D3:F4:55:AB:96:20,-64
BLE,1703216690191419113,DF:DF:EE:00:00:04,-56
BLE,1703216690308253215,D3:F4:55:AB:96:20,-62
BLE,1703216690367440617,DF:A6:DC:DC:2E:81,-71
BLE,1703216690367476117,DF:DF:EE:00:00:01,-71
BLE,1703216690890794569,D3:F4:55:AB:96:20,-63
BLE,1703216691083725081,D3:F4:55:AB:96:20,-60
BLE,1703216691192144846,DF:DF:EE:00:00:04,-53
BLE,1703216691473255089,D3:F4:55:AB:96:20,-64
BLE,1703216691733256509,DF:DF:EE:00:00:04,-53
BLE,1703216691858409117,D3:F4:55:AB:96:20,-62
BLE,1703216692247701459,D3:F4:55:AB:96:20,-64
BLE,1703216692376446800,DF:A6:DC:DC:2E:81,-72
BLE,1703216692376491258,DF:DF:EE:00:00:01,-72
BLE,1703216692639637665,D3:F4:55:AB:96:20,-62
BLE,1703216692729280847,DF:DF:EE:00:00:04,-55
BLE,1703216692829186234,D3:F4:55:AB:96:20,-62
BLE,1703216693188916625,DF:DF:EE:00:00:04,-55
BLE,1703216693214879134,D3:F4:55:AB:96:20,-64
BLE,1703216693383355005,DF:A6:DC:DC:2E:81,-57
BLE,1703216693383394172,DF:DF:EE:00:00:01,-57
BLE,1703216693409982595,D3:F4:55:AB:96:20,-62
BLE,1703216693727216634,DF:DF:EE:00:00:04,-56
BLE,1703216693799975851,D3:F4:55:AB:96:20,-64
BLE,1703216694184950962,D3:F4:55:AB:96:20,-64
BLE,1703216694380564796,D3:F4:55:AB:96:20,-64
BLE,1703216694386157771,DF:A6:DC:DC:2E:81,-73
BLE,1703216694386187313,DF:DF:EE:00:00:01,-73
BLE,1703216694571373359,D3:F4:55:AB:96:20,-46
BLE,1703216694729684401,DF:DF:EE:00:00:04,-54
BLE,1703216694962172070,D3:F4:55:AB:96:20,-62
BLE,1703216695150092230,D3:F4:55:AB:96:20,-64
BLE,1703216695194260824,DF:DF:EE:00:00:04,-54
BLE,1703216695388952328,DF:A6:DC:DC:2E:81,-73
BLE,1703216695389011703,DF:DF:EE:00:00:01,-73
BLE,1703216695542124852,D3:F4:55:AB:96:20,-61
BLE,1703216695726882317,DF:DF:EE:00:00:04,-55
BLE,1703216695731315339,D3:F4:55:AB:96:20,-83
BLE,1703216696187439591,DF:DF:EE:00:00:04,-54
BLE,1703216696299044842,D3:F4:55:AB:96:20,-64
BLE,1703216696491455898,D3:F4:55:AB:96:20,-63
BLE,1703216696727196635,DF:DF:EE:00:00:04,-53
BLE,1703216697076345241,D3:F4:55:AB:96:20,-63
BLE,1703216697191531059,DF:DF:EE:00:00:04,-55
BLE,1703216697463456135,D3:F4:55:AB:96:20,-64
BLE,1703216697648982847,D3:F4:55:AB:96:20,-65
BLE,1703216697731294270,DF:DF:EE:00:00:04,-55
BLE,1703216698041875590,D3:F4:55:AB:96:20,-62
BLE,1703216698043390458,D3:F4:55:AB:96:20,-62
BLE,1703216698195023780,DF:DF:EE:00:00:04,-53
BLE,1703216698405249090,DF:A6:DC:DC:2E:81,-72
BLE,1703216698405296631,DF:DF:EE:00:00:01,-72
BLE,1703216698431771721,D3:F4:55:AB:96:20,-62
BLE,1703216698726323446,DF:DF:EE:00:00:04,-69
BLE,1703216698810252195,D3:F4:55:AB:96:20,-67
BLE,1703216698998805935,D3:F4:55:AB:96:20,-64
BLE,1703216699188430754,D3:F4:55:AB:96:20,-62
BLE,1703216699195874221,DF:DF:EE:00:00:04,-55
BLE,1703216699379244609,D3:F4:55:AB:96:20,-65
BLE,1703216699408743935,DF:A6:DC:DC:2E:81,-71
BLE,1703216699408778602,DF:DF:EE:00:00:01,-71
BLE,1703216699570408963,D3:F4:55:AB:96:20,-62
BLE,1703216699732226156,DF:DF:EE:00:00:04,-56
BLE,1703216700139907082,D3:F4:55:AB:96:20,-63
BLE,1703216700194015465,DF:DF:EE:00:00:04,-54
BLE,1703216700327810242,D3:F4:55:AB:96:20,-65
BLE,1703216700518840096,D3:F4:55:AB:96:20,-63
BLE,1703216700714583304,D3:F4:55:AB:96:20,-62
BLE,1703216701093995108,D3:F4:55:AB:96:20,-64
BLE,1703216701189302765,DF:DF:EE:00:00:04,-54
BLE,1703216701418551198,DF:A6:DC:DC:2E:81,-72
BLE,1703216701418605406,DF:DF:EE:00:00:01,-72
BLE,1703216701669465326,D3:F4:55:AB:96:20,-62
BLE,1703216702060077746,D3:F4:55:AB:96:20,-64
BLE,1703216702189543458,DF:DF:EE:00:00:04,-55
BLE,1703216702250975600,D3:F4:55:AB:96:20,-63
BLE,1703216702418892141,DF:A6:DC:DC:2E:81,-73
BLE,1703216702418990182,DF:DF:EE:00:00:01,-73
BLE,1703216702633941888,D3:F4:55:AB:96:20,-64
BLE,1703216702823724081,D3:F4:55:AB:96:20,-82
BLE,1703216703020899074,D3:F4:55:AB:96:20,-62
BLE,1703216703194263007,DF:DF:EE:00:00:04,-54
BLE,1703216703195819417,DF:DF:EE:00:00:04,-55
BLE,1703216703207428781,D3:F4:55:AB:96:20,-65
BLE,1703216703403917903,D3:F4:55:AB:96:20,-62
BLE,1703216703424822684,DF:A6:DC:DC:2E:81,-57
BLE,1703216703424833601,DF:DF:EE:00:00:01,-57
BLE,1703216703727148207,DF:DF:EE:00:00:04,-37
BLE,1703216703979329538,D3:F4:55:AB:96:20,-60
BLE,1703216704187818272,DF:DF:EE:00:00:04,-55
BLE,1703216704367005721,D3:F4:55:AB:96:20,-62
BLE,1703216704724569289,DF:DF:EE:00:00:04,-56
BLE,1703216704725930741,DF:DF:EE:00:00:04,-56
BLE,1703216704748686972,D3:F4:55:AB:96:20,-63
BLE,1703216704940968613,D3:F4:55:AB:96:20,-65
BLE,1703216705133327711,D3:F4:55:AB:96:20,-64
BLE,1703216705189292502,DF:DF:EE:00:00:04,-54
BLE,1703216705327159761,D3:F4:55:AB:96:20,-46
BLE,1703216705428910389,DF:A6:DC:DC:2E:81,-72
BLE,1703216705428927472,DF:DF:EE:00:00:01,-72
BLE,1703216705714622695,D3:F4:55:AB:96:20,-46
BLE,1703216705732064700,DF:DF:EE:00:00:04,-54
BLE,1703216706193339304,DF:DF:EE:00:00:04,-55
BLE,1703216706482052054,D3:F4:55:AB:96:20,-63
BLE,1703216706673419407,D3:F4:55:AB:96:20,-64
BLE,1703216706729530031,DF:DF:EE:00:00:04,-55
BLE,1703216706868627742,D3:F4:55:AB:96:20,-46
BLE,1703216707435326875,DF:A6:DC:DC:2E:81,-59
BLE,1703216707435362083,DF:DF:EE:00:00:01,-59
BLE,1703216707439546272,D3:F4:55:AB:96:20,-50
BLE,1703216707633159698,D3:F4:55:AB:96:20,-62
BLE,1703216707730244139,DF:DF:EE:00:00:04,-54
BLE,1703216707818723952,D3:F4:55:AB:96:20,-64
BLE,1703216708014642742,D3:F4:55:AB:96:20,-63
BLE,1703216708203436773,D3:F4:55:AB:96:20,-64
BLE,1703216708594338608,D3:F4:55:AB:96:20,-60
BLE,1703216708725587438,DF:DF:EE:00:00:04,-49
BLE,1703216708786276000,D3:F4:55:AB:96:20,-64
BLE,1703216708975839277,D3:F4:55:AB:96:20,-46
BLE,1703216709191417397,DF:DF:EE:00:00:04,-54
BLE,1703216709556660097,D3:F4:55:AB:96:20,-45
BLE,1703216709947667348,D3:F4:55:AB:96:20,-63
BLE,1703216710135947756,D3:F4:55:AB:96:20,-80
BLE,1703216710195390907,DF:DF:EE:00:00:04,-55
BLE,1703216710332665710,D3:F4:55:AB:96:20,-62
BLE,1703216710723134922,DF:DF:EE:00:00:04,-53
BLE,1703216711099094574,D3:F4:55:AB:96:20,-62
BLE,1703216711193758526,DF:DF:EE:00:00:04,-52
BLE,1703216711458311259,DF:A6:DC:DC:2E:81,-73
BLE,1703216711458377967,DF:DF:EE:00:00:01,-73
BLE,1703216711485672929,D3:F4:55:AB:96:20,-65
BLE,1703216711681833301,D3:F4:55:AB:96:20,-63
BLE,1703216711732753449,DF:DF:EE:00:00:04,-53
BLE,1703216711875080771,D3:F4:55:AB:96:20,-61
BLE,1703216712460283362,DF:A6:DC:DC:2E:81,-72
BLE,1703216712460323237,DF:DF:EE:00:00:01,-72
BLE,1703216712647706565,D3:F4:55:AB:96:20,-63
BLE,1703216712730240821,DF:DF:EE:00:00:04,-55
BLE,1703216713033387507,D3:F4:55:AB:96:20,-62
BLE,1703216713217869724,D3:F4:55:AB:96:20,-50
BLE,1703216713412502395,D3:F4:55:AB:96:20,-62
BLE,1703216713465185368,DF:A6:DC:DC:2E:81,-73
BLE,1703216713465203493,DF:DF:EE:00:00:01,-73
BLE,1703216713606720860,D3:F4:55:AB:96:20,-60
BLE,1703216713726777823,DF:DF:EE:00:00:04,-56
BLE,1703216713997799403,D3:F4:55:AB:96:20,-63
BLE,1703216714185964603,D3:F4:55:AB:96:20,-66
BLE,1703216714188404551,DF:DF:EE:00:00:04,-53
BLE,1703216714728324469,DF:DF:EE:00:00:04,-53
BLE,1703216714765377095,D3:F4:55:AB:96:20,-62
BLE,1703216714963931249,D3:F4:55:AB:96:20,-63
BLE,1703216715154438397,D3:F4:55:AB:96:20,-64
BLE,1703216715192746101,DF:DF:EE:00:00:04,-54
BLE,1703216715346540497,D3:F4:55:AB:96:20,-63
BLE,1703216715469254364,DF:A6:DC:DC:2E:81,-74
BLE,1703216715469285448,DF:DF:EE:00:00:01,-74
BLE,1703216715726105507,DF:DF:EE:00:00:04,-56
BLE,1703216715916012908,D3:F4:55:AB:96:20,-64
BLE,1703216716111870824,D3:F4:55:AB:96:20,-63
BLE,1703216716475033283,DF:A6:DC:DC:2E:81,-74
BLE,1703216716475066533,DF:DF:EE:00:00:01,-74
BLE,1703216716496343355,D3:F4:55:AB:96:20,-63
BLE,1703216716877399067,D3:F4:55:AB:96:20,-63
BLE,1703216717065093020,D3:F4:55:AB:96:20,-50
BLE,1703216717262813010,D3:F4:55:AB:96:20,-62
BLE,1703216717648580577,D3:F4:55:AB:96:20,-64
BLE,1703216717840715009,D3:F4:55:AB:96:20,-62
BLE,1703216718031544739,D3:F4:55:AB:96:20,-50
BLE,1703216718222040388,D3:F4:55:AB:96:20,-62
BLE,1703216718483077262,DF:A6:DC:DC:2E:81,-74
BLE,1703216718483115303,DF:DF:EE:00:00:01,-74
BLE,1703216718609664862,D3:F4:55:AB:96:20,-62
BLE,1703216718732469188,DF:DF:EE:00:00:04,-53
BLE,1703216718804283992,D3:F4:55:AB:96:20,-46
BLE,1703216719377837011,D3:F4:55:AB:96:20,-62
BLE,1703216719723026634,DF:DF:EE:00:00:04,-54
BLE,1703216720144488582,D3:F4:55:AB:96:20,-62
BLE,1703216720187422557,DF:DF:EE:00:00:04,-55
BLE,1703216720337815051,D3:F4:55:AB:96:20,-62
BLE,1703216720721689001,D3:F4:55:AB:96:20,-61
BLE,1703216720725313193,DF:DF:EE:00:00:04,-55
BLE,1703216720911681193,D3:F4:55:AB:96:20,-50
BLE,1703216721107188444,D3:F4:55:AB:96:20,-63
BLE,1703216721297929382,D3:F4:55:AB:96:20,-64
BLE,1703216721489313527,D3:F4:55:AB:96:20,-67
BLE,1703216721499236982,DF:A6:DC:DC:2E:81,-60
BLE,1703216721499262315,DF:DF:EE:00:00:01,-60
BLE,1703216721731824609,DF:DF:EE:00:00:04,-55
BLE,1703216722190404100,DF:DF:EE:00:00:04,-40
BLE,1703216722459844478,D3:F4:55:AB:96:20,-62
BLE,1703216722502439288,DF:A6:DC:DC:2E:81,-87
BLE,1703216722502454538,DF:DF:EE:00:00:01,-87
BLE,1703216722729795771,DF:DF:EE:00:00:04,-55
BLE,1703216722845140630,D3:F4:55:AB:96:20,-62
BLE,1703216723188554178,DF:DF:EE:00:00:04,-54
BLE,1703216723508661705,DF:A6:DC:DC:2E:81,-71
BLE,1703216723508700329,DF:DF:EE:00:00:01,-71
BLE,1703216723998738055,D3:F4:55:AB:96:20,-66
BLE,1703216724193765891,DF:DF:EE:00:00:04,-55
BLE,1703216724389414183,D3:F4:55:AB:96:20,-60
BLE,1703216724511764302,DF:A6:DC:DC:2E:81,-73
BLE,1703216724511782594,DF:DF:EE:00:00:01,-73
BLE,1703216724582848734,D3:F4:55:AB:96:20,-64
BLE,1703216724724851808,DF:DF:EE:00:00:04,-55
BLE,1703216724779250481,D3:F4:55:AB:96:20,-63
BLE,1703216725158745701,D3:F4:55:AB:96:20,-62
BLE,1703216725352665167,D3:F4:55:AB:96:20,-46
BLE,1703216725518633925,DF:A6:DC:DC:2E:81,-73
BLE,1703216725518650841,DF:DF:EE:00:00:01,-73
BLE,1703216725736283451,D3:F4:55:AB:96:20,-61
BLE,1703216726113374723,D3:F4:55:AB:96:20,-65
BLE,1703216726186668187,DF:DF:EE:00:00:04,-54
BLE,1703216726304649826,D3:F4:55:AB:96:20,-62
BLE,1703216726496867050,D3:F4:55:AB:96:20,-64
BLE,1703216726519174200,DF:A6:DC:DC:2E:81,-73
BLE,1703216726519205575,DF:DF:EE:00:00:01,-73
BLE,1703216726689311856,D3:F4:55:AB:96:20,-47
BLE,1703216726729303927,DF:DF:EE:00:00:04,-54
BLE,1703216726884937190,D3:F4:55:AB:96:20,-60
BLE,1703216727189760368,DF:DF:EE:00:00:04,-53
BLE,1703216727270380508,D3:F4:55:AB:96:20,-60
BLE,1703216727271496378,D3:F4:55:AB:96:20,-63
BLE,1703216727527698607,DF:A6:DC:DC:2E:81,-59
BLE,1703216727527732023,DF:DF:EE:00:00:01,-59
BLE,1703216727650602016,D3:F4:55:AB:96:20,-46
BLE,1703216727724249895,DF:DF:EE:00:00:04,-56
BLE,1703216727843829527,D3:F4:55:AB:96:20,-65
BLE,1703216728038663072,D3:F4:55:AB:96:20,-61
BLE,1703216728188024737,DF:DF:EE:00:00:04,-54
BLE,1703216728229837092,D3:F4:55:AB:96:20,-64
BLE,1703216728424051640,D3:F4:55:AB:96:20,-63
BLE,1703216728534070690,DF:A6:DC:DC:2E:81,-74
BLE,1703216728534103148,DF:DF:EE:00:00:01,-74
BLE,1703216728615449201,D3:F4:55:AB:96:20,-46
BLE,1703216728999187027,D3:F4:55:AB:96:20,-60
BLE,1703216729384768052,D3:F4:55:AB:96:20,-61
BLE,1703216729538051742,DF:A6:DC:DC:2E:81,-56
BLE,1703216729538107075,DF:DF:EE:00:00:01,-56
BLE,1703216729577738731,D3:F4:55:AB:96:20,-64
BLE,1703216729775009849,D3:F4:55:AB:96:20,-62
BLE,1703216730349093240,D3:F4:55:AB:96:20,-62
BLE,1703216730544191534,D3:F4:55:AB:96:20,-64
BLE,1703216730725079142,DF:DF:EE:00:00:04,-53
BLE,1703216730929090188,D3:F4:55:AB:96:20,-64
BLE,1703216731514221863,D3:F4:55:AB:96:20,-64
BLE,1703216731549635163,DF:A6:DC:DC:2E:81,-73
BLE,1703216731549648079,DF:DF:EE:00:00:01,-73
BLE,1703216731707191250,D3:F4:55:AB:96:20,-62
BLE,1703216731894122664,D3:F4:55:AB:96:20,-64
BLE,1703216732471960872,D3:F4:55:AB:96:20,-62
BLE,1703216732724536367,DF:DF:EE:00:00:04,-53
BLE,1703216732855933113,D3:F4:55:AB:96:20,-46
BLE,1703216733051791529,D3:F4:55:AB:96:20,-46
BLE,1703216733194461807,DF:DF:EE:00:00:04,-55
BLE,1703216734190460853,D3:F4:55:AB:96:20,-66
BLE,1703216734387311765,D3:F4:55:AB:96:20,-62
BLE,1703216734557175838,DF:A6:DC:DC:2E:81,-70
BLE,1703216734557212047,DF:DF:EE:00:00:01,-70
BLE,1703216734574283929,D3:F4:55:AB:96:20,-64
BLE,1703216735152525968,D3:F4:55:AB:96:20,-67
BLE,1703216735537166373,D3:F4:55:AB:96:20,-64
BLE,1703216735726562859,D3:F4:55:AB:96:20,-46
BLE,1703216735733836785,DF:DF:EE:00:00:04,-55
BLE,1703216736110518142,D3:F4:55:AB:96:20,-62
BLE,1703216736494582049,D3:F4:55:AB:96:20,-62
BLE,1703216736687735477,D3:F4:55:AB:96:20,-66
BLE,1703216737182991679,DF:DF:EE:00:00:04,-53
BLE,1703216737269106752,D3:F4:55:AB:96:20,-64
BLE,1703216737460082940,D3:F4:55:AB:96:20,-62
BLE,1703216737573436183,DF:A6:DC:DC:2E:81,-56
BLE,1703216737573474183,DF:DF:EE:00:00:01,-56
BLE,1703216737653338243,D3:F4:55:AB:96:20,-66
BLE,1703216738045967570,D3:F4:55:AB:96:20,-46
BLE,1703216738237273006,D3:F4:55:AB:96:20,-64
BLE,1703216738435202955,D3:F4:55:AB:96:20,-63
BLE,1703216738578120940,DF:A6:DC:DC:2E:81,-59
BLE,1703216738578155024,DF:DF:EE:00:00:01,-59
BLE,1703216738628241675,D3:F4:55:AB:96:20,-62
BLE,1703216738817041330,D3:F4:55:AB:96:20,-63
BLE,1703216739003320206,D3:F4:55:AB:96:20,-64
BLE,1703216739189770455,DF:DF:EE:00:00:04,-53
BLE,1703216739199181913,D3:F4:55:AB:96:20,-47
BLE,1703216739579278755,D3:F4:55:AB:96:20,-63
BLE,1703216739723164653,DF:DF:EE:00:00:04,-37
BLE,1703216740152609233,D3:F4:55:AB:96:20,-64
BLE,1703216740188585239,DF:DF:EE:00:00:04,-55
BLE,1703216740345511412,D3:F4:55:AB:96:20,-63
BLE,1703216740531524247,D3:F4:55:AB:96:20,-50
BLE,1703216740589429696,DF:A6:DC:DC:2E:81,-72
BLE,1703216740589446571,DF:DF:EE:00:00:01,-72
BLE,1703216741299287688,D3:F4:55:AB:96:20,-69
BLE,1703216741488930882,D3:F4:55:AB:96:20,-62
BLE,1703216741592703834,DF:A6:DC:DC:2E:81,-73
BLE,1703216741592739501,DF:DF:EE:00:00:01,-73
BLE,1703216741679563238,D3:F4:55:AB:96:20,-64
BLE,1703216741725668198,DF:DF:EE:00:00:04,-53
BLE,1703216741874323200,D3:F4:55:AB:96:20,-63
BLE,1703216742064313934,D3:F4:55:AB:96:20,-64
BLE,1703216742192070737,DF:DF:EE:00:00:04,-40
BLE,1703216742258108650,D3:F4:55:AB:96:20,-62
BLE,1703216742599564249,DF:A6:DC:DC:2E:81,-74
BLE,1703216742599600790,DF:DF:EE:00:00:01,-74
BLE,1703216742643881217,D3:F4:55:AB:96:20,-62
BLE,1703216743186596707,DF:DF:EE:00:00:04,-54
BLE,1703216743214338249,D3:F4:55:AB:96:20,-65
BLE,1703216743404173650,D3:F4:55:AB:96:20,-62
BLE,1703216743597126788,D3:F4:55:AB:96:20,-64
BLE,1703216744726753819,DF:DF:EE:00:00:04,-55
BLE,1703216744958050368,D3:F4:55:AB:96:20,-63
BLE,1703216745144543451,D3:F4:55:AB:96:20,-64
BLE,1703216745344244475,D3:F4:55:AB:96:20,-46
BLE,1703216745532594216,D3:F4:55:AB:96:20,-64
BLE,1703216745610178077,DF:A6:DC:DC:2E:81,-73
BLE,1703216745610192619,DF:DF:EE:00:00:01,-73
BLE,1703216745725828268,DF:DF:EE:00:00:04,-57
BLE,1703216746120340254,D3:F4:55:AB:96:20,-61
BLE,1703216746192583681,DF:DF:EE:00:00:04,-55
BLE,1703216746511111798,D3:F4:55:AB:96:20,-62
BLE,1703216746702573275,D3:F4:55:AB:96:20,-64
BLE,1703216746704087269,D3:F4:55:AB:96:20,-60
BLE,1703216746722166896,DF:DF:EE:00:00:04,-53
BLE,1703216747097458551,D3:F4:55:AB:96:20,-46
BLE,1703216747184615453,DF:DF:EE:00:00:04,-72
BLE,1703216747284055133,D3:F4:55:AB:96:20,-64
BLE,1703216747481390084,D3:F4:55:AB:96:20,-62
BLE,1703216747667800667,D3:F4:55:AB:96:20,-64
BLE,1703216748050595205,D3:F4:55:AB:96:20,-64
BLE,1703216748187219219,DF:DF:EE:00:00:04,-53
BLE,1703216748437740182,D3:F4:55:AB:96:20,-60
BLE,1703216748723649862,DF:DF:EE:00:00:04,-53
BLE,1703216749190622732,DF:DF:EE:00:00:04,-56
BLE,1703216749393368701,D3:F4:55:AB:96:20,-63
BLE,1703216749634363331,DF:A6:DC:DC:2E:81,-71
BLE,1703216749634381789,DF:DF:EE:00:00:01,-71
BLE,1703216749780813718,D3:F4:55:AB:96:20,-65
BLE,1703216749969596790,D3:F4:55:AB:96:20,-61
BLE,1703216750163473048,D3:F4:55:AB:96:20,-64
BLE,1703216750549499989,D3:F4:55:AB:96:20,-50
BLE,1703216750637275513,DF:A6:DC:DC:2E:81,-73
BLE,1703216750637305471,DF:DF:EE:00:00:01,-73
BLE,1703216750742874832,D3:F4:55:AB:96:20,-62
BLE,1703216750930958991,D3:F4:55:AB:96:20,-64
BLE,1703216751119726814,D3:F4:55:AB:96:20,-62
BLE,1703216751192639238,DF:DF:EE:00:00:04,-55
BLE,1703216751500760110,D3:F4:55:AB:96:20,-60
BLE,1703216751644302635,DF:A6:DC:DC:2E:81,-72
BLE,1703216751644338176,DF:DF:EE:00:00:01,-72
BLE,1703216751694518660,D3:F4:55:AB:96:20,-64
BLE,1703216751892430442,D3:F4:55:AB:96:20,-62
BLE,1703216752079144357,D3:F4:55:AB:96:20,-65
BLE,1703216752191930227,DF:DF:EE:00:00:04,-53
BLE,1703216752649797096,DF:A6:DC:DC:2E:81,-56
BLE,1703216752649832346,DF:DF:EE:00:00:01,-56
BLE,1703216752727088626,DF:DF:EE:00:00:04,-39
BLE,1703216753045423327,D3:F4:55:AB:96:20,-65
BLE,1703216753614580074,D3:F4:55:AB:96:20,-62
BLE,1703216753725591744,DF:DF:EE:00:00:04,-45
BLE,1703216754570626923,D3:F4:55:AB:96:20,-62
BLE,1703216754652340641,DF:A6:DC:DC:2E:81,-56
BLE,1703216754652407683,DF:DF:EE:00:00:01,-56
BLE,1703216754949640437,D3:F4:55:AB:96:20,-62
BLE,1703216755183806515,DF:DF:EE:00:00:04,-54
BLE,1703216755334606257,D3:F4:55:AB:96:20,-63
BLE,1703216755525311737,D3:F4:55:AB:96:20,-60
BLE,1703216755721303903,D3:F4:55:AB:96:20,-65
BLE,1703216755914780121,D3:F4:55:AB:96:20,-47
BLE,1703216756106909470,D3:F4:55:AB:96:20,-50
BLE,1703216756300871394,D3:F4:55:AB:96:20,-46
BLE,1703216756491994456,D3:F4:55:AB:96:20,-60
BLE,1703216756684941552,D3:F4:55:AB:96:20,-63
BLE,1703216756879442307,D3:F4:55:AB:96:20,-61
BLE,1703216757186332976,DF:DF:EE:00:00:04,-53
BLE,1703216757452220204,D3:F4:55:AB:96:20,-65
BLE,1703216757648780783,D3:F4:55:AB:96:20,-63
BLE,1703216757727147141,DF:DF:EE:00:00:04,-54
BLE,1703216758033213606,D3:F4:55:AB:96:20,-63
BLE,1703216758191101316,DF:DF:EE:00:00:04,-56
BLE,1703216758218001113,D3:F4:55:AB:96:20,-64
BLE,1703216758614174883,D3:F4:55:AB:96:20,-63
BLE,1703216758723085271,DF:DF:EE:00:00:04,-54
BLE,1703216759683232685,DF:A6:DC:DC:2E:81,-74
BLE,1703216759683290268,DF:DF:EE:00:00:01,-74
BLE,1703216760155075700,D3:F4:55:AB:96:20,-65
BLE,1703216760185286773,DF:DF:EE:00:00:04,-55
BLE,1703216760351100532,D3:F4:55:AB:96:20,-67
BLE,1703216760685949160,DF:A6:DC:DC:2E:81,-73
BLE,1703216760685981743,DF:DF:EE:00:00:01,-73
BLE,1703216760724526320,DF:DF:EE:00:00:04,-55
BLE,1703216760737917677,D3:F4:55:AB:96:20,-65
BLE,1703216761687004808,DF:A6:DC:DC:2E:81,-73
BLE,1703216761687040224,DF:DF:EE:00:00:01,-73
BLE,1703216761705095727,D3:F4:55:AB:96:20,-64
BLE,1703216761729689700,DF:DF:EE:00:00:04,-54
BLE,1703216761899606232,D3:F4:55:AB:96:20,-62
BLE,1703216762094433319,D3:F4:55:AB:96:20,-60
BLE,1703216762192224715,DF:DF:EE:00:00:04,-72
BLE,1703216762472413379,D3:F4:55:AB:96:20,-64
BLE,1703216762662623653,D3:F4:55:AB:96:20,-62
BLE,1703216763045780898,D3:F4:55:AB:96:20,-60
BLE,1703216763240685777,D3:F4:55:AB:96:20,-64
BLE,1703216763432464377,D3:F4:55:AB:96:20,-47
BLE,1703216763618267380,D3:F4:55:AB:96:20,-64
BLE,1703216763688591815,DF:A6:DC:DC:2E:81,-73
BLE,1703216763688631357,DF:DF:EE:00:00:01,-73
BLE,1703216763813297383,D3:F4:55:AB:96:20,-62
BLE,1703216764191966023,DF:DF:EE:00:00:04,-53
BLE,1703216764197039500,D3:F4:55:AB:96:20,-64
BLE,1703216764384593786,D3:F4:55:AB:96:20,-64
BLE,1703216764581840987,D3:F4:55:AB:96:20,-62
BLE,1703216764720584617,DF:DF:EE:00:00:04,-54
BLE,1703216764767874781,D3:F4:55:AB:96:20,-50
BLE,1703216765150748485,D3:F4:55:AB:96:20,-64
BLE,1703216765346040612,D3:F4:55:AB:96:20,-47
BLE,1703216765704779549,DF:A6:DC:DC:2E:81,-73
BLE,1703216765704836674,DF:DF:EE:00:00:01,-73
BLE,1703216765726015996,DF:DF:EE:00:00:04,-56
BLE,1703216765727863279,D3:F4:55:AB:96:20,-62
BLE,1703216765915791272,D3:F4:55:AB:96:20,-69
BLE,1703216766104479095,D3:F4:55:AB:96:20,-46
BLE,1703216766190915917,DF:DF:EE:00:00:04,-54
BLE,1703216766727978598,DF:DF:EE:00:00:04,-53
BLE,1703216767184346599,DF:DF:EE:00:00:04,-54
BLE,1703216767257251273,D3:F4:55:AB:96:20,-63
BLE,1703216767443504857,D3:F4:55:AB:96:20,-64
BLE,1703216767830497710,D3:F4:55:AB:96:20,-64
BLE,1703216768021885021,D3:F4:55:AB:96:20,-63
BLE,1703216768607447277,D3:F4:55:AB:96:20,-63
BLE,1703216768725981164,DF:A6:DC:DC:2E:81,-74
BLE,1703216768725999288,DF:DF:EE:00:00:01,-74
BLE,1703216768795464853,D3:F4:55:AB:96:20,-65
BLE,1703216768990627980,D3:F4:55:AB:96:20,-62
BLE,1703216769180476214,D3:F4:55:AB:96:20,-64
BLE,1703216769374867678,D3:F4:55:AB:96:20,-62
BLE,1703216769564783829,D3:F4:55:AB:96:20,-61
BLE,1703216769723116121,DF:DF:EE:00:00:04,-55
BLE,1703216769734829777,DF:A6:DC:DC:2E:81,-73
BLE,1703216769734840277,DF:DF:EE:00:00:01,-73
BLE,1703216769943523469,D3:F4:55:AB:96:20,-63
BLE,1703216770184233226,DF:DF:EE:00:00:04,-56
BLE,1703216770333841890,D3:F4:55:AB:96:20,-62
BLE,1703216770716218722,D3:F4:55:AB:96:20,-46
BLE,1703216770728995206,DF:DF:EE:00:00:04,-53
BLE,1703216770735074929,DF:A6:DC:DC:2E:81,-71
BLE,1703216770735100721,DF:DF:EE:00:00:01,-71
BLE,1703216770905213960,D3:F4:55:AB:96:20,-62
BLE,1703216771095254527,D3:F4:55:AB:96:20,-60
BLE,1703216771182893926,DF:DF:EE:00:00:04,-54
BLE,1703216771184401045,DF:DF:EE:00:00:04,-53
BLE,1703216771291405733,D3:F4:55:AB:96:20,-64
BLE,1703216771480943260,D3:F4:55:AB:96:20,-62
BLE,1703216771862319180,D3:F4:55:AB:96:20,-60
BLE,1703216772190093464,DF:DF:EE:00:00:04,-54
BLE,1703216772250039654,D3:F4:55:AB:96:20,-63
BLE,1703216772444848700,D3:F4:55:AB:96:20,-62
BLE,1703216772742473619,DF:A6:DC:DC:2E:81,-72
BLE,1703216772742497660,DF:DF:EE:00:00:01,-72
BLE,1703216773183523813,DF:DF:EE:00:00:04,-53
BLE,1703216773215599586,D3:F4:55:AB:96:20,-61
BLE,1703216773216908831,D3:F4:55:AB:96:20,-64
BLE,1703216773412610122,D3:F4:55:AB:96:20,-47
BLE,1703216773743254977,DF:A6:DC:DC:2E:81,-74
BLE,1703216773743291227,DF:DF:EE:00:00:01,-74
BLE,1703216773792502090,D3:F4:55:AB:96:20,-65
BLE,1703216773983413153,D3:F4:55:AB:96:20,-67
BLE,1703216774187261075,DF:DF:EE:00:00:04,-57
BLE,1703216774364805072,D3:F4:55:AB:96:20,-67
BLE,1703216774727369451,DF:DF:EE:00:00:04,-68
BLE,1703216774749946350,DF:A6:DC:DC:2E:81,-72
BLE,1703216774749957975,DF:DF:EE:00:00:01,-72
BLE,1703216775137395117,D3:F4:55:AB:96:20,-64
BLE,1703216775191347626,DF:DF:EE:00:00:04,-54
BLE,1703216775334056738,D3:F4:55:AB:96:20,-63
BLE,1703216775725962152,DF:DF:EE:00:00:04,-53
BLE,1703216775906219096,D3:F4:55:AB:96:20,-50
BLE,1703216776101093933,D3:F4:55:AB:96:20,-63
BLE,1703216776673072917,D3:F4:55:AB:96:20,-63
BLE,1703216776723602149,DF:DF:EE:00:00:04,-55
BLE,1703216776758831991,DF:A6:DC:DC:2E:81,-73
BLE,1703216776758866116,DF:DF:EE:00:00:01,-73
BLE,1703216776864217395,D3:F4:55:AB:96:20,-62
BLE,1703216777189062276,DF:DF:EE:00:00:04,-53
BLE,1703216777251844912,D3:F4:55:AB:96:20,-66
BLE,1703216777445640503,D3:F4:55:AB:96:20,-62
BLE,1703216777636213860,D3:F4:55:AB:96:20,-64
BLE,1703216777828070793,D3:F4:55:AB:96:20,-60
BLE,1703216778213764402,D3:F4:55:AB:96:20,-76
BLE,1703216778409285111,D3:F4:55:AB:96:20,-62
BLE,1703216778603406034,D3:F4:55:AB:96:20,-64
BLE,1703216778728411350,DF:DF:EE:00:00:04,-55
BLE,1703216778777334423,DF:A6:DC:DC:2E:81,-73
BLE,1703216778777370131,DF:DF:EE:00:00:01,-73
BLE,1703216778798441620,D3:F4:55:AB:96:20,-63
BLE,1703216779184080854,D3:F4:55:AB:96:20,-62
BLE,1703216779372538845,D3:F4:55:AB:96:20,-65
BLE,1703216779563441283,D3:F4:55:AB:96:20,-63
BLE,1703216779724321355,DF:DF:EE:00:00:04,-55
BLE,1703216779759319824,D3:F4:55:AB:96:20,-61
BLE,1703216779784589711,DF:A6:DC:DC:2E:81,-70
BLE,1703216779784620377,DF:DF:EE:00:00:01,-70
BLE,1703216780144698308,D3:F4:55:AB:96:20,-63
BLE,1703216780788867178,DF:A6:DC:DC:2E:81,-74
BLE,1703216780788921219,DF:DF:EE:00:00:01,-74
BLE,1703216780915162655,D3:F4:55:AB:96:20,-62
BLE,1703216781302394423,D3:F4:55:AB:96:20,-65
BLE,1703216781495091770,D3:F4:55:AB:96:20,-62
BLE,1703216781688805487,D3:F4:55:AB:96:20,-64
BLE,1703216781798364747,DF:A6:DC:DC:2E:81,-73
BLE,1703216781798399122,DF:DF:EE:00:00:01,-73
BLE,1703216782191857070,DF:DF:EE:00:00:04,-54
BLE,1703216782727492467,DF:DF:EE:00:00:04,-54
BLE,1703216782800194975,DF:A6:DC:DC:2E:81,-71
BLE,1703216782800234891,DF:DF:EE:00:00:01,-71
BLE,1703216783027824999,D3:F4:55:AB:96:20,-63
BLE,1703216783187625534,DF:DF:EE:00:00:04,-55
BLE,1703216783222493295,D3:F4:55:AB:96:20,-61
BLE,1703216783415586098,D3:F4:55:AB:96:20,-62
BLE,1703216783724710632,DF:DF:EE:00:00:04,-55
BLE,1703216783797948888,D3:F4:55:AB:96:20,-62
BLE,1703216783983425934,D3:F4:55:AB:96:20,-64
BLE,1703216784191430587,DF:DF:EE:00:00:04,-54
BLE,1703216784375175057,D3:F4:55:AB:96:20,-60
BLE,1703216784568546025,D3:F4:55:AB:96:20,-64
BLE,1703216784724033913,DF:DF:EE:00:00:04,-54
BLE,1703216784763361113,D3:F4:55:AB:96:20,-62
BLE,1703216784815361838,DF:A6:DC:DC:2E:81,-73
BLE,1703216784815397505,DF:DF:EE:00:00:01,-73
BLE,1703216785192559610,DF:DF:EE:00:00:04,-74
BLE,1703216785337174338,D3:F4:55:AB:96:20,-62
BLE,1703216785526375450,D3:F4:55:AB:96:20,-62
BLE,1703216785716333059,D3:F4:55:AB:96:20,-64
BLE,1703216785724830646,DF:DF:EE:00:00:04,-39
BLE,1703216785824916324,DF:A6:DC:DC:2E:81,-73
BLE,1703216785824949199,DF:DF:EE:00:00:01,-73
BLE,1703216785911498603,D3:F4:55:AB:96:20,-62
BLE,1703216786098567683,D3:F4:55:AB:96:20,-64
BLE,1703216786287828879,D3:F4:55:AB:96:20,-62
BLE,1703216786826093388,DF:A6:DC:DC:2E:81,-71
BLE,1703216786826149555,DF:DF:EE:00:00:01,-71
BLE,1703216786861527563,D3:F4:55:AB:96:20,-65
BLE,1703216787059611636,D3:F4:55:AB:96:20,-62
BLE,1703216787245208014,D3:F4:55:AB:96:20,-64
BLE,1703216787437883069,D3:F4:55:AB:96:20,-62
BLE,1703216787628415634,D3:F4:55:AB:96:20,-50
BLE,1703216787719910599,DF:DF:EE:00:00:04,-53
BLE,1703216787825498211,D3:F4:55:AB:96:20,-62
BLE,1703216787829806316,DF:A6:DC:DC:2E:81,-72
BLE,1703216787829834900,DF:DF:EE:00:00:01,-72
BLE,1703216788022734912,D3:F4:55:AB:96:20,-62
BLE,1703216788215618008,D3:F4:55:AB:96:20,-64
BLE,1703216788216981002,D3:F4:55:AB:96:20,-61
BLE,1703216788596581429,D3:F4:55:AB:96:20,-64
BLE,1703216788787815324,D3:F4:55:AB:96:20,-63
BLE,1703216788836119525,DF:A6:DC:DC:2E:81,-73
BLE,1703216788836155274,DF:DF:EE:00:00:01,-73
BLE,1703216788976730979,D3:F4:55:AB:96:20,-64
BLE,1703216789170065240,D3:F4:55:AB:96:20,-63
BLE,1703216789357413277,D3:F4:55:AB:96:20,-51
BLE,1703216789721541398,DF:DF:EE:00:00:04,-53
BLE,1703216789744882502,D3:F4:55:AB:96:20,-64
BLE,1703216789838261585,DF:A6:DC:DC:2E:81,-72
BLE,1703216789838297876,DF:DF:EE:00:00:01,-72
BLE,1703216789938037764,D3:F4:55:AB:96:20,-62
BLE,1703216790133620472,D3:F4:55:AB:96:20,-62
BLE,1703216790184298162,DF:DF:EE:00:00:04,-55
BLE,1703216790325329490,D3:F4:55:AB:96:20,-64
BLE,1703216790523568687,D3:F4:55:AB:96:20,-62
BLE,1703216790727446733,DF:DF:EE:00:00:04,-55
BLE,1703216791106638954,D3:F4:55:AB:96:20,-62
BLE,1703216791184151899,DF:DF:EE:00:00:04,-54
BLE,1703216791292031834,D3:F4:55:AB:96:20,-66
BLE,1703216791485068595,D3:F4:55:AB:96:20,-61
BLE,1703216791677626443,D3:F4:55:AB:96:20,-64
BLE,1703216791868579089,D3:F4:55:AB:96:20,-46
BLE,1703216792187024165,DF:DF:EE:00:00:04,-55
BLE,1703216792644058496,D3:F4:55:AB:96:20,-64
BLE,1703216792837733963,D3:F4:55:AB:96:20,-63
BLE,1703216793184498037,DF:DF:EE:00:00:04,-53
BLE,1703216793224329276,D3:F4:55:AB:96:20,-63
BLE,1703216793411776271,D3:F4:55:AB:96:20,-65
BLE,1703216793800716865,D3:F4:55:AB:96:20,-62
BLE,1703216794189572376,D3:F4:55:AB:96:20,-62
BLE,1703216794761086154,D3:F4:55:AB:96:20,-64
BLE,1703216794870084958,DF:A6:DC:DC:2E:81,-72
BLE,1703216794870128708,DF:DF:EE:00:00:01,-72
BLE,1703216795147289760,D3:F4:55:AB:96:20,-61
BLE,1703216795727865955,DF:DF:EE:00:00:04,-54
BLE,1703216796297500950,D3:F4:55:AB:96:20,-61
BLE,1703216797184149985,DF:DF:EE:00:00:04,-55
BLE,1703216797657666617,D3:F4:55:AB:96:20,-63
BLE,1703216797723320198,DF:DF:EE:00:00:04,-56
BLE,1703216798044927385,D3:F4:55:AB:96:20,-70
BLE,1703216798188083537,DF:DF:EE:00:00:04,-56
BLE,1703216798429034668,D3:F4:55:AB:96:20,-50
BLE,1703216798621938805,D3:F4:55:AB:96:20,-63
BLE,1703216798725874507,DF:DF:EE:00:00:04,-54
BLE,1703216798812993701,D3:F4:55:AB:96:20,-64
BLE,1703216798890028606,DF:A6:DC:DC:2E:81,-73
BLE,1703216798890064231,DF:DF:EE:00:00:01,-73
BLE,1703216799006711709,D3:F4:55:AB:96:20,-63
BLE,1703216799185004995,DF:DF:EE:00:00:04,-56
BLE,1703216799770251378,D3:F4:55:AB:96:20,-64
BLE,1703216799889988301,DF:A6:DC:DC:2E:81,-73
BLE,1703216799890024843,DF:DF:EE:00:00:01,-73
BLE,1703216799966242793,D3:F4:55:AB:96:20,-62
BLE,1703216800722518911,DF:DF:EE:00:00:04,-65
BLE,1703216800736700056,D3:F4:55:AB:96:20,-63
BLE,1703216800924085885,D3:F4:55:AB:96:20,-64
BLE,1703216801190050612,DF:DF:EE:00:00:04,-56
BLE,1703216801507530859,D3:F4:55:AB:96:20,-49
BLE,1703216801891985973,D3:F4:55:AB:96:20,-78
BLE,1703216801909082522,DF:A6:DC:DC:2E:81,-74
BLE,1703216801909112313,DF:DF:EE:00:00:01,-74
BLE,1703216802091277290,D3:F4:55:AB:96:20,-63
BLE,1703216802186779905,DF:DF:EE:00:00:04,-53
BLE,1703216802284224136,D3:F4:55:AB:96:20,-62
BLE,1703216802477575063,D3:F4:55:AB:96:20,-64
BLE,1703216802874176956,D3:F4:55:AB:96:20,-63
BLE,1703216802918800048,DF:A6:DC:DC:2E:81,-73
BLE,1703216802918831923,DF:DF:EE:00:00:01,-73
BLE,1703216803183086408,DF:DF:EE:00:00:04,-54
BLE,1703216803257793282,D3:F4:55:AB:96:20,-63
BLE,1703216803443756492,D3:F4:55:AB:96:20,-64
BLE,1703216803640275030,D3:F4:55:AB:96:20,-62
BLE,1703216803918060329,DF:A6:DC:DC:2E:81,-73
BLE,1703216803918107496,DF:DF:EE:00:00:01,-73
BLE,1703216804189994738,DF:DF:EE:00:00:04,-53
BLE,1703216804411400165,D3:F4:55:AB:96:20,-64
BLE,1703216804722538482,DF:DF:EE:00:00:04,-55
BLE,1703216804803199746,D3:F4:55:AB:96:20,-62
BLE,1703216804926195571,DF:A6:DC:DC:2E:81,-72
BLE,1703216804926233196,DF:DF:EE:00:00:01,-72
BLE,1703216805188799314,DF:DF:EE:00:00:04,-56
BLE,1703216806142559882,D3:F4:55:AB:96:20,-65
BLE,1703216806184270404,DF:DF:EE:00:00:04,-56
BLE,1703216806339605917,D3:F4:55:AB:96:20,-63
BLE,1703216806728374929,D3:F4:55:AB:96:20,-64
BLE,1703216807113092542,D3:F4:55:AB:96:20,-65
BLE,1703216807181091696,DF:DF:EE:00:00:04,-53
BLE,1703216807305429973,D3:F4:55:AB:96:20,-63
BLE,1703216807727057171,DF:DF:EE:00:00:04,-45
BLE,1703216807875047676,D3:F4:55:AB:96:20,-65
BLE,1703216808072559084,D3:F4:55:AB:96:20,-62
BLE,1703216808184329168,DF:DF:EE:00:00:04,-55
BLE,1703216808261966862,D3:F4:55:AB:96:20,-64
BLE,1703216808656345349,D3:F4:55:AB:96:20,-64
BLE,1703216808946058386,DF:A6:DC:DC:2E:81,-72
BLE,1703216808946107678,DF:DF:EE:00:00:01,-72
BLE,1703216809182070081,DF:DF:EE:00:00:04,-53
BLE,1703216809426302489,D3:F4:55:AB:96:20,-61
BLE,1703216809810395771,D3:F4:55:AB:96:20,-64
BLE,1703216810183489811,DF:DF:EE:00:00:04,-54
BLE,1703216810193923098,D3:F4:55:AB:96:20,-65
BLE,1703216810390987008,D3:F4:55:AB:96:20,-63
BLE,1703216810583962812,D3:F4:55:AB:96:20,-61
BLE,1703216810951504502,DF:A6:DC:DC:2E:81,-72
BLE,1703216810951545835,DF:DF:EE:00:00:01,-72
BLE,1703216811157180332,D3:F4:55:AB:96:20,-63
BLE,1703216811183872004,DF:DF:EE:00:00:04,-53
BLE,1703216811344376286,D3:F4:55:AB:96:20,-64
BLE,1703216811724928085,DF:DF:EE:00:00:04,-53
BLE,1703216811726534869,D3:F4:55:AB:96:20,-64
BLE,1703216811917793805,D3:F4:55:AB:96:20,-63
BLE,1703216811952658524,DF:A6:DC:DC:2E:81,-75
BLE,1703216811952671441,DF:DF:EE:00:00:01,-75
BLE,1703216812182462788,DF:DF:EE:00:00:04,-54
BLE,1703216812307443063,D3:F4:55:AB:96:20,-64
BLE,1703216812497376089,D3:F4:55:AB:96:20,-60
BLE,1703216812690263143,D3:F4:55:AB:96:20,-64
BLE,1703216812883877235,D3:F4:55:AB:96:20,-61
BLE,1703216812884775856,D3:F4:55:AB:96:20,-74
BLE,1703216813075545836,D3:F4:55:AB:96:20,-66
BLE,1703216813185090721,DF:DF:EE:00:00:04,-51
BLE,1703216813268931388,D3:F4:55:AB:96:20,-62
BLE,1703216813455716886,D3:F4:55:AB:96:20,-64
BLE,1703216813648628940,D3:F4:55:AB:96:20,-46
BLE,1703216813838033302,D3:F4:55:AB:96:20,-63
BLE,1703216814033879551,D3:F4:55:AB:96:20,-64
BLE,1703216814220146926,D3:F4:55:AB:96:20,-67
BLE,1703216814410172243,D3:F4:55:AB:96:20,-60
BLE,1703216814605919743,D3:F4:55:AB:96:20,-50
BLE,1703216814725615041,DF:DF:EE:00:00:04,-54
BLE,1703216814798520506,D3:F4:55:AB:96:20,-63
BLE,1703216814989501652,D3:F4:55:AB:96:20,-64
BLE,1703216815182004916,DF:DF:EE:00:00:04,-55
BLE,1703216815572730919,D3:F4:55:AB:96:20,-64
BLE,1703216815765703723,D3:F4:55:AB:96:20,-63
BLE,1703216815952397888,D3:F4:55:AB:96:20,-50
BLE,1703216816181853362,DF:DF:EE:00:00:04,-53
BLE,1703216816338236413,D3:F4:55:AB:96:20,-64
BLE,1703216816528936101,D3:F4:55:AB:96:20,-60
BLE,1703216816719671748,DF:DF:EE:00:00:04,-54
BLE,1703216816726450677,D3:F4:55:AB:96:20,-61
BLE,1703216816914601252,D3:F4:55:AB:96:20,-62
BLE,1703216817101949706,D3:F4:55:AB:96:20,-64
BLE,1703216817298171995,D3:F4:55:AB:96:20,-67
BLE,1703216817488229228,D3:F4:55:AB:96:20,-64
BLE,1703216817683187315,D3:F4:55:AB:96:20,-62
BLE,1703216817724851545,DF:DF:EE:00:00:04,-55
BLE,1703216817875215164,D3:F4:55:AB:96:20,-61
BLE,1703216817987680495,DF:A6:DC:DC:2E:81,-72
BLE,1703216817987715620,DF:DF:EE:00:00:01,-72
BLE,1703216818263115638,D3:F4:55:AB:96:20,-62
BLE,1703216818455681027,D3:F4:55:AB:96:20,-64
BLE,1703216818645695052,D3:F4:55:AB:96:20,-63
BLE,1703216818725635236,DF:DF:EE:00:00:04,-54
BLE,1703216818995485405,DF:A6:DC:DC:2E:81,-74
BLE,1703216818995528238,DF:DF:EE:00:00:01,-74
BLE,1703216819601253362,D3:F4:55:AB:96:20,-63
BLE,1703216819723263150,DF:DF:EE:00:00:04,-53
BLE,1703216819796970570,D3:F4:55:AB:96:20,-63
BLE,1703216819984190900,D3:F4:55:AB:96:20,-65
BLE,1703216820178526322,D3:F4:55:AB:96:20,-64
BLE,1703216820188195404,DF:DF:EE:00:00:04,-53
BLE,1703216820365767735,D3:F4:55:AB:96:20,-64
BLE,1703216820720664356,DF:DF:EE:00:00:04,-56
BLE,1703216820753537418,D3:F4:55:AB:96:20,-62
BLE,1703216821003310426,DF:A6:DC:DC:2E:81,-72
BLE,1703216821003364384,DF:DF:EE:00:00:01,-72
BLE,1703216821334858901,D3:F4:55:AB:96:20,-64
BLE,1703216821911613281,D3:F4:55:AB:96:20,-62
BLE,1703216822182767235,DF:DF:EE:00:00:04,-55
BLE,1703216822865223599,D3:F4:55:AB:96:20,-64
BLE,1703216823437914747,D3:F4:55:AB:96:20,-63
BLE,1703216823633677205,D3:F4:55:AB:96:20,-60
BLE,1703216823723325637,DF:DF:EE:00:00:04,-54
BLE,1703216824016162911,DF:A6:DC:DC:2E:81,-71
BLE,1703216824016206577,DF:DF:EE:00:00:01,-71
BLE,1703216824212098743,D3:F4:55:AB:96:20,-66
BLE,1703216824593423371,D3:F4:55:AB:96:20,-63
BLE,1703216824789516078,D3:F4:55:AB:96:20,-62
BLE,1703216824976954739,D3:F4:55:AB:96:20,-66
BLE,1703216825167821761,D3:F4:55:AB:96:20,-62
BLE,1703216825182808902,DF:DF:EE:00:00:04,-53
BLE,1703216825727530591,DF:DF:EE:00:00:04,-53
BLE,1703216825745429844,D3:F4:55:AB:96:20,-64
BLE,1703216826026013381,DF:A6:DC:DC:2E:81,-73
BLE,1703216826026080006,DF:DF:EE:00:00:01,-73
BLE,1703216826133590775,D3:F4:55:AB:96:20,-61
BLE,1703216826327025785,D3:F4:55:AB:96:20,-65
BLE,1703216826520802335,D3:F4:55:AB:96:20,-63
BLE,1703216826711606149,D3:F4:55:AB:96:20,-64
BLE,1703216827488188009,D3:F4:55:AB:96:20,-63
BLE,1703216827721469299,DF:DF:EE:00:00:04,-53
BLE,1703216827874431032,D3:F4:55:AB:96:20,-63
BLE,1703216828258044858,D3:F4:55:AB:96:20,-63
BLE,1703216828729264626,DF:DF:EE:00:00:04,-55
BLE,1703216829188809154,DF:DF:EE:00:00:04,-53
BLE,1703216829400896372,D3:F4:55:AB:96:20,-62
BLE,1703216829780890465,D3:F4:55:AB:96:20,-62
BLE,1703216830191464295,DF:DF:EE:00:00:04,-55
BLE,1703216830548390074,D3:F4:55:AB:96:20,-79
BLE,1703216830729487806,DF:DF:EE:00:00:04,-55
BLE,1703216830932634356,D3:F4:55:AB:96:20,-62
BLE,1703216831120066684,D3:F4:55:AB:96:20,-50
BLE,1703216831318588130,D3:F4:55:AB:96:20,-64
BLE,1703216832089937139,D3:F4:55:AB:96:20,-66
BLE,1703216832281312492,D3:F4:55:AB:96:20,-63
BLE,1703216832667586431,D3:F4:55:AB:96:20,-63
BLE,1703216832727143081,DF:DF:EE:00:00:04,-54
BLE,1703216832853864431,D3:F4:55:AB:96:20,-65
BLE,1703216833186142445,DF:DF:EE:00:00:04,-56
BLE,1703216833723894915,DF:DF:EE:00:00:04,-56
BLE,1703216834016752147,D3:F4:55:AB:96:20,-62
BLE,1703216834179691002,DF:DF:EE:00:00:04,-53
BLE,1703216834210524198,D3:F4:55:AB:96:20,-61
BLE,1703216834407128235,D3:F4:55:AB:96:20,-65
BLE,1703216834600856160,D3:F4:55:AB:96:20,-63
BLE,1703216834789305984,D3:F4:55:AB:96:20,-64
BLE,1703216834978499888,D3:F4:55:AB:96:20,-46
BLE,1703216835068004446,DF:A6:DC:DC:2E:81,-70
BLE,1703216835068035696,DF:DF:EE:00:00:01,-70
BLE,1703216835185884294,DF:DF:EE:00:00:04,-55
BLE,1703216835727299331,DF:DF:EE:00:00:04,-55
BLE,1703216835742079015,D3:F4:55:AB:96:20,-62
BLE,1703216835931620334,D3:F4:55:AB:96:20,-63
BLE,1703216836072223122,DF:A6:DC:DC:2E:81,-73
BLE,1703216836072274122,DF:DF:EE:00:00:01,-73
BLE,1703216836120202241,D3:F4:55:AB:96:20,-46
BLE,1703216836507865716,D3:F4:55:AB:96:20,-61
BLE,1703216836722119508,DF:DF:EE:00:00:04,-68
BLE,1703216836897062350,D3:F4:55:AB:96:20,-62
BLE,1703216837092837808,D3:F4:55:AB:96:20,-62
BLE,1703216837189219377,DF:DF:EE:00:00:04,-55
BLE,1703216837855841771,D3:F4:55:AB:96:20,-61
BLE,1703216838087952150,DF:A6:DC:DC:2E:81,-72
BLE,1703216838087995025,DF:DF:EE:00:00:01,-72
BLE,1703216838241180589,D3:F4:55:AB:96:20,-62
BLE,1703216838726469794,DF:DF:EE:00:00:04,-53
BLE,1703216839385633888,D3:F4:55:AB:96:20,-62
BLE,1703216839580549850,D3:F4:55:AB:96:20,-64
BLE,1703216839774829148,D3:F4:55:AB:96:20,-62
BLE,1703216839971079520,D3:F4:55:AB:96:20,-62
BLE,1703216840547185902,D3:F4:55:AB:96:20,-70
BLE,1703216840930067857,D3:F4:55:AB:96:20,-64
BLE,1703216841129222716,D3:F4:55:AB:96:20,-62
BLE,1703216841319695406,D3:F4:55:AB:96:20,-61
BLE,1703216841703614981,D3:F4:55:AB:96:20,-62
BLE,1703216841719625784,DF:DF:EE:00:00:04,-38
BLE,1703216841893527423,D3:F4:55:AB:96:20,-62
BLE,1703216842081480124,D3:F4:55:AB:96:20,-66
BLE,1703216842187810816,DF:DF:EE:00:00:04,-50
BLE,1703216842461233801,D3:F4:55:AB:96:20,-65
BLE,1703216842657576006,D3:F4:55:AB:96:20,-63
BLE,1703216842722706299,DF:DF:EE:00:00:04,-55
BLE,1703216842846137497,D3:F4:55:AB:96:20,-64
BLE,1703216843108073284,DF:A6:DC:DC:2E:81,-73
BLE,1703216843108120617,DF:DF:EE:00:00:01,-73
BLE,1703216843188766923,DF:DF:EE:00:00:04,-56
BLE,1703216843719901256,DF:DF:EE:00:00:04,-53
BLE,1703216843813741170,D3:F4:55:AB:96:20,-64
BLE,1703216844186653252,DF:DF:EE:00:00:04,-55
BLE,1703216844197235996,D3:F4:55:AB:96:20,-66
BLE,1703216844387089856,D3:F4:55:AB:96:20,-63
BLE,1703216844573514855,D3:F4:55:AB:96:20,-64
BLE,1703216844768519317,D3:F4:55:AB:96:20,-63
BLE,1703216844955571605,D3:F4:55:AB:96:20,-64
BLE,1703216845126666965,DF:A6:DC:DC:2E:81,-72
BLE,1703216845126701090,DF:DF:EE:00:00:01,-72
BLE,1703216845150657691,D3:F4:55:AB:96:20,-47
BLE,1703216845343583495,D3:F4:55:AB:96:20,-64
BLE,1703216845722370593,DF:DF:EE:00:00:04,-54
BLE,1703216845730664222,D3:F4:55:AB:96:20,-46
BLE,1703216846185648146,DF:DF:EE:00:00:04,-56
BLE,1703216846686196824,D3:F4:55:AB:96:20,-62
BLE,1703216846722538745,DF:DF:EE:00:00:04,-56
BLE,1703216847135748939,DF:A6:DC:DC:2E:81,-73
BLE,1703216847135805272,DF:DF:EE:00:00:01,-73
BLE,1703216847184683303,DF:DF:EE:00:00:04,-53
BLE,1703216848024883379,D3:F4:55:AB:96:20,-47
BLE,1703216848598266232,D3:F4:55:AB:96:20,-63
BLE,1703216848793539567,D3:F4:55:AB:96:20,-62
BLE,1703216849183737322,DF:DF:EE:00:00:04,-56
BLE,1703216849369566699,D3:F4:55:AB:96:20,-69
BLE,1703216849566389319,D3:F4:55:AB:96:20,-62
BLE,1703216849719998632,DF:DF:EE:00:00:04,-55
BLE,1703216849952428718,D3:F4:55:AB:96:20,-64
BLE,1703216850335285964,D3:F4:55:AB:96:20,-50
BLE,1703216850533556869,D3:F4:55:AB:96:20,-62
BLE,1703216850724832472,DF:DF:EE:00:00:04,-53
BLE,1703216850922448422,D3:F4:55:AB:96:20,-64
BLE,1703216851185842494,DF:DF:EE:00:00:04,-56
BLE,1703216851493546368,D3:F4:55:AB:96:20,-62
BLE,1703216851684721430,D3:F4:55:AB:96:20,-50
BLE,1703216851725407164,DF:DF:EE:00:00:04,-56
BLE,1703216851879042352,D3:F4:55:AB:96:20,-63
BLE,1703216852071460492,D3:F4:55:AB:96:20,-64
BLE,1703216852182671869,DF:DF:EE:00:00:04,-53
BLE,1703216852464460068,D3:F4:55:AB:96:20,-63
BLE,1703216852660019610,D3:F4:55:AB:96:20,-61
BLE,1703216852853935159,D3:F4:55:AB:96:20,-66
BLE,1703216853044588223,D3:F4:55:AB:96:20,-62
BLE,1703216853171643447,DF:A6:DC:DC:2E:81,-75
BLE,1703216853171680447,DF:DF:EE:00:00:01,-75
BLE,1703216853187551542,DF:DF:EE:00:00:04,-55
BLE,1703216853428723422,D3:F4:55:AB:96:20,-62
BLE,1703216854013134392,D3:F4:55:AB:96:20,-61
BLE,1703216854724639252,DF:DF:EE:00:00:04,-53
BLE,1703216854781330582,D3:F4:55:AB:96:20,-63
BLE,1703216854970039405,D3:F4:55:AB:96:20,-64
BLE,1703216855188286887,DF:A6:DC:DC:2E:81,-72
BLE,1703216855188353137,DF:DF:EE:00:00:01,-72
BLE,1703216855190223128,DF:DF:EE:00:00:04,-55
BLE,1703216855358918791,D3:F4:55:AB:96:20,-61
BLE,1703216855719598053,DF:DF:EE:00:00:04,-56
BLE,1703216855750203041,D3:F4:55:AB:96:20,-70
BLE,1703216855944168715,D3:F4:55:AB:96:20,-61
BLE,1703216856187416377,DF:A6:DC:DC:2E:81,-73
BLE,1703216856187468044,DF:DF:EE:00:00:01,-73
BLE,1703216856327139961,D3:F4:55:AB:96:20,-61
BLE,1703216856516178990,D3:F4:55:AB:96:20,-63
BLE,1703216856719669247,DF:DF:EE:00:00:04,-55
BLE,1703216857177934698,DF:DF:EE:00:00:04,-60
BLE,1703216857195826493,DF:A6:DC:DC:2E:81,-73
BLE,1703216857195863701,DF:DF:EE:00:00:01,-73
BLE,1703216857291810772,D3:F4:55:AB:96:20,-65
BLE,1703216857482112171,D3:F4:55:AB:96:20,-63
BLE,1703216857668365213,D3:F4:55:AB:96:20,-64
BLE,1703216857865113541,D3:F4:55:AB:96:20,-58
BLE,1703216858202675449,DF:A6:DC:DC:2E:81,-73
BLE,1703216858202724782,DF:DF:EE:00:00:01,-73
BLE,1703216858254234551,D3:F4:55:AB:96:20,-64
BLE,1703216858443443789,D3:F4:55:AB:96:20,-62
BLE,1703216858633051941,D3:F4:55:AB:96:20,-63
BLE,1703216858723871368,DF:DF:EE:00:00:04,-55
BLE,1703216859018336301,D3:F4:55:AB:96:20,-64
BLE,1703216859207830495,DF:A6:DC:DC:2E:81,-70
BLE,1703216859207884328,DF:DF:EE:00:00:01,-70
BLE,1703216859586778009,D3:F4:55:AB:96:20,-65
BLE,1703216859719066251,DF:DF:EE:00:00:04,-53
BLE,1703216859778331986,D3:F4:55:AB:96:20,-63
BLE,1703216859963500699,D3:F4:55:AB:96:20,-64
BLE,1703216860155806423,D3:F4:55:AB:96:20,-62
BLE,1703216860185037834,DF:DF:EE:00:00:04,-55
BLE,1703216860216533901,DF:A6:DC:DC:2E:81,-73
BLE,1703216860216566818,DF:DF:EE:00:00:01,-73
BLE,1703216860353289665,D3:F4:55:AB:96:20,-61
BLE,1703216860733703630,D3:F4:55:AB:96:20,-65
BLE,1703216861115681922,D3:F4:55:AB:96:20,-64
BLE,1703216861179125888,DF:DF:EE:00:00:04,-54
BLE,1703216861220598036,DF:A6:DC:DC:2E:81,-73
BLE,1703216861220613994,DF:DF:EE:00:00:01,-73
BLE,1703216861307315232,D3:F4:55:AB:96:20,-62
BLE,1703216861503148064,D3:F4:55:AB:96:20,-62
BLE,1703216861718679350,DF:DF:EE:00:00:04,-53
BLE,1703216862081253396,D3:F4:55:AB:96:20,-64
BLE,1703216862184431434,DF:DF:EE:00:00:04,-55
BLE,1703216862221308019,DF:A6:DC:DC:2E:81,-71
BLE,1703216862221332019,DF:DF:EE:00:00:01,-71
BLE,1703216862271299379,D3:F4:55:AB:96:20,-62
BLE,1703216862652769548,D3:F4:55:AB:96:20,-46
BLE,1703216863035568003,D3:F4:55:AB:96:20,-62
BLE,1703216863226613732,D3:F4:55:AB:96:20,-65
BLE,1703216863618390522,D3:F4:55:AB:96:20,-61
BLE,1703216863807576551,D3:F4:55:AB:96:20,-63
BLE,1703216864000213397,D3:F4:55:AB:96:20,-61
BLE,1703216864187895975,DF:DF:EE:00:00:04,-55
BLE,1703216864235322054,DF:A6:DC:DC:2E:81,-73
BLE,1703216864235355596,DF:DF:EE:00:00:01,-73
BLE,1703216864573335668,D3:F4:55:AB:96:20,-62
BLE,1703216864717095358,DF:DF:EE:00:00:04,-54
BLE,1703216865145852108,D3:F4:55:AB:96:20,-59
BLE,1703216865336217798,D3:F4:55:AB:96:20,-62
BLE,1703216865521452886,D3:F4:55:AB:96:20,-64
BLE,1703216865726425886,DF:DF:EE:00:00:04,-53
BLE,1703216866092438500,D3:F4:55:AB:96:20,-61
BLE,1703216866242672453,DF:A6:DC:DC:2E:81,-73
BLE,1703216866242714911,DF:DF:EE:00:00:01,-73
BLE,1703216866484798245,D3:F4:55:AB:96:20,-63
BLE,1703216866723731093,DF:DF:EE:00:00:04,-56
BLE,1703216866875231457,D3:F4:55:AB:96:20,-64
BLE,1703216867255319091,D3:F4:55:AB:96:20,-64
BLE,1703216867451443172,D3:F4:55:AB:96:20,-63
BLE,1703216867640275369,D3:F4:55:AB:96:20,-65
BLE,1703216867719214141,DF:DF:EE:00:00:04,-56
BLE,1703216868027669429,D3:F4:55:AB:96:20,-61
BLE,1703216868217164081,D3:F4:55:AB:96:20,-62
BLE,1703216868244166294,DF:A6:DC:DC:2E:81,-59
BLE,1703216868244195377,DF:DF:EE:00:00:01,-59
BLE,1703216868405816988,D3:F4:55:AB:96:20,-64
BLE,1703216868986468183,D3:F4:55:AB:96:20,-64
BLE,1703216869184807379,D3:F4:55:AB:96:20,-63
BLE,1703216869380118714,D3:F4:55:AB:96:20,-61
BLE,1703216869572170814,D3:F4:55:AB:96:20,-64
BLE,1703216869722532516,DF:DF:EE:00:00:04,-55
BLE,1703216869956882176,D3:F4:55:AB:96:20,-50
BLE,1703216870186567649,DF:DF:EE:00:00:04,-55
BLE,1703216870261130608,DF:A6:DC:DC:2E:81,-72
BLE,1703216870261165191,DF:DF:EE:00:00:01,-72
BLE,1703216870722514336,DF:DF:EE:00:00:04,-54
BLE,1703216870735357862,D3:F4:55:AB:96:20,-63
BLE,1703216870921488530,D3:F4:55:AB:96:20,-50
BLE,1703216871118052525,D3:F4:55:AB:96:20,-67
BLE,1703216871184970518,DF:DF:EE:00:00:04,-55
BLE,1703216871267307983,DF:A6:DC:DC:2E:81,-71
BLE,1703216871267348025,DF:DF:EE:00:00:01,-71
BLE,1703216871314328439,D3:F4:55:AB:96:20,-62
BLE,1703216871724045066,DF:DF:EE:00:00:04,-55
BLE,1703216871886822254,D3:F4:55:AB:96:20,-62
BLE,1703216872074359832,D3:F4:55:AB:96:20,-64
BLE,1703216872075877909,D3:F4:55:AB:96:20,-60
BLE,1703216872269172544,D3:F4:55:AB:96:20,-63
BLE,1703216873178838351,DF:DF:EE:00:00:04,-54
BLE,1703216873231586199,D3:F4:55:AB:96:20,-63
BLE,1703216873276967288,DF:A6:DC:DC:2E:81,-72
BLE,1703216873276999329,DF:DF:EE:00:00:01,-72
BLE,1703216873424825085,D3:F4:55:AB:96:20,-64
BLE,1703216873426117037,D3:F4:55:AB:96:20,-61
BLE,1703216873616796685,D3:F4:55:AB:96:20,-63
BLE,1703216873804529928,D3:F4:55:AB:96:20,-64
BLE,1703216874181540242,DF:DF:EE:00:00:04,-56
BLE,1703216874281675920,DF:A6:DC:DC:2E:81,-71
BLE,1703216874281712503,DF:DF:EE:00:00:01,-71
BLE,1703216874394500623,D3:F4:55:AB:96:20,-62
BLE,1703216874585518936,D3:F4:55:AB:96:20,-62
BLE,1703216874778064575,D3:F4:55:AB:96:20,-61
BLE,1703216875182783057,DF:DF:EE:00:00:04,-54
BLE,1703216875362746544,D3:F4:55:AB:96:20,-61
BLE,1703216875556397011,D3:F4:55:AB:96:20,-65
BLE,1703216875727223580,DF:DF:EE:00:00:04,-54
BLE,1703216875753570171,D3:F4:55:AB:96:20,-63
BLE,1703216875947714969,D3:F4:55:AB:96:20,-61
BLE,1703216876143007596,D3:F4:55:AB:96:20,-64
BLE,1703216876182703127,DF:DF:EE:00:00:04,-55
BLE,1703216876538919492,D3:F4:55:AB:96:20,-63
BLE,1703216876719823975,DF:DF:EE:00:00:04,-56
BLE,1703216876727731856,D3:F4:55:AB:96:20,-50
BLE,1703216876924896308,D3:F4:55:AB:96:20,-63
BLE,1703216877113342882,D3:F4:55:AB:96:20,-64
BLE,1703216877180219541,DF:DF:EE:00:00:04,-53
BLE,1703216877295941773,DF:A6:DC:DC:2E:81,-71
BLE,1703216877295967648,DF:DF:EE:00:00:01,-71
BLE,1703216877689086724,D3:F4:55:AB:96:20,-62
BLE,1703216877718404843,DF:DF:EE:00:00:04,-54
BLE,1703216877877153633,D3:F4:55:AB:96:20,-50
BLE,1703216878269365754,D3:F4:55:AB:96:20,-62
BLE,1703216878459094447,D3:F4:55:AB:96:20,-70
BLE,1703216878647898686,D3:F4:55:AB:96:20,-62
BLE,1703216878837460797,D3:F4:55:AB:96:20,-63
BLE,1703216879025073124,D3:F4:55:AB:96:20,-65
BLE,1703216879415822252,D3:F4:55:AB:96:20,-62
BLE,1703216879612344206,D3:F4:55:AB:96:20,-64
BLE,1703216879722904879,DF:DF:EE:00:00:04,-54
BLE,1703216879802001442,D3:F4:55:AB:96:20,-63
BLE,1703216880180017751,DF:DF:EE:00:00:04,-55
BLE,1703216880189907832,D3:F4:55:AB:96:20,-62
BLE,1703216880302463829,DF:A6:DC:DC:2E:81,-73
BLE,1703216880302505162,DF:DF:EE:00:00:01,-73
BLE,1703216880381802890,D3:F4:55:AB:96:20,-62
BLE,1703216880577788847,D3:F4:55:AB:96:20,-64
BLE,1703216880717686680,DF:DF:EE:00:00:04,-54
BLE,1703216880964350035,D3:F4:55:AB:96:20,-61
BLE,1703216881158742124,D3:F4:55:AB:96:20,-66
BLE,1703216881301868734,DF:A6:DC:DC:2E:81,-71
BLE,1703216881301914984,DF:DF:EE:00:00:01,-71
BLE,1703216881537128057,D3:F4:55:AB:96:20,-62
BLE,1703216881723902555,D3:F4:55:AB:96:20,-64
BLE,1703216881916492944,D3:F4:55:AB:96:20,-63
BLE,1703216882108508794,D3:F4:55:AB:96:20,-64
BLE,1703216882186479112,DF:DF:EE:00:00:04,-55
BLE,1703216882303154257,D3:F4:55:AB:96:20,-64
BLE,1703216882492091453,D3:F4:55:AB:96:20,-66
BLE,1703216882717353238,DF:DF:EE:00:00:04,-53
BLE,1703216882879374388,D3:F4:55:AB:96:20,-61
BLE,1703216883075143804,D3:F4:55:AB:96:20,-64
BLE,1703216883465530225,D3:F4:55:AB:96:20,-62
BLE,1703216883658769028,D3:F4:55:AB:96:20,-64
BLE,1703216884043397641,D3:F4:55:AB:96:20,-64
BLE,1703216884176956335,DF:DF:EE:00:00:04,-53
BLE,1703216884238686143,D3:F4:55:AB:96:20,-62
BLE,1703216884312822144,DF:A6:DC:DC:2E:81,-73
BLE,1703216884312857394,DF:DF:EE:00:00:01,-73
BLE,1703216884717515043,DF:DF:EE:00:00:04,-53
BLE,1703216884816127227,D3:F4:55:AB:96:20,-62
BLE,1703216885204126450,D3:F4:55:AB:96:20,-64
BLE,1703216885722122676,DF:DF:EE:00:00:04,-55
BLE,1703216886163151745,D3:F4:55:AB:96:20,-61
BLE,1703216886181587121,DF:DF:EE:00:00:04,-53
BLE,1703216886330457788,DF:A6:DC:DC:2E:81,-73
BLE,1703216886330511705,DF:DF:EE:00:00:01,-73
BLE,1703216886354474598,D3:F4:55:AB:96:20,-62
BLE,1703216886541216263,D3:F4:55:AB:96:20,-65
BLE,1703216886737398385,D3:F4:55:AB:96:20,-62
BLE,1703216887117465227,D3:F4:55:AB:96:20,-62
BLE,1703216887308858580,D3:F4:55:AB:96:20,-61
BLE,1703216887334251175,DF:A6:DC:DC:2E:81,-70
BLE,1703216887334285716,DF:DF:EE:00:00:01,-70
BLE,1703216887700403204,D3:F4:55:AB:96:20,-62
BLE,1703216887717602294,DF:DF:EE:00:00:04,-55
BLE,1703216887891365392,D3:F4:55:AB:96:20,-65
BLE,1703216888081273001,D3:F4:55:AB:96:20,-63
BLE,1703216888269006369,D3:F4:55:AB:96:20,-64
BLE,1703216888718710692,DF:DF:EE:00:00:04,-52
BLE,1703216889035733816,D3:F4:55:AB:96:20,-64
BLE,1703216889181405289,DF:DF:EE:00:00:04,-39
BLE,1703216889338631295,DF:A6:DC:DC:2E:81,-71
BLE,1703216889338674003,DF:DF:EE:00:00:01,-71
BLE,1703216889607852966,D3:F4:55:AB:96:20,-61
BLE,1703216890179322702,DF:DF:EE:00:00:04,-55
BLE,1703216890184093180,D3:F4:55:AB:96:20,-64
BLE,1703216890341876100,DF:A6:DC:DC:2E:81,-74
BLE,1703216890341927850,DF:DF:EE:00:00:01,-74
BLE,1703216890378711935,D3:F4:55:AB:96:20,-64
BLE,1703216890573694938,D3:F4:55:AB:96:20,-61
BLE,1703216890725449218,DF:DF:EE:00:00:04,-53
BLE,1703216890763170674,D3:F4:55:AB:96:20,-63
BLE,1703216890949285634,D3:F4:55:AB:96:20,-64
BLE,1703216891143145642,D3:F4:55:AB:96:20,-63
BLE,1703216891187224944,DF:DF:EE:00:00:04,-55
BLE,1703216891349453261,DF:A6:DC:DC:2E:81,-72
BLE,1703216891349504594,DF:DF:EE:00:00:01,-72
BLE,1703216891717567781,DF:DF:EE:00:00:04,-53
BLE,1703216891903124493,D3:F4:55:AB:96:20,-62
BLE,1703216892291691672,D3:F4:55:AB:96:20,-63
BLE,1703216892352729316,DF:A6:DC:DC:2E:81,-71
BLE,1703216892352762191,DF:DF:EE:00:00:01,-71
BLE,1703216892675241040,D3:F4:55:AB:96:20,-63
BLE,1703216893361204806,DF:A6:DC:DC:2E:81,-70
BLE,1703216893361242764,DF:DF:EE:00:00:01,-70
BLE,1703216893639066522,D3:F4:55:AB:96:20,-62
BLE,1703216893830840206,D3:F4:55:AB:96:20,-64
BLE,1703216894024568631,D3:F4:55:AB:96:20,-78
BLE,1703216894180135810,DF:DF:EE:00:00:04,-55
BLE,1703216894212833373,D3:F4:55:AB:96:20,-64
BLE,1703216894599038562,D3:F4:55:AB:96:20,-60
BLE,1703216894719527107,DF:DF:EE:00:00:04,-72
BLE,1703216895560603012,D3:F4:55:AB:96:20,-64
BLE,1703216895718019683,DF:DF:EE:00:00:04,-53
BLE,1703216895750131706,D3:F4:55:AB:96:20,-60
BLE,1703216895938827446,D3:F4:55:AB:96:20,-62
BLE,1703216896183130312,DF:DF:EE:00:00:04,-55
BLE,1703216896321320444,D3:F4:55:AB:96:20,-62
BLE,1703216896372698380,DF:A6:DC:DC:2E:81,-73
BLE,1703216896372734297,DF:DF:EE:00:00:01,-73
BLE,1703216896507787318,D3:F4:55:AB:96:20,-64
BLE,1703216896727140795,DF:DF:EE:00:00:04,-56
BLE,1703216896902615136,D3:F4:55:AB:96:20,-62
BLE,1703216897180699726,DF:DF:EE:00:00:04,-53
BLE,1703216897287751997,D3:F4:55:AB:96:20,-63
BLE,1703216897377620095,DF:A6:DC:DC:2E:81,-73
BLE,1703216897377658220,DF:DF:EE:00:00:01,-73
BLE,1703216897722651594,DF:DF:EE:00:00:04,-53
BLE,1703216897862704884,D3:F4:55:AB:96:20,-61
BLE,1703216898051964079,D3:F4:55:AB:96:20,-62
BLE,1703216898239533074,D3:F4:55:AB:96:20,-50
BLE,1703216898625126225,D3:F4:55:AB:96:20,-64
BLE,1703216898626413885,D3:F4:55:AB:96:20,-60
BLE,1703216898720522090,DF:DF:EE:00:00:04,-55
BLE,1703216898818901025,D3:F4:55:AB:96:20,-62
BLE,1703216899401822210,D3:F4:55:AB:96:20,-63
BLE,1703216899589250496,D3:F4:55:AB:96:20,-65
BLE,1703216899725126514,DF:DF:EE:00:00:04,-54
BLE,1703216899783271087,D3:F4:55:AB:96:20,-62
BLE,1703216900355745319,D3:F4:55:AB:96:20,-64
BLE,1703216900390710746,DF:A6:DC:DC:2E:81,-73
BLE,1703216900390756620,DF:DF:EE:00:00:01,-73
BLE,1703216900547124130,D3:F4:55:AB:96:20,-63
BLE,1703216900739322395,D3:F4:55:AB:96:20,-64
BLE,1703216901179480885,DF:DF:EE:00:00:04,-55
BLE,1703216901329148049,D3:F4:55:AB:96:20,-61
BLE,1703216901906064927,D3:F4:55:AB:96:20,-63
BLE,1703216902103179796,D3:F4:55:AB:96:20,-62
BLE,1703216902298212257,D3:F4:55:AB:96:20,-62
BLE,1703216902394609868,DF:A6:DC:DC:2E:81,-72
BLE,1703216902394649826,DF:DF:EE:00:00:01,-72
BLE,1703216902490216274,D3:F4:55:AB:96:20,-65
BLE,1703216902689063093,D3:F4:55:AB:96:20,-63
BLE,1703216902883269891,D3:F4:55:AB:96:20,-62
BLE,1703216903075336490,D3:F4:55:AB:96:20,-64
BLE,1703216903393561484,DF:A6:DC:DC:2E:81,-74
BLE,1703216903393605567,DF:DF:EE:00:00:01,-74
BLE,1703216903460246894,D3:F4:55:AB:96:20,-65
BLE,1703216903655214730,D3:F4:55:AB:96:20,-63
BLE,1703216903719893858,DF:DF:EE:00:00:04,-57
BLE,1703216903845248006,D3:F4:55:AB:96:20,-64
BLE,1703216904227475796,D3:F4:55:AB:96:20,-66
BLE,1703216904418765441,D3:F4:55:AB:96:20,-62
BLE,1703216904613333821,D3:F4:55:AB:96:20,-62
BLE,1703216904716492776,DF:DF:EE:00:00:04,-54
BLE,1703216904991993252,D3:F4:55:AB:96:20,-65
BLE,1703216905179827246,DF:DF:EE:00:00:04,-55
BLE,1703216905403341580,DF:A6:DC:DC:2E:81,-71
BLE,1703216905403399246,DF:DF:EE:00:00:01,-71
BLE,1703216905572526323,D3:F4:55:AB:96:20,-64
BLE,1703216905769073902,D3:F4:55:AB:96:20,-62
BLE,1703216906183769590,DF:DF:EE:00:00:04,-54
BLE,1703216906539319541,D3:F4:55:AB:96:20,-66
BLE,1703216906732160304,D3:F4:55:AB:96:20,-62
BLE,1703216906929084215,D3:F4:55:AB:96:20,-60
BLE,1703216907309787929,D3:F4:55:AB:96:20,-66
BLE,1703216907500665159,D3:F4:55:AB:96:20,-63
BLE,1703216907686458786,D3:F4:55:AB:96:20,-58
BLE,1703216907717119566,DF:DF:EE:00:00:04,-54
BLE,1703216907885020482,D3:F4:55:AB:96:20,-47
BLE,1703216908410243925,DF:A6:DC:DC:2E:81,-73
BLE,1703216908410299133,DF:DF:EE:00:00:01,-73
BLE,1703216908462081110,D3:F4:55:AB:96:20,-61
BLE,1703216908652459842,D3:F4:55:AB:96:20,-67
BLE,1703216909186547328,DF:DF:EE:00:00:04,-56
BLE,1703216909222806416,D3:F4:55:AB:96:20,-64
BLE,1703216909412790191,DF:A6:DC:DC:2E:81,-73
BLE,1703216909412832650,DF:DF:EE:00:00:01,-73
BLE,1703216909415605345,D3:F4:55:AB:96:20,-62
BLE,1703216909798768132,D3:F4:55:AB:96:20,-63
BLE,1703216910722555543,DF:DF:EE:00:00:04,-56
BLE,1703216910763087903,D3:F4:55:AB:96:20,-76
BLE,1703216910950654481,D3:F4:55:AB:96:20,-64
BLE,1703216911176763886,DF:DF:EE:00:00:04,-53
BLE,1703216911329838785,D3:F4:55:AB:96:20,-64
BLE,1703216911714710981,D3:F4:55:AB:96:20,-50
BLE,1703216911904450799,D3:F4:55:AB:96:20,-61
BLE,1703216912095317112,D3:F4:55:AB:96:20,-75
BLE,1703216912180675147,DF:DF:EE:00:00:04,-56
BLE,1703216912660723167,D3:F4:55:AB:96:20,-64
BLE,1703216912723023930,DF:DF:EE:00:00:04,-55
BLE,1703216913044705408,D3:F4:55:AB:96:20,-64
BLE,1703216913177257690,DF:DF:EE:00:00:04,-53
BLE,1703216913237212839,D3:F4:55:AB:96:20,-62
BLE,1703216913433112171,D3:F4:55:AB:96:20,-47
BLE,1703216913627037137,D3:F4:55:AB:96:20,-64
BLE,1703216914009841092,D3:F4:55:AB:96:20,-64
BLE,1703216914186877009,DF:DF:EE:00:00:04,-55
BLE,1703216914594275729,D3:F4:55:AB:96:20,-64
BLE,1703216914980792625,D3:F4:55:AB:96:20,-65
BLE,1703216915176936956,D3:F4:55:AB:96:20,-63
BLE,1703216915719209740,DF:DF:EE:00:00:04,-53
BLE,1703216915756912779,D3:F4:55:AB:96:20,-63
BLE,1703216915947248428,D3:F4:55:AB:96:20,-64
BLE,1703216916184568409,DF:DF:EE:00:00:04,-57
BLE,1703216916434415750,DF:A6:DC:DC:2E:81,-72
BLE,1703216916434466999,DF:DF:EE:00:00:01,-72
BLE,1703216916533377390,D3:F4:55:AB:96:20,-65
BLE,1703216916726086070,D3:F4:55:AB:96:20,-63
BLE,1703216916921726862,D3:F4:55:AB:96:20,-62
BLE,1703216917116003577,D3:F4:55:AB:96:20,-69
BLE,1703216917179727458,DF:DF:EE:00:00:04,-58
BLE,1703216917310001334,D3:F4:55:AB:96:20,-68
BLE,1703216917505918875,D3:F4:55:AB:96:20,-61
BLE,1703216917892070273,D3:F4:55:AB:96:20,-62
BLE,1703216918084950452,D3:F4:55:AB:96:20,-65
BLE,1703216918273632150,D3:F4:55:AB:96:20,-61
BLE,1703216918439237993,DF:A6:DC:DC:2E:81,-73
BLE,1703216918439276659,DF:DF:EE:00:00:01,-73
BLE,1703216918663289574,D3:F4:55:AB:96:20,-62
BLE,1703216919055113988,D3:F4:55:AB:96:20,-66
BLE,1703216919184440410,DF:DF:EE:00:00:04,-53
BLE,1703216919246232967,D3:F4:55:AB:96:20,-63
BLE,1703216919629652961,D3:F4:55:AB:96:20,-63
BLE,1703216919720758553,DF:DF:EE:00:00:04,-56
BLE,1703216919816159668,D3:F4:55:AB:96:20,-65
BLE,1703216920394843206,D3:F4:55:AB:96:20,-62
BLE,1703216920589828417,D3:F4:55:AB:96:20,-60
BLE,1703216920715443980,DF:DF:EE:00:00:04,-53
BLE,1703216920975045611,D3:F4:55:AB:96:20,-62
BLE,1703216921165967382,D3:F4:55:AB:96:20,-64
BLE,1703216921179634363,DF:DF:EE:00:00:04,-55
BLE,1703216921556086596,D3:F4:55:AB:96:20,-46
BLE,1703216921723429889,DF:DF:EE:00:00:04,-55
BLE,1703216921936698644,D3:F4:55:AB:96:20,-62
BLE,1703216922704274003,D3:F4:55:AB:96:20,-61
BLE,1703216922718489815,DF:DF:EE:00:00:04,-53
BLE,1703216922898151386,D3:F4:55:AB:96:20,-63
BLE,1703216923094794632,D3:F4:55:AB:96:20,-63
BLE,1703216923460618537,DF:A6:DC:DC:2E:81,-73
BLE,1703216923460676704,DF:DF:EE:00:00:01,-73
BLE,1703216923868709546,D3:F4:55:AB:96:20,-64
BLE,1703216924439986950,D3:F4:55:AB:96:20,-60
BLE,1703216924467813950,DF:A6:DC:DC:2E:81,-72
BLE,1703216924467869575,DF:DF:EE:00:00:01,-72
BLE,1703216924827700216,D3:F4:55:AB:96:20,-63
BLE,1703216925016506663,D3:F4:55:AB:96:20,-64
BLE,1703216925178547480,DF:DF:EE:00:00:04,-49
BLE,1703216925211947664,D3:F4:55:AB:96:20,-64
BLE,1703216925405894672,D3:F4:55:AB:96:20,-62
BLE,1703216925467213231,DF:A6:DC:DC:2E:81,-73
BLE,1703216925467248647,DF:DF:EE:00:00:01,-73
BLE,1703216925720802305,DF:DF:EE:00:00:04,-53
BLE,1703216925790397911,D3:F4:55:AB:96:20,-60
BLE,1703216925979973855,D3:F4:55:AB:96:20,-50
BLE,1703216926177534846,D3:F4:55:AB:96:20,-63
BLE,1703216926749799912,D3:F4:55:AB:96:20,-65
BLE,1703216927332616556,D3:F4:55:AB:96:20,-65
BLE,1703216927714734263,DF:DF:EE:00:00:04,-54
BLE,1703216927716119799,D3:F4:55:AB:96:20,-64
BLE,1703216927911201218,D3:F4:55:AB:96:20,-62
BLE,1703216929262558300,D3:F4:55:AB:96:20,-62
BLE,1703216929449054799,D3:F4:55:AB:96:20,-64
BLE,1703216929643937136,D3:F4:55:AB:96:20,-63
BLE,1703216930026816341,D3:F4:55:AB:96:20,-47
BLE,1703216930215040749,D3:F4:55:AB:96:20,-66
BLE,1703216930412053576,D3:F4:55:AB:96:20,-64
BLE,1703216930502315548,DF:A6:DC:DC:2E:81,-74
BLE,1703216930502361214,DF:DF:EE:00:00:01,-74
BLE,1703216930721267944,DF:DF:EE:00:00:04,-55
BLE,1703216931178167067,DF:DF:EE:00:00:04,-54
BLE,1703216931384517686,D3:F4:55:AB:96:20,-64
BLE,1703216931717741487,DF:DF:EE:00:00:04,-53
BLE,1703216931967141164,D3:F4:55:AB:96:20,-50
BLE,1703216932185309021,DF:DF:EE:00:00:04,-55
BLE,1703216932357463085,D3:F4:55:AB:96:20,-60
BLE,1703216932508225911,DF:A6:DC:DC:2E:81,-73
BLE,1703216932508266744,DF:DF:EE:00:00:01,-73
BLE,1703216932547367111,D3:F4:55:AB:96:20,-63
BLE,1703216932932516013,D3:F4:55:AB:96:20,-66
BLE,1703216933127196018,D3:F4:55:AB:96:20,-63
BLE,1703216933319390825,D3:F4:55:AB:96:20,-70
BLE,1703216933515300949,DF:A6:DC:DC:2E:81,-73
BLE,1703216933515340407,DF:DF:EE:00:00:01,-73
BLE,1703216933705892888,D3:F4:55:AB:96:20,-61
BLE,1703216934084074572,D3:F4:55:AB:96:20,-66
BLE,1703216934178754399,DF:DF:EE:00:00:04,-54
BLE,1703216934518694045,DF:A6:DC:DC:2E:81,-72
BLE,1703216934518737295,DF:DF:EE:00:00:01,-72
BLE,1703216935227094169,D3:F4:55:AB:96:20,-64
BLE,1703216935422084839,D3:F4:55:AB:96:20,-63
BLE,1703216935519788860,DF:A6:DC:DC:2E:81,-73
BLE,1703216935519830193,DF:DF:EE:00:00:01,-73
BLE,1703216935611089118,D3:F4:55:AB:96:20,-64
BLE,1703216935801701641,D3:F4:55:AB:96:20,-62
BLE,1703216935995982230,D3:F4:55:AB:96:20,-64
BLE,1703216936190792318,D3:F4:55:AB:96:20,-63
BLE,1703216936377335358,D3:F4:55:AB:96:20,-64
BLE,1703216936570684035,D3:F4:55:AB:96:20,-63
BLE,1703216936719889535,DF:DF:EE:00:00:04,-54
BLE,1703216936766129703,D3:F4:55:AB:96:20,-61
BLE,1703216937152110644,D3:F4:55:AB:96:20,-62
BLE,1703216937181413679,DF:DF:EE:00:00:04,-55
BLE,1703216937527902880,DF:A6:DC:DC:2E:81,-73
BLE,1703216937527945171,DF:DF:EE:00:00:01,-73
BLE,1703216937721855388,DF:DF:EE:00:00:04,-55
BLE,1703216937729885768,D3:F4:55:AB:96:20,-78
BLE,1703216937922621240,D3:F4:55:AB:96:20,-47
BLE,1703216938112542182,D3:F4:55:AB:96:20,-64
BLE,1703216938302675790,D3:F4:55:AB:96:20,-63
BLE,1703216938489916078,D3:F4:55:AB:96:20,-69
BLE,1703216938537728572,DF:A6:DC:DC:2E:81,-73
BLE,1703216938537757989,DF:DF:EE:00:00:01,-73
BLE,1703216938716451565,DF:DF:EE:00:00:04,-53
BLE,1703216938867757846,D3:F4:55:AB:96:20,-62
BLE,1703216939055798214,D3:F4:55:AB:96:20,-64
BLE,1703216939250001637,D3:F4:55:AB:96:20,-63
BLE,1703216939437652465,D3:F4:55:AB:96:20,-65
BLE,1703216939630811726,D3:F4:55:AB:96:20,-63
BLE,1703216939721271613,DF:DF:EE:00:00:04,-54
BLE,1703216940178890233,DF:DF:EE:00:00:04,-53
BLE,1703216940388687503,D3:F4:55:AB:96:20,-61
BLE,1703216940767351227,D3:F4:55:AB:96:20,-64
BLE,1703216940964562386,D3:F4:55:AB:96:20,-64
BLE,1703216941348908001,D3:F4:55:AB:96:20,-65
BLE,1703216941724544404,DF:DF:EE:00:00:04,-56
BLE,1703216941733934571,D3:F4:55:AB:96:20,-65
BLE,1703216942115131324,D3:F4:55:AB:96:20,-64
BLE,1703216942177841919,DF:DF:EE:00:00:04,-55
BLE,1703216942311816320,D3:F4:55:AB:96:20,-63
BLE,1703216942500604642,D3:F4:55:AB:96:20,-65
BLE,1703216942697268930,D3:F4:55:AB:96:20,-64
BLE,1703216942715623347,DF:DF:EE:00:00:04,-57
BLE,1703216942892075308,D3:F4:55:AB:96:20,-62
BLE,1703216943670342370,D3:F4:55:AB:96:20,-64
BLE,1703216943717733158,DF:DF:EE:00:00:04,-53
BLE,1703216944179611717,DF:DF:EE:00:00:04,-50
BLE,1703216944440856216,D3:F4:55:AB:96:20,-62
BLE,1703216945016445100,D3:F4:55:AB:96:20,-64
BLE,1703216945174745100,DF:DF:EE:00:00:04,-54
BLE,1703216945213635593,D3:F4:55:AB:96:20,-63
BLE,1703216945400407050,D3:F4:55:AB:96:20,-66
BLE,1703216945572603155,DF:A6:DC:DC:2E:81,-73
BLE,1703216945572647571,DF:DF:EE:00:00:01,-73
BLE,1703216945720087037,DF:DF:EE:00:00:04,-54
BLE,1703216945973361446,D3:F4:55:AB:96:20,-61
BLE,1703216946166749789,D3:F4:55:AB:96:20,-66
BLE,1703216946361190086,D3:F4:55:AB:96:20,-62
BLE,1703216946548417458,D3:F4:55:AB:96:20,-64
BLE,1703216946714773505,DF:DF:EE:00:00:04,-54
BLE,1703216946739967184,D3:F4:55:AB:96:20,-62
BLE,1703216947125924125,D3:F4:55:AB:96:20,-63
BLE,1703216947177051938,DF:DF:EE:00:00:04,-53
BLE,1703216947513846057,D3:F4:55:AB:96:20,-64
BLE,1703216947584367742,DF:A6:DC:DC:2E:81,-73
BLE,1703216947584406741,DF:DF:EE:00:00:01,-73
BLE,1703216947709347308,D3:F4:55:AB:96:20,-63
BLE,1703216948100366017,D3:F4:55:AB:96:20,-64
BLE,1703216948589536455,DF:A6:DC:DC:2E:81,-86
BLE,1703216948589622371,DF:DF:EE:00:00:01,-86
BLE,1703216948682744330,D3:F4:55:AB:96:20,-48
BLE,1703216948871735235,D3:F4:55:AB:96:20,-61
BLE,1703216949180392438,DF:DF:EE:00:00:04,-67
BLE,1703216949259684833,D3:F4:55:AB:96:20,-62
BLE,1703216949642504954,D3:F4:55:AB:96:20,-62
BLE,1703216949833466142,D3:F4:55:AB:96:20,-64
BLE,1703216950183850034,DF:DF:EE:00:00:04,-56
BLE,1703216950218431296,D3:F4:55:AB:96:20,-50
BLE,1703216950600247546,DF:A6:DC:DC:2E:81,-75
BLE,1703216950600302630,DF:DF:EE:00:00:01,-75
BLE,1703216950605154900,D3:F4:55:AB:96:20,-51
BLE,1703216950794620594,D3:F4:55:AB:96:20,-63
BLE,1703216950985538490,D3:F4:55:AB:96:20,-61
BLE,1703216951562622326,D3:F4:55:AB:96:20,-77
BLE,1703216951717727591,DF:DF:EE:00:00:04,-56
BLE,1703216951760019735,D3:F4:55:AB:96:20,-67
BLE,1703216952144750681,D3:F4:55:AB:96:20,-62
BLE,1703216952174674297,DF:DF:EE:00:00:04,-53
BLE,1703216952615228869,DF:A6:DC:DC:2E:81,-73
BLE,1703216952615277952,DF:DF:EE:00:00:01,-73
BLE,1703216952715398921,D3:F4:55:AB:96:20,-65
BLE,1703216953110558654,D3:F4:55:AB:96:20,-63
BLE,1703216953182516790,DF:DF:EE:00:00:04,-54
BLE,1703216953615288647,DF:A6:DC:DC:2E:81,-74
BLE,1703216953615341605,DF:DF:EE:00:00:01,-74
BLE,1703216954067982289,D3:F4:55:AB:96:20,-47
BLE,1703216954176635803,DF:DF:EE:00:00:04,-54
BLE,1703216954262784210,D3:F4:55:AB:96:20,-65
BLE,1703216954459227123,D3:F4:55:AB:96:20,-63
BLE,1703216954617919205,DF:A6:DC:DC:2E:81,-72
BLE,1703216954617961080,DF:DF:EE:00:00:01,-72
BLE,1703216954650260477,D3:F4:55:AB:96:20,-64
BLE,1703216955037333704,D3:F4:55:AB:96:20,-61
BLE,1703216955420431741,D3:F4:55:AB:96:20,-61
BLE,1703216955615231328,D3:F4:55:AB:96:20,-64
BLE,1703216955627276274,DF:A6:DC:DC:2E:81,-73
BLE,1703216955627305066,DF:DF:EE:00:00:01,-73
BLE,1703216955809197378,D3:F4:55:AB:96:20,-63
BLE,1703216956177815354,DF:DF:EE:00:00:04,-54
BLE,1703216956195412359,D3:F4:55:AB:96:20,-63
BLE,1703216956381224194,D3:F4:55:AB:96:20,-65
BLE,1703216956635227767,DF:A6:DC:DC:2E:81,-71
BLE,1703216956635270392,DF:DF:EE:00:00:01,-71
BLE,1703216956715675407,DF:DF:EE:00:00:04,-54
BLE,1703216956956404622,D3:F4:55:AB:96:20,-63
BLE,1703216957144261699,D3:F4:55:AB:96:20,-69
BLE,1703216957185371515,DF:DF:EE:00:00:04,-45
BLE,1703216957337193169,D3:F4:55:AB:96:20,-61
BLE,1703216957525188537,D3:F4:55:AB:96:20,-69
BLE,1703216957637976158,DF:A6:DC:DC:2E:81,-73
BLE,1703216957638009324,DF:DF:EE:00:00:01,-73
BLE,1703216958182616514,DF:DF:EE:00:00:04,-54
BLE,1703216958479835143,D3:F4:55:AB:96:20,-46
BLE,1703216958668836839,D3:F4:55:AB:96:20,-62
BLE,1703216958721297647,DF:DF:EE:00:00:04,-37
BLE,1703216959056922937,D3:F4:55:AB:96:20,-64
BLE,1703216959180072303,DF:DF:EE:00:00:04,-43
BLE,1703216959254749803,D3:F4:55:AB:96:20,-64
BLE,1703216959439997641,D3:F4:55:AB:96:20,-63
BLE,1703216959630271957,D3:F4:55:AB:96:20,-60
BLE,1703216959656821588,DF:A6:DC:DC:2E:81,-75
BLE,1703216959656848671,DF:DF:EE:00:00:01,-75
BLE,1703216960016440855,D3:F4:55:AB:96:20,-63
BLE,1703216960180696995,DF:DF:EE:00:00:04,-53
BLE,1703216960207829832,D3:F4:55:AB:96:20,-65
BLE,1703216960401123551,D3:F4:55:AB:96:20,-62
BLE,1703216960720222874,DF:DF:EE:00:00:04,-53
BLE,1703216960975946022,D3:F4:55:AB:96:20,-62
BLE,1703216961170192029,D3:F4:55:AB:96:20,-64
BLE,1703216961181627644,DF:DF:EE:00:00:04,-55
BLE,1703216961360508803,D3:F4:55:AB:96:20,-62
BLE,1703216961554335769,D3:F4:55:AB:96:20,-65
BLE,1703216961669772461,DF:A6:DC:DC:2E:81,-74
BLE,1703216961669799544,DF:DF:EE:00:00:01,-74
BLE,1703216961752826798,D3:F4:55:AB:96:20,-61
BLE,1703216961948239341,D3:F4:55:AB:96:20,-62
BLE,1703216962142417181,D3:F4:55:AB:96:20,-64
BLE,1703216962179692514,DF:DF:EE:00:00:04,-54
BLE,1703216962529200326,D3:F4:55:AB:96:20,-62
BLE,1703216962672888100,DF:A6:DC:DC:2E:81,-72
BLE,1703216962672926475,DF:DF:EE:00:00:01,-72
BLE,1703216962719096227,D3:F4:55:AB:96:20,-63
BLE,1703216963488985868,D3:F4:55:AB:96:20,-64
BLE,1703216963682382711,DF:A6:DC:DC:2E:81,-90
BLE,1703216963682428502,DF:DF:EE:00:00:01,-90
BLE,1703216963715062273,DF:DF:EE:00:00:04,-52
BLE,1703216963871287283,D3:F4:55:AB:96:20,-64
BLE,1703216964068008028,D3:F4:55:AB:96:20,-63
BLE,1703216964178909157,DF:DF:EE:00:00:04,-57
BLE,1703216964264126818,D3:F4:55:AB:96:20,-62
BLE,1703216964455207547,D3:F4:55:AB:96:20,-49
BLE,1703216964652629414,D3:F4:55:AB:96:20,-67
BLE,1703216964838593957,D3:F4:55:AB:96:20,-65
BLE,1703216965179884931,DF:DF:EE:00:00:04,-53
BLE,1703216965221654286,D3:F4:55:AB:96:20,-50
BLE,1703216965420973103,D3:F4:55:AB:96:20,-63
BLE,1703216965613672283,D3:F4:55:AB:96:20,-62
BLE,1703216965994053623,D3:F4:55:AB:96:20,-47
BLE,1703216966178405549,DF:DF:EE:00:00:04,-55
BLE,1703216966182307782,D3:F4:55:AB:96:20,-63
BLE,1703216966373509343,D3:F4:55:AB:96:20,-64
BLE,1703216966567884182,D3:F4:55:AB:96:20,-63
BLE,1703216966722146159,DF:DF:EE:00:00:04,-56
BLE,1703216966949270643,D3:F4:55:AB:96:20,-63
BLE,1703216967140885162,D3:F4:55:AB:96:20,-61
BLE,1703216967179297115,DF:DF:EE:00:00:04,-53
BLE,1703216967332532096,D3:F4:55:AB:96:20,-62
BLE,1703216967519864800,D3:F4:55:AB:96:20,-69
BLE,1703216967910991051,D3:F4:55:AB:96:20,-62
BLE,1703216968100566245,D3:F4:55:AB:96:20,-64
BLE,1703216968177632109,DF:DF:EE:00:00:04,-55
BLE,1703216968295051792,D3:F4:55:AB:96:20,-63
BLE,1703216968708764108,DF:A6:DC:DC:2E:81,-73
BLE,1703216968708799775,DF:DF:EE:00:00:01,-73
BLE,1703216968717742943,DF:DF:EE:00:00:04,-55
BLE,1703216968883418411,D3:F4:55:AB:96:20,-63
BLE,1703216969070401283,D3:F4:55:AB:96:20,-65
BLE,1703216969175704562,DF:DF:EE:00:00:04,-55
BLE,1703216969266623322,D3:F4:55:AB:96:20,-62
BLE,1703216969452614532,D3:F4:55:AB:96:20,-65
BLE,1703216969714046821,DF:A6:DC:DC:2E:81,-72
BLE,1703216969714088488,DF:DF:EE:00:00:01,-72
BLE,1703216970185064340,DF:DF:EE:00:00:04,-55
BLE,1703216970410120542,D3:F4:55:AB:96:20,-46
BLE,1703216970713985016,DF:A6:DC:DC:2E:81,-74
BLE,1703216970714008600,DF:DF:EE:00:00:01,-74
BLE,1703216970795383986,D3:F4:55:AB:96:20,-63
BLE,1703216970991723191,D3:F4:55:AB:96:20,-61
BLE,1703216971182675129,D3:F4:55:AB:96:20,-64
BLE,1703216971717954652,DF:A6:DC:DC:2E:81,-89
BLE,1703216971717989735,DF:DF:EE:00:00:01,-89
BLE,1703216972176218144,DF:DF:EE:00:00:04,-53
BLE,1703216972327747341,D3:F4:55:AB:96:20,-63
BLE,1703216972714234946,D3:F4:55:AB:96:20,-65
BLE,1703216972723105907,DF:A6:DC:DC:2E:81,-71
BLE,1703216972723134698,DF:DF:EE:00:00:01,-71
BLE,1703216973101154591,D3:F4:55:AB:96:20,-65
BLE,1703216973179590199,DF:DF:EE:00:00:04,-55
BLE,1703216973292320903,D3:F4:55:AB:96:20,-63
BLE,1703216973479195151,D3:F4:55:AB:96:20,-64
BLE,1703216973720236823,DF:DF:EE:00:00:04,-56
BLE,1703216974452350382,D3:F4:55:AB:96:20,-46
BLE,1703216974645098478,D3:F4:55:AB:96:20,-64
BLE,1703216974718750857,DF:DF:EE:00:00:04,-65
BLE,1703216974736183488,DF:A6:DC:DC:2E:81,-72
BLE,1703216974736213071,DF:DF:EE:00:00:01,-72
BLE,1703216975407661568,D3:F4:55:AB:96:20,-62
BLE,1703216975720445336,DF:DF:EE:00:00:04,-56
BLE,1703216975740751245,DF:A6:DC:DC:2E:81,-72
BLE,1703216975740765787,DF:DF:EE:00:00:01,-72
BLE,1703216975742365113,DF:A6:DC:DC:2E:81,-73
BLE,1703216975742375655,DF:DF:EE:00:00:01,-73
BLE,1703216975790209316,D3:F4:55:AB:96:20,-64
BLE,1703216975976145901,D3:F4:55:AB:96:20,-64
BLE,1703216976171639777,D3:F4:55:AB:96:20,-63
BLE,1703216976718737497,DF:DF:EE:00:00:04,-53
BLE,1703216976742763639,DF:A6:DC:DC:2E:81,-74
BLE,1703216976742777514,DF:DF:EE:00:00:01,-74
BLE,1703216976748985403,D3:F4:55:AB:96:20,-62
BLE,1703216977131086861,D3:F4:55:AB:96:20,-60
BLE,1703216977172941424,DF:DF:EE:00:00:04,-38
BLE,1703216977517882548,D3:F4:55:AB:96:20,-62
BLE,1703216977713550715,D3:F4:55:AB:96:20,-65
BLE,1703216977746791358,DF:A6:DC:DC:2E:81,-73
BLE,1703216977746842691,DF:DF:EE:00:00:01,-73
BLE,1703216978175284483,DF:DF:EE:00:00:04,-55
BLE,1703216978496999295,D3:F4:55:AB:96:20,-64
BLE,1703216978687608651,D3:F4:55:AB:96:20,-61
BLE,1703216978716870811,DF:DF:EE:00:00:04,-55
BLE,1703216979180384447,DF:DF:EE:00:00:04,-55
BLE,1703216979713624937,DF:DF:EE:00:00:04,-53
BLE,1703216979840407704,D3:F4:55:AB:96:20,-63
BLE,1703216980028301614,D3:F4:55:AB:96:20,-64
BLE,1703216980176780950,DF:DF:EE:00:00:04,-55
BLE,1703216980986852994,D3:F4:55:AB:96:20,-62
BLE,1703216981173615117,DF:DF:EE:00:00:04,-54
BLE,1703216981177858556,D3:F4:55:AB:96:20,-64
BLE,1703216981558085856,D3:F4:55:AB:96:20,-66
BLE,1703216981754992059,D3:F4:55:AB:96:20,-67
BLE,1703216981769410077,DF:A6:DC:DC:2E:81,-72
BLE,1703216981769424119,DF:DF:EE:00:00:01,-72
BLE,1703216981946438619,D3:F4:55:AB:96:20,-61
BLE,1703216982142860657,D3:F4:55:AB:96:20,-64
BLE,1703216982177898751,DF:DF:EE:00:00:04,-70
BLE,1703216982336721749,D3:F4:55:AB:96:20,-63
BLE,1703216982527579812,D3:F4:55:AB:96:20,-64
BLE,1703216982717686379,D3:F4:55:AB:96:20,-75
BLE,1703216982719395913,DF:DF:EE:00:00:04,-55
BLE,1703216982774011710,DF:A6:DC:DC:2E:81,-73
BLE,1703216982774047210,DF:DF:EE:00:00:01,-73
BLE,1703216983101905535,D3:F4:55:AB:96:20,-62
BLE,1703216983175713205,DF:DF:EE:00:00:04,-53
BLE,1703216983291242980,D3:F4:55:AB:96:20,-64
BLE,1703216983485042364,D3:F4:55:AB:96:20,-75
BLE,1703216983780601500,DF:A6:DC:DC:2E:81,-73
BLE,1703216983780638833,DF:DF:EE:00:00:01,-73
BLE,1703216984063760942,D3:F4:55:AB:96:20,-61
BLE,1703216984184233070,DF:DF:EE:00:00:04,-55
BLE,1703216984440235467,D3:F4:55:AB:96:20,-64
BLE,1703216984632061109,D3:F4:55:AB:96:20,-62
BLE,1703216984717549852,DF:DF:EE:00:00:04,-54
BLE,1703216984789433781,DF:A6:DC:DC:2E:81,-72
BLE,1703216984789471614,DF:DF:EE:00:00:01,-72
BLE,1703216984821095681,D3:F4:55:AB:96:20,-63
BLE,1703216985014314275,D3:F4:55:AB:96:20,-62
BLE,1703216985202070644,D3:F4:55:AB:96:20,-65
BLE,1703216985398062600,D3:F4:55:AB:96:20,-47
BLE,1703216985586523258,D3:F4:55:AB:96:20,-64
BLE,1703216985715539097,DF:DF:EE:00:00:04,-56
BLE,1703216985777822694,D3:F4:55:AB:96:20,-75
BLE,1703216985968671132,D3:F4:55:AB:96:20,-65
BLE,1703216986165690834,D3:F4:55:AB:96:20,-47
BLE,1703216986180460102,DF:DF:EE:00:00:04,-54
BLE,1703216986357943641,D3:F4:55:AB:96:20,-61
BLE,1703216986717617866,DF:DF:EE:00:00:04,-54
BLE,1703216986932535947,D3:F4:55:AB:96:20,-64
BLE,1703216987128827652,D3:F4:55:AB:96:20,-62
BLE,1703216987180361589,DF:DF:EE:00:00:04,-54
BLE,1703216987323139283,D3:F4:55:AB:96:20,-47
BLE,1703216987713271080,D3:F4:55:AB:96:20,-62
BLE,1703216987718269225,DF:DF:EE:00:00:04,-55
BLE,1703216987904435642,D3:F4:55:AB:96:20,-65
BLE,1703216988096679324,D3:F4:55:AB:96:20,-48
BLE,1703216988178036210,DF:DF:EE:00:00:04,-54
BLE,1703216988291842118,D3:F4:55:AB:96:20,-62
BLE,1703216988485435336,D3:F4:55:AB:96:20,-77
BLE,1703216988712834485,DF:DF:EE:00:00:04,-53
BLE,1703216988873054102,D3:F4:55:AB:96:20,-64
BLE,1703216989177593115,DF:DF:EE:00:00:04,-55
BLE,1703216989259665832,D3:F4:55:AB:96:20,-46
BLE,1703216989809849705,DF:A6:DC:DC:2E:81,-73
BLE,1703216989809893246,DF:DF:EE:00:00:01,-73
BLE,1703216990214328396,D3:F4:55:AB:96:20,-63
BLE,1703216990399819358,D3:F4:55:AB:96:20,-64
BLE,1703216990592660204,D3:F4:55:AB:96:20,-63
BLE,1703216990785753007,D3:F4:55:AB:96:20,-65
BLE,1703216990980369012,D3:F4:55:AB:96:20,-63
BLE,1703216991172025530,D3:F4:55:AB:96:20,-62
BLE,1703216991183279021,DF:DF:EE:00:00:04,-41
BLE,1703216991361750681,D3:F4:55:AB:96:20,-63
BLE,1703216991742126147,D3:F4:55:AB:96:20,-62
BLE,1703216991819533718,DF:A6:DC:DC:2E:81,-74
BLE,1703216991819590259,DF:DF:EE:00:00:01,-74
BLE,1703216992128730335,D3:F4:55:AB:96:20,-62
BLE,1703216992513284365,D3:F4:55:AB:96:20,-50
BLE,1703216992821799069,DF:A6:DC:DC:2E:81,-78
BLE,1703216992821837819,DF:DF:EE:00:00:01,-78
BLE,1703216992897291773,D3:F4:55:AB:96:20,-64
BLE,1703216993280536726,D3:F4:55:AB:96:20,-66
BLE,1703216993822463886,DF:A6:DC:DC:2E:81,-73
BLE,1703216993822499802,DF:DF:EE:00:00:01,-73
BLE,1703216993858633557,D3:F4:55:AB:96:20,-62
BLE,1703216994440858037,D3:F4:55:AB:96:20,-63
BLE,1703216994715859765,DF:DF:EE:00:00:04,-55
BLE,1703216994825436650,DF:A6:DC:DC:2E:81,-73
BLE,1703216994825464817,DF:DF:EE:00:00:01,-73
BLE,1703216995018477954,D3:F4:55:AB:96:20,-60
BLE,1703216995183881047,DF:DF:EE:00:00:04,-56
BLE,1703216995401673032,D3:F4:55:AB:96:20,-60
BLE,1703216995595695248,D3:F4:55:AB:96:20,-50
BLE,1703216995835213093,DF:A6:DC:DC:2E:81,-72
BLE,1703216995835250010,DF:DF:EE:00:00:01,-72
BLE,1703216995977643164,D3:F4:55:AB:96:20,-66
BLE,1703216996544774878,D3:F4:55:AB:96:20,-65
BLE,1703216996842814587,DF:A6:DC:DC:2E:81,-71
BLE,1703216996842855545,DF:DF:EE:00:00:01,-71
BLE,1703216997512588009,D3:F4:55:AB:96:20,-65
BLE,1703216997706759140,D3:F4:55:AB:96:20,-62
BLE,1703216997712018784,DF:DF:EE:00:00:04,-54
BLE,1703216997894523509,D3:F4:55:AB:96:20,-64
BLE,1703216998088247059,D3:F4:55:AB:96:20,-62
BLE,1703216998180783687,DF:DF:EE:00:00:04,-55
BLE,1703216998276946382,D3:F4:55:AB:96:20,-67
BLE,1703216998672004907,D3:F4:55:AB:96:20,-63
BLE,1703216998720166192,DF:DF:EE:00:00:04,-55
BLE,1703216998858023159,D3:F4:55:AB:96:20,-65
BLE,1703216999048430849,D3:F4:55:AB:96:20,-62
BLE,1703216999174422577,DF:DF:EE:00:00:04,-54
BLE,1703216999243125062,D3:F4:55:AB:96:20,-64
BLE,1703216999433387836,D3:F4:55:AB:96:20,-62
BLE,1703216999625673684,D3:F4:55:AB:96:20,-64
BLE,1703216999713425875,DF:DF:EE:00:00:04,-38
BLE,1703216999821221101,D3:F4:55:AB:96:20,-62
BLE,1703217000008253015,D3:F4:55:AB:96:20,-64
BLE,1703217000391891966,D3:F4:55:AB:96:20,-64
BLE,1703217000585611725,D3:F4:55:AB:96:20,-63
BLE,1703217001151094404,D3:F4:55:AB:96:20,-62
BLE,1703217001343180170,D3:F4:55:AB:96:20,-60
BLE,1703217002297445486,D3:F4:55:AB:96:20,-63
BLE,1703217002878318764,D3:F4:55:AB:96:20,-62
BLE,1703217003714603232,DF:DF:EE:00:00:04,-58
BLE,1703217003866576428,DF:A6:DC:DC:2E:81,-62
BLE,1703217003866595719,DF:DF:EE:00:00:01,-62
BLE,1703217004227893645,D3:F4:55:AB:96:20,-47
BLE,1703217004608032028,D3:F4:55:AB:96:20,-62
BLE,1703217004720607067,DF:DF:EE:00:00:04,-40
BLE,1703217004868302406,DF:A6:DC:DC:2E:81,-90
BLE,1703217004868336448,DF:DF:EE:00:00:01,-90
BLE,1703217004991559730,D3:F4:55:AB:96:20,-60
BLE,1703217004992828183,D3:F4:55:AB:96:20,-62
BLE,1703217005178327270,DF:DF:EE:00:00:04,-55
BLE,1703217005183255539,D3:F4:55:AB:96:20,-64
BLE,1703217005378756332,D3:F4:55:AB:96:20,-62
BLE,1703217005570438391,D3:F4:55:AB:96:20,-61
BLE,1703217005871900502,DF:A6:DC:DC:2E:81,-73
BLE,1703217005871937793,DF:DF:EE:00:00:01,-73
BLE,1703217005956952955,D3:F4:55:AB:96:20,-60
BLE,1703217006180281623,DF:DF:EE:00:00:04,-54
BLE,1703217006344722679,D3:F4:55:AB:96:20,-63
BLE,1703217006534568288,D3:F4:55:AB:96:20,-64
BLE,1703217006715614187,DF:DF:EE:00:00:04,-37
BLE,1703217006879431121,DF:A6:DC:DC:2E:81,-56
BLE,1703217006879453329,DF:DF:EE:00:00:01,-56
BLE,1703217006921146643,D3:F4:55:AB:96:20,-46
BLE,1703217007498543311,D3:F4:55:AB:96:20,-65
BLE,1703217007695180306,D3:F4:55:AB:96:20,-46
BLE,1703217007721551897,DF:DF:EE:00:00:04,-55
BLE,1703217007884234836,D3:F4:55:AB:96:20,-64
BLE,1703217008273794802,D3:F4:55:AB:96:20,-62
BLE,1703217008465949985,D3:F4:55:AB:96:20,-51
BLE,1703217008660970071,D3:F4:55:AB:96:20,-63
BLE,1703217008850109183,D3:F4:55:AB:96:20,-64
BLE,1703217008889687590,DF:A6:DC:DC:2E:81,-73
BLE,1703217008889706590,DF:DF:EE:00:00:01,-73
BLE,1703217009242053931,D3:F4:55:AB:96:20,-62
BLE,1703217009433257826,D3:F4:55:AB:96:20,-65
BLE,1703217009720727373,DF:DF:EE:00:00:04,-56
BLE,1703217009818578936,D3:F4:55:AB:96:20,-66
BLE,1703217009898483453,DF:A6:DC:DC:2E:81,-73
BLE,1703217009898541870,DF:DF:EE:00:00:01,-73
BLE,1703217010015413555,D3:F4:55:AB:96:20,-62
BLE,1703217010177865704,DF:DF:EE:00:00:04,-54
BLE,1703217010716299088,DF:DF:EE:00:00:04,-54
BLE,1703217010781133423,D3:F4:55:AB:96:20,-63
BLE,1703217010900405181,DF:A6:DC:DC:2E:81,-73
BLE,1703217010900440973,DF:DF:EE:00:00:01,-73
BLE,1703217010967912296,D3:F4:55:AB:96:20,-64
BLE,1703217011159273024,D3:F4:55:AB:96:20,-62
BLE,1703217011177866065,DF:DF:EE:00:00:04,-54
BLE,1703217011346397353,D3:F4:55:AB:96:20,-61
BLE,1703217011924172936,D3:F4:55:AB:96:20,-63
BLE,1703217012305590106,D3:F4:55:AB:96:20,-63
BLE,1703217012688528560,D3:F4:55:AB:96:20,-46
BLE,1703217012916294041,DF:A6:DC:DC:2E:81,-58
BLE,1703217012916362124,DF:DF:EE:00:00:01,-58
BLE,1703217013172104731,DF:DF:EE:00:00:04,-53
BLE,1703217013459130197,D3:F4:55:AB:96:20,-46
BLE,1703217013645389906,D3:F4:55:AB:96:20,-64
BLE,1703217013921017257,DF:A6:DC:DC:2E:81,-72
BLE,1703217013921060923,DF:DF:EE:00:00:01,-72
BLE,1703217014034253792,D3:F4:55:AB:96:20,-62
BLE,1703217014223836944,D3:F4:55:AB:96:20,-63
BLE,1703217014714682457,DF:DF:EE:00:00:04,-56
BLE,1703217015007250691,D3:F4:55:AB:96:20,-62
BLE,1703217015384294630,D3:F4:55:AB:96:20,-60
BLE,1703217015579707881,D3:F4:55:AB:96:20,-49
BLE,1703217015713768865,DF:DF:EE:00:00:04,-53
BLE,1703217015931400141,DF:A6:DC:DC:2E:81,-73
BLE,1703217015931435891,DF:DF:EE:00:00:01,-73
BLE,1703217016176069381,DF:DF:EE:00:00:04,-70
BLE,1703217016712337607,DF:DF:EE:00:00:04,-56
BLE,1703217016739437361,D3:F4:55:AB:96:20,-63
BLE,1703217016935149569,D3:F4:55:AB:96:20,-61
BLE,1703217016941102126,DF:A6:DC:DC:2E:81,-72
BLE,1703217016941129001,DF:DF:EE:00:00:01,-72
BLE,1703217017181779550,DF:DF:EE:00:00:04,-40
BLE,1703217017507545843,D3:F4:55:AB:96:20,-62
BLE,1703217017693253346,D3:F4:55:AB:96:20,-50
BLE,1703217017883230288,D3:F4:55:AB:96:20,-62
BLE,1703217017949242826,DF:A6:DC:DC:2E:81,-72
BLE,1703217017949265284,DF:DF:EE:00:00:01,-72
BLE,1703217018182460617,DF:DF:EE:00:00:04,-55
BLE,1703217018456710890,D3:F4:55:AB:96:20,-64
BLE,1703217018653504927,D3:F4:55:AB:96:20,-63
BLE,1703217018839002097,D3:F4:55:AB:96:20,-64
BLE,1703217018952314132,DF:A6:DC:DC:2E:81,-74
BLE,1703217018952333049,DF:DF:EE:00:00:01,-74
BLE,1703217019029587578,D3:F4:55:AB:96:20,-61
BLE,1703217019600116610,D3:F4:55:AB:96:20,-62
BLE,1703217019714146725,DF:DF:EE:00:00:04,-41
BLE,1703217019788558309,D3:F4:55:AB:96:20,-64
BLE,1703217019959882876,DF:A6:DC:DC:2E:81,-77
BLE,1703217019959923168,DF:DF:EE:00:00:01,-77
BLE,1703217019986427008,D3:F4:55:AB:96:20,-64
BLE,1703217020177988151,D3:F4:55:AB:96:20,-60
BLE,1703217020566797704,D3:F4:55:AB:96:20,-63
BLE,1703217020755081237,D3:F4:55:AB:96:20,-64
BLE,1703217020945772759,D3:F4:55:AB:96:20,-63
BLE,1703217021139141311,D3:F4:55:AB:96:20,-64
BLE,1703217021331030786,D3:F4:55:AB:96:20,-75
BLE,1703217021525466459,D3:F4:55:AB:96:20,-60
BLE,1703217022102344420,D3:F4:55:AB:96:20,-50
BLE,1703217022178403039,DF:DF:EE:00:00:04,-54
BLE,1703217022676456686,D3:F4:55:AB:96:20,-61
BLE,1703217022677957305,D3:F4:55:AB:96:20,-61
BLE,1703217022973651066,DF:A6:DC:DC:2E:81,-72
BLE,1703217022973679274,DF:DF:EE:00:00:01,-72
BLE,1703217023174915166,DF:DF:EE:00:00:04,-55
BLE,1703217023447370447,D3:F4:55:AB:96:20,-63
BLE,1703217023639924545,D3:F4:55:AB:96:20,-46
BLE,1703217023717713822,DF:DF:EE:00:00:04,-55
BLE,1703217023834712007,D3:F4:55:AB:96:20,-51
BLE,1703217024176457729,DF:DF:EE:00:00:04,-53
BLE,1703217024219647327,D3:F4:55:AB:96:20,-64
BLE,1703217024713657701,DF:DF:EE:00:00:04,-54
BLE,1703217024802734970,D3:F4:55:AB:96:20,-66
BLE,1703217024984013867,DF:A6:DC:DC:2E:81,-74
BLE,1703217024984071492,DF:DF:EE:00:00:01,-74
BLE,1703217025178372706,DF:DF:EE:00:00:04,-55
BLE,1703217025188261246,D3:F4:55:AB:96:20,-64
BLE,1703217025382025712,D3:F4:55:AB:96:20,-64
BLE,1703217025712418193,DF:DF:EE:00:00:04,-55
BLE,1703217025957473222,D3:F4:55:AB:96:20,-61
BLE,1703217025991463862,DF:A6:DC:DC:2E:81,-73
BLE,1703217025991475570,DF:DF:EE:00:00:01,-73
BLE,1703217026152365476,D3:F4:55:AB:96:20,-64
BLE,1703217026181642970,DF:DF:EE:00:00:04,-54
BLE,1703217026533673187,D3:F4:55:AB:96:20,-78
BLE,1703217027100742818,D3:F4:55:AB:96:20,-50
BLE,1703217027484054896,D3:F4:55:AB:96:20,-64
BLE,1703217028001871663,DF:A6:DC:DC:2E:81,-74
BLE,1703217028001938371,DF:DF:EE:00:00:01,-74
BLE,1703217028064638966,D3:F4:55:AB:96:20,-64
BLE,1703217028178964163,DF:DF:EE:00:00:04,-53
BLE,1703217028262271374,D3:F4:55:AB:96:20,-62
BLE,1703217028449449495,D3:F4:55:AB:96:20,-64
BLE,1703217028646617822,D3:F4:55:AB:96:20,-63
BLE,1703217028712304153,DF:DF:EE:00:00:04,-56
BLE,1703217028832606698,D3:F4:55:AB:96:20,-64
BLE,1703217029170875602,DF:DF:EE:00:00:04,-53
BLE,1703217029221231710,D3:F4:55:AB:96:20,-61
BLE,1703217029797416800,D3:F4:55:AB:96:20,-66
BLE,1703217029987442992,D3:F4:55:AB:96:20,-62
BLE,1703217030179750007,DF:DF:EE:00:00:04,-53
BLE,1703217030760550410,D3:F4:55:AB:96:20,-63
BLE,1703217030954005753,D3:F4:55:AB:96:20,-62
BLE,1703217031016049143,DF:A6:DC:DC:2E:81,-74
BLE,1703217031016084642,DF:DF:EE:00:00:01,-74
BLE,1703217031173729271,DF:DF:EE:00:00:04,-54
BLE,1703217031338144369,D3:F4:55:AB:96:20,-62
BLE,1703217031528826933,D3:F4:55:AB:96:20,-67
BLE,1703217031727203962,D3:F4:55:AB:96:20,-61
BLE,1703217031915202247,D3:F4:55:AB:96:20,-64
BLE,1703217032110217000,D3:F4:55:AB:96:20,-62
BLE,1703217032178761693,DF:DF:EE:00:00:04,-55
BLE,1703217032298212576,D3:F4:55:AB:96:20,-64
BLE,1703217032494036075,D3:F4:55:AB:96:20,-62
BLE,1703217032872238925,D3:F4:55:AB:96:20,-63
BLE,1703217033068724880,D3:F4:55:AB:96:20,-46
BLE,1703217033174521740,DF:DF:EE:00:00:04,-53
BLE,1703217033263271093,D3:F4:55:AB:96:20,-66
BLE,1703217033710736759,DF:DF:EE:00:00:04,-54
BLE,1703217033832625339,D3:F4:55:AB:96:20,-60
BLE,1703217034178379001,DF:DF:EE:00:00:04,-55
BLE,1703217034221449600,D3:F4:55:AB:96:20,-63
BLE,1703217034718910209,DF:DF:EE:00:00:04,-56
BLE,1703217034983574442,D3:F4:55:AB:96:20,-62
BLE,1703217035176995577,DF:DF:EE:00:00:04,-54
BLE,1703217035713402220,DF:DF:EE:00:00:04,-54
BLE,1703217035940731620,D3:F4:55:AB:96:20,-64
BLE,1703217036047660183,DF:A6:DC:DC:2E:81,-73
BLE,1703217036047693100,DF:DF:EE:00:00:01,-73
BLE,1703217036131133685,D3:F4:55:AB:96:20,-62
BLE,1703217036174408367,DF:DF:EE:00:00:04,-40
BLE,1703217036516832294,D3:F4:55:AB:96:20,-62
BLE,1703217036703595500,D3:F4:55:AB:96:20,-64
BLE,1703217036721459462,DF:DF:EE:00:00:04,-55
BLE,1703217036899099584,D3:F4:55:AB:96:20,-62
BLE,1703217037476287378,D3:F4:55:AB:96:20,-60
BLE,1703217037711641367,DF:DF:EE:00:00:04,-55
BLE,1703217037866390592,D3:F4:55:AB:96:20,-63
BLE,1703217038056907531,D3:F4:55:AB:96:20,-64
BLE,1703217038249285255,D3:F4:55:AB:96:20,-63
BLE,1703217038439496571,D3:F4:55:AB:96:20,-64
BLE,1703217038718888196,DF:DF:EE:00:00:04,-40
BLE,1703217038821431071,D3:F4:55:AB:96:20,-64
BLE,1703217039211095453,D3:F4:55:AB:96:20,-62
BLE,1703217039591782168,D3:F4:55:AB:96:20,-60
BLE,1703217039975730076,D3:F4:55:AB:96:20,-62
BLE,1703217040171271285,D3:F4:55:AB:96:20,-64
BLE,1703217040559091925,D3:F4:55:AB:96:20,-60
BLE,1703217040713552901,DF:DF:EE:00:00:04,-54
BLE,1703217040947201315,D3:F4:55:AB:96:20,-47
BLE,1703217040948546100,D3:F4:55:AB:96:20,-47
BLE,1703217041066209032,DF:A6:DC:DC:2E:81,-72
BLE,1703217041066284699,DF:DF:EE:00:00:01,-72
BLE,1703217041136552135,D3:F4:55:AB:96:20,-64
BLE,1703217041516150312,D3:F4:55:AB:96:20,-62
BLE,1703217041707889830,D3:F4:55:AB:96:20,-46
BLE,1703217041719717485,DF:DF:EE:00:00:04,-55
BLE,1703217041903160290,D3:F4:55:AB:96:20,-50
BLE,1703217042070246751,DF:A6:DC:DC:2E:81,-71
BLE,1703217042070285917,DF:DF:EE:00:00:01,-71
BLE,1703217042099144080,D3:F4:55:AB:96:20,-63
BLE,1703217042179766761,DF:DF:EE:00:00:04,-54
BLE,1703217042482992947,D3:F4:55:AB:96:20,-62
BLE,1703217042716953650,DF:DF:EE:00:00:04,-54
BLE,1703217042718558393,DF:DF:EE:00:00:04,-55
BLE,1703217042866416982,D3:F4:55:AB:96:20,-47
BLE,1703217043056080467,D3:F4:55:AB:96:20,-61
BLE,1703217043710570332,DF:DF:EE:00:00:04,-54
BLE,1703217043815345114,D3:F4:55:AB:96:20,-50
BLE,1703217044006097594,D3:F4:55:AB:96:20,-62
BLE,1703217044077748232,DF:A6:DC:DC:2E:81,-74
BLE,1703217044077783148,DF:DF:EE:00:00:01,-74
BLE,1703217044200343434,D3:F4:55:AB:96:20,-51
BLE,1703217044595416250,D3:F4:55:AB:96:20,-63
BLE,1703217044711530981,DF:DF:EE:00:00:04,-40
BLE,1703217044974122848,D3:F4:55:AB:96:20,-46
BLE,1703217045086021223,DF:A6:DC:DC:2E:81,-72
BLE,1703217045086056348,DF:DF:EE:00:00:01,-72
BLE,1703217045173516832,DF:DF:EE:00:00:04,-53
BLE,1703217045712730087,DF:DF:EE:00:00:04,-54
BLE,1703217045939267324,D3:F4:55:AB:96:20,-62
BLE,1703217046094113881,DF:A6:DC:DC:2E:81,-70
BLE,1703217046094151548,DF:DF:EE:00:00:01,-70
BLE,1703217046129086517,D3:F4:55:AB:96:20,-63
BLE,1703217046175822891,DF:DF:EE:00:00:04,-53
BLE,1703217046506673870,D3:F4:55:AB:96:20,-63
BLE,1703217046695406818,D3:F4:55:AB:96:20,-64
BLE,1703217047103061161,DF:A6:DC:DC:2E:81,-73
BLE,1703217047103106286,DF:DF:EE:00:00:01,-73
BLE,1703217047171176107,DF:DF:EE:00:00:04,-38
BLE,1703217047275438682,D3:F4:55:AB:96:20,-62
BLE,1703217047469263399,D3:F4:55:AB:96:20,-60
BLE,1703217047659212049,D3:F4:55:AB:96:20,-62
BLE,1703217048039510140,D3:F4:55:AB:96:20,-62
BLE,1703217048107543544,DF:A6:DC:DC:2E:81,-72
BLE,1703217048107584544,DF:DF:EE:00:00:01,-72
BLE,1703217048175342741,DF:DF:EE:00:00:04,-55
BLE,1703217048606728062,D3:F4:55:AB:96:20,-64
BLE,1703217048713992749,DF:DF:EE:00:00:04,-55
BLE,1703217048802783310,D3:F4:55:AB:96:20,-63
BLE,1703217048988887895,D3:F4:55:AB:96:20,-50
BLE,1703217050124011235,DF:A6:DC:DC:2E:81,-70
BLE,1703217050124072943,DF:DF:EE:00:00:01,-70
BLE,1703217050144915225,D3:F4:55:AB:96:20,-62
BLE,1703217050171781771,DF:DF:EE:00:00:04,-56
BLE,1703217050536934805,D3:F4:55:AB:96:20,-62
BLE,1703217050723948427,D3:F4:55:AB:96:20,-64
BLE,1703217050920058550,D3:F4:55:AB:96:20,-63
BLE,1703217051108680207,D3:F4:55:AB:96:20,-50
BLE,1703217051176197321,DF:DF:EE:00:00:04,-38
BLE,1703217051505485474,D3:F4:55:AB:96:20,-63
BLE,1703217051700054770,D3:F4:55:AB:96:20,-62
BLE,1703217051716195615,DF:DF:EE:00:00:04,-53
BLE,1703217052080261737,D3:F4:55:AB:96:20,-61
BLE,1703217052132548461,DF:A6:DC:DC:2E:81,-72
BLE,1703217052132580920,DF:DF:EE:00:00:01,-72
BLE,1703217052171136581,DF:DF:EE:00:00:04,-54
BLE,1703217052660912224,D3:F4:55:AB:96:20,-64
BLE,1703217052719436879,DF:DF:EE:00:00:04,-57
BLE,1703217053052354181,D3:F4:55:AB:96:20,-62
BLE,1703217053242034125,D3:F4:55:AB:96:20,-51
BLE,1703217053624255124,D3:F4:55:AB:96:20,-75
BLE,1703217053820561663,D3:F4:55:AB:96:20,-63
BLE,1703217054008043241,D3:F4:55:AB:96:20,-64
BLE,1703217054138732782,DF:A6:DC:DC:2E:81,-73
BLE,1703217054138770448,DF:DF:EE:00:00:01,-73
BLE,1703217054203054786,D3:F4:55:AB:96:20,-63
BLE,1703217054391762150,D3:F4:55:AB:96:20,-64
BLE,1703217054585950448,D3:F4:55:AB:96:20,-63
BLE,1703217055143290748,DF:A6:DC:DC:2E:81,-70
BLE,1703217055143347331,DF:DF:EE:00:00:01,-70
BLE,1703217055539269935,D3:F4:55:AB:96:20,-65
BLE,1703217056126239977,D3:F4:55:AB:96:20,-64
BLE,1703217056317959245,D3:F4:55:AB:96:20,-62
BLE,1703217056506681442,D3:F4:55:AB:96:20,-64
BLE,1703217056700999573,D3:F4:55:AB:96:20,-62
BLE,1703217056710592489,DF:DF:EE:00:00:04,-53
BLE,1703217056889738063,D3:F4:55:AB:96:20,-65
BLE,1703217057083994694,D3:F4:55:AB:96:20,-63
BLE,1703217057172732130,DF:DF:EE:00:00:04,-55
BLE,1703217057271608813,D3:F4:55:AB:96:20,-65
BLE,1703217057465349572,D3:F4:55:AB:96:20,-63
BLE,1703217057849055439,D3:F4:55:AB:96:20,-63
BLE,1703217058035630188,D3:F4:55:AB:96:20,-64
BLE,1703217058162668037,DF:A6:DC:DC:2E:81,-72
BLE,1703217058162707412,DF:DF:EE:00:00:01,-72
BLE,1703217058420200302,D3:F4:55:AB:96:20,-64
BLE,1703217058611778612,D3:F4:55:AB:96:20,-62
BLE,1703217058991806787,D3:F4:55:AB:96:20,-61
BLE,1703217059162283233,DF:A6:DC:DC:2E:81,-75
BLE,1703217059162332525,DF:DF:EE:00:00:01,-75
BLE,1703217059175648965,DF:DF:EE:00:00:04,-56
BLE,1703217060173857460,DF:DF:EE:00:00:04,-54
BLE,1703217060334757657,D3:F4:55:AB:96:20,-65
BLE,1703217060716615783,DF:DF:EE:00:00:04,-53
BLE,1703217061104406257,D3:F4:55:AB:96:20,-61
BLE,1703217061180447125,DF:DF:EE:00:00:04,-58
BLE,1703217061295157487,D3:F4:55:AB:96:20,-63
BLE,1703217061713503241,DF:DF:EE:00:00:04,-40
BLE,1703217062175531383,DF:A6:DC:DC:2E:81,-75
BLE,1703217062175581508,DF:DF:EE:00:00:01,-75
BLE,1703217062251909750,D3:F4:55:AB:96:20,-61
BLE,1703217062633964250,D3:F4:55:AB:96:20,-60
BLE,1703217062712599065,DF:DF:EE:00:00:04,-56
BLE,1703217063014592006,D3:F4:55:AB:96:20,-61
BLE,1703217063175607120,DF:DF:EE:00:00:04,-55
BLE,1703217063179213603,DF:A6:DC:DC:2E:81,-58
BLE,1703217063179240437,DF:DF:EE:00:00:01,-58
BLE,1703217063402528855,D3:F4:55:AB:96:20,-62
BLE,1703217064171902956,DF:DF:EE:00:00:04,-55
BLE,1703217064178374552,DF:A6:DC:DC:2E:81,-73
BLE,1703217064178404093,DF:DF:EE:00:00:01,-73
BLE,1703217064351973026,D3:F4:55:AB:96:20,-47
BLE,1703217064538857440,D3:F4:55:AB:96:20,-65
BLE,1703217064710793546,DF:DF:EE:00:00:04,-56
BLE,1703217064735807809,D3:F4:55:AB:96:20,-78
BLE,1703217065307797793,D3:F4:55:AB:96:20,-64
BLE,1703217065308817038,D3:F4:55:AB:96:20,-62
BLE,1703217065499471227,D3:F4:55:AB:96:20,-62
BLE,1703217065688701173,D3:F4:55:AB:96:20,-67
BLE,1703217065711018323,DF:DF:EE:00:00:04,-53
BLE,1703217065879273904,D3:F4:55:AB:96:20,-62
BLE,1703217066174355043,DF:DF:EE:00:00:04,-56
BLE,1703217066187087277,DF:A6:DC:DC:2E:81,-56
BLE,1703217066187119361,DF:DF:EE:00:00:01,-56
BLE,1703217066264848805,D3:F4:55:AB:96:20,-63
BLE,1703217066451830302,D3:F4:55:AB:96:20,-51
BLE,1703217066715544914,DF:DF:EE:00:00:04,-56
BLE,1703217067042786951,D3:F4:55:AB:96:20,-61
BLE,1703217067188598965,DF:A6:DC:DC:2E:81,-73
BLE,1703217067188650674,DF:DF:EE:00:00:01,-73
BLE,1703217067620405534,D3:F4:55:AB:96:20,-65
BLE,1703217067819483144,D3:F4:55:AB:96:20,-63
BLE,1703217068007078055,D3:F4:55:AB:96:20,-50
BLE,1703217068189412615,DF:A6:DC:DC:2E:81,-71
BLE,1703217068189451448,DF:DF:EE:00:00:01,-71
BLE,1703217068396937562,D3:F4:55:AB:96:20,-62
BLE,1703217068714534850,DF:DF:EE:00:00:04,-55
BLE,1703217068782681712,D3:F4:55:AB:96:20,-47
BLE,1703217068972061448,D3:F4:55:AB:96:20,-65
BLE,1703217069179104314,DF:DF:EE:00:00:04,-54
BLE,1703217069190914636,DF:A6:DC:DC:2E:81,-73
BLE,1703217069190982428,DF:DF:EE:00:00:01,-73
BLE,1703217069353396910,D3:F4:55:AB:96:20,-65
BLE,1703217069711739599,DF:DF:EE:00:00:04,-53
BLE,1703217069929381376,D3:F4:55:AB:96:20,-47
BLE,1703217070124633752,D3:F4:55:AB:96:20,-61
BLE,1703217070319333798,D3:F4:55:AB:96:20,-65
BLE,1703217070515522463,D3:F4:55:AB:96:20,-63
BLE,1703217070707207647,D3:F4:55:AB:96:20,-64
BLE,1703217070718095224,DF:DF:EE:00:00:04,-55
BLE,1703217070901065114,D3:F4:55:AB:96:20,-62
BLE,1703217071198446159,DF:A6:DC:DC:2E:81,-74
BLE,1703217071198482034,DF:DF:EE:00:00:01,-74
BLE,1703217071283288321,D3:F4:55:AB:96:20,-62
BLE,1703217071479483152,D3:F4:55:AB:96:20,-61
BLE,1703217072207712729,DF:A6:DC:DC:2E:81,-72
BLE,1703217072207766270,DF:DF:EE:00:00:01,-72
BLE,1703217072259112291,D3:F4:55:AB:96:20,-65
BLE,1703217072646117643,D3:F4:55:AB:96:20,-46
BLE,1703217072718912151,DF:DF:EE:00:00:04,-58
BLE,1703217072836888040,D3:F4:55:AB:96:20,-62
BLE,1703217073221682111,D3:F4:55:AB:96:20,-65
BLE,1703217073601167706,D3:F4:55:AB:96:20,-62
BLE,1703217073711880461,DF:DF:EE:00:00:04,-55
BLE,1703217074177966793,D3:F4:55:AB:96:20,-61
BLE,1703217074567828508,D3:F4:55:AB:96:20,-62
BLE,1703217074718761958,DF:DF:EE:00:00:04,-55
BLE,1703217074753918551,D3:F4:55:AB:96:20,-64
BLE,1703217075700428068,D3:F4:55:AB:96:20,-64
BLE,1703217076472884280,D3:F4:55:AB:96:20,-46
BLE,1703217076667249203,D3:F4:55:AB:96:20,-64
BLE,1703217076856663689,D3:F4:55:AB:96:20,-61
BLE,1703217077180262617,DF:DF:EE:00:00:04,-57
BLE,1703217077238095442,DF:A6:DC:DC:2E:81,-72
BLE,1703217077238129358,DF:DF:EE:00:00:01,-72
BLE,1703217077242270631,D3:F4:55:AB:96:20,-63
BLE,1703217077432084074,D3:F4:55:AB:96:20,-65
BLE,1703217077621074062,D3:F4:55:AB:96:20,-62
BLE,1703217077719146499,DF:DF:EE:00:00:04,-40
BLE,1703217078007144503,D3:F4:55:AB:96:20,-63
BLE,1703217078196599280,D3:F4:55:AB:96:20,-66
BLE,1703217078581529184,D3:F4:55:AB:96:20,-64
BLE,1703217079163095708,D3:F4:55:AB:96:20,-64
BLE,1703217079178827680,DF:DF:EE:00:00:04,-55
BLE,1703217079239186160,DF:A6:DC:DC:2E:81,-72
BLE,1703217079239226826,DF:DF:EE:00:00:01,-72
BLE,1703217079719428012,DF:DF:EE:00:00:04,-55
BLE,1703217079927303957,D3:F4:55:AB:96:20,-64
BLE,1703217080116739152,D3:F4:55:AB:96:20,-61
BLE,1703217080311104866,D3:F4:55:AB:96:20,-69
BLE,1703217080696543684,D3:F4:55:AB:96:20,-64
BLE,1703217080712030657,DF:DF:EE:00:00:04,-55
BLE,1703217080887455830,D3:F4:55:AB:96:20,-63
BLE,1703217081076275361,D3:F4:55:AB:96:20,-64
BLE,1703217081656910764,D3:F4:55:AB:96:20,-63
BLE,1703217081712041601,DF:DF:EE:00:00:04,-54
BLE,1703217082047185061,D3:F4:55:AB:96:20,-66
BLE,1703217082809821317,D3:F4:55:AB:96:20,-64
BLE,1703217083005117610,D3:F4:55:AB:96:20,-63
BLE,1703217083176341886,DF:DF:EE:00:00:04,-55
BLE,1703217083193272436,D3:F4:55:AB:96:20,-65
BLE,1703217083251133677,DF:A6:DC:DC:2E:81,-58
BLE,1703217083251169885,DF:DF:EE:00:00:01,-58
BLE,1703217083776385078,D3:F4:55:AB:96:20,-64
BLE,1703217083969188091,D3:F4:55:AB:96:20,-63
BLE,1703217084256889096,DF:A6:DC:DC:2E:81,-71
BLE,1703217084256933971,DF:DF:EE:00:00:01,-71
BLE,1703217084542052487,D3:F4:55:AB:96:20,-65
BLE,1703217084714487841,DF:DF:EE:00:00:04,-56
BLE,1703217084737279948,D3:F4:55:AB:96:20,-62
BLE,1703217085120902815,D3:F4:55:AB:96:20,-63
BLE,1703217085174213369,DF:DF:EE:00:00:04,-53
BLE,1703217085504300851,D3:F4:55:AB:96:20,-62
BLE,1703217085691140474,D3:F4:55:AB:96:20,-64
BLE,1703217085715177325,DF:DF:EE:00:00:04,-53
BLE,1703217086170146332,DF:DF:EE:00:00:04,-55
BLE,1703217086265708488,D3:F4:55:AB:96:20,-63
BLE,1703217086715029145,DF:DF:EE:00:00:04,-56
BLE,1703217086846008226,D3:F4:55:AB:96:20,-62
BLE,1703217087035486504,D3:F4:55:AB:96:20,-63
BLE,1703217087232607039,D3:F4:55:AB:96:20,-63
BLE,1703217087427413876,D3:F4:55:AB:96:20,-60
BLE,1703217087713340306,DF:DF:EE:00:00:04,-54
BLE,1703217087995364003,D3:F4:55:AB:96:20,-61
BLE,1703217088177469147,DF:DF:EE:00:00:04,-54
BLE,1703217088278674444,DF:A6:DC:DC:2E:81,-73
BLE,1703217088278712444,DF:DF:EE:00:00:01,-73
BLE,1703217088375846260,D3:F4:55:AB:96:20,-61
BLE,1703217088567994567,D3:F4:55:AB:96:20,-64
BLE,1703217088947291621,D3:F4:55:AB:96:20,-62
BLE,1703217089139462803,D3:F4:55:AB:96:20,-61
BLE,1703217089281863916,DF:A6:DC:DC:2E:81,-75
BLE,1703217089281903999,DF:DF:EE:00:00:01,-75
BLE,1703217089335385760,D3:F4:55:AB:96:20,-64
BLE,1703217089524692997,D3:F4:55:AB:96:20,-62
BLE,1703217090099459427,D3:F4:55:AB:96:20,-64
BLE,1703217090175864752,DF:DF:EE:00:00:04,-54
BLE,1703217090290227282,D3:F4:55:AB:96:20,-46
BLE,1703217090482176174,D3:F4:55:AB:96:20,-64
BLE,1703217090708115413,DF:DF:EE:00:00:04,-53
BLE,1703217090866424539,D3:F4:55:AB:96:20,-64
BLE,1703217091059626508,D3:F4:55:AB:96:20,-47
BLE,1703217091173883039,DF:DF:EE:00:00:04,-55
BLE,1703217091254662594,D3:F4:55:AB:96:20,-62
BLE,1703217091716902694,DF:DF:EE:00:00:04,-54
BLE,1703217091829272608,D3:F4:55:AB:96:20,-64
BLE,1703217092027604513,D3:F4:55:AB:96:20,-63
BLE,1703217092169914793,DF:DF:EE:00:00:04,-53
BLE,1703217092223419679,D3:F4:55:AB:96:20,-61
BLE,1703217092291798790,DF:A6:DC:DC:2E:81,-72
BLE,1703217092291828581,DF:DF:EE:00:00:01,-72
BLE,1703217092415939776,D3:F4:55:AB:96:20,-64
BLE,1703217092708407301,DF:DF:EE:00:00:04,-52
BLE,1703217093173721429,DF:DF:EE:00:00:04,-54
BLE,1703217093556237177,D3:F4:55:AB:96:20,-62
BLE,1703217093741842805,D3:F4:55:AB:96:20,-64
BLE,1703217093933932654,D3:F4:55:AB:96:20,-61
BLE,1703217094128936991,D3:F4:55:AB:96:20,-64
BLE,1703217094170826470,DF:DF:EE:00:00:04,-53
BLE,1703217094322179751,D3:F4:55:AB:96:20,-62
BLE,1703217094898420675,D3:F4:55:AB:96:20,-61
BLE,1703217095175478436,DF:DF:EE:00:00:04,-56
BLE,1703217095282462249,D3:F4:55:AB:96:20,-61
BLE,1703217095304932190,DF:A6:DC:DC:2E:81,-71
BLE,1703217095304968857,DF:DF:EE:00:00:01,-71
BLE,1703217095476563714,D3:F4:55:AB:96:20,-64
BLE,1703217095715720270,DF:DF:EE:00:00:04,-55
BLE,1703217096047327078,D3:F4:55:AB:96:20,-61
BLE,1703217096239335553,D3:F4:55:AB:96:20,-66
BLE,1703217096624880454,D3:F4:55:AB:96:20,-64
BLE,1703217096821465533,D3:F4:55:AB:96:20,-63
BLE,1703217097012112014,D3:F4:55:AB:96:20,-61
BLE,1703217097167840859,DF:DF:EE:00:00:04,-55
BLE,1703217097202141456,D3:F4:55:AB:96:20,-65
BLE,1703217097307295402,DF:A6:DC:DC:2E:81,-71
BLE,1703217097307353944,DF:DF:EE:00:00:01,-71
BLE,1703217097711504220,DF:DF:EE:00:00:04,-40
BLE,1703217098173053781,DF:DF:EE:00:00:04,-55
BLE,1703217098314616106,DF:A6:DC:DC:2E:81,-74
BLE,1703217098314667314,DF:DF:EE:00:00:01,-74
BLE,1703217098356136587,D3:F4:55:AB:96:20,-64
BLE,1703217098553098498,D3:F4:55:AB:96:20,-62
BLE,1703217098738364128,D3:F4:55:AB:96:20,-64
BLE,1703217098930593226,D3:F4:55:AB:96:20,-60
BLE,1703217099121596831,D3:F4:55:AB:96:20,-64
BLE,1703217099173666848,DF:DF:EE:00:00:04,-54
BLE,1703217099310646069,D3:F4:55:AB:96:20,-61
BLE,1703217099693084358,D3:F4:55:AB:96:20,-60
BLE,1703217099714798011,DF:DF:EE:00:00:04,-54
BLE,1703217100321997254,DF:A6:DC:DC:2E:81,-72
BLE,1703217100322049546,DF:DF:EE:00:00:01,-72
BLE,1703217100654334810,D3:F4:55:AB:96:20,-64
BLE,1703217100846215577,D3:F4:55:AB:96:20,-62
BLE,1703217101432527705,D3:F4:55:AB:96:20,-62
BLE,1703217101620664238,D3:F4:55:AB:96:20,-64
BLE,1703217101812206673,D3:F4:55:AB:96:20,-62
BLE,1703217102169442368,DF:DF:EE:00:00:04,-40
BLE,1703217102197503784,D3:F4:55:AB:96:20,-64
BLE,1703217102391137793,D3:F4:55:AB:96:20,-46
BLE,1703217102585394924,D3:F4:55:AB:96:20,-69
BLE,1703217102715384093,DF:DF:EE:00:00:04,-56
BLE,1703217102775702740,D3:F4:55:AB:96:20,-61
BLE,1703217103153102719,D3:F4:55:AB:96:20,-64
BLE,1703217103332514125,DF:A6:DC:DC:2E:81,-73
BLE,1703217103332564666,DF:DF:EE:00:00:01,-73
BLE,1703217103343686658,D3:F4:55:AB:96:20,-62
BLE,1703217103531343277,D3:F4:55:AB:96:20,-69
BLE,1703217103715294996,DF:DF:EE:00:00:04,-54
BLE,1703217103716927406,DF:DF:EE:00:00:04,-55
BLE,1703217103728701936,D3:F4:55:AB:96:20,-61
BLE,1703217104115188125,D3:F4:55:AB:96:20,-64
BLE,1703217104304997068,D3:F4:55:AB:96:20,-62
BLE,1703217104337877962,DF:A6:DC:DC:2E:81,-73
BLE,1703217104337908337,DF:DF:EE:00:00:01,-73
BLE,1703217104684998327,D3:F4:55:AB:96:20,-61
BLE,1703217104717413515,DF:DF:EE:00:00:04,-56
BLE,1703217104879842539,D3:F4:55:AB:96:20,-64
BLE,1703217105068833068,D3:F4:55:AB:96:20,-61
BLE,1703217105262453786,D3:F4:55:AB:96:20,-64
BLE,1703217105451724606,D3:F4:55:AB:96:20,-60
BLE,1703217105833506024,D3:F4:55:AB:96:20,-62
BLE,1703217106170009352,DF:DF:EE:00:00:04,-54
BLE,1703217106223692946,D3:F4:55:AB:96:20,-63
BLE,1703217106610483883,D3:F4:55:AB:96:20,-63
BLE,1703217106714004378,DF:DF:EE:00:00:04,-56
BLE,1703217106996801447,D3:F4:55:AB:96:20,-64
BLE,1703217107177073349,DF:DF:EE:00:00:04,-53
BLE,1703217107192391655,D3:F4:55:AB:96:20,-63
BLE,1703217107380601814,D3:F4:55:AB:96:20,-64
BLE,1703217107713191993,DF:DF:EE:00:00:04,-55
BLE,1703217107760616073,D3:F4:55:AB:96:20,-64
BLE,1703217107956332989,D3:F4:55:AB:96:20,-63
BLE,1703217108144532022,D3:F4:55:AB:96:20,-64
BLE,1703217108167900376,DF:DF:EE:00:00:04,-54
BLE,1703217108357367779,DF:A6:DC:DC:2E:81,-70
BLE,1703217108357405529,DF:DF:EE:00:00:01,-70
BLE,1703217108723669099,D3:F4:55:AB:96:20,-63
BLE,1703217109713032717,DF:DF:EE:00:00:04,-56
BLE,1703217110072501276,D3:F4:55:AB:96:20,-62
BLE,1703217110167976724,DF:DF:EE:00:00:04,-54
BLE,1703217110266642741,D3:F4:55:AB:96:20,-62
BLE,1703217110659030361,D3:F4:55:AB:96:20,-64
BLE,1703217110707461353,DF:DF:EE:00:00:04,-54
BLE,1703217110852515788,D3:F4:55:AB:96:20,-61
BLE,1703217111042080232,D3:F4:55:AB:96:20,-62
BLE,1703217111228330024,D3:F4:55:AB:96:20,-65
BLE,1703217111377311399,DF:A6:DC:DC:2E:81,-72
BLE,1703217111377350691,DF:DF:EE:00:00:01,-72
BLE,1703217111610510773,D3:F4:55:AB:96:20,-64
BLE,1703217111708377252,DF:DF:EE:00:00:04,-54
BLE,1703217111807149394,D3:F4:55:AB:96:20,-63
BLE,1703217112376742096,DF:A6:DC:DC:2E:81,-73
BLE,1703217112376793680,DF:DF:EE:00:00:01,-73
BLE,1703217112572068806,D3:F4:55:AB:96:20,-62
BLE,1703217112759640217,D3:F4:55:AB:96:20,-64
BLE,1703217112953860307,D3:F4:55:AB:96:20,-63
BLE,1703217113144706162,D3:F4:55:AB:96:20,-61
BLE,1703217113178064680,DF:DF:EE:00:00:04,-57
BLE,1703217113339716040,D3:F4:55:AB:96:20,-64
BLE,1703217113380975439,DF:A6:DC:DC:2E:81,-74
BLE,1703217113381024980,DF:DF:EE:00:00:01,-74
BLE,1703217113537540447,D3:F4:55:AB:96:20,-62
BLE,1703217113718023432,DF:DF:EE:00:00:04,-55
BLE,1703217113725143733,D3:F4:55:AB:96:20,-64
BLE,1703217113920157528,D3:F4:55:AB:96:20,-63
BLE,1703217114108921767,D3:F4:55:AB:96:20,-65
BLE,1703217114488706569,D3:F4:55:AB:96:20,-50
BLE,1703217114709765038,DF:DF:EE:00:00:04,-56
BLE,1703217114874588260,D3:F4:55:AB:96:20,-64
BLE,1703217115646431433,D3:F4:55:AB:96:20,-62
BLE,1703217115840993355,D3:F4:55:AB:96:20,-64
BLE,1703217116221652111,D3:F4:55:AB:96:20,-65
BLE,1703217116416020575,D3:F4:55:AB:96:20,-63
BLE,1703217116606650681,D3:F4:55:AB:96:20,-50
BLE,1703217116715540902,DF:DF:EE:00:00:04,-53
BLE,1703217116803342093,D3:F4:55:AB:96:20,-62
BLE,1703217117001157208,D3:F4:55:AB:96:20,-63
BLE,1703217117177028630,DF:DF:EE:00:00:04,-40
BLE,1703217117582166943,D3:F4:55:AB:96:20,-46
BLE,1703217117709931497,DF:DF:EE:00:00:04,-53
BLE,1703217117971127204,D3:F4:55:AB:96:20,-63
BLE,1703217118170069189,DF:DF:EE:00:00:04,-56
BLE,1703217118712701429,DF:DF:EE:00:00:04,-56
BLE,1703217118735276662,D3:F4:55:AB:96:20,-47
BLE,1703217118931508784,D3:F4:55:AB:96:20,-62
BLE,1703217119124133881,D3:F4:55:AB:96:20,-65
BLE,1703217119172778372,DF:DF:EE:00:00:04,-53
BLE,1703217119319286967,D3:F4:55:AB:96:20,-63
BLE,1703217119397130744,DF:A6:DC:DC:2E:81,-73
BLE,1703217119397168952,DF:DF:EE:00:00:01,-73
BLE,1703217119506342130,D3:F4:55:AB:96:20,-64
BLE,1703217119701587090,D3:F4:55:AB:96:20,-63
BLE,1703217120085570623,D3:F4:55:AB:96:20,-63
BLE,1703217120169154125,DF:DF:EE:00:00:04,-53
BLE,1703217120278893050,D3:F4:55:AB:96:20,-46
BLE,1703217120402520331,DF:A6:DC:DC:2E:81,-72
BLE,1703217120402569372,DF:DF:EE:00:00:01,-72
BLE,1703217120707802799,DF:DF:EE:00:00:04,-40
BLE,1703217120850435995,D3:F4:55:AB:96:20,-63
BLE,1703217121234734276,D3:F4:55:AB:96:20,-63
BLE,1703217121405068139,DF:A6:DC:DC:2E:81,-70
BLE,1703217121405120847,DF:DF:EE:00:00:01,-70
BLE,1703217121428752617,D3:F4:55:AB:96:20,-46
BLE,1703217121710452357,DF:DF:EE:00:00:04,-54
BLE,1703217121999934187,D3:F4:55:AB:96:20,-63
BLE,1703217122177619976,DF:DF:EE:00:00:04,-55
BLE,1703217122389202863,D3:F4:55:AB:96:20,-65
BLE,1703217122410131978,DF:A6:DC:DC:2E:81,-73
BLE,1703217122410171686,DF:DF:EE:00:00:01,-73
BLE,1703217122972318006,D3:F4:55:AB:96:20,-64
BLE,1703217123164893061,D3:F4:55:AB:96:20,-62
BLE,1703217123172491736,DF:DF:EE:00:00:04,-54
BLE,1703217123552679577,D3:F4:55:AB:96:20,-62
BLE,1703217123749990195,D3:F4:55:AB:96:20,-63
BLE,1703217123943037623,D3:F4:55:AB:96:20,-66
BLE,1703217123944533533,D3:F4:55:AB:96:20,-61
BLE,1703217124136893673,D3:F4:55:AB:96:20,-63
BLE,1703217124422344521,DF:A6:DC:DC:2E:81,-70
BLE,1703217124422404729,DF:DF:EE:00:00:01,-70
BLE,1703217124711167355,DF:DF:EE:00:00:04,-54
BLE,1703217125096767380,D3:F4:55:AB:96:20,-61
BLE,1703217125171765378,DF:DF:EE:00:00:04,-56
BLE,1703217125292798670,D3:F4:55:AB:96:20,-66
BLE,1703217125679762565,D3:F4:55:AB:96:20,-46
BLE,1703217125868967219,D3:F4:55:AB:96:20,-62
BLE,1703217126054817679,D3:F4:55:AB:96:20,-65
BLE,1703217126169424167,DF:DF:EE:00:00:04,-53
BLE,1703217126640453852,D3:F4:55:AB:96:20,-64
BLE,1703217126835095148,D3:F4:55:AB:96:20,-63
BLE,1703217127027990952,D3:F4:55:AB:96:20,-62
BLE,1703217127173647051,DF:DF:EE:00:00:04,-55
BLE,1703217127220674216,D3:F4:55:AB:96:20,-62
BLE,1703217127712439350,DF:DF:EE:00:00:04,-55
BLE,1703217128370209159,D3:F4:55:AB:96:20,-64
BLE,1703217128562834589,D3:F4:55:AB:96:20,-46
BLE,1703217128938157827,D3:F4:55:AB:96:20,-65
BLE,1703217129135196738,D3:F4:55:AB:96:20,-64
BLE,1703217129529033726,D3:F4:55:AB:96:20,-62
BLE,1703217129712376948,DF:DF:EE:00:00:04,-56
BLE,1703217130111241289,D3:F4:55:AB:96:20,-61
BLE,1703217130505152070,D3:F4:55:AB:96:20,-62
BLE,1703217131075772518,D3:F4:55:AB:96:20,-64
BLE,1703217131177989769,DF:DF:EE:00:00:04,-55
BLE,1703217131455227279,DF:A6:DC:DC:2E:81,-74
BLE,1703217131455280821,DF:DF:EE:00:00:01,-74
BLE,1703217131457992559,D3:F4:55:AB:96:20,-65
BLE,1703217131651256736,D3:F4:55:AB:96:20,-63
BLE,1703217131844226831,D3:F4:55:AB:96:20,-47
BLE,1703217132416848354,D3:F4:55:AB:96:20,-62
BLE,1703217132460387826,DF:A6:DC:DC:2E:81,-72
BLE,1703217132460421742,DF:DF:EE:00:00:01,-72
BLE,1703217132602916189,D3:F4:55:AB:96:20,-64
BLE,1703217132708603883,DF:DF:EE:00:00:04,-55
BLE,1703217133177829284,DF:DF:EE:00:00:04,-55
BLE,1703217133185092502,D3:F4:55:AB:96:20,-64
BLE,1703217133380876876,D3:F4:55:AB:96:20,-62
BLE,1703217133570454653,D3:F4:55:AB:96:20,-66
BLE,1703217133712060062,DF:DF:EE:00:00:04,-54
BLE,1703217133763069000,D3:F4:55:AB:96:20,-64
BLE,1703217134470164213,DF:A6:DC:DC:2E:81,-73
BLE,1703217134470219463,DF:DF:EE:00:00:01,-73
BLE,1703217134529304199,D3:F4:55:AB:96:20,-47
BLE,1703217135103716422,D3:F4:55:AB:96:20,-64
BLE,1703217135168111051,DF:DF:EE:00:00:04,-54
BLE,1703217135294252195,D3:F4:55:AB:96:20,-63
BLE,1703217135475467384,DF:A6:DC:DC:2E:81,-75
BLE,1703217135475512968,DF:DF:EE:00:00:01,-75
BLE,1703217135480189030,D3:F4:55:AB:96:20,-50
BLE,1703217135676790776,D3:F4:55:AB:96:20,-63
BLE,1703217135705664063,DF:DF:EE:00:00:04,-53
BLE,1703217135872124402,D3:F4:55:AB:96:20,-62
BLE,1703217136061282098,D3:F4:55:AB:96:20,-63
BLE,1703217136167982079,DF:DF:EE:00:00:04,-56
BLE,1703217136640215634,D3:F4:55:AB:96:20,-63
BLE,1703217136711730648,DF:DF:EE:00:00:04,-57
BLE,1703217136831400071,D3:F4:55:AB:96:20,-70
BLE,1703217137021806386,D3:F4:55:AB:96:20,-62
BLE,1703217137171144385,DF:DF:EE:00:00:04,-53
BLE,1703217137210410376,D3:F4:55:AB:96:20,-63
BLE,1703217137597980351,D3:F4:55:AB:96:20,-65
BLE,1703217137788427916,D3:F4:55:AB:96:20,-62
BLE,1703217138167530971,D3:F4:55:AB:96:20,-62
BLE,1703217138177420593,DF:DF:EE:00:00:04,-56
BLE,1703217138361848352,D3:F4:55:AB:96:20,-65
BLE,1703217138487935246,DF:A6:DC:DC:2E:81,-72
BLE,1703217138487973246,DF:DF:EE:00:00:01,-72
BLE,1703217138552139917,D3:F4:55:AB:96:20,-62
BLE,1703217138710663334,DF:DF:EE:00:00:04,-55
BLE,1703217138744216309,D3:F4:55:AB:96:20,-64
BLE,1703217138932903881,D3:F4:55:AB:96:20,-61
BLE,1703217139170660360,DF:DF:EE:00:00:04,-53
BLE,1703217139488901853,DF:A6:DC:DC:2E:81,-74
BLE,1703217139488937937,DF:DF:EE:00:00:01,-74
BLE,1703217139710178572,DF:DF:EE:00:00:04,-54
BLE,1703217139892488049,D3:F4:55:AB:96:20,-64
BLE,1703217140089531501,D3:F4:55:AB:96:20,-62
BLE,1703217140280772937,D3:F4:55:AB:96:20,-62
BLE,1703217140471672125,D3:F4:55:AB:96:20,-62
BLE,1703217140491234996,DF:A6:DC:DC:2E:81,-76
BLE,1703217140491264496,DF:DF:EE:00:00:01,-76
BLE,1703217140707513029,DF:DF:EE:00:00:04,-56
BLE,1703217141426175815,D3:F4:55:AB:96:20,-64
BLE,1703217141713389697,DF:DF:EE:00:00:04,-38
BLE,1703217141806995570,D3:F4:55:AB:96:20,-64
BLE,1703217142389104217,D3:F4:55:AB:96:20,-64
BLE,1703217142501338382,DF:A6:DC:DC:2E:81,-73
BLE,1703217142501377882,DF:DF:EE:00:00:01,-73
BLE,1703217142587496622,D3:F4:55:AB:96:20,-62
BLE,1703217143162169135,D3:F4:55:AB:96:20,-62
BLE,1703217143355033981,D3:F4:55:AB:96:20,-65
BLE,1703217143545737045,D3:F4:55:AB:96:20,-61
BLE,1703217143740083426,D3:F4:55:AB:96:20,-64
BLE,1703217144168911425,DF:DF:EE:00:00:04,-54
BLE,1703217144319527085,D3:F4:55:AB:96:20,-63
BLE,1703217144505348170,DF:A6:DC:DC:2E:81,-74
BLE,1703217144505387462,DF:DF:EE:00:00:01,-74
BLE,1703217144512045099,D3:F4:55:AB:96:20,-61
BLE,1703217144894165515,D3:F4:55:AB:96:20,-61
BLE,1703217145089081768,D3:F4:55:AB:96:20,-64
BLE,1703217145282914318,D3:F4:55:AB:96:20,-63
BLE,1703217145666398770,D3:F4:55:AB:96:20,-63
BLE,1703217146052093003,D3:F4:55:AB:96:20,-62
BLE,1703217146441424471,D3:F4:55:AB:96:20,-64
BLE,1703217146516455968,DF:A6:DC:DC:2E:81,-72
BLE,1703217146516491468,DF:DF:EE:00:00:01,-72
BLE,1703217147168078721,DF:DF:EE:00:00:04,-54
BLE,1703217147221421691,D3:F4:55:AB:96:20,-62
BLE,1703217147523542340,DF:A6:DC:DC:2E:81,-73
BLE,1703217147523588840,DF:DF:EE:00:00:01,-73
BLE,1703217147602651736,D3:F4:55:AB:96:20,-67
BLE,1703217147713085159,DF:DF:EE:00:00:04,-55
BLE,1703217148175078384,DF:DF:EE:00:00:04,-53
BLE,1703217148374559534,D3:F4:55:AB:96:20,-64
BLE,1703217148526903978,DF:A6:DC:DC:2E:81,-58
BLE,1703217148527013477,DF:DF:EE:00:00:01,-58
BLE,1703217148952675324,D3:F4:55:AB:96:20,-46
BLE,1703217149147975909,D3:F4:55:AB:96:20,-60
BLE,1703217149175796618,DF:DF:EE:00:00:04,-55
BLE,1703217149525979885,DF:A6:DC:DC:2E:81,-74
BLE,1703217149526021260,DF:DF:EE:00:00:01,-74
BLE,1703217149704858627,DF:DF:EE:00:00:04,-53
BLE,1703217149921503366,D3:F4:55:AB:96:20,-62
BLE,1703217150114271713,D3:F4:55:AB:96:20,-60
BLE,1703217150305170192,D3:F4:55:AB:96:20,-62
BLE,1703217150710113131,DF:DF:EE:00:00:04,-56
BLE,1703217150878892960,D3:F4:55:AB:96:20,-60
BLE,1703217151068234238,D3:F4:55:AB:96:20,-62
BLE,1703217151256216814,D3:F4:55:AB:96:20,-64
BLE,1703217151542463659,DF:A6:DC:DC:2E:81,-58
BLE,1703217151542524201,DF:DF:EE:00:00:01,-58
BLE,1703217151640118764,D3:F4:55:AB:96:20,-64
BLE,1703217151713140646,DF:DF:EE:00:00:04,-54
BLE,1703217151834455645,D3:F4:55:AB:96:20,-75
BLE,1703217152020755520,D3:F4:55:AB:96:20,-64
BLE,1703217152213251618,D3:F4:55:AB:96:20,-63
BLE,1703217152542797477,DF:A6:DC:DC:2E:81,-70
BLE,1703217152542839019,DF:DF:EE:00:00:01,-70
BLE,1703217152712199262,DF:DF:EE:00:00:04,-55
BLE,1703217152795602722,D3:F4:55:AB:96:20,-62
BLE,1703217152986851700,D3:F4:55:AB:96:20,-64
BLE,1703217153707374561,DF:DF:EE:00:00:04,-53
BLE,1703217153748989208,D3:F4:55:AB:96:20,-62
BLE,1703217153934661045,D3:F4:55:AB:96:20,-64
BLE,1703217154314630429,D3:F4:55:AB:96:20,-65
BLE,1703217154511413132,D3:F4:55:AB:96:20,-67
BLE,1703217154554478981,DF:A6:DC:DC:2E:81,-72
BLE,1703217154554518190,DF:DF:EE:00:00:01,-72
BLE,1703217154715257179,DF:DF:EE:00:00:04,-56
BLE,1703217154894733085,D3:F4:55:AB:96:20,-62
BLE,1703217155090591501,D3:F4:55:AB:96:20,-60
BLE,1703217155169857146,DF:DF:EE:00:00:04,-54
BLE,1703217155470192928,D3:F4:55:AB:96:20,-61
BLE,1703217155665534680,D3:F4:55:AB:96:20,-64
BLE,1703217155710306229,DF:DF:EE:00:00:04,-54
BLE,1703217155862274508,D3:F4:55:AB:96:20,-63
BLE,1703217156055040896,D3:F4:55:AB:96:20,-60
BLE,1703217156244173009,D3:F4:55:AB:96:20,-63
BLE,1703217156433732953,D3:F4:55:AB:96:20,-50
BLE,1703217156712584081,DF:DF:EE:00:00:04,-56
BLE,1703217156822633380,D3:F4:55:AB:96:20,-61
BLE,1703217157168076794,DF:DF:EE:00:00:04,-55
BLE,1703217157403300408,D3:F4:55:AB:96:20,-61
BLE,1703217157599389740,D3:F4:55:AB:96:20,-64
BLE,1703217157793182998,D3:F4:55:AB:96:20,-67
BLE,1703217157983141982,D3:F4:55:AB:96:20,-64
BLE,1703217158560166110,D3:F4:55:AB:96:20,-63
BLE,1703217158570321648,DF:A6:DC:DC:2E:81,-73
BLE,1703217158570350314,DF:DF:EE:00:00:01,-73
BLE,1703217158715763456,DF:DF:EE:00:00:04,-55
BLE,1703217158748366727,D3:F4:55:AB:96:20,-65
BLE,1703217159130522934,D3:F4:55:AB:96:20,-64
BLE,1703217159168461556,DF:DF:EE:00:00:04,-57
BLE,1703217159327615678,D3:F4:55:AB:96:20,-61
BLE,1703217159709884927,DF:DF:EE:00:00:04,-55
BLE,1703217159902555482,D3:F4:55:AB:96:20,-62
BLE,1703217160704719520,DF:DF:EE:00:00:04,-53
BLE,1703217161051248762,D3:F4:55:AB:96:20,-60
BLE,1703217161170745352,DF:DF:EE:00:00:04,-56
BLE,1703217161596016076,DF:A6:DC:DC:2E:81,-73
BLE,1703217161596071700,DF:DF:EE:00:00:01,-73
BLE,1703217161812728398,D3:F4:55:AB:96:20,-60
BLE,1703217162165950902,DF:DF:EE:00:00:04,-53
BLE,1703217162393764550,D3:F4:55:AB:96:20,-64
BLE,1703217162588784094,D3:F4:55:AB:96:20,-62
BLE,1703217162784483261,D3:F4:55:AB:96:20,-61
BLE,1703217163168425752,DF:DF:EE:00:00:04,-45
BLE,1703217163353479966,D3:F4:55:AB:96:20,-62
BLE,1703217163541704458,D3:F4:55:AB:96:20,-64
BLE,1703217163604103387,DF:A6:DC:DC:2E:81,-72
BLE,1703217163604132595,DF:DF:EE:00:00:01,-72
BLE,1703217163932386378,D3:F4:55:AB:96:20,-62
BLE,1703217164173310258,DF:DF:EE:00:00:04,-53
BLE,1703217164319446105,D3:F4:55:AB:96:20,-63
BLE,1703217164608709478,DF:A6:DC:DC:2E:81,-56
BLE,1703217164608756061,DF:DF:EE:00:00:01,-56
BLE,1703217164897919143,D3:F4:55:AB:96:20,-60
BLE,1703217165285899533,D3:F4:55:AB:96:20,-64
BLE,1703217165476360390,D3:F4:55:AB:96:20,-64
BLE,1703217166048278290,D3:F4:55:AB:96:20,-46
BLE,1703217166173423856,DF:DF:EE:00:00:04,-54
BLE,1703217166438581545,D3:F4:55:AB:96:20,-63
BLE,1703217166629909106,D3:F4:55:AB:96:20,-61
BLE,1703217167171786975,DF:DF:EE:00:00:04,-54
BLE,1703217167208340894,D3:F4:55:AB:96:20,-64
BLE,1703217167591991720,D3:F4:55:AB:96:20,-64
BLE,1703217167623258247,DF:A6:DC:DC:2E:81,-71
BLE,1703217167623298497,DF:DF:EE:00:00:01,-71
BLE,1703217167704643133,DF:DF:EE:00:00:04,-53
BLE,1703217167974724301,D3:F4:55:AB:96:20,-64
BLE,1703217168167187273,D3:F4:55:AB:96:20,-63
BLE,1703217168747249971,D3:F4:55:AB:96:20,-62
BLE,1703217168941072438,D3:F4:55:AB:96:20,-64
BLE,1703217169134750238,D3:F4:55:AB:96:20,-63
BLE,1703217169167205051,DF:DF:EE:00:00:04,-53
BLE,1703217169632143014,DF:A6:DC:DC:2E:81,-73
BLE,1703217169632202347,DF:DF:EE:00:00:01,-73
BLE,1703217169907146826,D3:F4:55:AB:96:20,-64
BLE,1703217170097242976,D3:F4:55:AB:96:20,-60
BLE,1703217170288719119,D3:F4:55:AB:96:20,-64
BLE,1703217170487211523,D3:F4:55:AB:96:20,-62
BLE,1703217170672980609,D3:F4:55:AB:96:20,-65
BLE,1703217170708291451,DF:DF:EE:00:00:04,-55
BLE,1703217170871737804,D3:F4:55:AB:96:20,-63
BLE,1703217171063862403,D3:F4:55:AB:96:20,-61
BLE,1703217171169122182,DF:DF:EE:00:00:04,-53
BLE,1703217171259328112,D3:F4:55:AB:96:20,-78
BLE,1703217171455302111,D3:F4:55:AB:96:20,-62
BLE,1703217171642243733,DF:A6:DC:DC:2E:81,-73
BLE,1703217171642284858,DF:DF:EE:00:00:01,-73
BLE,1703217171707905814,DF:DF:EE:00:00:04,-38
BLE,1703217171837331902,D3:F4:55:AB:96:20,-62
BLE,1703217172032755445,D3:F4:55:AB:96:20,-46
BLE,1703217172413311660,D3:F4:55:AB:96:20,-61
BLE,1703217172608016831,D3:F4:55:AB:96:20,-65
BLE,1703217172706552724,DF:DF:EE:00:00:04,-54
BLE,1703217172806006237,D3:F4:55:AB:96:20,-63
BLE,1703217173174080216,DF:DF:EE:00:00:04,-53
BLE,1703217173188723026,D3:F4:55:AB:96:20,-62
BLE,1703217173383943986,D3:F4:55:AB:96:20,-61
BLE,1703217173646313938,DF:A6:DC:DC:2E:81,-73
BLE,1703217173646351354,DF:DF:EE:00:00:01,-73
BLE,1703217173961038655,D3:F4:55:AB:96:20,-64
BLE,1703217174171105008,DF:DF:EE:00:00:04,-55
BLE,1703217174349788834,D3:F4:55:AB:96:20,-46
BLE,1703217174711257592,DF:DF:EE:00:00:04,-54
BLE,1703217175116221156,D3:F4:55:AB:96:20,-62
BLE,1703217175171776991,DF:DF:EE:00:00:04,-53
BLE,1703217175305960183,D3:F4:55:AB:96:20,-65
BLE,1703217175713424402,DF:DF:EE:00:00:04,-54
BLE,1703217176073178668,D3:F4:55:AB:96:20,-64
BLE,1703217176166702708,DF:DF:EE:00:00:04,-54
BLE,1703217176168107327,DF:DF:EE:00:00:04,-54
BLE,1703217176464707917,D3:F4:55:AB:96:20,-61
BLE,1703217176705536341,DF:DF:EE:00:00:04,-53
BLE,1703217177173561998,DF:DF:EE:00:00:04,-54
BLE,1703217177423564755,D3:F4:55:AB:96:20,-67
BLE,1703217177621121996,D3:F4:55:AB:96:20,-62
BLE,1703217178190020702,D3:F4:55:AB:96:20,-66
BLE,1703217178663416418,DF:A6:DC:DC:2E:81,-74
BLE,1703217178663463293,DF:DF:EE:00:00:01,-74
BLE,1703217178767772077,D3:F4:55:AB:96:20,-76
BLE,1703217178956071110,D3:F4:55:AB:96:20,-64
BLE,1703217179150439699,D3:F4:55:AB:96:20,-63
BLE,1703217179168990199,DF:DF:EE:00:00:04,-55
BLE,1703217179343210587,D3:F4:55:AB:96:20,-61
BLE,1703217179726121333,D3:F4:55:AB:96:20,-62
BLE,1703217179915570569,D3:F4:55:AB:96:20,-62
BLE,1703217180166336739,DF:DF:EE:00:00:04,-54
BLE,1703217180500924826,D3:F4:55:AB:96:20,-62
BLE,1703217180676602957,DF:A6:DC:DC:2E:81,-73
BLE,1703217180676657082,DF:DF:EE:00:00:01,-73
BLE,1703217180698097944,D3:F4:55:AB:96:20,-63
BLE,1703217180706056242,DF:DF:EE:00:00:04,-53
BLE,1703217180887201515,D3:F4:55:AB:96:20,-81
BLE,1703217181167171805,DF:DF:EE:00:00:04,-54
BLE,1703217181473887267,D3:F4:55:AB:96:20,-65
BLE,1703217181708029220,DF:DF:EE:00:00:04,-55
BLE,1703217181869264457,D3:F4:55:AB:96:20,-63
BLE,1703217182058205446,D3:F4:55:AB:96:20,-64
BLE,1703217182174006636,DF:DF:EE:00:00:04,-53
BLE,1703217182175619795,DF:DF:EE:00:00:04,-55
BLE,1703217182251840705,D3:F4:55:AB:96:20,-63
BLE,1703217182443589680,D3:F4:55:AB:96:20,-64
BLE,1703217182828655833,D3:F4:55:AB:96:20,-46
BLE,1703217183020083311,D3:F4:55:AB:96:20,-63
BLE,1703217183207373140,D3:F4:55:AB:96:20,-64
BLE,1703217183790297283,D3:F4:55:AB:96:20,-64
BLE,1703217183989294768,D3:F4:55:AB:96:20,-63
BLE,1703217184171243621,DF:DF:EE:00:00:04,-53
BLE,1703217184367775951,D3:F4:55:AB:96:20,-63
BLE,1703217184693459494,DF:A6:DC:DC:2E:81,-73
BLE,1703217184693497327,DF:DF:EE:00:00:01,-73
BLE,1703217184709112633,DF:DF:EE:00:00:04,-55
BLE,1703217185164979511,DF:DF:EE:00:00:04,-39
BLE,1703217185702835605,DF:A6:DC:DC:2E:81,-74
BLE,1703217185702895438,DF:DF:EE:00:00:01,-74
BLE,1703217185712463021,DF:DF:EE:00:00:04,-54
BLE,1703217185725389463,D3:F4:55:AB:96:20,-64
BLE,1703217185919587428,D3:F4:55:AB:96:20,-63
BLE,1703217186107855628,D3:F4:55:AB:96:20,-64
BLE,1703217186169995516,DF:DF:EE:00:00:04,-55
BLE,1703217186301079763,D3:F4:55:AB:96:20,-63
BLE,1703217186706824116,DF:A6:DC:DC:2E:81,-73
BLE,1703217186706866615,DF:DF:EE:00:00:01,-73
BLE,1703217187060592117,D3:F4:55:AB:96:20,-61
BLE,1703217187167548264,DF:DF:EE:00:00:04,-53
BLE,1703217187254868582,D3:F4:55:AB:96:20,-65
BLE,1703217187452147908,D3:F4:55:AB:96:20,-62
BLE,1703217187645147211,D3:F4:55:AB:96:20,-60
BLE,1703217187835532943,D3:F4:55:AB:96:20,-62
BLE,1703217188026257757,D3:F4:55:AB:96:20,-61
BLE,1703217188172348062,DF:DF:EE:00:00:04,-72
BLE,1703217188217163903,D3:F4:55:AB:96:20,-62
BLE,1703217188408501423,D3:F4:55:AB:96:20,-60
BLE,1703217188704837139,DF:DF:EE:00:00:04,-39
BLE,1703217188719862989,DF:A6:DC:DC:2E:81,-75
BLE,1703217188719876405,DF:DF:EE:00:00:01,-75
BLE,1703217189183987663,D3:F4:55:AB:96:20,-63
BLE,1703217189373477024,D3:F4:55:AB:96:20,-64
BLE,1703217189705280207,DF:DF:EE:00:00:04,-53
BLE,1703217189768097051,D3:F4:55:AB:96:20,-62
BLE,1703217189955675670,D3:F4:55:AB:96:20,-66
BLE,1703217190146689650,D3:F4:55:AB:96:20,-62
BLE,1703217190167134850,DF:DF:EE:00:00:04,-40
BLE,1703217190521897097,D3:F4:55:AB:96:20,-64
BLE,1703217190523253799,D3:F4:55:AB:96:20,-60
BLE,1703217190716642726,D3:F4:55:AB:96:20,-63
BLE,1703217190906610168,D3:F4:55:AB:96:20,-61
BLE,1703217191099549972,D3:F4:55:AB:96:20,-62
BLE,1703217191171907815,DF:DF:EE:00:00:04,-54
BLE,1703217191296975172,D3:F4:55:AB:96:20,-63
BLE,1703217191483650004,D3:F4:55:AB:96:20,-64
BLE,1703217191676765932,D3:F4:55:AB:96:20,-54
BLE,1703217191706768298,DF:DF:EE:00:00:04,-40
BLE,1703217191731260855,DF:A6:DC:DC:2E:81,-73
BLE,1703217191731290230,DF:DF:EE:00:00:01,-73
BLE,1703217192167183906,DF:DF:EE:00:00:04,-54
BLE,1703217192258998620,D3:F4:55:AB:96:20,-61
BLE,1703217192450866596,D3:F4:55:AB:96:20,-64
BLE,1703217192707667030,DF:DF:EE:00:00:04,-55
BLE,1703217193168784843,DF:DF:EE:00:00:04,-55
BLE,1703217194164008060,DF:DF:EE:00:00:04,-37
BLE,1703217194706117635,DF:DF:EE:00:00:04,-54
BLE,1703217194741165520,DF:A6:DC:DC:2E:81,-72
BLE,1703217194741200395,DF:DF:EE:00:00:01,-72
BLE,1703217195356403144,D3:F4:55:AB:96:20,-64
BLE,1703217195549006658,D3:F4:55:AB:96:20,-62
BLE,1703217195931307656,D3:F4:55:AB:96:20,-62
BLE,1703217196118888192,D3:F4:55:AB:96:20,-65
BLE,1703217196309746422,D3:F4:55:AB:96:20,-60
BLE,1703217196502669435,D3:F4:55:AB:96:20,-64
BLE,1703217196888238377,D3:F4:55:AB:96:20,-65
BLE,1703217197173815183,DF:DF:EE:00:00:04,-55
BLE,1703217197468915239,D3:F4:55:AB:96:20,-65
BLE,1703217197665135028,D3:F4:55:AB:96:20,-62
BLE,1703217197713233563,DF:DF:EE:00:00:04,-55
BLE,1703217197857135128,D3:F4:55:AB:96:20,-66
BLE,1703217197858435163,D3:F4:55:AB:96:20,-62
BLE,1703217198166518161,DF:DF:EE:00:00:04,-53
BLE,1703217198248840959,D3:F4:55:AB:96:20,-62
BLE,1703217198632137078,D3:F4:55:AB:96:20,-63
BLE,1703217198705841957,DF:DF:EE:00:00:04,-53
BLE,1703217198823377098,D3:F4:55:AB:96:20,-65
BLE,1703217199016374235,D3:F4:55:AB:96:20,-63
BLE,1703217199211311905,D3:F4:55:AB:96:20,-61
BLE,1703217199594862857,D3:F4:55:AB:96:20,-62
BLE,1703217199765327553,DF:A6:DC:DC:2E:81,-74
BLE,1703217199765379844,DF:DF:EE:00:00:01,-74
BLE,1703217199788895031,D3:F4:55:AB:96:20,-65
BLE,1703217200171407320,DF:DF:EE:00:00:04,-37
BLE,1703217200571815613,D3:F4:55:AB:96:20,-62
BLE,1703217200705217599,DF:DF:EE:00:00:04,-56
BLE,1703217201535192721,D3:F4:55:AB:96:20,-62
BLE,1703217201721222223,D3:F4:55:AB:96:20,-64
BLE,1703217201775506688,DF:A6:DC:DC:2E:81,-72
BLE,1703217201775540021,DF:DF:EE:00:00:01,-72
BLE,1703217201917164180,D3:F4:55:AB:96:20,-47
BLE,1703217202166630398,DF:DF:EE:00:00:04,-56
BLE,1703217202503986472,D3:F4:55:AB:96:20,-63
BLE,1703217202692175172,D3:F4:55:AB:96:20,-64
BLE,1703217202780258153,DF:A6:DC:DC:2E:81,-73
BLE,1703217202780288195,DF:DF:EE:00:00:01,-73
BLE,1703217202887502465,D3:F4:55:AB:96:20,-63
BLE,1703217203166193178,DF:DF:EE:00:00:04,-69
BLE,1703217203274364819,D3:F4:55:AB:96:20,-64
BLE,1703217203472109893,D3:F4:55:AB:96:20,-62
BLE,1703217203660182927,D3:F4:55:AB:96:20,-64
BLE,1703217203787146401,DF:A6:DC:DC:2E:81,-73
BLE,1703217203787184151,DF:DF:EE:00:00:01,-73
BLE,1703217203856681006,D3:F4:55:AB:96:20,-64
BLE,1703217204241573952,D3:F4:55:AB:96:20,-64
BLE,1703217204432780430,D3:F4:55:AB:96:20,-62
BLE,1703217204625957566,D3:F4:55:AB:96:20,-64
BLE,1703217204711347018,DF:DF:EE:00:00:04,-55
BLE,1703217205022530251,D3:F4:55:AB:96:20,-63
BLE,1703217205608978379,D3:F4:55:AB:96:20,-62
BLE,1703217205706157777,DF:DF:EE:00:00:04,-54
BLE,1703217205791721020,DF:A6:DC:DC:2E:81,-73
BLE,1703217205791738186,DF:DF:EE:00:00:01,-73
BLE,1703217206174032060,DF:DF:EE:00:00:04,-57
BLE,1703217206185069886,D3:F4:55:AB:96:20,-61
BLE,1703217206575321307,D3:F4:55:AB:96:20,-63
BLE,1703217206714754725,DF:DF:EE:00:00:04,-55
BLE,1703217206768513068,D3:F4:55:AB:96:20,-46
BLE,1703217206801100048,DF:A6:DC:DC:2E:81,-73
BLE,1703217206801131006,DF:DF:EE:00:00:01,-73
BLE,1703217207169028027,DF:DF:EE:00:00:04,-53
BLE,1703217207347909186,D3:F4:55:AB:96:20,-64
BLE,1703217207546043383,D3:F4:55:AB:96:20,-62
BLE,1703217207928991212,D3:F4:55:AB:96:20,-69
BLE,1703217208119157112,D3:F4:55:AB:96:20,-61
BLE,1703217208311994333,D3:F4:55:AB:96:20,-62
BLE,1703217208713116122,DF:DF:EE:00:00:04,-55
BLE,1703217208881357537,D3:F4:55:AB:96:20,-65
BLE,1703217209075436335,D3:F4:55:AB:96:20,-47
BLE,1703217209168867084,DF:DF:EE:00:00:04,-54
BLE,1703217209263897201,D3:F4:55:AB:96:20,-64
BLE,1703217209845427725,D3:F4:55:AB:96:20,-64
BLE,1703217210040235854,D3:F4:55:AB:96:20,-62
BLE,1703217210173666882,DF:DF:EE:00:00:04,-55
BLE,1703217210426409752,D3:F4:55:AB:96:20,-47
BLE,1703217210617672230,D3:F4:55:AB:96:20,-60
BLE,1703217210812000195,D3:F4:55:AB:96:20,-64
BLE,1703217211003843170,D3:F4:55:AB:96:20,-46
BLE,1703217211168214352,DF:DF:EE:00:00:04,-56
BLE,1703217211384297552,D3:F4:55:AB:96:20,-62
BLE,1703217211576622567,D3:F4:55:AB:96:20,-65
BLE,1703217211707639398,DF:DF:EE:00:00:04,-55
BLE,1703217211769060081,D3:F4:55:AB:96:20,-60
BLE,1703217212154895523,D3:F4:55:AB:96:20,-63
BLE,1703217212165993848,DF:DF:EE:00:00:04,-54
BLE,1703217212346653873,D3:F4:55:AB:96:20,-64
BLE,1703217212705367519,DF:DF:EE:00:00:04,-54
BLE,1703217212924582539,D3:F4:55:AB:96:20,-62
BLE,1703217213115589268,D3:F4:55:AB:96:20,-62
BLE,1703217213500976503,D3:F4:55:AB:96:20,-61
BLE,1703217213826613088,DF:A6:DC:DC:2E:81,-59
BLE,1703217213826655338,DF:DF:EE:00:00:01,-59
BLE,1703217213887540358,D3:F4:55:AB:96:20,-63
BLE,1703217214279859687,D3:F4:55:AB:96:20,-64
BLE,1703217214712720876,DF:DF:EE:00:00:04,-40
BLE,1703217214833457419,DF:A6:DC:DC:2E:81,-73
BLE,1703217214833509086,DF:DF:EE:00:00:01,-73
BLE,1703217214864987987,D3:F4:55:AB:96:20,-64
BLE,1703217215060868277,D3:F4:55:AB:96:20,-63
BLE,1703217215164928520,DF:DF:EE:00:00:04,-53
BLE,1703217215255763322,D3:F4:55:AB:96:20,-61
BLE,1703217215704775523,DF:DF:EE:00:00:04,-54
BLE,1703217215833338656,D3:F4:55:AB:96:20,-64
BLE,1703217216026670375,D3:F4:55:AB:96:20,-62
BLE,1703217216981689188,D3:F4:55:AB:96:20,-64
BLE,1703217217173629704,D3:F4:55:AB:96:20,-47
BLE,1703217217555825203,D3:F4:55:AB:96:20,-67
BLE,1703217217712963834,DF:DF:EE:00:00:04,-55
BLE,1703217217849510890,DF:A6:DC:DC:2E:81,-73
BLE,1703217217849546098,DF:DF:EE:00:00:01,-73
BLE,1703217218133363871,D3:F4:55:AB:96:20,-46
BLE,1703217218324554224,D3:F4:55:AB:96:20,-63
BLE,1703217218904420631,D3:F4:55:AB:96:20,-63
BLE,1703217219169915985,DF:DF:EE:00:00:04,-53
BLE,1703217219294070805,D3:F4:55:AB:96:20,-65
BLE,1703217219704863093,DF:DF:EE:00:00:04,-53
BLE,1703217219859646818,DF:A6:DC:DC:2E:81,-74
BLE,1703217219859685776,DF:DF:EE:00:00:01,-74
BLE,1703217219869867314,D3:F4:55:AB:96:20,-60
BLE,1703217219871204974,D3:F4:55:AB:96:20,-63
BLE,1703217220067337389,D3:F4:55:AB:96:20,-61
BLE,1703217220169585223,DF:DF:EE:00:00:04,-56
BLE,1703217220256487918,D3:F4:55:AB:96:20,-62
BLE,1703217220445319907,D3:F4:55:AB:96:20,-65
BLE,1703217220639466164,D3:F4:55:AB:96:20,-62
BLE,1703217220869184053,DF:A6:DC:DC:2E:81,-74
BLE,1703217220869226428,DF:DF:EE:00:00:01,-74
BLE,1703217221029298795,D3:F4:55:AB:96:20,-64
BLE,1703217221172524655,DF:DF:EE:00:00:04,-54
BLE,1703217221224213840,D3:F4:55:AB:96:20,-63
BLE,1703217221612781978,D3:F4:55:AB:96:20,-64
BLE,1703217221877381253,DF:A6:DC:DC:2E:81,-89
BLE,1703217221877410794,DF:DF:EE:00:00:01,-89
BLE,1703217221995327850,D3:F4:55:AB:96:20,-66
BLE,1703217222166074462,DF:DF:EE:00:00:04,-55
BLE,1703217222711193232,DF:DF:EE:00:00:04,-55
BLE,1703217222761645882,D3:F4:55:AB:96:20,-64
BLE,1703217222880584933,DF:A6:DC:DC:2E:81,-72
BLE,1703217222880619391,DF:DF:EE:00:00:01,-72
BLE,1703217222955151766,D3:F4:55:AB:96:20,-63
BLE,1703217223334187405,D3:F4:55:AB:96:20,-62
BLE,1703217223906491679,D3:F4:55:AB:96:20,-64
BLE,1703217224100801143,D3:F4:55:AB:96:20,-64
BLE,1703217224171659910,DF:DF:EE:00:00:04,-55
BLE,1703217224292690618,D3:F4:55:AB:96:20,-70
BLE,1703217224486008587,D3:F4:55:AB:96:20,-62
BLE,1703217224671955756,D3:F4:55:AB:96:20,-50
BLE,1703217224708908424,DF:DF:EE:00:00:04,-56
BLE,1703217224866573760,D3:F4:55:AB:96:20,-63
BLE,1703217225058579027,D3:F4:55:AB:96:20,-66
BLE,1703217225249974629,D3:F4:55:AB:96:20,-62
BLE,1703217225626148614,D3:F4:55:AB:96:20,-61
BLE,1703217225902507669,DF:A6:DC:DC:2E:81,-72
BLE,1703217225902568086,DF:DF:EE:00:00:01,-72
BLE,1703217226396746334,D3:F4:55:AB:96:20,-63
BLE,1703217226585211658,D3:F4:55:AB:96:20,-50
BLE,1703217226908018090,DF:A6:DC:DC:2E:81,-57
BLE,1703217226908056714,DF:DF:EE:00:00:01,-57
BLE,1703217226966808410,D3:F4:55:AB:96:20,-64
BLE,1703217227161189416,D3:F4:55:AB:96:20,-63
BLE,1703217227171136871,DF:DF:EE:00:00:04,-54
BLE,1703217228117640930,D3:F4:55:AB:96:20,-64
BLE,1703217228164815553,DF:DF:EE:00:00:04,-53
BLE,1703217228504018827,D3:F4:55:AB:96:20,-60
BLE,1703217228917014606,DF:A6:DC:DC:2E:81,-73
BLE,1703217228917047814,DF:DF:EE:00:00:01,-73
BLE,1703217229083082280,D3:F4:55:AB:96:20,-65
BLE,1703217229168516731,DF:DF:EE:00:00:04,-56
BLE,1703217229280214440,D3:F4:55:AB:96:20,-63
BLE,1703217229467923809,D3:F4:55:AB:96:20,-64
BLE,1703217229706385325,DF:DF:EE:00:00:04,-55
BLE,1703217229849097979,D3:F4:55:AB:96:20,-64
BLE,1703217229918061296,DF:A6:DC:DC:2E:81,-75
BLE,1703217229918097462,DF:DF:EE:00:00:01,-75
BLE,1703217230043788067,D3:F4:55:AB:96:20,-63
BLE,1703217230164929233,DF:DF:EE:00:00:04,-38
BLE,1703217230234191174,D3:F4:55:AB:96:20,-64
BLE,1703217230426951395,D3:F4:55:AB:96:20,-62
BLE,1703217230616397798,D3:F4:55:AB:96:20,-50
BLE,1703217230701199543,DF:DF:EE:00:00:04,-53
BLE,1703217230806244032,D3:F4:55:AB:96:20,-63
BLE,1703217230926178121,DF:A6:DC:DC:2E:81,-79
BLE,1703217230926202787,DF:DF:EE:00:00:01,-79
BLE,1703217231579653032,D3:F4:55:AB:96:20,-50
BLE,1703217231707132670,DF:DF:EE:00:00:04,-55
BLE,1703217231770254263,D3:F4:55:AB:96:20,-61
BLE,1703217232155038625,D3:F4:55:AB:96:20,-60
BLE,1703217232728930059,D3:F4:55:AB:96:20,-64
BLE,1703217232917991547,D3:F4:55:AB:96:20,-61
BLE,1703217232937523168,DF:A6:DC:DC:2E:81,-71
BLE,1703217232937548084,DF:DF:EE:00:00:01,-71
BLE,1703217233171222831,DF:DF:EE:00:00:04,-58
BLE,1703217233304493402,D3:F4:55:AB:96:20,-62
BLE,1703217233492754393,D3:F4:55:AB:96:20,-66
BLE,1703217233710741335,DF:DF:EE:00:00:04,-55
BLE,1703217234074089419,D3:F4:55:AB:96:20,-63
BLE,1703217234164253099,DF:DF:EE:00:00:04,-56
BLE,1703217234455526379,D3:F4:55:AB:96:20,-47
BLE,1703217234643208123,D3:F4:55:AB:96:20,-64
BLE,1703217234839234622,D3:F4:55:AB:96:20,-63
BLE,1703217234947008473,DF:A6:DC:DC:2E:81,-73
BLE,1703217234947029556,DF:DF:EE:00:00:01,-73
BLE,1703217235027366489,D3:F4:55:AB:96:20,-64
BLE,1703217235173085712,DF:DF:EE:00:00:04,-55
BLE,1703217235412399017,D3:F4:55:AB:96:20,-46
BLE,1703217235712004302,DF:DF:EE:00:00:04,-68
BLE,1703217235804145265,D3:F4:55:AB:96:20,-62
BLE,1703217235990674723,D3:F4:55:AB:96:20,-64
BLE,1703217236185253978,D3:F4:55:AB:96:20,-61
BLE,1703217236705005903,DF:DF:EE:00:00:04,-56
BLE,1703217236770544277,D3:F4:55:AB:96:20,-63
BLE,1703217236957893439,D3:F4:55:AB:96:20,-78
BLE,1703217236963672913,DF:A6:DC:DC:2E:81,-71
BLE,1703217236963684205,DF:DF:EE:00:00:01,-71
BLE,1703217237343770005,D3:F4:55:AB:96:20,-65
BLE,1703217237707873669,DF:DF:EE:00:00:04,-53
BLE,1703217237725673506,D3:F4:55:AB:96:20,-78
BLE,1703217237916758359,D3:F4:55:AB:96:20,-67
BLE,1703217238104723477,D3:F4:55:AB:96:20,-64
BLE,1703217238169308480,DF:DF:EE:00:00:04,-56
BLE,1703217238298919442,D3:F4:55:AB:96:20,-63
BLE,1703217238487032643,D3:F4:55:AB:96:20,-64
BLE,1703217238682355269,D3:F4:55:AB:96:20,-63
BLE,1703217238704064547,DF:DF:EE:00:00:04,-55
BLE,1703217238977719073,DF:A6:DC:DC:2E:81,-73
BLE,1703217238977775365,DF:DF:EE:00:00:01,-73
BLE,1703217239171054417,DF:DF:EE:00:00:04,-40
BLE,1703217239634438761,D3:F4:55:AB:96:20,-64
BLE,1703217239705943358,DF:DF:EE:00:00:04,-53
BLE,1703217239832021128,D3:F4:55:AB:96:20,-63
BLE,1703217239980934379,DF:A6:DC:DC:2E:81,-56
BLE,1703217239980997420,DF:DF:EE:00:00:01,-56
BLE,1703217240167056630,DF:DF:EE:00:00:04,-55
BLE,1703217240209654939,D3:F4:55:AB:96:20,-60
BLE,1703217240403026241,D3:F4:55:AB:96:20,-64
BLE,1703217240788756808,D3:F4:55:AB:96:20,-62
BLE,1703217241164497169,DF:DF:EE:00:00:04,-53
BLE,1703217241182919670,D3:F4:55:AB:96:20,-62
BLE,1703217241371980616,D3:F4:55:AB:96:20,-50
BLE,1703217241705527583,DF:DF:EE:00:00:04,-54
BLE,1703217241764591361,D3:F4:55:AB:96:20,-62
BLE,1703217242142748378,D3:F4:55:AB:96:20,-60
BLE,1703217242334647186,D3:F4:55:AB:96:20,-64
BLE,1703217242532118595,D3:F4:55:AB:96:20,-62
BLE,1703217242712878287,DF:DF:EE:00:00:04,-57
BLE,1703217242728758424,D3:F4:55:AB:96:20,-62
BLE,1703217242922734973,D3:F4:55:AB:96:20,-65
BLE,1703217243004590607,DF:A6:DC:DC:2E:81,-74
BLE,1703217243004611815,DF:DF:EE:00:00:01,-74
BLE,1703217243118102308,D3:F4:55:AB:96:20,-63
BLE,1703217243305019972,D3:F4:55:AB:96:20,-64
BLE,1703217243497443570,D3:F4:55:AB:96:20,-64
BLE,1703217243685971060,D3:F4:55:AB:96:20,-69
BLE,1703217243708291002,DF:DF:EE:00:00:04,-52
BLE,1703217243882104850,D3:F4:55:AB:96:20,-62
BLE,1703217244070642090,D3:F4:55:AB:96:20,-64
BLE,1703217244172788925,DF:DF:EE:00:00:04,-55
BLE,1703217244711397516,DF:DF:EE:00:00:04,-55
BLE,1703217244850773726,D3:F4:55:AB:96:20,-62
BLE,1703217245009772973,DF:A6:DC:DC:2E:81,-72
BLE,1703217245009814390,DF:DF:EE:00:00:01,-72
BLE,1703217245433216955,D3:F4:55:AB:96:20,-46
BLE,1703217245707526520,DF:DF:EE:00:00:04,-55
BLE,1703217245816028868,D3:F4:55:AB:96:20,-63
BLE,1703217246201848893,D3:F4:55:AB:96:20,-47
BLE,1703217246581862318,D3:F4:55:AB:96:20,-62
BLE,1703217246708219420,DF:DF:EE:00:00:04,-54
BLE,1703217246772143926,D3:F4:55:AB:96:20,-63
BLE,1703217247016487791,DF:A6:DC:DC:2E:81,-73
BLE,1703217247016519624,DF:DF:EE:00:00:01,-73
BLE,1703217247166393079,DF:DF:EE:00:00:04,-56
BLE,1703217247702157808,DF:DF:EE:00:00:04,-55
BLE,1703217247929053460,D3:F4:55:AB:96:20,-63
BLE,1703217248020177720,DF:A6:DC:DC:2E:81,-72
BLE,1703217248020204886,DF:DF:EE:00:00:01,-72
BLE,1703217248163158205,DF:DF:EE:00:00:04,-53
BLE,1703217248312426829,D3:F4:55:AB:96:20,-62
BLE,1703217248697048568,D3:F4:55:AB:96:20,-62
BLE,1703217248706718316,DF:DF:EE:00:00:04,-53
BLE,1703217249171963694,DF:DF:EE:00:00:04,-56
BLE,1703217249275774563,D3:F4:55:AB:96:20,-62
BLE,1703217250033216176,DF:A6:DC:DC:2E:81,-74
BLE,1703217250033251634,DF:DF:EE:00:00:01,-74
BLE,1703217250232773950,D3:F4:55:AB:96:20,-66
BLE,1703217250430538816,D3:F4:55:AB:96:20,-62
BLE,1703217250820538863,D3:F4:55:AB:96:20,-64
BLE,1703217251014344913,D3:F4:55:AB:96:20,-62
BLE,1703217251037199769,DF:A6:DC:DC:2E:81,-73
BLE,1703217251037209894,DF:DF:EE:00:00:01,-73
BLE,1703217251202281156,D3:F4:55:AB:96:20,-65
BLE,1703217251398420529,D3:F4:55:AB:96:20,-61
BLE,1703217251585686108,D3:F4:55:AB:96:20,-50
BLE,1703217251777252668,D3:F4:55:AB:96:20,-47
BLE,1703217251967153069,D3:F4:55:AB:96:20,-65
BLE,1703217252161010119,D3:F4:55:AB:96:20,-47
BLE,1703217252164755310,DF:DF:EE:00:00:04,-55
BLE,1703217252349576775,D3:F4:55:AB:96:20,-65
BLE,1703217252543237951,D3:F4:55:AB:96:20,-63
BLE,1703217252704297189,DF:DF:EE:00:00:04,-56
BLE,1703217252731117986,D3:F4:55:AB:96:20,-64
BLE,1703217252920374265,D3:F4:55:AB:96:20,-61
BLE,1703217253166216499,DF:DF:EE:00:00:04,-40
BLE,1703217253309167526,D3:F4:55:AB:96:20,-61
BLE,1703217253504369736,D3:F4:55:AB:96:20,-61
BLE,1703217253892105711,D3:F4:55:AB:96:20,-63
BLE,1703217254061579620,DF:A6:DC:DC:2E:81,-73
BLE,1703217254061616786,DF:DF:EE:00:00:01,-73
BLE,1703217254080874408,D3:F4:55:AB:96:20,-65
BLE,1703217254273860837,D3:F4:55:AB:96:20,-63
BLE,1703217254462100662,D3:F4:55:AB:96:20,-64
BLE,1703217254659258113,D3:F4:55:AB:96:20,-62
BLE,1703217255063811054,DF:A6:DC:DC:2E:81,-72
BLE,1703217255063847679,DF:DF:EE:00:00:01,-72
BLE,1703217255163533150,DF:DF:EE:00:00:04,-37
BLE,1703217256009381493,D3:F4:55:AB:96:20,-62
BLE,1703217256166275249,DF:DF:EE:00:00:04,-55
BLE,1703217256584948085,D3:F4:55:AB:96:20,-62
BLE,1703217256780988625,D3:F4:55:AB:96:20,-64
BLE,1703217257164664118,DF:DF:EE:00:00:04,-53
BLE,1703217257545271166,D3:F4:55:AB:96:20,-64
BLE,1703217257711185257,DF:DF:EE:00:00:04,-54
BLE,1703217257745128022,D3:F4:55:AB:96:20,-63
BLE,1703217258079537235,DF:A6:DC:DC:2E:81,-74
BLE,1703217258079589360,DF:DF:EE:00:00:01,-74
BLE,1703217258165108477,DF:DF:EE:00:00:04,-55
BLE,1703217258314552476,D3:F4:55:AB:96:20,-64
BLE,1703217258505581038,D3:F4:55:AB:96:20,-63
BLE,1703217258697373139,D3:F4:55:AB:96:20,-64
BLE,1703217258703374320,DF:DF:EE:00:00:04,-54
BLE,1703217258892297100,D3:F4:55:AB:96:20,-62
BLE,1703217259083396204,DF:A6:DC:DC:2E:81,-71
BLE,1703217259083431371,DF:DF:EE:00:00:01,-71
BLE,1703217259276621132,D3:F4:55:AB:96:20,-50
BLE,1703217259472052299,D3:F4:55:AB:96:20,-67
BLE,1703217259660389082,D3:F4:55:AB:96:20,-50
BLE,1703217259709431030,DF:DF:EE:00:00:04,-53
BLE,1703217259856016999,D3:F4:55:AB:96:20,-63
BLE,1703217260440591968,D3:F4:55:AB:96:20,-63
BLE,1703217260637203006,D3:F4:55:AB:96:20,-63
BLE,1703217260699817309,DF:DF:EE:00:00:04,-38
BLE,1703217261094876459,DF:A6:DC:DC:2E:81,-72
BLE,1703217261095020333,DF:DF:EE:00:00:01,-72
BLE,1703217261170880536,DF:DF:EE:00:00:04,-65
BLE,1703217261397487064,D3:F4:55:AB:96:20,-64
BLE,1703217261594848640,D3:F4:55:AB:96:20,-65
BLE,1703217261787326487,D3:F4:55:AB:96:20,-62
BLE,1703217261978632924,D3:F4:55:AB:96:20,-64
BLE,1703217262172284891,DF:DF:EE:00:00:04,-55
BLE,1703217262176660496,D3:F4:55:AB:96:20,-63
BLE,1703217262367789642,D3:F4:55:AB:96:20,-46
BLE,1703217262562297355,D3:F4:55:AB:96:20,-65
BLE,1703217262757062776,D3:F4:55:AB:96:20,-62
BLE,1703217262947660132,D3:F4:55:AB:96:20,-64
BLE,1703217263102335732,DF:A6:DC:DC:2E:81,-78
BLE,1703217263102381190,DF:DF:EE:00:00:01,-78
BLE,1703217263170429177,DF:DF:EE:00:00:04,-53
BLE,1703217263529823778,D3:F4:55:AB:96:20,-65
BLE,1703217263709759432,DF:DF:EE:00:00:04,-53
BLE,1703217263726675648,D3:F4:55:AB:96:20,-63
BLE,1703217263921018404,D3:F4:55:AB:96:20,-62
BLE,1703217264112657214,DF:A6:DC:DC:2E:81,-72
BLE,1703217264112723838,DF:DF:EE:00:00:01,-72
BLE,1703217264117338193,D3:F4:55:AB:96:20,-50
BLE,1703217264314856768,D3:F4:55:AB:96:20,-62
BLE,1703217264697542681,D3:F4:55:AB:96:20,-61
BLE,1703217264889314657,D3:F4:55:AB:96:20,-60
BLE,1703217265470384100,D3:F4:55:AB:96:20,-64
BLE,1703217265709113241,DF:DF:EE:00:00:04,-55
BLE,1703217266241306778,D3:F4:55:AB:96:20,-62
BLE,1703217266437278985,D3:F4:55:AB:96:20,-64
BLE,1703217266629762499,D3:F4:55:AB:96:20,-46
BLE,1703217267594557601,D3:F4:55:AB:96:20,-63
BLE,1703217267710402875,DF:DF:EE:00:00:04,-53
BLE,1703217267971038543,D3:F4:55:AB:96:20,-60
BLE,1703217268134350146,DF:A6:DC:DC:2E:81,-73
BLE,1703217268134387146,DF:DF:EE:00:00:01,-73
BLE,1703217268543179526,D3:F4:55:AB:96:20,-46
BLE,1703217268736976118,D3:F4:55:AB:96:20,-60
BLE,1703217268925792815,D3:F4:55:AB:96:20,-63
BLE,1703217269117523041,D3:F4:55:AB:96:20,-61
BLE,1703217269169676058,DF:DF:EE:00:00:04,-56
BLE,1703217269504502894,D3:F4:55:AB:96:20,-60
BLE,1703217269698237735,D3:F4:55:AB:96:20,-64
BLE,1703217269704192001,DF:DF:EE:00:00:04,-54
BLE,1703217269893296905,D3:F4:55:AB:96:20,-63
BLE,1703217270168957339,DF:DF:EE:00:00:04,-54
BLE,1703217270280576548,D3:F4:55:AB:96:20,-64
BLE,1703217270472213566,D3:F4:55:AB:96:20,-60
BLE,1703217270666117199,D3:F4:55:AB:96:20,-80
BLE,1703217271151562528,DF:A6:DC:DC:2E:81,-72
BLE,1703217271151601361,DF:DF:EE:00:00:01,-72
BLE,1703217271164524887,DF:DF:EE:00:00:04,-40
BLE,1703217271237417436,D3:F4:55:AB:96:20,-60
BLE,1703217271810423290,D3:F4:55:AB:96:20,-69
BLE,1703217272006532038,D3:F4:55:AB:96:20,-62
BLE,1703217272193637576,D3:F4:55:AB:96:20,-64
BLE,1703217272392790977,D3:F4:55:AB:96:20,-62
BLE,1703217272590332636,D3:F4:55:AB:96:20,-62
BLE,1703217272701995720,DF:DF:EE:00:00:04,-57
BLE,1703217272776993134,D3:F4:55:AB:96:20,-64
BLE,1703217273163818654,DF:DF:EE:00:00:04,-53
BLE,1703217273356413085,D3:F4:55:AB:96:20,-63
BLE,1703217273701036335,DF:DF:EE:00:00:04,-38
BLE,1703217273740435201,D3:F4:55:AB:96:20,-61
BLE,1703217273937140029,D3:F4:55:AB:96:20,-62
BLE,1703217274162423980,DF:DF:EE:00:00:04,-54
BLE,1703217274169237992,DF:A6:DC:DC:2E:81,-74
BLE,1703217274169248450,DF:DF:EE:00:00:01,-74
BLE,1703217274324910004,D3:F4:55:AB:96:20,-62
BLE,1703217274512600748,D3:F4:55:AB:96:20,-64
BLE,1703217274700831448,DF:DF:EE:00:00:04,-54
BLE,1703217274708608121,D3:F4:55:AB:96:20,-63
BLE,1703217274896470406,D3:F4:55:AB:96:20,-78
BLE,1703217275092351072,D3:F4:55:AB:96:20,-62
BLE,1703217275165603703,DF:DF:EE:00:00:04,-54
BLE,1703217275172280048,DF:A6:DC:DC:2E:81,-71
BLE,1703217275172293589,DF:DF:EE:00:00:01,-71
BLE,1703217275284887002,D3:F4:55:AB:96:20,-60
BLE,1703217275667592208,D3:F4:55:AB:96:20,-62
BLE,1703217276169678629,DF:DF:EE:00:00:04,-70
BLE,1703217276174830231,DF:A6:DC:DC:2E:81,-74
BLE,1703217276174842189,DF:DF:EE:00:00:01,-74
BLE,1703217276237787325,D3:F4:55:AB:96:20,-62
BLE,1703217276433633115,D3:F4:55:AB:96:20,-46
BLE,1703217276622744770,D3:F4:55:AB:96:20,-62
BLE,1703217276704634820,DF:DF:EE:00:00:04,-56
BLE,1703217277007177051,D3:F4:55:AB:96:20,-64
BLE,1703217277165743508,DF:DF:EE:00:00:04,-55
BLE,1703217277181194689,DF:A6:DC:DC:2E:81,-73
BLE,1703217277181207439,DF:DF:EE:00:00:01,-73
BLE,1703217277200006938,D3:F4:55:AB:96:20,-61
BLE,1703217277395254482,D3:F4:55:AB:96:20,-50
BLE,1703217277702419900,DF:DF:EE:00:00:04,-57
BLE,1703217277980164158,D3:F4:55:AB:96:20,-65
BLE,1703217278162106886,DF:DF:EE:00:00:04,-55
BLE,1703217278174802829,D3:F4:55:AB:96:20,-62
BLE,1703217278563101218,D3:F4:55:AB:96:20,-64
BLE,1703217278710465725,DF:DF:EE:00:00:04,-56
BLE,1703217278759245341,D3:F4:55:AB:96:20,-62
BLE,1703217278952286936,D3:F4:55:AB:96:20,-46
BLE,1703217279341410987,D3:F4:55:AB:96:20,-67
BLE,1703217279701777751,DF:DF:EE:00:00:04,-55
BLE,1703217279724964314,D3:F4:55:AB:96:20,-63
BLE,1703217279912542683,D3:F4:55:AB:96:20,-63
BLE,1703217280295548970,D3:F4:55:AB:96:20,-65
BLE,1703217280690800494,D3:F4:55:AB:96:20,-46
BLE,1703217280700363535,DF:DF:EE:00:00:04,-53
BLE,1703217281072677495,D3:F4:55:AB:96:20,-67
BLE,1703217281207652850,DF:A6:DC:DC:2E:81,-73
BLE,1703217281207687975,DF:DF:EE:00:00:01,-73
BLE,1703217281261268277,D3:F4:55:AB:96:20,-66
BLE,1703217281639344086,D3:F4:55:AB:96:20,-62
BLE,1703217281704574961,DF:DF:EE:00:00:04,-56
BLE,1703217281832797263,D3:F4:55:AB:96:20,-60
BLE,1703217282163529575,DF:DF:EE:00:00:04,-53
BLE,1703217282223789556,D3:F4:55:AB:96:20,-63
BLE,1703217282411905839,D3:F4:55:AB:96:20,-51
BLE,1703217282704956737,DF:DF:EE:00:00:04,-53
BLE,1703217283210688476,DF:A6:DC:DC:2E:81,-58
BLE,1703217283210727726,DF:DF:EE:00:00:01,-58
BLE,1703217283563543564,D3:F4:55:AB:96:20,-46
BLE,1703217283702407193,DF:DF:EE:00:00:04,-53
BLE,1703217284140811525,D3:F4:55:AB:96:20,-64
BLE,1703217284218872842,DF:A6:DC:DC:2E:81,-72
BLE,1703217284218994967,DF:DF:EE:00:00:01,-72
BLE,1703217284330256927,D3:F4:55:AB:96:20,-47
BLE,1703217284520445244,D3:F4:55:AB:96:20,-62
BLE,1703217284704815586,DF:DF:EE:00:00:04,-53
BLE,1703217284706244788,D3:F4:55:AB:96:20,-64
BLE,1703217285093650472,D3:F4:55:AB:96:20,-60
BLE,1703217285709487760,DF:DF:EE:00:00:04,-55
BLE,1703217285859044966,D3:F4:55:AB:96:20,-62
BLE,1703217286167018797,DF:DF:EE:00:00:04,-53
BLE,1703217286247527812,D3:F4:55:AB:96:20,-63
BLE,1703217287160110273,DF:DF:EE:00:00:04,-53
BLE,1703217287201303713,D3:F4:55:AB:96:20,-64
BLE,1703217287235778309,DF:A6:DC:DC:2E:81,-72
BLE,1703217287235793393,DF:DF:EE:00:00:01,-72
BLE,1703217287583068465,D3:F4:55:AB:96:20,-64
BLE,1703217287706305955,DF:DF:EE:00:00:04,-55
BLE,1703217287773590988,D3:F4:55:AB:96:20,-46
BLE,1703217287967640328,D3:F4:55:AB:96:20,-65
BLE,1703217288166075149,DF:DF:EE:00:00:04,-57
BLE,1703217288347959044,D3:F4:55:AB:96:20,-64
BLE,1703217288547178195,D3:F4:55:AB:96:20,-63
BLE,1703217288733846693,D3:F4:55:AB:96:20,-64
BLE,1703217289128504678,D3:F4:55:AB:96:20,-63
BLE,1703217289161091949,DF:DF:EE:00:00:04,-53
BLE,1703217289251408420,DF:A6:DC:DC:2E:81,-73
BLE,1703217289251439004,DF:DF:EE:00:00:01,-73
BLE,1703217289315031803,D3:F4:55:AB:96:20,-65
BLE,1703217289508086523,D3:F4:55:AB:96:20,-61
BLE,1703217289700755911,D3:F4:55:AB:96:20,-63
BLE,1703217289706441594,DF:DF:EE:00:00:04,-54
BLE,1703217289897016450,D3:F4:55:AB:96:20,-62
BLE,1703217290085212317,D3:F4:55:AB:96:20,-64
BLE,1703217290163279259,DF:DF:EE:00:00:04,-55
BLE,1703217290261372737,DF:A6:DC:DC:2E:81,-73
BLE,1703217290261395821,DF:DF:EE:00:00:01,-73
BLE,1703217290665415722,D3:F4:55:AB:96:20,-64
BLE,1703217290862794381,D3:F4:55:AB:96:20,-63
BLE,1703217291048536967,D3:F4:55:AB:96:20,-64
BLE,1703217291163007539,DF:DF:EE:00:00:04,-53
BLE,1703217291239157531,D3:F4:55:AB:96:20,-46
BLE,1703217291437233729,D3:F4:55:AB:96:20,-62
BLE,1703217291627393045,D3:F4:55:AB:96:20,-63
BLE,1703217291699654014,DF:DF:EE:00:00:04,-38
BLE,1703217291816178034,D3:F4:55:AB:96:20,-63
BLE,1703217292169101581,DF:DF:EE:00:00:04,-55
BLE,1703217292274512818,DF:A6:DC:DC:2E:81,-56
BLE,1703217292274527360,DF:DF:EE:00:00:01,-56
BLE,1703217292595853673,D3:F4:55:AB:96:20,-63
BLE,1703217292705212934,DF:DF:EE:00:00:04,-40
BLE,1703217292789433349,D3:F4:55:AB:96:20,-61
BLE,1703217292978711502,D3:F4:55:AB:96:20,-62
BLE,1703217293164613713,DF:DF:EE:00:00:04,-53
BLE,1703217293172578802,D3:F4:55:AB:96:20,-62
BLE,1703217293279519532,DF:A6:DC:DC:2E:81,-73
BLE,1703217293279534990,DF:DF:EE:00:00:01,-73
BLE,1703217293368712342,D3:F4:55:AB:96:20,-65
BLE,1703217293705949959,DF:DF:EE:00:00:04,-53
BLE,1703217293943515229,D3:F4:55:AB:96:20,-63
BLE,1703217294131633722,D3:F4:55:AB:96:20,-65
BLE,1703217294330775123,D3:F4:55:AB:96:20,-62
BLE,1703217294700100554,DF:DF:EE:00:00:04,-54
BLE,1703217294715829859,D3:F4:55:AB:96:20,-65
BLE,1703217295165243349,DF:DF:EE:00:00:04,-54
BLE,1703217295496507535,D3:F4:55:AB:96:20,-63
BLE,1703217295686406519,D3:F4:55:AB:96:20,-66
BLE,1703217296073362663,D3:F4:55:AB:96:20,-60
BLE,1703217296265606804,D3:F4:55:AB:96:20,-62
BLE,1703217296456641449,D3:F4:55:AB:96:20,-46
BLE,1703217296651452953,D3:F4:55:AB:96:20,-70
BLE,1703217296850779395,D3:F4:55:AB:96:20,-62
BLE,1703217297036817730,D3:F4:55:AB:96:20,-64
BLE,1703217297227870584,D3:F4:55:AB:96:20,-63
BLE,1703217297297991979,DF:A6:DC:DC:2E:81,-73
BLE,1703217297298027187,DF:DF:EE:00:00:01,-73
BLE,1703217298169806497,DF:DF:EE:00:00:04,-54
BLE,1703217298196731418,D3:F4:55:AB:96:20,-62
BLE,1703217298297471759,DF:A6:DC:DC:2E:81,-73
BLE,1703217298297506342,DF:DF:EE:00:00:01,-73
BLE,1703217298701382119,DF:DF:EE:00:00:04,-53
BLE,1703217298775594454,D3:F4:55:AB:96:20,-60
BLE,1703217299151415315,D3:F4:55:AB:96:20,-65
BLE,1703217299301921226,DF:A6:DC:DC:2E:81,-73
BLE,1703217299301971892,DF:DF:EE:00:00:01,-73
BLE,1703217299531755323,D3:F4:55:AB:96:20,-64
BLE,1703217299705729295,DF:DF:EE:00:00:04,-56
BLE,1703217300107574498,D3:F4:55:AB:96:20,-63
BLE,1703217300704052497,DF:DF:EE:00:00:04,-54
BLE,1703217300883376528,D3:F4:55:AB:96:20,-64
BLE,1703217301079170236,D3:F4:55:AB:96:20,-62
BLE,1703217301161722325,DF:DF:EE:00:00:04,-54
BLE,1703217301312840483,DF:A6:DC:DC:2E:81,-73
BLE,1703217301312895483,DF:DF:EE:00:00:01,-73
BLE,1703217301462253898,D3:F4:55:AB:96:20,-47
BLE,1703217301654872995,D3:F4:55:AB:96:20,-47
BLE,1703217301701590369,DF:DF:EE:00:00:04,-43
BLE,1703217302030277316,D3:F4:55:AB:96:20,-65
BLE,1703217302316705827,DF:A6:DC:DC:2E:81,-73
BLE,1703217302316750660,DF:DF:EE:00:00:01,-73
BLE,1703217302597791570,D3:F4:55:AB:96:20,-61
BLE,1703217302704277677,DF:DF:EE:00:00:04,-53
BLE,1703217302788118677,D3:F4:55:AB:96:20,-62
BLE,1703217302975471423,D3:F4:55:AB:96:20,-64
BLE,1703217303162373295,DF:DF:EE:00:00:04,-56
BLE,1703217303172658166,D3:F4:55:AB:96:20,-62
BLE,1703217303321172877,DF:A6:DC:DC:2E:81,-71
BLE,1703217303321212585,DF:DF:EE:00:00:01,-71
BLE,1703217303358431877,D3:F4:55:AB:96:20,-64
BLE,1703217303547671239,D3:F4:55:AB:96:20,-46
BLE,1703217304124007203,D3:F4:55:AB:96:20,-64
BLE,1703217304316632842,D3:F4:55:AB:96:20,-63
BLE,1703217304506549368,D3:F4:55:AB:96:20,-64
BLE,1703217304707759676,DF:DF:EE:00:00:04,-54
BLE,1703217305091922917,D3:F4:55:AB:96:20,-69
BLE,1703217305160468860,DF:DF:EE:00:00:04,-53
BLE,1703217305286817920,D3:F4:55:AB:96:20,-63
BLE,1703217305335372828,DF:A6:DC:DC:2E:81,-73
BLE,1703217305335413786,DF:DF:EE:00:00:01,-73
BLE,1703217305477442442,D3:F4:55:AB:96:20,-61
BLE,1703217305853021846,D3:F4:55:AB:96:20,-65
BLE,1703217306044887655,D3:F4:55:AB:96:20,-60
BLE,1703217306162854627,DF:DF:EE:00:00:04,-55
BLE,1703217306233646352,D3:F4:55:AB:96:20,-62
BLE,1703217306345025104,DF:A6:DC:DC:2E:81,-57
BLE,1703217306345062354,DF:DF:EE:00:00:01,-57
BLE,1703217306700832805,DF:DF:EE:00:00:04,-55
BLE,1703217306802574058,D3:F4:55:AB:96:20,-64
BLE,1703217307168849087,DF:DF:EE:00:00:04,-56
BLE,1703217307387040111,D3:F4:55:AB:96:20,-64
BLE,1703217307698868383,DF:DF:EE:00:00:04,-53
BLE,1703217307976919307,D3:F4:55:AB:96:20,-46
BLE,1703217308170031318,D3:F4:55:AB:96:20,-64
BLE,1703217308358069644,DF:A6:DC:DC:2E:81,-70
BLE,1703217308358107685,DF:DF:EE:00:00:01,-70
BLE,1703217308368255473,D3:F4:55:AB:96:20,-62
BLE,1703217308558345998,D3:F4:55:AB:96:20,-66
BLE,1703217308748784105,D3:F4:55:AB:96:20,-62
BLE,1703217309130680564,D3:F4:55:AB:96:20,-63
BLE,1703217309160240390,DF:DF:EE:00:00:04,-54
BLE,1703217309319938801,D3:F4:55:AB:96:20,-64
BLE,1703217309706047116,D3:F4:55:AB:96:20,-51
BLE,1703217309707567567,D3:F4:55:AB:96:20,-37
BLE,1703217310162666157,DF:DF:EE:00:00:04,-56
BLE,1703217310281536751,D3:F4:55:AB:96:20,-62
BLE,1703217310365972290,DF:A6:DC:DC:2E:81,-69
BLE,1703217310366017290,DF:DF:EE:00:00:01,-69
BLE,1703217310469314369,D3:F4:55:AB:96:20,-64
BLE,1703217310660743430,D3:F4:55:AB:96:20,-63
BLE,1703217310707088764,DF:DF:EE:00:00:04,-41
BLE,1703217311051062393,D3:F4:55:AB:96:20,-64
BLE,1703217311164557885,DF:DF:EE:00:00:04,-53
BLE,1703217311365638986,DF:A6:DC:DC:2E:81,-73
BLE,1703217311365690194,DF:DF:EE:00:00:01,-73
BLE,1703217311639160638,D3:F4:55:AB:96:20,-64
BLE,1703217312167559817,DF:DF:EE:00:00:04,-56
BLE,1703217312371948403,DF:A6:DC:DC:2E:81,-72
BLE,1703217312371999736,DF:DF:EE:00:00:01,-72
BLE,1703217312405175879,D3:F4:55:AB:96:20,-64
BLE,1703217312705184454,DF:DF:EE:00:00:04,-55
BLE,1703217313166872723,DF:DF:EE:00:00:04,-53
BLE,1703217313362284016,D3:F4:55:AB:96:20,-47
BLE,1703217313379108149,DF:A6:DC:DC:2E:81,-70
BLE,1703217313379161690,DF:DF:EE:00:00:01,-70
BLE,1703217313552423999,D3:F4:55:AB:96:20,-64
BLE,1703217313700476337,DF:DF:EE:00:00:04,-55
BLE,1703217313939942766,D3:F4:55:AB:96:20,-62
BLE,1703217314164138555,DF:DF:EE:00:00:04,-54
BLE,1703217314698964996,DF:DF:EE:00:00:04,-53
BLE,1703217315090298330,D3:F4:55:AB:96:20,-61
BLE,1703217315163038463,DF:DF:EE:00:00:04,-55
BLE,1703217315285024542,D3:F4:55:AB:96:20,-64
BLE,1703217315477119183,D3:F4:55:AB:96:20,-62
BLE,1703217315668494869,D3:F4:55:AB:96:20,-66
BLE,1703217315670101862,D3:F4:55:AB:96:20,-62
BLE,1703217315700989474,DF:DF:EE:00:00:04,-55
BLE,1703217316051308574,D3:F4:55:AB:96:20,-64
BLE,1703217316160148295,DF:DF:EE:00:00:04,-53
BLE,1703217316241317099,D3:F4:55:AB:96:20,-62
BLE,1703217316383090423,DF:A6:DC:DC:2E:81,-74
BLE,1703217316383128007,DF:DF:EE:00:00:01,-74
BLE,1703217316432554036,D3:F4:55:AB:96:20,-50
BLE,1703217316701260209,DF:DF:EE:00:00:04,-52
BLE,1703217317195802372,D3:F4:55:AB:96:20,-64
BLE,1703217317386071980,D3:F4:55:AB:96:20,-46
BLE,1703217317393899487,DF:A6:DC:DC:2E:81,-72
BLE,1703217317393924778,DF:DF:EE:00:00:01,-72
BLE,1703217317705420802,DF:DF:EE:00:00:04,-55
BLE,1703217318154609251,D3:F4:55:AB:96:20,-63
BLE,1703217318160948681,DF:DF:EE:00:00:04,-53
BLE,1703217318341792748,D3:F4:55:AB:96:20,-65
BLE,1703217318395983339,DF:A6:DC:DC:2E:81,-70
BLE,1703217318396010339,DF:DF:EE:00:00:01,-70
BLE,1703217318535408840,D3:F4:55:AB:96:20,-63
BLE,1703217318702662384,DF:DF:EE:00:00:04,-53
BLE,1703217318727041358,D3:F4:55:AB:96:20,-64
BLE,1703217319121473761,D3:F4:55:AB:96:20,-61
BLE,1703217319163006575,DF:DF:EE:00:00:04,-55
BLE,1703217319307588887,D3:F4:55:AB:96:20,-64
BLE,1703217319405030618,DF:A6:DC:DC:2E:81,-71
BLE,1703217319405059076,DF:DF:EE:00:00:01,-71
BLE,1703217319499876860,D3:F4:55:AB:96:20,-61
BLE,1703217319693594453,D3:F4:55:AB:96:20,-65
BLE,1703217319706497312,DF:DF:EE:00:00:04,-55
BLE,1703217319886904921,D3:F4:55:AB:96:20,-62
BLE,1703217320078561356,D3:F4:55:AB:96:20,-65
BLE,1703217320411555492,DF:A6:DC:DC:2E:81,-73
BLE,1703217320411588283,DF:DF:EE:00:00:01,-73
BLE,1703217320471956388,D3:F4:55:AB:96:20,-63
BLE,1703217320661630832,D3:F4:55:AB:96:20,-79
BLE,1703217320705182220,DF:DF:EE:00:00:04,-53
BLE,1703217321045454574,D3:F4:55:AB:96:20,-65
BLE,1703217321169793976,DF:DF:EE:00:00:04,-55
BLE,1703217321629296755,D3:F4:55:AB:96:20,-65
BLE,1703217321702644427,DF:DF:EE:00:00:04,-53
BLE,1703217321820929689,D3:F4:55:AB:96:20,-62
BLE,1703217322009476679,D3:F4:55:AB:96:20,-64
BLE,1703217322160806378,DF:DF:EE:00:00:04,-56
BLE,1703217322202798107,D3:F4:55:AB:96:20,-62
BLE,1703217322395183663,D3:F4:55:AB:96:20,-65
BLE,1703217322425524652,DF:A6:DC:DC:2E:81,-71
BLE,1703217322425550569,DF:DF:EE:00:00:01,-71
BLE,1703217322592682988,D3:F4:55:AB:96:20,-66
BLE,1703217322701579459,DF:DF:EE:00:00:04,-54
BLE,1703217322788362196,D3:F4:55:AB:96:20,-62
BLE,1703217322975480693,D3:F4:55:AB:96:20,-65
BLE,1703217323353304462,D3:F4:55:AB:96:20,-63
BLE,1703217323741498101,D3:F4:55:AB:96:20,-64
BLE,1703217323930760296,D3:F4:55:AB:96:20,-62
BLE,1703217324124510596,D3:F4:55:AB:96:20,-65
BLE,1703217324439525021,DF:A6:DC:DC:2E:81,-73
BLE,1703217324439562104,DF:DF:EE:00:00:01,-73
BLE,1703217324705782288,DF:DF:EE:00:00:04,-73
BLE,1703217324889540425,D3:F4:55:AB:96:20,-64
BLE,1703217325162731328,DF:DF:EE:00:00:04,-53
BLE,1703217325271937715,D3:F4:55:AB:96:20,-64
BLE,1703217325443122366,DF:A6:DC:DC:2E:81,-73
BLE,1703217325443156824,DF:DF:EE:00:00:01,-73
BLE,1703217325471133199,D3:F4:55:AB:96:20,-62
BLE,1703217325853026325,D3:F4:55:AB:96:20,-62
BLE,1703217326039451074,D3:F4:55:AB:96:20,-65
BLE,1703217326165167929,DF:DF:EE:00:00:04,-55
BLE,1703217326232133046,D3:F4:55:AB:96:20,-63
BLE,1703217326420927952,D3:F4:55:AB:96:20,-64
BLE,1703217326613850339,D3:F4:55:AB:96:20,-62
BLE,1703217326703072148,DF:DF:EE:00:00:04,-56
BLE,1703217326997059084,D3:F4:55:AB:96:20,-62
BLE,1703217327164901208,DF:DF:EE:00:00:04,-53
BLE,1703217327187180609,D3:F4:55:AB:96:20,-64
BLE,1703217327378174338,D3:F4:55:AB:96:20,-62
BLE,1703217327450633014,DF:A6:DC:DC:2E:81,-73
BLE,1703217327450650972,DF:DF:EE:00:00:01,-73
BLE,1703217327565545833,D3:F4:55:AB:96:20,-64
BLE,1703217327706314287,DF:DF:EE:00:00:04,-54
BLE,1703217327761848247,D3:F4:55:AB:96:20,-63
BLE,1703217327952485186,D3:F4:55:AB:96:20,-63
BLE,1703217328144252579,D3:F4:55:AB:96:20,-62
BLE,1703217328160242799,DF:DF:EE:00:00:04,-54
BLE,1703217328330608870,D3:F4:55:AB:96:20,-50
BLE,1703217328460635289,DF:A6:DC:DC:2E:81,-57
BLE,1703217328460684580,DF:DF:EE:00:00:01,-57
BLE,1703217328528356069,D3:F4:55:AB:96:20,-62
BLE,1703217328706758146,DF:DF:EE:00:00:04,-70
BLE,1703217329293173441,D3:F4:55:AB:96:20,-67
BLE,1703217329701196449,DF:DF:EE:00:00:04,-55
BLE,1703217329873978427,D3:F4:55:AB:96:20,-62
BLE,1703217329875314337,D3:F4:55:AB:96:20,-62
BLE,1703217330062832666,D3:F4:55:AB:96:20,-65
BLE,1703217330160656978,DF:DF:EE:00:00:04,-54
BLE,1703217330258310916,D3:F4:55:AB:96:20,-67
BLE,1703217330703685425,DF:DF:EE:00:00:04,-54
BLE,1703217330848980233,D3:F4:55:AB:96:20,-63
BLE,1703217331040254878,D3:F4:55:AB:96:20,-46
BLE,1703217331234714717,D3:F4:55:AB:96:20,-64
BLE,1703217331423675288,D3:F4:55:AB:96:20,-61
BLE,1703217331612743651,D3:F4:55:AB:96:20,-62
BLE,1703217331996232561,D3:F4:55:AB:96:20,-62
BLE,1703217332161624697,DF:DF:EE:00:00:04,-54
BLE,1703217332182165313,D3:F4:55:AB:96:20,-64
BLE,1703217332378610393,D3:F4:55:AB:96:20,-63
BLE,1703217332472101433,DF:A6:DC:DC:2E:81,-73
BLE,1703217332472139391,DF:DF:EE:00:00:01,-73
BLE,1703217332570017245,D3:F4:55:AB:96:20,-62
BLE,1703217332760039729,D3:F4:55:AB:96:20,-61
BLE,1703217332947245725,D3:F4:55:AB:96:20,-65
BLE,1703217333138575453,D3:F4:55:AB:96:20,-63
BLE,1703217333331259924,D3:F4:55:AB:96:20,-64
BLE,1703217333478430558,DF:A6:DC:DC:2E:81,-72
BLE,1703217333478478349,DF:DF:EE:00:00:01,-72
BLE,1703217333521633406,D3:F4:55:AB:96:20,-62
BLE,1703217333715923413,D3:F4:55:AB:96:20,-62
BLE,1703217333908405927,D3:F4:55:AB:96:20,-62
BLE,1703217334165913234,DF:DF:EE:00:00:04,-54
BLE,1703217334289779638,D3:F4:55:AB:96:20,-62
BLE,1703217334479123208,D3:F4:55:AB:96:20,-64
BLE,1703217334485838178,DF:A6:DC:DC:2E:81,-72
BLE,1703217334485864053,DF:DF:EE:00:00:01,-72
BLE,1703217334672451135,D3:F4:55:AB:96:20,-63
BLE,1703217334700466885,DF:DF:EE:00:00:04,-52
BLE,1703217334859156717,D3:F4:55:AB:96:20,-64
BLE,1703217335250373551,D3:F4:55:AB:96:20,-62
BLE,1703217335446341883,D3:F4:55:AB:96:20,-50
BLE,1703217335489489440,DF:A6:DC:DC:2E:81,-73
BLE,1703217335489517106,DF:DF:EE:00:00:01,-73
BLE,1703217335643196044,D3:F4:55:AB:96:20,-64
BLE,1703217335700619996,DF:DF:EE:00:00:04,-55
BLE,1703217335835940890,D3:F4:55:AB:96:20,-62
BLE,1703217336161934641,DF:DF:EE:00:00:04,-53
BLE,1703217336409806449,D3:F4:55:AB:96:20,-64
BLE,1703217336598412481,D3:F4:55:AB:96:20,-47
BLE,1703217336788841546,D3:F4:55:AB:96:20,-46
BLE,1703217336975377545,D3:F4:55:AB:96:20,-64
BLE,1703217337168673639,D3:F4:55:AB:96:20,-62
BLE,1703217337504738553,DF:A6:DC:DC:2E:81,-72
BLE,1703217337504776844,DF:DF:EE:00:00:01,-72
BLE,1703217337707532271,DF:DF:EE:00:00:04,-54
BLE,1703217337745782100,D3:F4:55:AB:96:20,-62
BLE,1703217338509772142,D3:F4:55:AB:96:20,-62
BLE,1703217338700510330,DF:DF:EE:00:00:04,-54
BLE,1703217339087050227,D3:F4:55:AB:96:20,-65
BLE,1703217339164316090,DF:DF:EE:00:00:04,-53
BLE,1703217339515402936,DF:A6:DC:DC:2E:81,-73
BLE,1703217339515432394,DF:DF:EE:00:00:01,-73
BLE,1703217339869770268,D3:F4:55:AB:96:20,-63
BLE,1703217340063312944,D3:F4:55:AB:96:20,-46
BLE,1703217340161013716,DF:DF:EE:00:00:04,-55
BLE,1703217340437855894,D3:F4:55:AB:96:20,-64
BLE,1703217340822274634,D3:F4:55:AB:96:20,-65
BLE,1703217341017132512,D3:F4:55:AB:96:20,-63
BLE,1703217341406307397,D3:F4:55:AB:96:20,-65
BLE,1703217341531845502,DF:A6:DC:DC:2E:81,-73
BLE,1703217341531899127,DF:DF:EE:00:00:01,-73
BLE,1703217341595664925,D3:F4:55:AB:96:20,-62
BLE,1703217341696644765,DF:DF:EE:00:00:04,-54
BLE,1703217341787946649,D3:F4:55:AB:96:20,-64
BLE,1703217341981675574,D3:F4:55:AB:96:20,-62
BLE,1703217342171331142,D3:F4:55:AB:96:20,-63
BLE,1703217342529662957,DF:A6:DC:DC:2E:81,-73
BLE,1703217342529694415,DF:DF:EE:00:00:01,-73
BLE,1703217342705620628,DF:DF:EE:00:00:04,-55
BLE,1703217343139751812,D3:F4:55:AB:96:20,-64
BLE,1703217343162300336,DF:DF:EE:00:00:04,-53
BLE,1703217343700599845,DF:DF:EE:00:00:04,-53
BLE,1703217343914265640,D3:F4:55:AB:96:20,-46
BLE,1703217344161081369,DF:DF:EE:00:00:04,-56
BLE,1703217344293108321,D3:F4:55:AB:96:20,-61
BLE,1703217344549705882,DF:A6:DC:DC:2E:81,-58
BLE,1703217344549748965,DF:DF:EE:00:00:01,-58
BLE,1703217344676269732,D3:F4:55:AB:96:20,-61
BLE,1703217344708286922,DF:DF:EE:00:00:04,-55
BLE,1703217344871129819,D3:F4:55:AB:96:20,-65
BLE,1703217345063463751,D3:F4:55:AB:96:20,-63
BLE,1703217345447791449,D3:F4:55:AB:96:20,-62
BLE,1703217345556804461,DF:A6:DC:DC:2E:81,-72
BLE,1703217345556845628,DF:DF:EE:00:00:01,-72
BLE,1703217345558265830,DF:A6:DC:DC:2E:81,-72
BLE,1703217345558310496,DF:DF:EE:00:00:01,-72
BLE,1703217345636064023,D3:F4:55:AB:96:20,-64
BLE,1703217345831244359,D3:F4:55:AB:96:20,-64
BLE,1703217346017562776,D3:F4:55:AB:96:20,-64
BLE,1703217346162066963,DF:DF:EE:00:00:04,-39
BLE,1703217346216278554,D3:F4:55:AB:96:20,-47
BLE,1703217346406125080,D3:F4:55:AB:96:20,-60
BLE,1703217346564845745,DF:A6:DC:DC:2E:81,-72
BLE,1703217346564888078,DF:DF:EE:00:00:01,-72
BLE,1703217346597179100,D3:F4:55:AB:96:20,-63
BLE,1703217346703325376,DF:DF:EE:00:00:04,-55
BLE,1703217346788616369,D3:F4:55:AB:96:20,-61
BLE,1703217346984306744,D3:F4:55:AB:96:20,-65
BLE,1703217347175067391,D3:F4:55:AB:96:20,-60
BLE,1703217347371157056,D3:F4:55:AB:96:20,-64
BLE,1703217348145620426,D3:F4:55:AB:96:20,-76
BLE,1703217348530037540,D3:F4:55:AB:96:20,-62
BLE,1703217348701139233,DF:DF:EE:00:00:04,-54
BLE,1703217348726182580,D3:F4:55:AB:96:20,-61
BLE,1703217348915471983,D3:F4:55:AB:96:20,-63
BLE,1703217349161348592,DF:DF:EE:00:00:04,-55
BLE,1703217349296196114,D3:F4:55:AB:96:20,-67
BLE,1703217349489951706,D3:F4:55:AB:96:20,-60
BLE,1703217349584078785,DF:A6:DC:DC:2E:81,-71
BLE,1703217349584113952,DF:DF:EE:00:00:01,-71
BLE,1703217349686207620,D3:F4:55:AB:96:20,-64
BLE,1703217349703992707,DF:DF:EE:00:00:04,-55
BLE,1703217349882428409,D3:F4:55:AB:96:20,-62
BLE,1703217350076284167,D3:F4:55:AB:96:20,-46
BLE,1703217350157532971,DF:DF:EE:00:00:04,-53
BLE,1703217350587267132,DF:A6:DC:DC:2E:81,-73
BLE,1703217350587317840,DF:DF:EE:00:00:01,-73
BLE,1703217350653484878,D3:F4:55:AB:96:20,-64
BLE,1703217351037601327,D3:F4:55:AB:96:20,-64
BLE,1703217351419649952,D3:F4:55:AB:96:20,-64
BLE,1703217351591376517,DF:A6:DC:DC:2E:81,-72
BLE,1703217351591422475,DF:DF:EE:00:00:01,-72
BLE,1703217351697250960,DF:DF:EE:00:00:04,-40
BLE,1703217351809891748,D3:F4:55:AB:96:20,-62
BLE,1703217352158759480,DF:DF:EE:00:00:04,-53
BLE,1703217352576381779,D3:F4:55:AB:96:20,-62
BLE,1703217352598051390,DF:A6:DC:DC:2E:81,-71
BLE,1703217352598080140,DF:DF:EE:00:00:01,-71
BLE,1703217352698285067,DF:DF:EE:00:00:04,-54
BLE,1703217352768101088,D3:F4:55:AB:96:20,-64
BLE,1703217352961917971,D3:F4:55:AB:96:20,-63
BLE,1703217353149674298,D3:F4:55:AB:96:20,-64
BLE,1703217353166047350,DF:DF:EE:00:00:04,-55
BLE,1703217353916954409,D3:F4:55:AB:96:20,-64
BLE,1703217354113127407,D3:F4:55:AB:96:20,-62
BLE,1703217354163580764,DF:DF:EE:00:00:04,-38
BLE,1703217354300676110,D3:F4:55:AB:96:20,-78
BLE,1703217354492355169,D3:F4:55:AB:96:20,-47
BLE,1703217354608123901,DF:A6:DC:DC:2E:81,-72
BLE,1703217354608163109,DF:DF:EE:00:00:01,-72
BLE,1703217354678284879,D3:F4:55:AB:96:20,-64
BLE,1703217354700708612,DF:DF:EE:00:00:04,-53
BLE,1703217354878132277,D3:F4:55:AB:96:20,-63
BLE,1703217355064931400,D3:F4:55:AB:96:20,-65
BLE,1703217355165796324,DF:DF:EE:00:00:04,-55
BLE,1703217355256223295,D3:F4:55:AB:96:20,-63
BLE,1703217355610261003,DF:A6:DC:DC:2E:81,-70
BLE,1703217355610318920,DF:DF:EE:00:00:01,-70
BLE,1703217356022574451,D3:F4:55:AB:96:20,-63
BLE,1703217356210744568,D3:F4:55:AB:96:20,-65
BLE,1703217356408323434,D3:F4:55:AB:96:20,-61
BLE,1703217356594650934,D3:F4:55:AB:96:20,-69
BLE,1703217357178244200,D3:F4:55:AB:96:20,-65
BLE,1703217357560165242,D3:F4:55:AB:96:20,-50
BLE,1703217357619715767,DF:A6:DC:DC:2E:81,-72
BLE,1703217357619746100,DF:DF:EE:00:00:01,-72
BLE,1703217357702111565,DF:DF:EE:00:00:04,-55
BLE,1703217357758443147,D3:F4:55:AB:96:20,-62
BLE,1703217357945965975,D3:F4:55:AB:96:20,-66
BLE,1703217358138909279,D3:F4:55:AB:96:20,-47
BLE,1703217358160812139,DF:DF:EE:00:00:04,-55
BLE,1703217358522341481,D3:F4:55:AB:96:20,-67
BLE,1703217358617893345,DF:A6:DC:DC:2E:81,-59
BLE,1703217358617936637,DF:DF:EE:00:00:01,-59
BLE,1703217358709723684,D3:F4:55:AB:96:20,-64
BLE,1703217359488211578,D3:F4:55:AB:96:20,-78
BLE,1703217359681343464,D3:F4:55:AB:96:20,-51
BLE,1703217359703707031,DF:DF:EE:00:00:04,-54
BLE,1703217359877380004,D3:F4:55:AB:96:20,-65
BLE,1703217360262343783,D3:F4:55:AB:96:20,-65
BLE,1703217360453577344,D3:F4:55:AB:96:20,-62
BLE,1703217360639178764,DF:A6:DC:DC:2E:81,-73
BLE,1703217360639236056,DF:DF:EE:00:00:01,-73
BLE,1703217360705522843,DF:DF:EE:00:00:04,-56
BLE,1703217360829872953,D3:F4:55:AB:96:20,-60
BLE,1703217361220854747,D3:F4:55:AB:96:20,-62
BLE,1703217361639515333,DF:A6:DC:DC:2E:81,-71
BLE,1703217361639575791,DF:DF:EE:00:00:01,-71
BLE,1703217361704277751,DF:DF:EE:00:00:04,-54
BLE,1703217361793818059,D3:F4:55:AB:96:20,-65
BLE,1703217361990826595,D3:F4:55:AB:96:20,-50
BLE,1703217362158288388,DF:DF:EE:00:00:04,-54
BLE,1703217362190687659,D3:F4:55:AB:96:20,-62
BLE,1703217362378876693,D3:F4:55:AB:96:20,-65
BLE,1703217362761940147,D3:F4:55:AB:96:20,-50
BLE,1703217363142646611,D3:F4:55:AB:96:20,-64
BLE,1703217363536138809,D3:F4:55:AB:96:20,-63
BLE,1703217363649179012,DF:A6:DC:DC:2E:81,-73
BLE,1703217363649217179,DF:DF:EE:00:00:01,-73
BLE,1703217363699062789,DF:DF:EE:00:00:04,-56
BLE,1703217363920855006,D3:F4:55:AB:96:20,-63
BLE,1703217364115201845,D3:F4:55:AB:96:20,-61
BLE,1703217364497183137,D3:F4:55:AB:96:20,-60
BLE,1703217364647631839,DF:A6:DC:DC:2E:81,-74
BLE,1703217364647681464,DF:DF:EE:00:00:01,-74
BLE,1703217364693671341,D3:F4:55:AB:96:20,-64
BLE,1703217364707837861,DF:DF:EE:00:00:04,-55
BLE,1703217365159110302,DF:DF:EE:00:00:04,-56
BLE,1703217365460139289,D3:F4:55:AB:96:20,-64
BLE,1703217365700224090,DF:DF:EE:00:00:04,-56
BLE,1703217365851176123,D3:F4:55:AB:96:20,-61
BLE,1703217366045714795,D3:F4:55:AB:96:20,-64
BLE,1703217366158306875,DF:DF:EE:00:00:04,-53
BLE,1703217366238880056,D3:F4:55:AB:96:20,-64
BLE,1703217366699507496,DF:DF:EE:00:00:04,-53
BLE,1703217366819337586,D3:F4:55:AB:96:20,-46
BLE,1703217366820835662,D3:F4:55:AB:96:20,-47
BLE,1703217367162916507,DF:DF:EE:00:00:04,-57
BLE,1703217367395076719,D3:F4:55:AB:96:20,-64
BLE,1703217367591834214,D3:F4:55:AB:96:20,-62
BLE,1703217367665839967,DF:A6:DC:DC:2E:81,-60
BLE,1703217367665880592,DF:DF:EE:00:00:01,-60
BLE,1703217367698643153,DF:DF:EE:00:00:04,-55
BLE,1703217368160965753,DF:DF:EE:00:00:04,-54
BLE,1703217368175195231,D3:F4:55:AB:96:20,-62
BLE,1703217368696481775,DF:DF:EE:00:00:04,-54
BLE,1703217368745078432,D3:F4:55:AB:96:20,-50
BLE,1703217369135912768,D3:F4:55:AB:96:20,-62
BLE,1703217369163176187,DF:DF:EE:00:00:04,-55
BLE,1703217369328458407,D3:F4:55:AB:96:20,-65
BLE,1703217369697079092,DF:DF:EE:00:00:04,-55
BLE,1703217369709714118,D3:F4:55:AB:96:20,-64
BLE,1703217369905029578,D3:F4:55:AB:96:20,-62
BLE,1703217370661357446,D3:F4:55:AB:96:20,-61
BLE,1703217370699160985,DF:DF:EE:00:00:04,-53
BLE,1703217371046017893,D3:F4:55:AB:96:20,-61
BLE,1703217371165447734,DF:DF:EE:00:00:04,-56
BLE,1703217371616087052,D3:F4:55:AB:96:20,-62
BLE,1703217371701427045,DF:DF:EE:00:00:04,-55
BLE,1703217371805092123,D3:F4:55:AB:96:20,-65
BLE,1703217372162484817,DF:DF:EE:00:00:04,-53
BLE,1703217372386033817,D3:F4:55:AB:96:20,-65
BLE,1703217372704154019,DF:DF:EE:00:00:04,-53
BLE,1703217373162523094,DF:DF:EE:00:00:04,-56
BLE,1703217373351840040,D3:F4:55:AB:96:20,-62
BLE,1703217373541429108,D3:F4:55:AB:96:20,-60
BLE,1703217373696315332,DF:A6:DC:DC:2E:81,-73
BLE,1703217373696372540,DF:DF:EE:00:00:01,-73
BLE,1703217374317346555,D3:F4:55:AB:96:20,-62
BLE,1703217374700204093,DF:A6:DC:DC:2E:81,-73
BLE,1703217374700262634,DF:DF:EE:00:00:01,-73
BLE,1703217374701063339,DF:DF:EE:00:00:04,-56
BLE,1703217374902522855,D3:F4:55:AB:96:20,-47
BLE,1703217375282260324,D3:F4:55:AB:96:20,-63
BLE,1703217375702904192,DF:DF:EE:00:00:04,-54
BLE,1703217376048855812,D3:F4:55:AB:96:20,-62
BLE,1703217376432490263,D3:F4:55:AB:96:20,-62
BLE,1703217376710154980,DF:A6:DC:DC:2E:81,-73
BLE,1703217376710183521,DF:DF:EE:00:00:01,-73
BLE,1703217376821715731,D3:F4:55:AB:96:20,-50
BLE,1703217377017594647,D3:F4:55:AB:96:20,-62
BLE,1703217377164072533,DF:DF:EE:00:00:04,-54
BLE,1703217377203878439,D3:F4:55:AB:96:20,-64
BLE,1703217377599936042,D3:F4:55:AB:96:20,-62
BLE,1703217377696147279,DF:DF:EE:00:00:04,-54
BLE,1703217377791327020,D3:F4:55:AB:96:20,-65
BLE,1703217377982593039,D3:F4:55:AB:96:20,-63
BLE,1703217378164282602,DF:DF:EE:00:00:04,-56
BLE,1703217378170097618,D3:F4:55:AB:96:20,-64
BLE,1703217378364517623,D3:F4:55:AB:96:20,-63
BLE,1703217378554116275,D3:F4:55:AB:96:20,-50
BLE,1703217378703881314,DF:DF:EE:00:00:04,-55
BLE,1703217378934175367,D3:F4:55:AB:96:20,-64
BLE,1703217379128569123,D3:F4:55:AB:96:20,-62
BLE,1703217379513549402,D3:F4:55:AB:96:20,-63
BLE,1703217379701568061,DF:DF:EE:00:00:04,-55
BLE,1703217379736547154,DF:A6:DC:DC:2E:81,-73
BLE,1703217379736578113,DF:DF:EE:00:00:01,-73
BLE,1703217380167330061,DF:DF:EE:00:00:04,-55
BLE,1703217380661793683,D3:F4:55:AB:96:20,-62
BLE,1703217380737854218,DF:A6:DC:DC:2E:81,-74
BLE,1703217380737885676,DF:DF:EE:00:00:01,-74
BLE,1703217380857254643,D3:F4:55:AB:96:20,-62
BLE,1703217381246498110,D3:F4:55:AB:96:20,-62
BLE,1703217381436616885,D3:F4:55:AB:96:20,-64
BLE,1703217381626621369,D3:F4:55:AB:96:20,-62
BLE,1703217381816811685,D3:F4:55:AB:96:20,-64
BLE,1703217382014122219,D3:F4:55:AB:96:20,-62
BLE,1703217382157294621,DF:DF:EE:00:00:04,-53
BLE,1703217382203876621,D3:F4:55:AB:96:20,-47
BLE,1703217382393302899,D3:F4:55:AB:96:20,-62
BLE,1703217382696815416,DF:DF:EE:00:00:04,-38
BLE,1703217382755434362,DF:A6:DC:DC:2E:81,-73
BLE,1703217382755472237,DF:DF:EE:00:00:01,-73
BLE,1703217382778582217,D3:F4:55:AB:96:20,-62
BLE,1703217382965072508,D3:F4:55:AB:96:20,-65
BLE,1703217383547671861,D3:F4:55:AB:96:20,-55
BLE,1703217383696810194,DF:DF:EE:00:00:04,-55
BLE,1703217383760173911,DF:A6:DC:DC:2E:81,-71
BLE,1703217383760206536,DF:DF:EE:00:00:01,-71
BLE,1703217383934030884,D3:F4:55:AB:96:20,-65
BLE,1703217384128303931,D3:F4:55:AB:96:20,-62
BLE,1703217384696591473,D3:F4:55:AB:96:20,-64
BLE,1703217384703639317,DF:DF:EE:00:00:04,-40
BLE,1703217384762036222,DF:A6:DC:DC:2E:81,-73
BLE,1703217384762068014,DF:DF:EE:00:00:01,-73
BLE,1703217384889221654,D3:F4:55:AB:96:20,-67
BLE,1703217385082455665,D3:F4:55:AB:96:20,-65
BLE,1703217385276337089,D3:F4:55:AB:96:20,-62
BLE,1703217385469915682,D3:F4:55:AB:96:20,-62
BLE,1703217385664213146,D3:F4:55:AB:96:20,-65
BLE,1703217385701515938,DF:DF:EE:00:00:04,-55
BLE,1703217385858712152,D3:F4:55:AB:96:20,-63
BLE,1703217386240305320,D3:F4:55:AB:96:20,-62
BLE,1703217386699421059,DF:DF:EE:00:00:04,-53
BLE,1703217387165556849,DF:DF:EE:00:00:04,-56
BLE,1703217387203347555,D3:F4:55:AB:96:20,-61
BLE,1703217387396501816,D3:F4:55:AB:96:20,-66
BLE,1703217387776794699,DF:A6:DC:DC:2E:81,-73
BLE,1703217387776840366,DF:DF:EE:00:00:01,-73
BLE,1703217388361899999,D3:F4:55:AB:96:20,-64
BLE,1703217388557952289,D3:F4:55:AB:96:20,-63
BLE,1703217388700691984,DF:DF:EE:00:00:04,-54
BLE,1703217388753052625,D3:F4:55:AB:96:20,-62
BLE,1703217388784541318,DF:A6:DC:DC:2E:81,-73
BLE,1703217388784571067,DF:DF:EE:00:00:01,-73
BLE,1703217389161321133,DF:DF:EE:00:00:04,-56
BLE,1703217389519365573,D3:F4:55:AB:96:20,-47
BLE,1703217389715123531,D3:F4:55:AB:96:20,-64
BLE,1703217389788960201,DF:A6:DC:DC:2E:81,-72
BLE,1703217389788999201,DF:DF:EE:00:00:01,-72
BLE,1703217389906879840,D3:F4:55:AB:96:20,-63
BLE,1703217390285448272,D3:F4:55:AB:96:20,-61
BLE,1703217390698350634,DF:DF:EE:00:00:04,-55
BLE,1703217390794018456,DF:A6:DC:DC:2E:81,-73
BLE,1703217390794057373,DF:DF:EE:00:00:01,-73
BLE,1703217390861172281,D3:F4:55:AB:96:20,-65
BLE,1703217391056670615,D3:F4:55:AB:96:20,-61
BLE,1703217391159074615,DF:DF:EE:00:00:04,-54
BLE,1703217391437115914,D3:F4:55:AB:96:20,-63
BLE,1703217391626641900,D3:F4:55:AB:96:20,-64
BLE,1703217391700340820,DF:DF:EE:00:00:04,-53
BLE,1703217391796647556,DF:A6:DC:DC:2E:81,-73
BLE,1703217391796662556,DF:DF:EE:00:00:01,-73
BLE,1703217391821552861,D3:F4:55:AB:96:20,-62
BLE,1703217392199177464,D3:F4:55:AB:96:20,-46
BLE,1703217392391643729,D3:F4:55:AB:96:20,-65
BLE,1703217392776461758,D3:F4:55:AB:96:20,-64
BLE,1703217392797738704,DF:A6:DC:DC:2E:81,-74
BLE,1703217392797753829,DF:DF:EE:00:00:01,-74
BLE,1703217392969022688,D3:F4:55:AB:96:20,-62
BLE,1703217393161672452,D3:F4:55:AB:96:20,-61
BLE,1703217393352245516,D3:F4:55:AB:96:20,-63
BLE,1703217393543851909,D3:F4:55:AB:96:20,-61
BLE,1703217393926688031,D3:F4:55:AB:96:20,-60
BLE,1703217394158778993,DF:DF:EE:00:00:04,-57
BLE,1703217394314267922,D3:F4:55:AB:96:20,-60
BLE,1703217394507197226,D3:F4:55:AB:96:20,-64
BLE,1703217394898733975,D3:F4:55:AB:96:20,-60
BLE,1703217395165997572,DF:DF:EE:00:00:04,-39
BLE,1703217395284743083,D3:F4:55:AB:96:20,-63
BLE,1703217395703816917,DF:DF:EE:00:00:04,-56
BLE,1703217396166445598,DF:DF:EE:00:00:04,-41
BLE,1703217396635314876,D3:F4:55:AB:96:20,-62
BLE,1703217396696948059,DF:DF:EE:00:00:04,-53
BLE,1703217396823964324,D3:F4:55:AB:96:20,-64
BLE,1703217397162673143,DF:DF:EE:00:00:04,-53
BLE,1703217397213483791,D3:F4:55:AB:96:20,-46
BLE,1703217397596403703,D3:F4:55:AB:96:20,-61
BLE,1703217397832647189,DF:A6:DC:DC:2E:81,-58
BLE,1703217397832693397,DF:DF:EE:00:00:01,-58
BLE,1703217398160114099,DF:DF:EE:00:00:04,-54
BLE,1703217398171488715,D3:F4:55:AB:96:20,-64
BLE,1703217398558326777,D3:F4:55:AB:96:20,-64
BLE,1703217398841752634,DF:A6:DC:DC:2E:81,-73
BLE,1703217398841800134,DF:DF:EE:00:00:01,-73
BLE,1703217398948102700,D3:F4:55:AB:96:20,-46
BLE,1703217399142643122,D3:F4:55:AB:96:20,-64
BLE,1703217399157009933,DF:DF:EE:00:00:04,-55
BLE,1703217399335136011,D3:F4:55:AB:96:20,-63
BLE,1703217399523265962,D3:F4:55:AB:96:20,-64
BLE,1703217399846780598,DF:A6:DC:DC:2E:81,-70
BLE,1703217399846838223,DF:DF:EE:00:00:01,-70
BLE,1703217399906368415,D3:F4:55:AB:96:20,-64
BLE,1703217400100145340,D3:F4:55:AB:96:20,-63
BLE,1703217400155361510,DF:DF:EE:00:00:04,-53
BLE,1703217400295711716,D3:F4:55:AB:96:20,-62
BLE,1703217400487569149,D3:F4:55:AB:96:20,-62
BLE,1703217400684004896,D3:F4:55:AB:96:20,-62
BLE,1703217400706484629,DF:DF:EE:00:00:04,-55
BLE,1703217401646876048,D3:F4:55:AB:96:20,-61
BLE,1703217401840199350,D3:F4:55:AB:96:20,-64
BLE,1703217402031050164,D3:F4:55:AB:96:20,-46
BLE,1703217402615595258,D3:F4:55:AB:96:20,-62
BLE,1703217402698244930,DF:DF:EE:00:00:04,-54
BLE,1703217402808190063,D3:F4:55:AB:96:20,-64
BLE,1703217403194003130,D3:F4:55:AB:96:20,-64
BLE,1703217403585231089,D3:F4:55:AB:96:20,-61
BLE,1703217403700854530,DF:DF:EE:00:00:04,-55
BLE,1703217403965447888,D3:F4:55:AB:96:20,-62
BLE,1703217404349235547,D3:F4:55:AB:96:20,-61
BLE,1703217404731351213,D3:F4:55:AB:96:20,-47
BLE,1703217404866562650,DF:A6:DC:DC:2E:81,-70
BLE,1703217404866601067,DF:DF:EE:00:00:01,-70
BLE,1703217404926304633,D3:F4:55:AB:96:20,-64
BLE,1703217405164508568,DF:DF:EE:00:00:04,-55
BLE,1703217405309584377,D3:F4:55:AB:96:20,-65
BLE,1703217405499607611,D3:F4:55:AB:96:20,-62
BLE,1703217405702034997,DF:DF:EE:00:00:04,-55
BLE,1703217405869137500,DF:A6:DC:DC:2E:81,-73
BLE,1703217405869178875,DF:DF:EE:00:00:01,-73
BLE,1703217406159541285,DF:DF:EE:00:00:04,-54
BLE,1703217406461990182,D3:F4:55:AB:96:20,-61
BLE,1703217406843620309,D3:F4:55:AB:96:20,-61
BLE,1703217407033811250,D3:F4:55:AB:96:20,-63
BLE,1703217407166428824,DF:DF:EE:00:00:04,-55
BLE,1703217407615544565,D3:F4:55:AB:96:20,-63
BLE,1703217407695260667,DF:DF:EE:00:00:04,-54
BLE,1703217407696621286,DF:DF:EE:00:00:04,-54
BLE,1703217407805882922,D3:F4:55:AB:96:20,-65
BLE,1703217407880346881,DF:A6:DC:DC:2E:81,-71
BLE,1703217407880399714,DF:DF:EE:00:00:01,-71
BLE,1703217408000367553,D3:F4:55:AB:96:20,-46
BLE,1703217408582895989,D3:F4:55:AB:96:20,-62
BLE,1703217408769330281,D3:F4:55:AB:96:20,-65
BLE,1703217408886284341,DF:A6:DC:DC:2E:81,-59
BLE,1703217408886305174,DF:DF:EE:00:00:01,-59
BLE,1703217408968760014,D3:F4:55:AB:96:20,-63
BLE,1703217409161010946,D3:F4:55:AB:96:20,-61
BLE,1703217409551049993,D3:F4:55:AB:96:20,-63
BLE,1703217409694817309,DF:DF:EE:00:00:04,-53
BLE,1703217409935234942,D3:F4:55:AB:96:20,-63
BLE,1703217410131469106,D3:F4:55:AB:96:20,-61
BLE,1703217410511630781,D3:F4:55:AB:96:20,-46
BLE,1703217410707401072,D3:F4:55:AB:96:20,-65
BLE,1703217410896002937,DF:A6:DC:DC:2E:81,-56
BLE,1703217410896045979,DF:DF:EE:00:00:01,-56
BLE,1703217411090595359,D3:F4:55:AB:96:20,-64
BLE,1703217411165850939,DF:DF:EE:00:00:04,-53
BLE,1703217411477054297,D3:F4:55:AB:96:20,-61
BLE,1703217411701939416,DF:DF:EE:00:00:04,-54
BLE,1703217411861464161,D3:F4:55:AB:96:20,-60
BLE,1703217411904667593,DF:A6:DC:DC:2E:81,-56
BLE,1703217411904697968,DF:DF:EE:00:00:01,-56
BLE,1703217412050348275,D3:F4:55:AB:96:20,-62
BLE,1703217412829735790,D3:F4:55:AB:96:20,-62
BLE,1703217413156955576,DF:DF:EE:00:00:04,-53
BLE,1703217413213746322,D3:F4:55:AB:96:20,-46
BLE,1703217413700884519,DF:DF:EE:00:00:04,-53
BLE,1703217413976940951,D3:F4:55:AB:96:20,-60
BLE,1703217414162182164,DF:DF:EE:00:00:04,-56
BLE,1703217414360879026,D3:F4:55:AB:96:20,-46
BLE,1703217414700321591,DF:DF:EE:00:00:04,-55
BLE,1703217414743846730,D3:F4:55:AB:96:20,-47
BLE,1703217414921175145,DF:A6:DC:DC:2E:81,-56
BLE,1703217414921212437,DF:DF:EE:00:00:01,-56
BLE,1703217414935339915,D3:F4:55:AB:96:20,-50
BLE,1703217415127185682,D3:F4:55:AB:96:20,-62
BLE,1703217415159328289,DF:DF:EE:00:00:04,-53
BLE,1703217415697147217,DF:DF:EE:00:00:04,-71
BLE,1703217415707074922,D3:F4:55:AB:96:20,-61
BLE,1703217415899688353,D3:F4:55:AB:96:20,-67
BLE,1703217415924202368,DF:A6:DC:DC:2E:81,-73
BLE,1703217415924231160,DF:DF:EE:00:00:01,-73
BLE,1703217416092908697,D3:F4:55:AB:96:20,-60
BLE,1703217416161681639,DF:DF:EE:00:00:04,-53
BLE,1703217416288585155,D3:F4:55:AB:96:20,-64
BLE,1703217416485386817,D3:F4:55:AB:96:20,-62
BLE,1703217416671845525,D3:F4:55:AB:96:20,-64
BLE,1703217417058237088,D3:F4:55:AB:96:20,-60
BLE,1703217417163335660,DF:DF:EE:00:00:04,-54
BLE,1703217418703510648,DF:DF:EE:00:00:04,-53
BLE,1703217418783507082,D3:F4:55:AB:96:20,-64
BLE,1703217418939255427,DF:A6:DC:DC:2E:81,-73
BLE,1703217418939292510,DF:DF:EE:00:00:01,-73
BLE,1703217418979601455,D3:F4:55:AB:96:20,-63
BLE,1703217419156940537,DF:DF:EE:00:00:04,-58
BLE,1703217419170472434,D3:F4:55:AB:96:20,-64
BLE,1703217419365311688,D3:F4:55:AB:96:20,-63
BLE,1703217419562891180,D3:F4:55:AB:96:20,-67
BLE,1703217419751725877,D3:F4:55:AB:96:20,-64
BLE,1703217419947147961,D3:F4:55:AB:96:20,-63
BLE,1703217420133363628,D3:F4:55:AB:96:20,-64
BLE,1703217420160100842,DF:DF:EE:00:00:04,-54
BLE,1703217420324499524,D3:F4:55:AB:96:20,-62
BLE,1703217420712990745,D3:F4:55:AB:96:20,-62
BLE,1703217420902147941,D3:F4:55:AB:96:20,-65
BLE,1703217421159238499,DF:DF:EE:00:00:04,-53
BLE,1703217421677382099,D3:F4:55:AB:96:20,-63
BLE,1703217421959183297,DF:A6:DC:DC:2E:81,-72
BLE,1703217421959233963,DF:DF:EE:00:00:01,-72
BLE,1703217422165038710,DF:DF:EE:00:00:04,-54
BLE,1703217422437173451,D3:F4:55:AB:96:20,-60
BLE,1703217422632281870,D3:F4:55:AB:96:20,-64
BLE,1703217423017186316,D3:F4:55:AB:96:20,-65
BLE,1703217423163120538,DF:DF:EE:00:00:04,-55
BLE,1703217423212280610,D3:F4:55:AB:96:20,-47
BLE,1703217423601012288,D3:F4:55:AB:96:20,-64
BLE,1703217423703849328,DF:DF:EE:00:00:04,-56
BLE,1703217423797377202,D3:F4:55:AB:96:20,-64
BLE,1703217423974818575,DF:A6:DC:DC:2E:81,-73
BLE,1703217423974852450,DF:DF:EE:00:00:01,-73
BLE,1703217423986821854,D3:F4:55:AB:96:20,-46
BLE,1703217424159769956,DF:DF:EE:00:00:04,-53
BLE,1703217424699301627,DF:DF:EE:00:00:04,-53
BLE,1703217424761220600,D3:F4:55:AB:96:20,-63
BLE,1703217424982253403,DF:A6:DC:DC:2E:81,-72
BLE,1703217424982289111,DF:DF:EE:00:00:01,-72
BLE,1703217425138454329,D3:F4:55:AB:96:20,-60
BLE,1703217425153898927,DF:DF:EE:00:00:04,-53
BLE,1703217425327905441,D3:F4:55:AB:96:20,-63
BLE,1703217425524830393,D3:F4:55:AB:96:20,-47
BLE,1703217425982273431,DF:A6:DC:DC:2E:81,-60
BLE,1703217425982321472,DF:DF:EE:00:00:01,-60
BLE,1703217426099706906,D3:F4:55:AB:96:20,-64
BLE,1703217426289747598,D3:F4:55:AB:96:20,-62
BLE,1703217426481232575,D3:F4:55:AB:96:20,-63
BLE,1703217426676010287,D3:F4:55:AB:96:20,-63
BLE,1703217426695031119,DF:DF:EE:00:00:04,-55
BLE,1703217426867429264,D3:F4:55:AB:96:20,-62
BLE,1703217427059692529,D3:F4:55:AB:96:20,-62
BLE,1703217427156994011,DF:DF:EE:00:00:04,-54
BLE,1703217427249349681,D3:F4:55:AB:96:20,-62
BLE,1703217427440468243,D3:F4:55:AB:96:20,-62
BLE,1703217427634979749,D3:F4:55:AB:96:20,-62
BLE,1703217427701417951,DF:DF:EE:00:00:04,-53
BLE,1703217427828047385,D3:F4:55:AB:96:20,-65
BLE,1703217427987589797,DF:A6:DC:DC:2E:81,-73
BLE,1703217427987619672,DF:DF:EE:00:00:01,-73
BLE,1703217428024242466,D3:F4:55:AB:96:20,-46
BLE,1703217428213412162,D3:F4:55:AB:96:20,-65
BLE,1703217428407256003,D3:F4:55:AB:96:20,-46
BLE,1703217428983769425,D3:F4:55:AB:96:20,-47
BLE,1703217429159264890,DF:DF:EE:00:00:04,-53
BLE,1703217429565048909,D3:F4:55:AB:96:20,-50
BLE,1703217429943768382,D3:F4:55:AB:96:20,-64
BLE,1703217430004415819,DF:A6:DC:DC:2E:81,-72
BLE,1703217430004438028,DF:DF:EE:00:00:01,-72
BLE,1703217430134587821,D3:F4:55:AB:96:20,-61
BLE,1703217430159668292,DF:DF:EE:00:00:04,-56
BLE,1703217430325958465,D3:F4:55:AB:96:20,-64
BLE,1703217430515956865,D3:F4:55:AB:96:20,-60
BLE,1703217430702369823,DF:DF:EE:00:00:04,-56
BLE,1703217431011871814,DF:A6:DC:DC:2E:81,-72
BLE,1703217431011921606,DF:DF:EE:00:00:01,-72
BLE,1703217431094897234,D3:F4:55:AB:96:20,-64
BLE,1703217431668059005,D3:F4:55:AB:96:20,-63
BLE,1703217431856879035,D3:F4:55:AB:96:20,-64
BLE,1703217432015993365,DF:A6:DC:DC:2E:81,-73
BLE,1703217432016034490,DF:DF:EE:00:00:01,-73
BLE,1703217432155589949,DF:DF:EE:00:00:04,-53
BLE,1703217432237707457,D3:F4:55:AB:96:20,-65
BLE,1703217432998343264,D3:F4:55:AB:96:20,-62
BLE,1703217433018328133,DF:A6:DC:DC:2E:81,-72
BLE,1703217433018357841,DF:DF:EE:00:00:01,-72
BLE,1703217433191387026,D3:F4:55:AB:96:20,-60
BLE,1703217433386072280,D3:F4:55:AB:96:20,-64
BLE,1703217433576823052,D3:F4:55:AB:96:20,-62
BLE,1703217434023608013,DF:A6:DC:DC:2E:81,-56
BLE,1703217434023664762,DF:DF:EE:00:00:01,-56
BLE,1703217434157567122,DF:DF:EE:00:00:04,-54
BLE,1703217434342774419,D3:F4:55:AB:96:20,-62
BLE,1703217434344279912,D3:F4:55:AB:96:20,-60
BLE,1703217434540355660,D3:F4:55:AB:96:20,-46
BLE,1703217434701913854,DF:DF:EE:00:00:04,-54
BLE,1703217434925587437,D3:F4:55:AB:96:20,-59
BLE,1703217435162364295,DF:DF:EE:00:00:04,-54
BLE,1703217435308407975,D3:F4:55:AB:96:20,-61
BLE,1703217435690725224,D3:F4:55:AB:96:20,-46
BLE,1703217436037448173,DF:A6:DC:DC:2E:81,-74
BLE,1703217436037499465,DF:DF:EE:00:00:01,-74
BLE,1703217436074266551,D3:F4:55:AB:96:20,-62
BLE,1703217436157618011,DF:DF:EE:00:00:04,-54
BLE,1703217436460911821,D3:F4:55:AB:96:20,-62
BLE,1703217437041979140,DF:A6:DC:DC:2E:81,-72
BLE,1703217437042038473,DF:DF:EE:00:00:01,-72
BLE,1703217437161979061,DF:DF:EE:00:00:04,-55
BLE,1703217437240012171,D3:F4:55:AB:96:20,-61
BLE,1703217437430259612,D3:F4:55:AB:96:20,-62
BLE,1703217437619548765,D3:F4:55:AB:96:20,-65
BLE,1703217437699562491,DF:DF:EE:00:00:04,-55
BLE,1703217438002580344,D3:F4:55:AB:96:20,-66
BLE,1703217438154372207,DF:DF:EE:00:00:04,-51
BLE,1703217438578267186,D3:F4:55:AB:96:20,-62
BLE,1703217438696950905,DF:DF:EE:00:00:04,-54
BLE,1703217438767641756,D3:F4:55:AB:96:20,-64
BLE,1703217439352257892,D3:F4:55:AB:96:20,-65
BLE,1703217439741452276,D3:F4:55:AB:96:20,-46
BLE,1703217439934125706,D3:F4:55:AB:96:20,-64
BLE,1703217440053692505,DF:A6:DC:DC:2E:81,-70
BLE,1703217440053735380,DF:DF:EE:00:00:01,-70
BLE,1703217440125054436,D3:F4:55:AB:96:20,-61
BLE,1703217440694532389,DF:DF:EE:00:00:04,-55
BLE,1703217440897698814,D3:F4:55:AB:96:20,-63
BLE,1703217441057532182,DF:A6:DC:DC:2E:81,-73
BLE,1703217441057580516,DF:DF:EE:00:00:01,-73
BLE,1703217441095085181,D3:F4:55:AB:96:20,-64
BLE,1703217441481474495,D3:F4:55:AB:96:20,-63
BLE,1703217441702054675,DF:DF:EE:00:00:04,-57
BLE,1703217441867111979,D3:F4:55:AB:96:20,-66
BLE,1703217442058678664,DF:A6:DC:DC:2E:81,-70
BLE,1703217442058722747,DF:DF:EE:00:00:01,-70
BLE,1703217442246341741,D3:F4:55:AB:96:20,-62
BLE,1703217442433241364,D3:F4:55:AB:96:20,-64
BLE,1703217442630302649,D3:F4:55:AB:96:20,-46
BLE,1703217442701883954,DF:DF:EE:00:00:04,-54
BLE,1703217442815464530,D3:F4:55:AB:96:20,-65
BLE,1703217443010799698,D3:F4:55:AB:96:20,-62
BLE,1703217443160830985,DF:DF:EE:00:00:04,-54
BLE,1703217443399916541,D3:F4:55:AB:96:20,-50
BLE,1703217443694024809,DF:DF:EE:00:00:04,-53
BLE,1703217443788364762,D3:F4:55:AB:96:20,-61
BLE,1703217443982054688,D3:F4:55:AB:96:20,-64
BLE,1703217444162870712,DF:DF:EE:00:00:04,-53
BLE,1703217444172332337,D3:F4:55:AB:96:20,-61
BLE,1703217444549724607,D3:F4:55:AB:96:20,-64
BLE,1703217444698646400,DF:DF:EE:00:00:04,-55
BLE,1703217445071942689,DF:A6:DC:DC:2E:81,-70
BLE,1703217445071981480,DF:DF:EE:00:00:01,-70
BLE,1703217445161281373,DF:DF:EE:00:00:04,-54
BLE,1703217445321487948,D3:F4:55:AB:96:20,-62
BLE,1703217445695325193,DF:DF:EE:00:00:04,-54
BLE,1703217445707638013,D3:F4:55:AB:96:20,-63
BLE,1703217445894961008,D3:F4:55:AB:96:20,-64
BLE,1703217446158455330,DF:DF:EE:00:00:04,-56
BLE,1703217446469874687,D3:F4:55:AB:96:20,-60
BLE,1703217446665706353,D3:F4:55:AB:96:20,-64
BLE,1703217446857273247,D3:F4:55:AB:96:20,-62
BLE,1703217447042683876,D3:F4:55:AB:96:20,-64
BLE,1703217447080934455,DF:A6:DC:DC:2E:81,-58
BLE,1703217447080968538,DF:DF:EE:00:00:01,-58
BLE,1703217447238704166,D3:F4:55:AB:96:20,-63
BLE,1703217447427321947,D3:F4:55:AB:96:20,-65
BLE,1703217447621575954,D3:F4:55:AB:96:20,-63
BLE,1703217447696654660,DF:DF:EE:00:00:04,-54
BLE,1703217447813002139,D3:F4:55:AB:96:20,-50
BLE,1703217448080846525,DF:A6:DC:DC:2E:81,-73
BLE,1703217448080901066,DF:DF:EE:00:00:01,-73
BLE,1703217448157375933,DF:DF:EE:00:00:04,-56
BLE,1703217448393349669,D3:F4:55:AB:96:20,-65
BLE,1703217448592434779,D3:F4:55:AB:96:20,-67
BLE,1703217448695843733,DF:DF:EE:00:00:04,-54
BLE,1703217448974891860,D3:F4:55:AB:96:20,-47
BLE,1703217449084957368,DF:A6:DC:DC:2E:81,-73
BLE,1703217449084994243,DF:DF:EE:00:00:01,-73
BLE,1703217449159112536,DF:DF:EE:00:00:04,-53
BLE,1703217449166016297,D3:F4:55:AB:96:20,-62
BLE,1703217449555032891,D3:F4:55:AB:96:20,-63
BLE,1703217449750130977,D3:F4:55:AB:96:20,-61
BLE,1703217449939501963,D3:F4:55:AB:96:20,-63
BLE,1703217450128340994,D3:F4:55:AB:96:20,-64
BLE,1703217450695231625,DF:DF:EE:00:00:04,-41
BLE,1703217450712532423,D3:F4:55:AB:96:20,-64
BLE,1703217450910805620,D3:F4:55:AB:96:20,-62
BLE,1703217451089298780,DF:A6:DC:DC:2E:81,-72
BLE,1703217451089341404,DF:DF:EE:00:00:01,-72
BLE,1703217451297712848,D3:F4:55:AB:96:20,-64
BLE,1703217451491300024,D3:F4:55:AB:96:20,-62
BLE,1703217451678895643,D3:F4:55:AB:96:20,-64
BLE,1703217451870805201,D3:F4:55:AB:96:20,-60
BLE,1703217451872163404,D3:F4:55:AB:96:20,-63
BLE,1703217452063784297,D3:F4:55:AB:96:20,-64
BLE,1703217452154013602,DF:DF:EE:00:00:04,-53
BLE,1703217452260929040,D3:F4:55:AB:96:20,-63
BLE,1703217452635648073,D3:F4:55:AB:96:20,-46
BLE,1703217452827486632,D3:F4:55:AB:96:20,-64
BLE,1703217453021464764,D3:F4:55:AB:96:20,-63
BLE,1703217453097725173,DF:A6:DC:DC:2E:81,-59
BLE,1703217453097762881,DF:DF:EE:00:00:01,-59
BLE,1703217453159549522,DF:DF:EE:00:00:04,-56
BLE,1703217453211764830,D3:F4:55:AB:96:20,-64
BLE,1703217453403962762,D3:F4:55:AB:96:20,-63
BLE,1703217453699749398,DF:DF:EE:00:00:04,-55
BLE,1703217453786801217,D3:F4:55:AB:96:20,-63
BLE,1703217453973549673,D3:F4:55:AB:96:20,-64
BLE,1703217454103809757,DF:A6:DC:DC:2E:81,-73
BLE,1703217454103847257,DF:DF:EE:00:00:01,-73
BLE,1703217454163918489,DF:DF:EE:00:00:04,-54
BLE,1703217454169658296,D3:F4:55:AB:96:20,-62
BLE,1703217454700186257,DF:DF:EE:00:00:04,-54
BLE,1703217454746623716,D3:F4:55:AB:96:20,-60
BLE,1703217454942204925,D3:F4:55:AB:96:20,-64
BLE,1703217455136252557,D3:F4:55:AB:96:20,-62
BLE,1703217455154160227,DF:DF:EE:00:00:04,-54
BLE,1703217455322482183,D3:F4:55:AB:96:20,-64
BLE,1703217455517690560,D3:F4:55:AB:96:20,-63
BLE,1703217455694051729,DF:DF:EE:00:00:04,-53
BLE,1703217455894150626,D3:F4:55:AB:96:20,-60
BLE,1703217456280365149,D3:F4:55:AB:96:20,-61
BLE,1703217456670089656,D3:F4:55:AB:96:20,-62
BLE,1703217456699434608,DF:DF:EE:00:00:04,-53
BLE,1703217456864829535,D3:F4:55:AB:96:20,-60
BLE,1703217457251892429,D3:F4:55:AB:96:20,-63
BLE,1703217457823843913,D3:F4:55:AB:96:20,-50
BLE,1703217458020033994,D3:F4:55:AB:96:20,-62
BLE,1703217458132119076,DF:A6:DC:DC:2E:81,-73
BLE,1703217458132160201,DF:DF:EE:00:00:01,-73
BLE,1703217458207621656,D3:F4:55:AB:96:20,-64
BLE,1703217458780343178,D3:F4:55:AB:96:20,-62
BLE,1703217459162204887,DF:DF:EE:00:00:04,-60
BLE,1703217459699189652,DF:DF:EE:00:00:04,-53
BLE,1703217459733935580,D3:F4:55:AB:96:20,-66
BLE,1703217459925362641,D3:F4:55:AB:96:20,-60
BLE,1703217460117424323,D3:F4:55:AB:96:20,-64
BLE,1703217460311529997,D3:F4:55:AB:96:20,-63
BLE,1703217460501387773,D3:F4:55:AB:96:20,-64
BLE,1703217460695303197,D3:F4:55:AB:96:20,-63
BLE,1703217460882850317,D3:F4:55:AB:96:20,-64
BLE,1703217461072810968,D3:F4:55:AB:96:20,-60
BLE,1703217461142156033,DF:A6:DC:DC:2E:81,-57
BLE,1703217461142194574,DF:DF:EE:00:00:01,-57
BLE,1703217461157548880,DF:DF:EE:00:00:04,-54
BLE,1703217461267265140,D3:F4:55:AB:96:20,-64
BLE,1703217461694957935,DF:DF:EE:00:00:04,-53
BLE,1703217461841453447,D3:F4:55:AB:96:20,-63
BLE,1703217462027491657,D3:F4:55:AB:96:20,-64
BLE,1703217462226162018,D3:F4:55:AB:96:20,-63
BLE,1703217462412634184,D3:F4:55:AB:96:20,-64
BLE,1703217462987197907,D3:F4:55:AB:96:20,-46
BLE,1703217463152852708,DF:A6:DC:DC:2E:81,-73
BLE,1703217463152899666,DF:DF:EE:00:00:01,-73
BLE,1703217463158466224,DF:DF:EE:00:00:04,-54
BLE,1703217463696680026,DF:DF:EE:00:00:04,-53
BLE,1703217464155747056,DF:A6:DC:DC:2E:81,-71
BLE,1703217464155799514,DF:DF:EE:00:00:01,-71
BLE,1703217464157316299,DF:A6:DC:DC:2E:81,-57
BLE,1703217464157343841,DF:DF:EE:00:00:01,-57
BLE,1703217464162274527,DF:DF:EE:00:00:04,-55
BLE,1703217464341434726,D3:F4:55:AB:96:20,-63
BLE,1703217464538260179,D3:F4:55:AB:96:20,-62
BLE,1703217464727651582,D3:F4:55:AB:96:20,-64
BLE,1703217464920729343,D3:F4:55:AB:96:20,-60
BLE,1703217465156507247,DF:DF:EE:00:00:04,-53
BLE,1703217465159448943,DF:A6:DC:DC:2E:81,-74
BLE,1703217465159478359,DF:DF:EE:00:00:01,-74
BLE,1703217465306562326,D3:F4:55:AB:96:20,-62
BLE,1703217465497349432,D3:F4:55:AB:96:20,-65
BLE,1703217465687605956,D3:F4:55:AB:96:20,-63
BLE,1703217465700360232,DF:DF:EE:00:00:04,-54
BLE,1703217465876654610,D3:F4:55:AB:96:20,-65
BLE,1703217466161984543,DF:DF:EE:00:00:04,-56
BLE,1703217466458613800,D3:F4:55:AB:96:20,-63
BLE,1703217466692904043,DF:DF:EE:00:00:04,-54
BLE,1703217467041129361,D3:F4:55:AB:96:20,-62
BLE,1703217467165328847,DF:A6:DC:DC:2E:81,-70
BLE,1703217467165368056,DF:DF:EE:00:00:01,-70
BLE,1703217467229190020,D3:F4:55:AB:96:20,-64
BLE,1703217467622993968,D3:F4:55:AB:96:20,-63
BLE,1703217467813013076,D3:F4:55:AB:96:20,-65
BLE,1703217468007992787,D3:F4:55:AB:96:20,-62
BLE,1703217468156461332,DF:DF:EE:00:00:04,-45
BLE,1703217468166612620,DF:A6:DC:DC:2E:81,-72
BLE,1703217468166640203,DF:DF:EE:00:00:01,-72
BLE,1703217468196148696,D3:F4:55:AB:96:20,-64
BLE,1703217468590785598,D3:F4:55:AB:96:20,-63
BLE,1703217468696205585,DF:DF:EE:00:00:04,-54
BLE,1703217469162607624,D3:F4:55:AB:96:20,-64
BLE,1703217469176775061,DF:A6:DC:DC:2E:81,-72
BLE,1703217469176810394,DF:DF:EE:00:00:01,-72
BLE,1703217469355946926,D3:F4:55:AB:96:20,-63
BLE,1703217469543732878,D3:F4:55:AB:96:20,-64
BLE,1703217469734125277,D3:F4:55:AB:96:20,-61
BLE,1703217470159290667,DF:DF:EE:00:00:04,-54
BLE,1703217470183075811,DF:A6:DC:DC:2E:81,-72
BLE,1703217470183109436,DF:DF:EE:00:00:01,-72
BLE,1703217470307548962,D3:F4:55:AB:96:20,-50
BLE,1703217470694859814,DF:DF:EE:00:00:04,-38
BLE,1703217471083711825,D3:F4:55:AB:96:20,-60
BLE,1703217471468595770,D3:F4:55:AB:96:20,-60
BLE,1703217471661312492,D3:F4:55:AB:96:20,-64
BLE,1703217471698707741,DF:DF:EE:00:00:04,-55
BLE,1703217472053139615,D3:F4:55:AB:96:20,-60
BLE,1703217472161285714,DF:DF:EE:00:00:04,-54
BLE,1703217472242666059,D3:F4:55:AB:96:20,-64
BLE,1703217472441769085,D3:F4:55:AB:96:20,-63
BLE,1703217473213074261,D3:F4:55:AB:96:20,-64
BLE,1703217473410288421,D3:F4:55:AB:96:20,-47
BLE,1703217473605189466,D3:F4:55:AB:96:20,-61
BLE,1703217473699219879,DF:DF:EE:00:00:04,-55
BLE,1703217473987247965,D3:F4:55:AB:96:20,-60
BLE,1703217474159909027,DF:DF:EE:00:00:04,-53
BLE,1703217474179609480,D3:F4:55:AB:96:20,-64
BLE,1703217474377979093,D3:F4:55:AB:96:20,-63
BLE,1703217474565716045,D3:F4:55:AB:96:20,-64
BLE,1703217474695731214,DF:DF:EE:00:00:04,-53
BLE,1703217474757816770,D3:F4:55:AB:96:20,-63
BLE,1703217474944644184,D3:F4:55:AB:96:20,-64
BLE,1703217475140625058,D3:F4:55:AB:96:20,-63
BLE,1703217475160714343,DF:DF:EE:00:00:04,-41
BLE,1703217475210900493,DF:A6:DC:DC:2E:81,-58
BLE,1703217475211015660,DF:DF:EE:00:00:01,-58
BLE,1703217475326309436,D3:F4:55:AB:96:20,-64
BLE,1703217475518162494,D3:F4:55:AB:96:20,-62
BLE,1703217475694241249,DF:DF:EE:00:00:04,-54
BLE,1703217475711758045,D3:F4:55:AB:96:20,-64
BLE,1703217476095328413,D3:F4:55:AB:96:20,-64
BLE,1703217476157553885,DF:DF:EE:00:00:04,-54
BLE,1703217476220376146,DF:A6:DC:DC:2E:81,-73
BLE,1703217476220414896,DF:DF:EE:00:00:01,-73
BLE,1703217476286978556,D3:F4:55:AB:96:20,-63
BLE,1703217476482446641,D3:F4:55:AB:96:20,-62
BLE,1703217476700454124,DF:DF:EE:00:00:04,-53
BLE,1703217476867425961,D3:F4:55:AB:96:20,-61
BLE,1703217477058659480,D3:F4:55:AB:96:20,-64
BLE,1703217477160829607,DF:DF:EE:00:00:04,-54
BLE,1703217477223205036,DF:A6:DC:DC:2E:81,-57
BLE,1703217477223255994,DF:DF:EE:00:00:01,-57
BLE,1703217477253035236,D3:F4:55:AB:96:20,-46
BLE,1703217477446218247,D3:F4:55:AB:96:20,-64
BLE,1703217477447457825,D3:F4:55:AB:96:20,-60
BLE,1703217477638999010,D3:F4:55:AB:96:20,-63
BLE,1703217477691060611,DF:DF:EE:00:00:04,-53
BLE,1703217478025141867,D3:F4:55:AB:96:20,-64
BLE,1703217478161098467,DF:DF:EE:00:00:04,-53
BLE,1703217478223044607,D3:F4:55:AB:96:20,-63
BLE,1703217478409925479,D3:F4:55:AB:96:20,-50
BLE,1703217478695405994,DF:DF:EE:00:00:04,-56
BLE,1703217478987914978,D3:F4:55:AB:96:20,-63
BLE,1703217479160700747,DF:DF:EE:00:00:04,-55
BLE,1703217479174164145,D3:F4:55:AB:96:20,-64
BLE,1703217479226733160,DF:A6:DC:DC:2E:81,-70
BLE,1703217479226753077,DF:DF:EE:00:00:01,-70
BLE,1703217479373622836,D3:F4:55:AB:96:20,-63
BLE,1703217479566766598,D3:F4:55:AB:96:20,-61
BLE,1703217479692279495,DF:DF:EE:00:00:04,-53
BLE,1703217479953817700,D3:F4:55:AB:96:20,-62
BLE,1703217480140217325,D3:F4:55:AB:96:20,-50
BLE,1703217480158145286,DF:DF:EE:00:00:04,-55
BLE,1703217480339458767,D3:F4:55:AB:96:20,-63
BLE,1703217480524796147,D3:F4:55:AB:96:20,-64
BLE,1703217480698071080,DF:DF:EE:00:00:04,-56
BLE,1703217480715065754,D3:F4:55:AB:96:20,-61
BLE,1703217481096261925,D3:F4:55:AB:96:20,-60
BLE,1703217481231354154,DF:A6:DC:DC:2E:81,-70
BLE,1703217481231405737,DF:DF:EE:00:00:01,-70
BLE,1703217481665500087,D3:F4:55:AB:96:20,-62
BLE,1703217481700550306,DF:DF:EE:00:00:04,-54
BLE,1703217481855645070,D3:F4:55:AB:96:20,-64
BLE,1703217482153240448,DF:DF:EE:00:00:04,-56
BLE,1703217482445205726,D3:F4:55:AB:96:20,-60
BLE,1703217482695186816,DF:DF:EE:00:00:04,-54
BLE,1703217482835087690,D3:F4:55:AB:96:20,-64
BLE,1703217483028691700,D3:F4:55:AB:96:20,-61
BLE,1703217483218181519,D3:F4:55:AB:96:20,-63
BLE,1703217483405507723,D3:F4:55:AB:96:20,-64
BLE,1703217483599691188,D3:F4:55:AB:96:20,-63
BLE,1703217483696889628,DF:DF:EE:00:00:04,-54
BLE,1703217483793943528,D3:F4:55:AB:96:20,-47
BLE,1703217484180282092,D3:F4:55:AB:96:20,-60
BLE,1703217484251989146,DF:A6:DC:DC:2E:81,-58
BLE,1703217484252028021,DF:DF:EE:00:00:01,-58
BLE,1703217484565894659,D3:F4:55:AB:96:20,-63
BLE,1703217484700453015,DF:DF:EE:00:00:04,-56
BLE,1703217484754180067,D3:F4:55:AB:96:20,-75
BLE,1703217485140702172,D3:F4:55:AB:96:20,-64
BLE,1703217485155143315,DF:DF:EE:00:00:04,-55
BLE,1703217485258618311,DF:A6:DC:DC:2E:81,-70
BLE,1703217485258665894,DF:DF:EE:00:00:01,-70
BLE,1703217485335594592,D3:F4:55:AB:96:20,-63
BLE,1703217485699652505,DF:DF:EE:00:00:04,-52
BLE,1703217485716884387,D3:F4:55:AB:96:20,-63
BLE,1703217485909405192,D3:F4:55:AB:96:20,-61
BLE,1703217486103255909,D3:F4:55:AB:96:20,-64
BLE,1703217486268157338,DF:A6:DC:DC:2E:81,-71
BLE,1703217486268198796,DF:DF:EE:00:00:01,-71
BLE,1703217486292137898,D3:F4:55:AB:96:20,-61
BLE,1703217486483624791,D3:F4:55:AB:96:20,-63
BLE,1703217486674528979,D3:F4:55:AB:96:20,-61
BLE,1703217486698167790,DF:DF:EE:00:00:04,-56
BLE,1703217487063636239,D3:F4:55:AB:96:20,-67
BLE,1703217487252855560,D3:F4:55:AB:96:20,-64
BLE,1703217487276787078,DF:A6:DC:DC:2E:81,-73
BLE,1703217487276818036,DF:DF:EE:00:00:01,-73
BLE,1703217487449422764,D3:F4:55:AB:96:20,-63
BLE,1703217487636543302,D3:F4:55:AB:96:20,-64
BLE,1703217487828322486,D3:F4:55:AB:96:20,-63
BLE,1703217488151477624,DF:DF:EE:00:00:04,-54
BLE,1703217488605795509,D3:F4:55:AB:96:20,-65
BLE,1703217488699025217,DF:DF:EE:00:00:04,-54
BLE,1703217488799029312,D3:F4:55:AB:96:20,-63
BLE,1703217488984547857,D3:F4:55:AB:96:20,-64
BLE,1703217489159244909,DF:DF:EE:00:00:04,-39
BLE,1703217489180512273,D3:F4:55:AB:96:20,-63
BLE,1703217489284351933,DF:A6:DC:DC:2E:81,-71
BLE,1703217489284382933,DF:DF:EE:00:00:01,-71
BLE,1703217489697988792,DF:DF:EE:00:00:04,-41
BLE,1703217489757779399,D3:F4:55:AB:96:20,-62
BLE,1703217489948466130,D3:F4:55:AB:96:20,-63
BLE,1703217490134599798,D3:F4:55:AB:96:20,-66
BLE,1703217490325746693,D3:F4:55:AB:96:20,-63
BLE,1703217490696141328,DF:DF:EE:00:00:04,-54
BLE,1703217490710184307,D3:F4:55:AB:96:20,-63
BLE,1703217491091843100,D3:F4:55:AB:96:20,-63
BLE,1703217491157952096,DF:DF:EE:00:00:04,-55
BLE,1703217491285312068,D3:F4:55:AB:96:20,-60
BLE,1703217491296817350,DF:A6:DC:DC:2E:81,-58
BLE,1703217491296851350,DF:DF:EE:00:00:01,-58
BLE,1703217491669521392,D3:F4:55:AB:96:20,-46
BLE,1703217491692713538,DF:DF:EE:00:00:04,-53
BLE,1703217491859753333,D3:F4:55:AB:96:20,-63
BLE,1703217492050668646,D3:F4:55:AB:96:20,-61
BLE,1703217492160219073,DF:DF:EE:00:00:04,-37
BLE,1703217492246829144,D3:F4:55:AB:96:20,-64
BLE,1703217492307092332,DF:A6:DC:DC:2E:81,-75
BLE,1703217492307129166,DF:DF:EE:00:00:01,-75
BLE,1703217492629582182,D3:F4:55:AB:96:20,-64
BLE,1703217492828999874,D3:F4:55:AB:96:20,-62
BLE,1703217493015367123,D3:F4:55:AB:96:20,-64
BLE,1703217493157279864,DF:DF:EE:00:00:04,-54
BLE,1703217493307598983,DF:A6:DC:DC:2E:81,-74
BLE,1703217493307647816,DF:DF:EE:00:00:01,-74
BLE,1703217493395876380,D3:F4:55:AB:96:20,-64
BLE,1703217493588887684,D3:F4:55:AB:96:20,-67
BLE,1703217493784581100,D3:F4:55:AB:96:20,-61
BLE,1703217493973432339,D3:F4:55:AB:96:20,-62
BLE,1703217494160363586,DF:DF:EE:00:00:04,-54
BLE,1703217494168402259,D3:F4:55:AB:96:20,-60
BLE,1703217494311951075,DF:A6:DC:DC:2E:81,-73
BLE,1703217494311979200,DF:DF:EE:00:00:01,-73
BLE,1703217494364466757,D3:F4:55:AB:96:20,-50
BLE,1703217494558329265,D3:F4:55:AB:96:20,-62
BLE,1703217494694369282,DF:DF:EE:00:00:04,-55
BLE,1703217494745324346,D3:F4:55:AB:96:20,-65
BLE,1703217494941536051,D3:F4:55:AB:96:20,-47
BLE,1703217495524272820,D3:F4:55:AB:96:20,-63
BLE,1703217495696179343,DF:DF:EE:00:00:04,-54
BLE,1703217495713175851,D3:F4:55:AB:96:20,-64
BLE,1703217495905805906,D3:F4:55:AB:96:20,-47
BLE,1703217496101526364,D3:F4:55:AB:96:20,-62
BLE,1703217496157266323,DF:DF:EE:00:00:04,-55
BLE,1703217496295807329,D3:F4:55:AB:96:20,-64
BLE,1703217496321872920,DF:A6:DC:DC:2E:81,-73
BLE,1703217496321898545,DF:DF:EE:00:00:01,-73
BLE,1703217496488964715,D3:F4:55:AB:96:20,-62
BLE,1703217496490301000,D3:F4:55:AB:96:20,-62
BLE,1703217496685902001,D3:F4:55:AB:96:20,-62
BLE,1703217496697074326,DF:DF:EE:00:00:04,-54
BLE,1703217496875500486,D3:F4:55:AB:96:20,-63
BLE,1703217497070604155,D3:F4:55:AB:96:20,-62
BLE,1703217497260869388,D3:F4:55:AB:96:20,-62
BLE,1703217497324719227,DF:A6:DC:DC:2E:81,-73
BLE,1703217497324747436,DF:DF:EE:00:00:01,-73
BLE,1703217497447720177,D3:F4:55:AB:96:20,-65
BLE,1703217497694411741,DF:DF:EE:00:00:04,-53
BLE,1703217497840851211,D3:F4:55:AB:96:20,-62
BLE,1703217498225782906,D3:F4:55:AB:96:20,-63
BLE,1703217498330790270,DF:A6:DC:DC:2E:81,-70
BLE,1703217498330828145,DF:DF:EE:00:00:01,-70
BLE,1703217498416104555,D3:F4:55:AB:96:20,-64
BLE,1703217498417597632,D3:F4:55:AB:96:20,-60
BLE,1703217498693787522,DF:DF:EE:00:00:04,-54
BLE,1703217498695216974,DF:DF:EE:00:00:04,-55
BLE,1703217498804862192,D3:F4:55:AB:96:20,-61
BLE,1703217498999152864,D3:F4:55:AB:96:20,-50
BLE,1703217499156003538,DF:DF:EE:00:00:04,-53
BLE,1703217499190535675,D3:F4:55:AB:96:20,-61
BLE,1703217499378916541,D3:F4:55:AB:96:20,-50
BLE,1703217499577783235,D3:F4:55:AB:96:20,-62
BLE,1703217499765527729,D3:F4:55:AB:96:20,-64
BLE,1703217500151117380,D3:F4:55:AB:96:20,-60
BLE,1703217500153767576,DF:DF:EE:00:00:04,-54
BLE,1703217500334105103,DF:A6:DC:DC:2E:81,-71
BLE,1703217500334136270,DF:DF:EE:00:00:01,-71
BLE,1703217500346341215,D3:F4:55:AB:96:20,-50
BLE,1703217500692352001,DF:DF:EE:00:00:04,-54
BLE,1703217500730919829,D3:F4:55:AB:96:20,-64
BLE,1703217500928272613,D3:F4:55:AB:96:20,-46
BLE,1703217501125907562,D3:F4:55:AB:96:20,-62
BLE,1703217501159270913,DF:DF:EE:00:00:04,-53
BLE,1703217501314204345,D3:F4:55:AB:96:20,-64
BLE,1703217501506112362,D3:F4:55:AB:96:20,-62
BLE,1703217501700644159,D3:F4:55:AB:96:20,-66
BLE,1703217501893493421,D3:F4:55:AB:96:20,-63
BLE,1703217502079621131,D3:F4:55:AB:96:20,-65
BLE,1703217502153744507,DF:DF:EE:00:00:04,-54
BLE,1703217502268378286,D3:F4:55:AB:96:20,-60
BLE,1703217502340779629,DF:A6:DC:DC:2E:81,-72
BLE,1703217502340805796,DF:DF:EE:00:00:01,-72
BLE,1703217502460906217,D3:F4:55:AB:96:20,-65
BLE,1703217502655778637,D3:F4:55:AB:96:20,-63
BLE,1703217502693267095,DF:DF:EE:00:00:04,-53
BLE,1703217503030904585,D3:F4:55:AB:96:20,-60
BLE,1703217503339189456,DF:A6:DC:DC:2E:81,-73
BLE,1703217503339219164,DF:DF:EE:00:00:01,-73
BLE,1703217503421657004,D3:F4:55:AB:96:20,-62
BLE,1703217503612608900,D3:F4:55:AB:96:20,-65
BLE,1703217503809049647,D3:F4:55:AB:96:20,-62
BLE,1703217504002206825,D3:F4:55:AB:96:20,-62
BLE,1703217504152272737,DF:DF:EE:00:00:04,-53
BLE,1703217504195632210,D3:F4:55:AB:96:20,-65
BLE,1703217504345911496,DF:A6:DC:DC:2E:81,-72
BLE,1703217504345945121,DF:DF:EE:00:00:01,-72
BLE,1703217504589077242,D3:F4:55:AB:96:20,-62
BLE,1703217504690488788,DF:DF:EE:00:00:04,-53
BLE,1703217504786019695,D3:F4:55:AB:96:20,-62
BLE,1703217504977406005,D3:F4:55:AB:96:20,-62
BLE,1703217505349610966,DF:A6:DC:DC:2E:81,-70
BLE,1703217505349665799,DF:DF:EE:00:00:01,-70
BLE,1703217505360443834,D3:F4:55:AB:96:20,-62
BLE,1703217505547160457,D3:F4:55:AB:96:20,-64
BLE,1703217505694147967,DF:DF:EE:00:00:04,-55
BLE,1703217506159948259,DF:DF:EE:00:00:04,-53
BLE,1703217506323776984,D3:F4:55:AB:96:20,-62
BLE,1703217506351027821,DF:A6:DC:DC:2E:81,-72
BLE,1703217506351054529,DF:DF:EE:00:00:01,-72
BLE,1703217506518838696,D3:F4:55:AB:96:20,-62
BLE,1703217506695172782,DF:DF:EE:00:00:04,-53
BLE,1703217506904708595,D3:F4:55:AB:96:20,-60
BLE,1703217507099413724,D3:F4:55:AB:96:20,-65
BLE,1703217507152237988,DF:DF:EE:00:00:04,-55
BLE,1703217507287917006,D3:F4:55:AB:96:20,-62
BLE,1703217507354775832,DF:A6:DC:DC:2E:81,-72
BLE,1703217507354801499,DF:DF:EE:00:00:01,-72
BLE,1703217507476645954,D3:F4:55:AB:96:20,-62
BLE,1703217507673011201,D3:F4:55:AB:96:20,-63
BLE,1703217507699759998,DF:DF:EE:00:00:04,-54
BLE,1703217507862841394,D3:F4:55:AB:96:20,-64
BLE,1703217508258376875,D3:F4:55:AB:96:20,-46
BLE,1703217508360988624,DF:A6:DC:DC:2E:81,-73
BLE,1703217508361018999,DF:DF:EE:00:00:01,-73
BLE,1703217508454640831,D3:F4:55:AB:96:20,-62
BLE,1703217508643379028,D3:F4:55:AB:96:20,-63
BLE,1703217508833585678,D3:F4:55:AB:96:20,-66
BLE,1703217509026028109,D3:F4:55:AB:96:20,-63
BLE,1703217509155393405,DF:DF:EE:00:00:04,-53
BLE,1703217509215422803,D3:F4:55:AB:96:20,-65
BLE,1703217509411763675,D3:F4:55:AB:96:20,-62
BLE,1703217509698497185,DF:DF:EE:00:00:04,-54
BLE,1703217509793827092,D3:F4:55:AB:96:20,-63
BLE,1703217510155207309,DF:DF:EE:00:00:04,-53
BLE,1703217510175448802,D3:F4:55:AB:96:20,-63
BLE,1703217510692732489,DF:DF:EE:00:00:04,-54
BLE,1703217510951763289,D3:F4:55:AB:96:20,-62
BLE,1703217511157281745,DF:DF:EE:00:00:04,-53
BLE,1703217511331753048,D3:F4:55:AB:96:20,-65
BLE,1703217511333059000,D3:F4:55:AB:96:20,-62
BLE,1703217511701109646,DF:DF:EE:00:00:04,-55
BLE,1703217511719367398,D3:F4:55:AB:96:20,-62
BLE,1703217511913030573,D3:F4:55:AB:96:20,-64
BLE,1703217512105522254,D3:F4:55:AB:96:20,-63
BLE,1703217512155431364,DF:DF:EE:00:00:04,-54
BLE,1703217512294599950,D3:F4:55:AB:96:20,-66
BLE,1703217512488907873,D3:F4:55:AB:96:20,-62
BLE,1703217512677200323,D3:F4:55:AB:96:20,-64
BLE,1703217512872755240,D3:F4:55:AB:96:20,-63
BLE,1703217513153029570,DF:DF:EE:00:00:04,-54
BLE,1703217513256129192,D3:F4:55:AB:96:20,-63
BLE,1703217513391813502,DF:A6:DC:DC:2E:81,-73
BLE,1703217513391842627,DF:DF:EE:00:00:01,-73
BLE,1703217513450171991,D3:F4:55:AB:96:20,-62
BLE,1703217513643872625,D3:F4:55:AB:96:20,-50
BLE,1703217513691106788,DF:DF:EE:00:00:04,-38
BLE,1703217513833599235,D3:F4:55:AB:96:20,-62
BLE,1703217514024277340,D3:F4:55:AB:96:20,-63
BLE,1703217514216499272,D3:F4:55:AB:96:20,-62
BLE,1703217514396199635,DF:A6:DC:DC:2E:81,-70
BLE,1703217514396228969,DF:DF:EE:00:00:01,-70
BLE,1703217514405285595,D3:F4:55:AB:96:20,-62
BLE,1703217514592698173,D3:F4:55:AB:96:20,-65
BLE,1703217514697138248,DF:DF:EE:00:00:04,-55
BLE,1703217515152332629,DF:DF:EE:00:00:04,-52
BLE,1703217515176050481,D3:F4:55:AB:96:20,-65
BLE,1703217515373772847,D3:F4:55:AB:96:20,-74
BLE,1703217515399026526,DF:A6:DC:DC:2E:81,-73
BLE,1703217515399052109,DF:DF:EE:00:00:01,-73
BLE,1703217515563287208,D3:F4:55:AB:96:20,-62
BLE,1703217515695413284,DF:DF:EE:00:00:04,-53
BLE,1703217516137993221,D3:F4:55:AB:96:20,-63
BLE,1703217516153644276,DF:DF:EE:00:00:04,-53
BLE,1703217516328197829,D3:F4:55:AB:96:20,-62
BLE,1703217516404685570,DF:A6:DC:DC:2E:81,-72
BLE,1703217516404713528,DF:DF:EE:00:00:01,-72
BLE,1703217516519709848,D3:F4:55:AB:96:20,-63
BLE,1703217516701132411,DF:DF:EE:00:00:04,-55
BLE,1703217516713566356,D3:F4:55:AB:96:20,-62
BLE,1703217516908833649,D3:F4:55:AB:96:20,-63
BLE,1703217517099060923,D3:F4:55:AB:96:20,-62
BLE,1703217517100541083,D3:F4:55:AB:96:20,-63
BLE,1703217517292420184,D3:F4:55:AB:96:20,-50
BLE,1703217517408470581,DF:A6:DC:DC:2E:81,-70
BLE,1703217517408503248,DF:DF:EE:00:00:01,-70
BLE,1703217517679625202,D3:F4:55:AB:96:20,-62
BLE,1703217517695906921,DF:DF:EE:00:00:04,-54
BLE,1703217517871513636,D3:F4:55:AB:96:20,-62
BLE,1703217518162206294,DF:DF:EE:00:00:04,-55
BLE,1703217518258416739,D3:F4:55:AB:96:20,-63
BLE,1703217518638432914,D3:F4:55:AB:96:20,-64
BLE,1703217518695535659,DF:DF:EE:00:00:04,-56
BLE,1703217519021357535,D3:F4:55:AB:96:20,-65
BLE,1703217519216906119,D3:F4:55:AB:96:20,-63
BLE,1703217519403648076,D3:F4:55:AB:96:20,-64
BLE,1703217519598847453,D3:F4:55:AB:96:20,-63
BLE,1703217519786217948,D3:F4:55:AB:96:20,-65
BLE,1703217519975663309,D3:F4:55:AB:96:20,-60
BLE,1703217520150480653,DF:DF:EE:00:00:04,-53
BLE,1703217520417237876,DF:A6:DC:DC:2E:81,-74
BLE,1703217520417268418,DF:DF:EE:00:00:01,-74
BLE,1703217520700650859,DF:DF:EE:00:00:04,-56
BLE,1703217520748254813,D3:F4:55:AB:96:20,-47
BLE,1703217520943656022,D3:F4:55:AB:96:20,-62
BLE,1703217521320636920,D3:F4:55:AB:96:20,-65
BLE,1703217521424894245,DF:A6:DC:DC:2E:81,-72
BLE,1703217521424925245,DF:DF:EE:00:00:01,-72
BLE,1703217521511604733,D3:F4:55:AB:96:20,-63
BLE,1703217521693195004,DF:DF:EE:00:00:04,-55
BLE,1703217521701275259,D3:F4:55:AB:96:20,-65
BLE,1703217521897359632,D3:F4:55:AB:96:20,-63
BLE,1703217522086337287,D3:F4:55:AB:96:20,-66
BLE,1703217522159466835,DF:DF:EE:00:00:04,-54
BLE,1703217522276539145,D3:F4:55:AB:96:20,-62
BLE,1703217522423663612,DF:A6:DC:DC:2E:81,-72
BLE,1703217522423689404,DF:DF:EE:00:00:01,-72
BLE,1703217522463530226,D3:F4:55:AB:96:20,-65
BLE,1703217522660572261,D3:F4:55:AB:96:20,-63
BLE,1703217522697897969,DF:DF:EE:00:00:04,-54
BLE,1703217522845784641,D3:F4:55:AB:96:20,-65
BLE,1703217523039332442,D3:F4:55:AB:96:20,-62
BLE,1703217523153771847,DF:DF:EE:00:00:04,-55
BLE,1703217523229480925,D3:F4:55:AB:96:20,-65
BLE,1703217523426864959,D3:F4:55:AB:96:20,-61
BLE,1703217523613772040,D3:F4:55:AB:96:20,-65
BLE,1703217523803215610,D3:F4:55:AB:96:20,-62
BLE,1703217524158896352,DF:DF:EE:00:00:04,-54
BLE,1703217524186229772,D3:F4:55:AB:96:20,-62
BLE,1703217524380791110,D3:F4:55:AB:96:20,-65
BLE,1703217524575652572,D3:F4:55:AB:96:20,-62
BLE,1703217524690725641,DF:DF:EE:00:00:04,-53
BLE,1703217524767452714,D3:F4:55:AB:96:20,-46
BLE,1703217524957194616,D3:F4:55:AB:96:20,-63
BLE,1703217525152461076,D3:F4:55:AB:96:20,-62
BLE,1703217525156320184,DF:DF:EE:00:00:04,-55
BLE,1703217525347587245,D3:F4:55:AB:96:20,-66
BLE,1703217525445004768,DF:A6:DC:DC:2E:81,-70
BLE,1703217525445030268,DF:DF:EE:00:00:01,-70
BLE,1703217525543277912,D3:F4:55:AB:96:20,-61
BLE,1703217525694211487,DF:DF:EE:00:00:04,-55
BLE,1703217525730709240,D3:F4:55:AB:96:20,-65
BLE,1703217526121040078,D3:F4:55:AB:96:20,-62
BLE,1703217526153291725,DF:DF:EE:00:00:04,-52
BLE,1703217526311435768,D3:F4:55:AB:96:20,-66
BLE,1703217526447075995,DF:A6:DC:DC:2E:81,-73
BLE,1703217526447106828,DF:DF:EE:00:00:01,-73
BLE,1703217526503772075,D3:F4:55:AB:96:20,-62
BLE,1703217526884121957,D3:F4:55:AB:96:20,-62
BLE,1703217527076362972,D3:F4:55:AB:96:20,-65
BLE,1703217527152942380,DF:DF:EE:00:00:04,-53
BLE,1703217527266409623,D3:F4:55:AB:96:20,-62
BLE,1703217527451233296,DF:A6:DC:DC:2E:81,-73
BLE,1703217527451260171,DF:DF:EE:00:00:01,-73
BLE,1703217527461327084,D3:F4:55:AB:96:20,-66
BLE,1703217527694488250,DF:DF:EE:00:00:04,-54
BLE,1703217527844928244,D3:F4:55:AB:96:20,-65
BLE,1703217528036665345,D3:F4:55:AB:96:20,-62
BLE,1703217528232023888,D3:F4:55:AB:96:20,-60
BLE,1703217528423658781,D3:F4:55:AB:96:20,-63
BLE,1703217528451436657,DF:A6:DC:DC:2E:81,-60
BLE,1703217528451462073,DF:DF:EE:00:00:01,-60
BLE,1703217528608815953,D3:F4:55:AB:96:20,-66
BLE,1703217528692073664,DF:DF:EE:00:00:04,-56
BLE,1703217528993824689,D3:F4:55:AB:96:20,-63
BLE,1703217529156326046,DF:DF:EE:00:00:04,-53
BLE,1703217529378293887,D3:F4:55:AB:96:20,-60
BLE,1703217529461228099,DF:A6:DC:DC:2E:81,-77
BLE,1703217529461257474,DF:DF:EE:00:00:01,-77
BLE,1703217529573979095,D3:F4:55:AB:96:20,-64
BLE,1703217529690105034,DF:DF:EE:00:00:04,-38
BLE,1703217529770166884,D3:F4:55:AB:96:20,-62
BLE,1703217529959587704,D3:F4:55:AB:96:20,-64
BLE,1703217530156135783,DF:DF:EE:00:00:04,-55
BLE,1703217530344528858,D3:F4:55:AB:96:20,-64
BLE,1703217530470630210,DF:A6:DC:DC:2E:81,-73
BLE,1703217530470660419,DF:DF:EE:00:00:01,-73
BLE,1703217530691343765,DF:DF:EE:00:00:04,-41
BLE,1703217530734544863,D3:F4:55:AB:96:20,-61
BLE,1703217530926264298,D3:F4:55:AB:96:20,-65
BLE,1703217531119280060,D3:F4:55:AB:96:20,-62
BLE,1703217531152067580,DF:DF:EE:00:00:04,-54
BLE,1703217531308654213,D3:F4:55:AB:96:20,-65
BLE,1703217531479206575,DF:A6:DC:DC:2E:81,-73
BLE,1703217531479244367,DF:DF:EE:00:00:01,-73
BLE,1703217531505288917,D3:F4:55:AB:96:20,-62
BLE,1703217531696106897,DF:DF:EE:00:00:04,-54
BLE,1703217531700053004,D3:F4:55:AB:96:20,-62
BLE,1703217531896504709,D3:F4:55:AB:96:20,-66
BLE,1703217532088916973,D3:F4:55:AB:96:20,-62
BLE,1703217532157963456,DF:DF:EE:00:00:04,-55
BLE,1703217532279565579,D3:F4:55:AB:96:20,-65
BLE,1703217532469529688,D3:F4:55:AB:96:20,-62
BLE,1703217532479973600,DF:A6:DC:DC:2E:81,-73
BLE,1703217532479998808,DF:DF:EE:00:00:01,-73
BLE,1703217532656457227,D3:F4:55:AB:96:20,-65
BLE,1703217532853397096,D3:F4:55:AB:96:20,-63
BLE,1703217533043275081,D3:F4:55:AB:96:20,-66
BLE,1703217533428700357,D3:F4:55:AB:96:20,-62
BLE,1703217533621463537,D3:F4:55:AB:96:20,-63
BLE,1703217533699868394,DF:DF:EE:00:00:04,-54
BLE,1703217533808746783,D3:F4:55:AB:96:20,-64
BLE,1703217534160163378,DF:DF:EE:00:00:04,-54
BLE,1703217534495807335,DF:A6:DC:DC:2E:81,-58
BLE,1703217534495839585,DF:DF:EE:00:00:01,-58
BLE,1703217534576571057,D3:F4:55:AB:96:20,-62
BLE,1703217534690041050,DF:DF:EE:00:00:04,-40
BLE,1703217534772667055,D3:F4:55:AB:96:20,-65
BLE,1703217534966580438,D3:F4:55:AB:96:20,-62
BLE,1703217535152222275,DF:DF:EE:00:00:04,-56
BLE,1703217535344738497,D3:F4:55:AB:96:20,-62
BLE,1703217535503321663,DF:A6:DC:DC:2E:81,-70
BLE,1703217535503352704,DF:DF:EE:00:00:01,-70
BLE,1703217535534588023,D3:F4:55:AB:96:20,-62
BLE,1703217535719762987,D3:F4:55:AB:96:20,-64
BLE,1703217535911453963,D3:F4:55:AB:96:20,-62
BLE,1703217536158407233,DF:DF:EE:00:00:04,-54
BLE,1703217536291222639,D3:F4:55:AB:96:20,-62
BLE,1703217536481281748,D3:F4:55:AB:96:20,-66
BLE,1703217536510994782,DF:A6:DC:DC:2E:81,-70
BLE,1703217536511023240,DF:DF:EE:00:00:01,-70
BLE,1703217536672567476,D3:F4:55:AB:96:20,-60
BLE,1703217536695550040,DF:DF:EE:00:00:04,-54
BLE,1703217537153517658,DF:DF:EE:00:00:04,-54
BLE,1703217537246840366,D3:F4:55:AB:96:20,-65
BLE,1703217537516496119,DF:A6:DC:DC:2E:81,-73
BLE,1703217537516530660,DF:DF:EE:00:00:01,-73
BLE,1703217537625775713,D3:F4:55:AB:96:20,-47
BLE,1703217537690811006,DF:DF:EE:00:00:04,-55
BLE,1703217537818999516,D3:F4:55:AB:96:20,-62
BLE,1703217538013441188,D3:F4:55:AB:96:20,-65
BLE,1703217538398994714,D3:F4:55:AB:96:20,-65
BLE,1703217538522281037,DF:A6:DC:DC:2E:81,-72
BLE,1703217538522309121,DF:DF:EE:00:00:01,-72
BLE,1703217538591007272,D3:F4:55:AB:96:20,-63
BLE,1703217538980145907,D3:F4:55:AB:96:20,-66
BLE,1703217539154976875,DF:DF:EE:00:00:04,-55
BLE,1703217539362240031,D3:F4:55:AB:96:20,-65
BLE,1703217539524132349,DF:A6:DC:DC:2E:81,-75
BLE,1703217539524160974,DF:DF:EE:00:00:01,-75
BLE,1703217539559694398,D3:F4:55:AB:96:20,-62
BLE,1703217539693450175,DF:DF:EE:00:00:04,-39
BLE,1703217539746467063,D3:F4:55:AB:96:20,-64
BLE,1703217539944686802,D3:F4:55:AB:96:20,-62
BLE,1703217540137221649,D3:F4:55:AB:96:20,-62
BLE,1703217540152913870,DF:DF:EE:00:00:04,-53
BLE,1703217540525218122,D3:F4:55:AB:96:20,-62
BLE,1703217540532205799,DF:A6:DC:DC:2E:81,-59
BLE,1703217540532231424,DF:DF:EE:00:00:01,-59
BLE,1703217540688525642,DF:DF:EE:00:00:04,-54
BLE,1703217540721008538,D3:F4:55:AB:96:20,-62
BLE,1703217541102562999,D3:F4:55:AB:96:20,-62
BLE,1703217541159449828,DF:DF:EE:00:00:04,-55
BLE,1703217541293986851,D3:F4:55:AB:96:20,-71
BLE,1703217541536343809,DF:A6:DC:DC:2E:81,-58
BLE,1703217541536381225,DF:DF:EE:00:00:01,-58
BLE,1703217541695555972,DF:DF:EE:00:00:04,-55
BLE,1703217541867823076,D3:F4:55:AB:96:20,-60
BLE,1703217542058437474,D3:F4:55:AB:96:20,-63
BLE,1703217542158682526,DF:DF:EE:00:00:04,-54
BLE,1703217542245810011,D3:F4:55:AB:96:20,-66
BLE,1703217542544710716,DF:A6:DC:DC:2E:81,-70
BLE,1703217542544742049,DF:DF:EE:00:00:01,-70
BLE,1703217542815135465,D3:F4:55:AB:96:20,-62
BLE,1703217543007248148,D3:F4:55:AB:96:20,-65
BLE,1703217543152731330,DF:DF:EE:00:00:04,-54
BLE,1703217543386083704,D3:F4:55:AB:96:20,-62
BLE,1703217543690488551,DF:DF:EE:00:00:04,-54
BLE,1703217543960192178,D3:F4:55:AB:96:20,-62
BLE,1703217544343652671,D3:F4:55:AB:96:20,-62
BLE,1703217544540136709,D3:F4:55:AB:96:20,-65
BLE,1703217544697804838,DF:DF:EE:00:00:04,-52
BLE,1703217544736219458,D3:F4:55:AB:96:20,-62
BLE,1703217545122162773,D3:F4:55:AB:96:20,-65
BLE,1703217545159095233,DF:DF:EE:00:00:04,-55
BLE,1703217545317774274,D3:F4:55:AB:96:20,-62
BLE,1703217545505998348,D3:F4:55:AB:96:20,-65
BLE,1703217545560462063,DF:A6:DC:DC:2E:81,-71
BLE,1703217545560489313,DF:DF:EE:00:00:01,-71
BLE,1703217545691043771,DF:DF:EE:00:00:04,-53
BLE,1703217545703779297,D3:F4:55:AB:96:20,-63
BLE,1703217545897804221,D3:F4:55:AB:96:20,-62
BLE,1703217546087328832,D3:F4:55:AB:96:20,-62
BLE,1703217546284021619,D3:F4:55:AB:96:20,-62
BLE,1703217546476288884,D3:F4:55:AB:96:20,-50
BLE,1703217546569062428,DF:A6:DC:DC:2E:81,-70
BLE,1703217546569091094,DF:DF:EE:00:00:01,-70
BLE,1703217546668735357,D3:F4:55:AB:96:20,-63
BLE,1703217546855414856,D3:F4:55:AB:96:20,-65
BLE,1703217547046585792,D3:F4:55:AB:96:20,-62
BLE,1703217547150455495,DF:DF:EE:00:00:04,-53
BLE,1703217547432446025,D3:F4:55:AB:96:20,-62
BLE,1703217547577020920,DF:A6:DC:DC:2E:81,-73
BLE,1703217547577051879,DF:DF:EE:00:00:01,-73
BLE,1703217547691094785,DF:DF:EE:00:00:04,-53
BLE,1703217547808917050,D3:F4:55:AB:96:20,-46
BLE,1703217548001016524,D3:F4:55:AB:96:20,-64
BLE,1703217548155952206,DF:DF:EE:00:00:04,-54
BLE,1703217548191001841,D3:F4:55:AB:96:20,-62
BLE,1703217548380042163,D3:F4:55:AB:96:20,-62
BLE,1703217548582783839,DF:A6:DC:DC:2E:81,-72
BLE,1703217548582817006,DF:DF:EE:00:00:01,-72
BLE,1703217548691770310,DF:DF:EE:00:00:04,-56
BLE,1703217548760414003,D3:F4:55:AB:96:20,-62
BLE,1703217548949066618,D3:F4:55:AB:96:20,-65
BLE,1703217549138529021,D3:F4:55:AB:96:20,-62
BLE,1703217549149841345,DF:DF:EE:00:00:04,-53
BLE,1703217549330413538,D3:F4:55:AB:96:20,-65
BLE,1703217549527907155,D3:F4:55:AB:96:20,-62
BLE,1703217549584766442,DF:A6:DC:DC:2E:81,-70
BLE,1703217549584795233,DF:DF:EE:00:00:01,-70
BLE,1703217549694901824,DF:DF:EE:00:00:04,-52
BLE,1703217549716080980,D3:F4:55:AB:96:20,-65
BLE,1703217550103984662,D3:F4:55:AB:96:20,-60
BLE,1703217550153937438,DF:DF:EE:00:00:04,-54
BLE,1703217550492786298,D3:F4:55:AB:96:20,-63
BLE,1703217550699565748,DF:DF:EE:00:00:04,-54
BLE,1703217551069039638,D3:F4:55:AB:96:20,-62
BLE,1703217551156240039,DF:DF:EE:00:00:04,-54
BLE,1703217551461525466,D3:F4:55:AB:96:20,-61
BLE,1703217551596488362,DF:A6:DC:DC:2E:81,-73
BLE,1703217551596528112,DF:DF:EE:00:00:01,-73
BLE,1703217551650383163,D3:F4:55:AB:96:20,-65
BLE,1703217551842662011,D3:F4:55:AB:96:20,-63
BLE,1703217552036523728,D3:F4:55:AB:96:20,-62
BLE,1703217552157697853,DF:DF:EE:00:00:04,-55
BLE,1703217552226143463,D3:F4:55:AB:96:20,-62
BLE,1703217552421135008,D3:F4:55:AB:96:20,-62
BLE,1703217552696496860,DF:DF:EE:00:00:04,-55
BLE,1703217552809403938,D3:F4:55:AB:96:20,-63
BLE,1703217553003711486,D3:F4:55:AB:96:20,-61
BLE,1703217553153937106,DF:DF:EE:00:00:04,-54
BLE,1703217553391241253,D3:F4:55:AB:96:20,-62
BLE,1703217553585159719,D3:F4:55:AB:96:20,-64
BLE,1703217553600485942,DF:A6:DC:DC:2E:81,-72
BLE,1703217553600512567,DF:DF:EE:00:00:01,-72
BLE,1703217553695277435,DF:DF:EE:00:00:04,-39
BLE,1703217553781373592,D3:F4:55:AB:96:20,-62
BLE,1703217553971536408,D3:F4:55:AB:96:20,-46
BLE,1703217554151776269,DF:DF:EE:00:00:04,-54
BLE,1703217554162540512,D3:F4:55:AB:96:20,-62
BLE,1703217554349523093,D3:F4:55:AB:96:20,-65
BLE,1703217554541625317,D3:F4:55:AB:96:20,-62
BLE,1703217554606159445,DF:A6:DC:DC:2E:81,-71
BLE,1703217554606186153,DF:DF:EE:00:00:01,-71
BLE,1703217554729990475,D3:F4:55:AB:96:20,-64
BLE,1703217554928631253,D3:F4:55:AB:96:20,-47
BLE,1703217555114207381,D3:F4:55:AB:96:20,-50
BLE,1703217555152671459,DF:DF:EE:00:00:04,-55
BLE,1703217555306731854,D3:F4:55:AB:96:20,-63
BLE,1703217555498356122,D3:F4:55:AB:96:20,-64
BLE,1703217555614425519,DF:A6:DC:DC:2E:81,-71
BLE,1703217555614453478,DF:DF:EE:00:00:01,-71
BLE,1703217555690654304,D3:F4:55:AB:96:20,-62
BLE,1703217555876849304,D3:F4:55:AB:96:20,-50
BLE,1703217556067928408,D3:F4:55:AB:96:20,-62
BLE,1703217556155504850,DF:DF:EE:00:00:04,-53
BLE,1703217556444881514,D3:F4:55:AB:96:20,-66
BLE,1703217556446224883,D3:F4:55:AB:96:20,-62
BLE,1703217556623076926,DF:A6:DC:DC:2E:81,-74
BLE,1703217556623104675,DF:DF:EE:00:00:01,-74
BLE,1703217556690457166,DF:DF:EE:00:00:04,-52
BLE,1703217556830711914,D3:F4:55:AB:96:20,-62
BLE,1703217557211597919,D3:F4:55:AB:96:20,-62
BLE,1703217557591552261,D3:F4:55:AB:96:20,-65
BLE,1703217557627469934,DF:A6:DC:DC:2E:81,-72
BLE,1703217557627495559,DF:DF:EE:00:00:01,-72
BLE,1703217557695354130,DF:DF:EE:00:00:04,-54
BLE,1703217557785039563,D3:F4:55:AB:96:20,-63
BLE,1703217557975062880,D3:F4:55:AB:96:20,-51
BLE,1703217558159263681,DF:DF:EE:00:00:04,-52
BLE,1703217558167429728,D3:F4:55:AB:96:20,-62
BLE,1703217558353683895,D3:F4:55:AB:96:20,-64
BLE,1703217558551354761,D3:F4:55:AB:96:20,-62
BLE,1703217558630583115,DF:A6:DC:DC:2E:81,-70
BLE,1703217558630609906,DF:DF:EE:00:00:01,-70
BLE,1703217558698738143,DF:DF:EE:00:00:04,-53
BLE,1703217558743723901,D3:F4:55:AB:96:20,-60
BLE,1703217558939996356,D3:F4:55:AB:96:20,-64
BLE,1703217559128689596,D3:F4:55:AB:96:20,-61
BLE,1703217559155841891,DF:DF:EE:00:00:04,-55
BLE,1703217559323644724,D3:F4:55:AB:96:20,-64
BLE,1703217559634395334,DF:A6:DC:DC:2E:81,-73
BLE,1703217559634430042,DF:DF:EE:00:00:01,-73
BLE,1703217559694130650,DF:DF:EE:00:00:04,-56
BLE,1703217559710032371,D3:F4:55:AB:96:20,-60
BLE,1703217559904966499,D3:F4:55:AB:96:20,-64
BLE,1703217560100020752,D3:F4:55:AB:96:20,-62
BLE,1703217560154356509,DF:DF:EE:00:00:04,-52
BLE,1703217560291264188,D3:F4:55:AB:96:20,-50
BLE,1703217560484576991,D3:F4:55:AB:96:20,-63
BLE,1703217560640305961,DF:A6:DC:DC:2E:81,-73
BLE,1703217560640347669,DF:DF:EE:00:00:01,-73
BLE,1703217560671749737,D3:F4:55:AB:96:20,-50
BLE,1703217560695418423,DF:DF:EE:00:00:04,-53
BLE,1703217560861070682,D3:F4:55:AB:96:20,-62
BLE,1703217561154395412,DF:DF:EE:00:00:04,-54
BLE,1703217561243203265,D3:F4:55:AB:96:20,-62
BLE,1703217561435278114,D3:F4:55:AB:96:20,-66
BLE,1703217561630594199,D3:F4:55:AB:96:20,-62
BLE,1703217561645302050,DF:A6:DC:DC:2E:81,-71
BLE,1703217561645327633,DF:DF:EE:00:00:01,-71
BLE,1703217561689306728,DF:DF:EE:00:00:04,-54
BLE,1703217561821171180,D3:F4:55:AB:96:20,-65
BLE,1703217562150581374,DF:DF:EE:00:00:04,-55
BLE,1703217562214755628,D3:F4:55:AB:96:20,-63
BLE,1703217562406590396,D3:F4:55:AB:96:20,-65
BLE,1703217562599347825,D3:F4:55:AB:96:20,-62
BLE,1703217562690572042,DF:DF:EE:00:00:04,-54
BLE,1703217562785550243,D3:F4:55:AB:96:20,-50
BLE,1703217562980613245,D3:F4:55:AB:96:20,-62
BLE,1703217563153124682,DF:DF:EE:00:00:04,-54
BLE,1703217563176827076,D3:F4:55:AB:96:20,-62
BLE,1703217563366380603,D3:F4:55:AB:96:20,-62
BLE,1703217563552759978,D3:F4:55:AB:96:20,-64
BLE,1703217563653864693,DF:A6:DC:DC:2E:81,-73
BLE,1703217563653890693,DF:DF:EE:00:00:01,-73
BLE,1703217563696216503,DF:DF:EE:00:00:04,-54
BLE,1703217563935613100,D3:F4:55:AB:96:20,-66
BLE,1703217564127803948,D3:F4:55:AB:96:20,-62
BLE,1703217564316660687,D3:F4:55:AB:96:20,-65
BLE,1703217564510133114,D3:F4:55:AB:96:20,-46
BLE,1703217564656458334,DF:A6:DC:DC:2E:81,-73
BLE,1703217564656497793,DF:DF:EE:00:00:01,-73
BLE,1703217564697640734,D3:F4:55:AB:96:20,-64
BLE,1703217564889419584,D3:F4:55:AB:96:20,-60
BLE,1703217565083225176,D3:F4:55:AB:96:20,-66
BLE,1703217565154420941,DF:DF:EE:00:00:04,-50
BLE,1703217565276933726,D3:F4:55:AB:96:20,-61
BLE,1703217565472506185,D3:F4:55:AB:96:20,-46
BLE,1703217565667001107,D3:F4:55:AB:96:20,-64
BLE,1703217565690342169,DF:DF:EE:00:00:04,-54
BLE,1703217565856851925,D3:F4:55:AB:96:20,-60
BLE,1703217566152081021,DF:DF:EE:00:00:04,-55
BLE,1703217566432261102,D3:F4:55:AB:96:20,-64
BLE,1703217566627013522,D3:F4:55:AB:96:20,-63
BLE,1703217566688853912,DF:DF:EE:00:00:04,-54
BLE,1703217566815655345,D3:F4:55:AB:96:20,-65
BLE,1703217567008869606,D3:F4:55:AB:96:20,-62
BLE,1703217567149103187,DF:DF:EE:00:00:04,-52
BLE,1703217567394218258,D3:F4:55:AB:96:20,-61
BLE,1703217567579719428,D3:F4:55:AB:96:20,-65
BLE,1703217567692618965,DF:DF:EE:00:00:04,-53
BLE,1703217567970426515,D3:F4:55:AB:96:20,-62
BLE,1703217568156509766,DF:DF:EE:00:00:04,-54
BLE,1703217568165602475,D3:F4:55:AB:96:20,-65
BLE,1703217568357711491,D3:F4:55:AB:96:20,-63
BLE,1703217568545891483,D3:F4:55:AB:96:20,-66
BLE,1703217568736245757,D3:F4:55:AB:96:20,-62
BLE,1703217569115633352,D3:F4:55:AB:96:20,-59
BLE,1703217569153231225,DF:DF:EE:00:00:04,-53
BLE,1703217569506742478,D3:F4:55:AB:96:20,-63
BLE,1703217569672717569,DF:A6:DC:DC:2E:81,-73
BLE,1703217569672749652,DF:DF:EE:00:00:01,-73
BLE,1703217569694715220,D3:F4:55:AB:96:20,-64
BLE,1703217569889485099,D3:F4:55:AB:96:20,-62
BLE,1703217570084191895,D3:F4:55:AB:96:20,-62
BLE,1703217570153251128,DF:DF:EE:00:00:04,-55
BLE,1703217570466412936,D3:F4:55:AB:96:20,-60
BLE,1703217570676853162,DF:A6:DC:DC:2E:81,-73
BLE,1703217570676894703,DF:DF:EE:00:00:01,-73
BLE,1703217570697083446,DF:DF:EE:00:00:04,-54
BLE,1703217570849498181,D3:F4:55:AB:96:20,-46
BLE,1703217571418590470,D3:F4:55:AB:96:20,-62
BLE,1703217571609049910,D3:F4:55:AB:96:20,-65
BLE,1703217571675771570,DF:A6:DC:DC:2E:81,-74
BLE,1703217571675806194,DF:DF:EE:00:00:01,-74
BLE,1703217571801970089,D3:F4:55:AB:96:20,-61
BLE,1703217572157723748,DF:DF:EE:00:00:04,-53
BLE,1703217572184501378,D3:F4:55:AB:96:20,-63
BLE,1703217572375168025,D3:F4:55:AB:96:20,-66
BLE,1703217572685178681,DF:A6:DC:DC:2E:81,-75
BLE,1703217572685211847,DF:DF:EE:00:00:01,-75
BLE,1703217572697094836,DF:DF:EE:00:00:04,-53
BLE,1703217572955741929,D3:F4:55:AB:96:20,-65
BLE,1703217573147620279,D3:F4:55:AB:96:20,-62
BLE,1703217573152732215,DF:DF:EE:00:00:04,-55
BLE,1703217573345218937,D3:F4:55:AB:96:20,-62
BLE,1703217573536445166,D3:F4:55:AB:96:20,-63
BLE,1703217573692771716,DF:DF:EE:00:00:04,-55
BLE,1703217573693914670,DF:A6:DC:DC:2E:81,-73
BLE,1703217573693939920,DF:DF:EE:00:00:01,-73
BLE,1703217573727077938,D3:F4:55:AB:96:20,-62
BLE,1703217573916115634,D3:F4:55:AB:96:20,-61
BLE,1703217574111448594,D3:F4:55:AB:96:20,-62
BLE,1703217574156786266,DF:DF:EE:00:00:04,-53
BLE,1703217574301425036,D3:F4:55:AB:96:20,-61
BLE,1703217574487137831,D3:F4:55:AB:96:20,-65
BLE,1703217574682223458,D3:F4:55:AB:96:20,-62
BLE,1703217574695825731,DF:DF:EE:00:00:04,-54
BLE,1703217574698286262,DF:A6:DC:DC:2E:81,-71
BLE,1703217574698311053,DF:DF:EE:00:00:01,-71
BLE,1703217575155780174,DF:DF:EE:00:00:04,-55
BLE,1703217575635396529,D3:F4:55:AB:96:20,-65
BLE,1703217575694646389,DF:DF:EE:00:00:04,-54
BLE,1703217575706462711,DF:A6:DC:DC:2E:81,-70
BLE,1703217575706488128,DF:DF:EE:00:00:01,-70
BLE,1703217575828239709,D3:F4:55:AB:96:20,-63
BLE,1703217576016439367,D3:F4:55:AB:96:20,-66
BLE,1703217576149439855,DF:DF:EE:00:00:04,-38
BLE,1703217576402190975,D3:F4:55:AB:96:20,-65
BLE,1703217576690826101,DF:DF:EE:00:00:04,-53
BLE,1703217576713371125,DF:A6:DC:DC:2E:81,-73
BLE,1703217576713397250,DF:DF:EE:00:00:01,-73
BLE,1703217576985604491,D3:F4:55:AB:96:20,-64
BLE,1703217577151806456,DF:DF:EE:00:00:04,-54
BLE,1703217577179577249,D3:F4:55:AB:96:20,-63
BLE,1703217577367220493,D3:F4:55:AB:96:20,-66
BLE,1703217577557070227,D3:F4:55:AB:96:20,-62
BLE,1703217577690905004,DF:DF:EE:00:00:04,-54
BLE,1703217577750751653,D3:F4:55:AB:96:20,-65
BLE,1703217577943387458,D3:F4:55:AB:96:20,-62
BLE,1703217578133917314,D3:F4:55:AB:96:20,-65
BLE,1703217578324420046,D3:F4:55:AB:96:20,-63
BLE,1703217578515485858,D3:F4:55:AB:96:20,-66
BLE,1703217578692795940,DF:DF:EE:00:00:04,-54
BLE,1703217578715770004,DF:A6:DC:DC:2E:81,-74
BLE,1703217578715796087,DF:DF:EE:00:00:01,-74
BLE,1703217578897789190,D3:F4:55:AB:96:20,-65
BLE,1703217579150889017,DF:DF:EE:00:00:04,-56
BLE,1703217579284702585,D3:F4:55:AB:96:20,-62
BLE,1703217579473757114,D3:F4:55:AB:96:20,-63
BLE,1703217579661660899,D3:F4:55:AB:96:20,-65
BLE,1703217579696927991,DF:DF:EE:00:00:04,-54
BLE,1703217579723343498,DF:A6:DC:DC:2E:81,-72
BLE,1703217579723369873,DF:DF:EE:00:00:01,-72
BLE,1703217580042704903,D3:F4:55:AB:96:20,-66
BLE,1703217580234279047,D3:F4:55:AB:96:20,-62
BLE,1703217580613354518,D3:F4:55:AB:96:20,-62
BLE,1703217580725692808,DF:A6:DC:DC:2E:81,-70
BLE,1703217580725735682,DF:DF:EE:00:00:01,-70
BLE,1703217580808405104,D3:F4:55:AB:96:20,-64
BLE,1703217580997091927,D3:F4:55:AB:96:20,-62
BLE,1703217581191464266,D3:F4:55:AB:96:20,-64
BLE,1703217581384793735,D3:F4:55:AB:96:20,-62
BLE,1703217581573235392,D3:F4:55:AB:96:20,-65
BLE,1703217581691937070,DF:DF:EE:00:00:04,-54
BLE,1703217581731127103,DF:A6:DC:DC:2E:81,-74
BLE,1703217581731158853,DF:DF:EE:00:00:01,-74
BLE,1703217581969575703,D3:F4:55:AB:96:20,-63
BLE,1703217582150359353,DF:DF:EE:00:00:04,-55
BLE,1703217582165964325,D3:F4:55:AB:96:20,-62
BLE,1703217582355306062,D3:F4:55:AB:96:20,-63
BLE,1703217582546992079,D3:F4:55:AB:96:20,-62
BLE,1703217582691895973,DF:DF:EE:00:00:04,-55
BLE,1703217582739343928,DF:A6:DC:DC:2E:81,-72
BLE,1703217582739370261,DF:DF:EE:00:00:01,-72
BLE,1703217582742162040,D3:F4:55:AB:96:20,-65
BLE,1703217582935045844,D3:F4:55:AB:96:20,-60
BLE,1703217583126510405,D3:F4:55:AB:96:20,-65
BLE,1703217583151288585,DF:DF:EE:00:00:04,-53
BLE,1703217583323035026,D3:F4:55:AB:96:20,-62
BLE,1703217583515100625,D3:F4:55:AB:96:20,-62
BLE,1703217583694756738,DF:DF:EE:00:00:04,-53
BLE,1703217583709557464,D3:F4:55:AB:96:20,-66
BLE,1703217583739318247,DF:A6:DC:DC:2E:81,-70
BLE,1703217583739343997,DF:DF:EE:00:00:01,-70
BLE,1703217583899937113,D3:F4:55:AB:96:20,-62
BLE,1703217584157581919,DF:DF:EE:00:00:04,-55
BLE,1703217584474050837,D3:F4:55:AB:96:20,-65
BLE,1703217584672802031,D3:F4:55:AB:96:20,-63
BLE,1703217584864704132,D3:F4:55:AB:96:20,-46
BLE,1703217585056522399,D3:F4:55:AB:96:20,-61
BLE,1703217585151338683,DF:DF:EE:00:00:04,-54
BLE,1703217585245265888,D3:F4:55:AB:96:20,-65
BLE,1703217585440356766,D3:F4:55:AB:96:20,-62
BLE,1703217585635101478,D3:F4:55:AB:96:20,-62
BLE,1703217585692828220,DF:DF:EE:00:00:04,-53
BLE,1703217585742612581,DF:A6:DC:DC:2E:81,-70
BLE,1703217585742643455,DF:DF:EE:00:00:01,-70
BLE,1703217586012957747,D3:F4:55:AB:96:20,-62
BLE,1703217586157386226,DF:DF:EE:00:00:04,-56
BLE,1703217586207315211,D3:F4:55:AB:96:20,-66
BLE,1703217586406607611,D3:F4:55:AB:96:20,-61
BLE,1703217586599364666,D3:F4:55:AB:96:20,-62
BLE,1703217586689136890,DF:DF:EE:00:00:04,-54
BLE,1703217586743851353,DF:A6:DC:DC:2E:81,-72
BLE,1703217586743876978,DF:DF:EE:00:00:01,-72
BLE,1703217586981887789,D3:F4:55:AB:96:20,-62
BLE,1703217587370080386,D3:F4:55:AB:96:20,-63
BLE,1703217587748562985,D3:F4:55:AB:96:20,-62
BLE,1703217588130129487,D3:F4:55:AB:96:20,-62
BLE,1703217588158223778,DF:DF:EE:00:00:04,-54
BLE,1703217588510508120,D3:F4:55:AB:96:20,-62
BLE,1703217588690963438,DF:DF:EE:00:00:04,-54
BLE,1703217589088545118,D3:F4:55:AB:96:20,-65
BLE,1703217589155724026,DF:DF:EE:00:00:04,-52
BLE,1703217589282371626,D3:F4:55:AB:96:20,-61
BLE,1703217589471084741,D3:F4:55:AB:96:20,-65
BLE,1703217589665993869,D3:F4:55:AB:96:20,-63
BLE,1703217589750083993,DF:A6:DC:DC:2E:81,-70
BLE,1703217589750116618,DF:DF:EE:00:00:01,-70
BLE,1703217589857094473,D3:F4:55:AB:96:20,-65
BLE,1703217590049854069,D3:F4:55:AB:96:20,-63
BLE,1703217590686738721,DF:DF:EE:00:00:04,-52
BLE,1703217590755772704,DF:A6:DC:DC:2E:81,-74
BLE,1703217590755801995,DF:DF:EE:00:00:01,-74
BLE,1703217590815497187,D3:F4:55:AB:96:20,-62
BLE,1703217591011675685,D3:F4:55:AB:96:20,-62
BLE,1703217591207269977,D3:F4:55:AB:96:20,-65
BLE,1703217591401841023,D3:F4:55:AB:96:20,-61
BLE,1703217591587335944,D3:F4:55:AB:96:20,-65
BLE,1703217591691102188,DF:DF:EE:00:00:04,-55
BLE,1703217591781763241,D3:F4:55:AB:96:20,-46
BLE,1703217591969818400,D3:F4:55:AB:96:20,-64
BLE,1703217592149313805,DF:DF:EE:00:00:04,-37
BLE,1703217592159537385,D3:F4:55:AB:96:20,-62
BLE,1703217592539788934,D3:F4:55:AB:96:20,-62
BLE,1703217592688499228,DF:DF:EE:00:00:04,-53
BLE,1703217592762275356,DF:A6:DC:DC:2E:81,-57
BLE,1703217592762301731,DF:DF:EE:00:00:01,-57
BLE,1703217592923452677,D3:F4:55:AB:96:20,-62
BLE,1703217593119240593,D3:F4:55:AB:96:20,-65
BLE,1703217593504899535,D3:F4:55:AB:96:20,-60
BLE,1703217593699836580,D3:F4:55:AB:96:20,-66
BLE,1703217593768510940,DF:A6:DC:DC:2E:81,-73
BLE,1703217593768537314,DF:DF:EE:00:00:01,-73
BLE,1703217593897984236,D3:F4:55:AB:96:20,-63
BLE,1703217594093436112,D3:F4:55:AB:96:20,-62
BLE,1703217594157621741,DF:DF:EE:00:00:04,-55
BLE,1703217594474762740,D3:F4:55:AB:96:20,-46
BLE,1703217594692943139,DF:DF:EE:00:00:04,-53
BLE,1703217594772357367,DF:A6:DC:DC:2E:81,-72
BLE,1703217594772386825,DF:DF:EE:00:00:01,-72
BLE,1703217594859524936,D3:F4:55:AB:96:20,-62
BLE,1703217595151058924,DF:DF:EE:00:00:04,-53
BLE,1703217595240466982,D3:F4:55:AB:96:20,-62
BLE,1703217595430501091,D3:F4:55:AB:96:20,-62
BLE,1703217595616073469,D3:F4:55:AB:96:20,-65
BLE,1703217595692720751,DF:DF:EE:00:00:04,-54
BLE,1703217595771894564,DF:A6:DC:DC:2E:81,-73
BLE,1703217595771928772,DF:DF:EE:00:00:01,-73
BLE,1703217595805127082,D3:F4:55:AB:96:20,-62
BLE,1703217595997172140,D3:F4:55:AB:96:20,-65
BLE,1703217596156095512,DF:DF:EE:00:00:04,-53
BLE,1703217596385055197,D3:F4:55:AB:96:20,-62
BLE,1703217596770855722,D3:F4:55:AB:96:20,-62
BLE,1703217597151121104,DF:DF:EE:00:00:04,-54
BLE,1703217597160163647,D3:F4:55:AB:96:20,-61
BLE,1703217597346011941,D3:F4:55:AB:96:20,-65
BLE,1703217597543092185,D3:F4:55:AB:96:20,-63
BLE,1703217597690183569,DF:DF:EE:00:00:04,-53
BLE,1703217597733115044,D3:F4:55:AB:96:20,-65
BLE,1703217597734451246,D3:F4:55:AB:96:20,-62
BLE,1703217597788837836,DF:A6:DC:DC:2E:81,-72
BLE,1703217597788874753,DF:DF:EE:00:00:01,-72
BLE,1703217597930582869,D3:F4:55:AB:96:20,-51
BLE,1703217598121094392,D3:F4:55:AB:96:20,-60
BLE,1703217598314900317,D3:F4:55:AB:96:20,-65
BLE,1703217598510709441,D3:F4:55:AB:96:20,-62
BLE,1703217598698604559,D3:F4:55:AB:96:20,-64
BLE,1703217598788106117,DF:A6:DC:DC:2E:81,-73
BLE,1703217598788133409,DF:DF:EE:00:00:01,-73
BLE,1703217599093563751,D3:F4:55:AB:96:20,-62
BLE,1703217599288133006,D3:F4:55:AB:96:20,-60
BLE,1703217599670326047,D3:F4:55:AB:96:20,-62
BLE,1703217599689853918,DF:DF:EE:00:00:04,-53
BLE,1703217599864620970,D3:F4:55:AB:96:20,-65
