BLE,1705096800075369560,D3:F4:55:AB:96:20,-70
BLE,1705096800155223080,DF:DF:EE:00:00:04,-40
BLE,1705096800460682572,D3:F4:55:AB:96:20,-67
BLE,1705096800652448484,D3:F4:55:AB:96:20,-76
BLE,1705096800696790129,DF:DF:EE:00:00:04,-40
BLE,1705096800847454607,D3:F4:55:AB:96:20,-68
BLE,1705096801039845845,D3:F4:55:AB:96:20,-70
BLE,1705096801161917743,DF:DF:EE:00:00:04,-39
BLE,1705096801236465283,D3:F4:55:AB:96:20,-77
BLE,1705096801427112209,D3:F4:55:AB:96:20,-68
BLE,1705096801537554243,DF:A6:DC:DC:2E:81,-68
BLE,1705096801537579076,DF:DF:EE:00:00:01,-68
BLE,1705096801621978751,D3:F4:55:AB:96:20,-70
BLE,1705096802001551996,D3:F4:55:AB:96:20,-76
BLE,1705096802159915968,DF:DF:EE:00:00:04,-39
BLE,1705096802587224235,D3:F4:55:AB:96:20,-76
BLE,1705096802691550425,DF:DF:EE:00:00:04,-37
BLE,1705096802778740817,D3:F4:55:AB:96:20,-67
BLE,1705096802967791219,D3:F4:55:AB:96:20,-76
BLE,1705096803153966030,DF:DF:EE:00:00:04,-39
BLE,1705096803351851745,D3:F4:55:AB:96:20,-76
BLE,1705096803540067073,D3:F4:55:AB:96:20,-56
BLE,1705096804504243862,D3:F4:55:AB:96:20,-70
BLE,1705096804699082696,D3:F4:55:AB:96:20,-76
BLE,1705096804701072006,DF:DF:EE:00:00:04,-39
BLE,1705096804886549409,D3:F4:55:AB:96:20,-71
BLE,1705096805157454348,DF:DF:EE:00:00:04,-38
BLE,1705096805455724008,D3:F4:55:AB:96:20,-69
BLE,1705096805648146871,D3:F4:55:AB:96:20,-75
BLE,1705096806158506412,DF:DF:EE:00:00:04,-38
BLE,1705096806159833146,DF:DF:EE:00:00:04,-40
BLE,1705096806699280762,DF:DF:EE:00:00:04,-52
BLE,1705096806797640022,D3:F4:55:AB:96:20,-70
BLE,1705096807153961707,DF:DF:EE:00:00:04,-40
BLE,1705096807182726953,D3:F4:55:AB:96:20,-70
BLE,1705096807373104964,D3:F4:55:AB:96:20,-69
BLE,1705096807694853098,DF:DF:EE:00:00:04,-56
BLE,1705096807948713946,D3:F4:55:AB:96:20,-57
BLE,1705096808157386701,DF:DF:EE:00:00:04,-38
BLE,1705096808329718175,D3:F4:55:AB:96:20,-70
BLE,1705096808524095139,D3:F4:55:AB:96:20,-62
BLE,1705096808693373774,DF:DF:EE:00:00:04,-38
BLE,1705096808711435520,D3:F4:55:AB:96:20,-70
BLE,1705096809156557995,DF:DF:EE:00:00:04,-39
BLE,1705096809169132722,DF:A6:DC:DC:2E:81,-72
BLE,1705096809169172930,DF:DF:EE:00:00:01,-72
BLE,1705096809489995949,D3:F4:55:AB:96:20,-61
BLE,1705096809692121489,DF:DF:EE:00:00:04,-38
BLE,1705096809875844871,D3:F4:55:AB:96:20,-76
BLE,1705096810062064140,D3:F4:55:AB:96:20,-70
BLE,1705096810255515740,D3:F4:55:AB:96:20,-76
BLE,1705096810634883571,D3:F4:55:AB:96:20,-68
BLE,1705096810695168946,DF:DF:EE:00:00:04,-39
BLE,1705096811208468536,D3:F4:55:AB:96:20,-71
BLE,1705096811403908155,D3:F4:55:AB:96:20,-61
BLE,1705096811592760517,D3:F4:55:AB:96:20,-70
BLE,1705096811691851144,DF:DF:EE:00:00:04,-39
BLE,1705096811787332146,D3:F4:55:AB:96:20,-76
BLE,1705096812177274270,D3:F4:55:AB:96:20,-72
BLE,1705096812366109716,D3:F4:55:AB:96:20,-68
BLE,1705096812561660000,D3:F4:55:AB:96:20,-70
BLE,1705096812695063390,DF:DF:EE:00:00:04,-55
BLE,1705096812754058197,D3:F4:55:AB:96:20,-61
BLE,1705096812944146962,D3:F4:55:AB:96:20,-71
BLE,1705096812988795603,DF:A6:DC:DC:2E:81,-67
BLE,1705096812988830686,DF:DF:EE:00:00:01,-67
BLE,1705096813135343088,D3:F4:55:AB:96:20,-76
BLE,1705096813518197212,D3:F4:55:AB:96:20,-76
BLE,1705096813699630245,DF:DF:EE:00:00:04,-57
BLE,1705096813710217329,D3:F4:55:AB:96:20,-62
BLE,1705096814097360277,D3:F4:55:AB:96:20,-68
BLE,1705096814155387720,DF:DF:EE:00:00:04,-38
BLE,1705096814482478958,D3:F4:55:AB:96:20,-68
BLE,1705096814677414749,D3:F4:55:AB:96:20,-75
BLE,1705096814870544645,D3:F4:55:AB:96:20,-76
BLE,1705096815059324342,D3:F4:55:AB:96:20,-70
BLE,1705096815254861460,D3:F4:55:AB:96:20,-75
BLE,1705096815445240721,D3:F4:55:AB:96:20,-53
BLE,1705096815530344470,DF:A6:DC:DC:2E:81,-67
BLE,1705096815530361387,DF:DF:EE:00:00:01,-67
BLE,1705096815634766659,D3:F4:55:AB:96:20,-76
BLE,1705096815695457654,DF:DF:EE:00:00:04,-51
BLE,1705096815831066851,D3:F4:55:AB:96:20,-68
BLE,1705096816218798084,D3:F4:55:AB:96:20,-76
BLE,1705096816691648275,DF:DF:EE:00:00:04,-40
BLE,1705096816805442603,D3:F4:55:AB:96:20,-77
BLE,1705096816991549582,D3:F4:55:AB:96:20,-71
BLE,1705096817188371768,D3:F4:55:AB:96:20,-76
BLE,1705096817381909367,D3:F4:55:AB:96:20,-68
BLE,1705096817572569459,D3:F4:55:AB:96:20,-76
BLE,1705096817758012445,D3:F4:55:AB:96:20,-72
BLE,1705096817950245518,D3:F4:55:AB:96:20,-77
BLE,1705096818078021724,DF:A6:DC:DC:2E:81,-72
BLE,1705096818078086015,DF:DF:EE:00:00:01,-72
BLE,1705096818140151660,D3:F4:55:AB:96:20,-71
BLE,1705096818332909810,D3:F4:55:AB:96:20,-97
BLE,1705096818697788562,DF:DF:EE:00:00:04,-40
BLE,1705096818719774720,D3:F4:55:AB:96:20,-75
BLE,1705096819109708510,D3:F4:55:AB:96:20,-70
BLE,1705096819498539480,D3:F4:55:AB:96:20,-53
BLE,1705096819690584722,D3:F4:55:AB:96:20,-70
BLE,1705096820068087284,D3:F4:55:AB:96:20,-75
BLE,1705096820151990214,DF:DF:EE:00:00:04,-39
BLE,1705096820455121191,D3:F4:55:AB:96:20,-71
BLE,1705096820693287891,DF:DF:EE:00:00:04,-38
BLE,1705096821218027805,D3:F4:55:AB:96:20,-76
BLE,1705096821600162520,D3:F4:55:AB:96:20,-76
BLE,1705096821694904114,DF:DF:EE:00:00:04,-39
BLE,1705096821988686619,D3:F4:55:AB:96:20,-70
BLE,1705096822375883774,D3:F4:55:AB:96:20,-68
BLE,1705096822694304489,DF:DF:EE:00:00:04,-39
BLE,1705096823154650785,DF:DF:EE:00:00:04,-38
BLE,1705096823167402885,DF:A6:DC:DC:2E:81,-71
BLE,1705096823167413926,DF:DF:EE:00:00:01,-71
BLE,1705096823720128219,D3:F4:55:AB:96:20,-72
BLE,1705096823916903989,D3:F4:55:AB:96:20,-76
BLE,1705096824110716460,D3:F4:55:AB:96:20,-68
BLE,1705096824155266686,DF:DF:EE:00:00:04,-39
BLE,1705096824299336909,D3:F4:55:AB:96:20,-76
BLE,1705096824442854597,DF:A6:DC:DC:2E:81,-68
BLE,1705096824442886513,DF:DF:EE:00:00:01,-68
BLE,1705096824486157712,D3:F4:55:AB:96:20,-57
BLE,1705096824701223892,DF:DF:EE:00:00:04,-40
BLE,1705096824880109497,D3:F4:55:AB:96:20,-78
BLE,1705096825265886170,D3:F4:55:AB:96:20,-76
BLE,1705096825692041617,DF:DF:EE:00:00:04,-40
BLE,1705096825845919516,D3:F4:55:AB:96:20,-69
BLE,1705096826150594726,DF:DF:EE:00:00:04,-38
BLE,1705096826227822110,D3:F4:55:AB:96:20,-69
BLE,1705096826418457451,D3:F4:55:AB:96:20,-70
BLE,1705096826613346327,D3:F4:55:AB:96:20,-75
BLE,1705096826804195958,D3:F4:55:AB:96:20,-71
BLE,1705096826984581587,DF:A6:DC:DC:2E:81,-68
BLE,1705096826984612878,DF:DF:EE:00:00:01,-68
BLE,1705096826996100118,D3:F4:55:AB:96:20,-61
BLE,1705096827155692950,DF:DF:EE:00:00:04,-24
BLE,1705096827577560906,D3:F4:55:AB:96:20,-69
BLE,1705096827698500651,DF:DF:EE:00:00:04,-39
BLE,1705096827770395514,D3:F4:55:AB:96:20,-70
BLE,1705096827963638700,D3:F4:55:AB:96:20,-77
BLE,1705096828347216815,D3:F4:55:AB:96:20,-76
BLE,1705096828535603184,D3:F4:55:AB:96:20,-69
BLE,1705096828690929607,DF:DF:EE:00:00:04,-38
BLE,1705096828730069939,D3:F4:55:AB:96:20,-76
BLE,1705096829159354433,DF:DF:EE:00:00:04,-40
BLE,1705096829312829879,D3:F4:55:AB:96:20,-76
BLE,1705096831153501778,DF:DF:EE:00:00:04,-39
BLE,1705096831230411416,D3:F4:55:AB:96:20,-61
BLE,1705096831423672477,D3:F4:55:AB:96:20,-69
BLE,1705096831688591570,DF:DF:EE:00:00:04,-39
BLE,1705096831807573005,D3:F4:55:AB:96:20,-68
BLE,1705096832190071216,D3:F4:55:AB:96:20,-69
BLE,1705096832770946928,D3:F4:55:AB:96:20,-53
BLE,1705096832963456289,D3:F4:55:AB:96:20,-76
BLE,1705096833348888549,DF:A6:DC:DC:2E:81,-68
BLE,1705096833348920174,DF:DF:EE:00:00:01,-68
BLE,1705096833692788172,DF:DF:EE:00:00:04,-39
BLE,1705096834111291710,D3:F4:55:AB:96:20,-75
BLE,1705096834153332841,DF:DF:EE:00:00:04,-40
BLE,1705096834298141805,D3:F4:55:AB:96:20,-77
BLE,1705096834680664724,D3:F4:55:AB:96:20,-70
BLE,1705096834870671156,D3:F4:55:AB:96:20,-75
BLE,1705096835058366991,D3:F4:55:AB:96:20,-69
BLE,1705096835151156567,DF:DF:EE:00:00:04,-39
BLE,1705096835893609712,DF:A6:DC:DC:2E:81,-67
BLE,1705096835893670212,DF:DF:EE:00:00:01,-67
BLE,1705096836021390668,D3:F4:55:AB:96:20,-76
BLE,1705096836157252529,DF:DF:EE:00:00:04,-39
BLE,1705096836209687829,D3:F4:55:AB:96:20,-70
BLE,1705096836587880174,D3:F4:55:AB:96:20,-73
BLE,1705096836693636722,DF:DF:EE:00:00:04,-27
BLE,1705096836786380090,D3:F4:55:AB:96:20,-60
BLE,1705096836972821106,D3:F4:55:AB:96:20,-89
BLE,1705096837940668227,D3:F4:55:AB:96:20,-84
BLE,1705096838131247694,D3:F4:55:AB:96:20,-68
BLE,1705096838155721573,DF:DF:EE:00:00:04,-40
BLE,1705096838437217597,DF:A6:DC:DC:2E:81,-68
BLE,1705096838437280305,DF:DF:EE:00:00:01,-68
BLE,1705096839087191996,D3:F4:55:AB:96:20,-72
BLE,1705096839158112288,DF:DF:EE:00:00:04,-38
BLE,1705096839282517742,D3:F4:55:AB:96:20,-77
BLE,1705096839670237266,D3:F4:55:AB:96:20,-70
BLE,1705096839867442489,D3:F4:55:AB:96:20,-75
BLE,1705096840057632128,D3:F4:55:AB:96:20,-70
BLE,1705096840250773149,D3:F4:55:AB:96:20,-61
BLE,1705096840693313404,DF:DF:EE:00:00:04,-39
BLE,1705096840834305704,D3:F4:55:AB:96:20,-76
BLE,1705096841024854006,D3:F4:55:AB:96:20,-72
BLE,1705096841157254824,DF:DF:EE:00:00:04,-38
BLE,1705096841215698762,D3:F4:55:AB:96:20,-75
BLE,1705096841598425470,D3:F4:55:AB:96:20,-61
BLE,1705096841695380663,DF:DF:EE:00:00:04,-39
BLE,1705096841785563812,D3:F4:55:AB:96:20,-70
BLE,1705096841985356129,D3:F4:55:AB:96:20,-76
BLE,1705096842149651822,DF:DF:EE:00:00:04,-38
BLE,1705096842260883348,DF:A6:DC:DC:2E:81,-67
BLE,1705096842260909098,DF:DF:EE:00:00:01,-67
BLE,1705096842366646479,D3:F4:55:AB:96:20,-75
BLE,1705096842553655031,D3:F4:55:AB:96:20,-56
BLE,1705096842696603891,DF:DF:EE:00:00:04,-39
BLE,1705096842942020673,D3:F4:55:AB:96:20,-68
BLE,1705096843138151200,D3:F4:55:AB:96:20,-70
BLE,1705096843158132715,DF:DF:EE:00:00:04,-38
BLE,1705096843714877752,D3:F4:55:AB:96:20,-75
BLE,1705096843902649461,D3:F4:55:AB:96:20,-56
BLE,1705096844092647811,D3:F4:55:AB:96:20,-68
BLE,1705096844667880089,D3:F4:55:AB:96:20,-56
BLE,1705096844692136137,DF:DF:EE:00:00:04,-38
BLE,1705096845154419118,DF:DF:EE:00:00:04,-41
BLE,1705096845632996741,D3:F4:55:AB:96:20,-70
BLE,1705096845822449847,D3:F4:55:AB:96:20,-53
BLE,1705096846012147700,D3:F4:55:AB:96:20,-76
BLE,1705096846159689882,DF:DF:EE:00:00:04,-38
BLE,1705096846203541366,D3:F4:55:AB:96:20,-67
BLE,1705096846591649220,D3:F4:55:AB:96:20,-69
BLE,1705096846781382697,D3:F4:55:AB:96:20,-70
BLE,1705096847160810194,DF:DF:EE:00:00:04,-39
BLE,1705096847542992117,D3:F4:55:AB:96:20,-61
BLE,1705096847697646882,DF:DF:EE:00:00:04,-40
BLE,1705096847728905307,D3:F4:55:AB:96:20,-70
BLE,1705096848109914243,D3:F4:55:AB:96:20,-70
BLE,1705096848301882570,D3:F4:55:AB:96:20,-68
BLE,1705096848495818998,D3:F4:55:AB:96:20,-69
BLE,1705096848630586497,DF:A6:DC:DC:2E:81,-69
BLE,1705096848630623371,DF:DF:EE:00:00:01,-69
BLE,1705096848891197766,D3:F4:55:AB:96:20,-61
BLE,1705096849281177430,D3:F4:55:AB:96:20,-75
BLE,1705096849477175459,D3:F4:55:AB:96:20,-76
BLE,1705096849664169636,D3:F4:55:AB:96:20,-70
BLE,1705096849861916602,D3:F4:55:AB:96:20,-75
BLE,1705096850152461644,DF:DF:EE:00:00:04,-40
BLE,1705096850239832742,D3:F4:55:AB:96:20,-65
BLE,1705096850691123394,DF:DF:EE:00:00:04,-39
BLE,1705096851153610623,DF:DF:EE:00:00:04,-40
BLE,1705096851578669251,D3:F4:55:AB:96:20,-70
BLE,1705096851690711225,DF:DF:EE:00:00:04,-38
BLE,1705096851770995031,D3:F4:55:AB:96:20,-75
BLE,1705096851956293477,D3:F4:55:AB:96:20,-57
BLE,1705096852154333732,D3:F4:55:AB:96:20,-76
BLE,1705096852343303219,D3:F4:55:AB:96:20,-71
BLE,1705096852450927328,DF:A6:DC:DC:2E:81,-68
BLE,1705096852450972494,DF:DF:EE:00:00:01,-68
BLE,1705096852694649504,DF:DF:EE:00:00:04,-41
BLE,1705096853149420907,DF:DF:EE:00:00:04,-56
BLE,1705096853302483149,D3:F4:55:AB:96:20,-75
BLE,1705096853497802394,D3:F4:55:AB:96:20,-68
BLE,1705096853692552021,DF:DF:EE:00:00:04,-38
BLE,1705096854077202540,D3:F4:55:AB:96:20,-70
BLE,1705096854157096809,DF:DF:EE:00:00:04,-40
BLE,1705096854456971533,D3:F4:55:AB:96:20,-71
BLE,1705096854840591148,D3:F4:55:AB:96:20,-71
BLE,1705096855038111367,D3:F4:55:AB:96:20,-70
BLE,1705096855151881738,DF:DF:EE:00:00:04,-39
BLE,1705096855420694661,D3:F4:55:AB:96:20,-56
BLE,1705096855696925496,DF:DF:EE:00:00:04,-38
BLE,1705096855805474428,D3:F4:55:AB:96:20,-56
BLE,1705096856001599747,D3:F4:55:AB:96:20,-75
BLE,1705096856156668674,DF:DF:EE:00:00:04,-40
BLE,1705096856277168590,DF:A6:DC:DC:2E:81,-67
BLE,1705096856277204882,DF:DF:EE:00:00:01,-67
BLE,1705096856389765933,D3:F4:55:AB:96:20,-70
BLE,1705096856580917102,D3:F4:55:AB:96:20,-68
BLE,1705096856772837929,D3:F4:55:AB:96:20,-57
BLE,1705096856968039426,D3:F4:55:AB:96:20,-76
BLE,1705096857346387352,D3:F4:55:AB:96:20,-68
BLE,1705096857536231037,D3:F4:55:AB:96:20,-71
BLE,1705096857727551079,D3:F4:55:AB:96:20,-68
BLE,1705096857918941412,D3:F4:55:AB:96:20,-70
BLE,1705096858115277604,D3:F4:55:AB:96:20,-75
BLE,1705096858302563068,D3:F4:55:AB:96:20,-70
BLE,1705096858492471877,D3:F4:55:AB:96:20,-68
BLE,1705096858699766940,DF:DF:EE:00:00:04,-40
BLE,1705096859068031110,D3:F4:55:AB:96:20,-70
BLE,1705096859263699059,D3:F4:55:AB:96:20,-76
BLE,1705096859643795382,D3:F4:55:AB:96:20,-75
BLE,1705096859832501663,D3:F4:55:AB:96:20,-70
BLE,1705096860108819706,DF:A6:DC:DC:2E:81,-71
BLE,1705096860108844497,DF:DF:EE:00:00:01,-71
BLE,1705096860599045442,D3:F4:55:AB:96:20,-70
BLE,1705096860687735857,DF:DF:EE:00:00:04,-38
BLE,1705096860992527482,D3:F4:55:AB:96:20,-53
BLE,1705096861155779813,DF:DF:EE:00:00:04,-40
BLE,1705096861184229728,D3:F4:55:AB:96:20,-72
BLE,1705096861378194406,D3:F4:55:AB:96:20,-69
BLE,1705096861766462132,D3:F4:55:AB:96:20,-70
BLE,1705096861965162421,D3:F4:55:AB:96:20,-76
BLE,1705096862153065045,D3:F4:55:AB:96:20,-87
BLE,1705096862536910699,D3:F4:55:AB:96:20,-71
BLE,1705096862730831419,D3:F4:55:AB:96:20,-81
BLE,1705096862925700919,D3:F4:55:AB:96:20,-68
BLE,1705096863154235357,DF:DF:EE:00:00:04,-52
BLE,1705096863694026677,D3:F4:55:AB:96:20,-76
BLE,1705096863883725530,D3:F4:55:AB:96:20,-70
BLE,1705096864074540328,D3:F4:55:AB:96:20,-68
BLE,1705096864452217762,D3:F4:55:AB:96:20,-68
BLE,1705096864641337372,D3:F4:55:AB:96:20,-75
BLE,1705096864836574160,D3:F4:55:AB:96:20,-69
BLE,1705096865160703224,DF:DF:EE:00:00:04,-40
BLE,1705096865196684634,DF:A6:DC:DC:2E:81,-71
BLE,1705096865196742592,DF:DF:EE:00:00:01,-71
BLE,1705096865227717978,D3:F4:55:AB:96:20,-75
BLE,1705096865422410647,D3:F4:55:AB:96:20,-69
BLE,1705096865610894264,D3:F4:55:AB:96:20,-76
BLE,1705096865805382394,D3:F4:55:AB:96:20,-67
BLE,1705096865997395303,D3:F4:55:AB:96:20,-72
BLE,1705096866188505098,D3:F4:55:AB:96:20,-69
BLE,1705096866468672429,DF:A6:DC:DC:2E:81,-68
BLE,1705096866468709845,DF:DF:EE:00:00:01,-68
BLE,1705096866577237694,D3:F4:55:AB:96:20,-77
BLE,1705096866765195692,D3:F4:55:AB:96:20,-70
BLE,1705096867149409841,DF:DF:EE:00:00:04,-38
BLE,1705096867346241777,D3:F4:55:AB:96:20,-72
BLE,1705096867698883881,DF:DF:EE:00:00:04,-39
BLE,1705096867734516670,D3:F4:55:AB:96:20,-70
BLE,1705096868150673944,DF:DF:EE:00:00:04,-40
BLE,1705096868691899080,DF:DF:EE:00:00:04,-40
BLE,1705096868693835182,D3:F4:55:AB:96:20,-77
BLE,1705096868881541559,D3:F4:55:AB:96:20,-71
BLE,1705096869077135426,D3:F4:55:AB:96:20,-76
BLE,1705096869262926825,D3:F4:55:AB:96:20,-71
BLE,1705096869456419341,D3:F4:55:AB:96:20,-76
BLE,1705096869641574831,D3:F4:55:AB:96:20,-71
BLE,1705096869693957507,DF:DF:EE:00:00:04,-39
BLE,1705096870020119463,D3:F4:55:AB:96:20,-76
BLE,1705096870294058409,DF:A6:DC:DC:2E:81,-69
BLE,1705096870294093575,DF:DF:EE:00:00:01,-69
BLE,1705096870404216864,D3:F4:55:AB:96:20,-76
BLE,1705096870597996044,D3:F4:55:AB:96:20,-67
BLE,1705096870692298310,DF:DF:EE:00:00:04,-40
BLE,1705096871149133731,DF:DF:EE:00:00:04,-39
BLE,1705096871176580533,D3:F4:55:AB:96:20,-70
BLE,1705096871368174405,D3:F4:55:AB:96:20,-76
BLE,1705096871554517047,D3:F4:55:AB:96:20,-71
BLE,1705096871690291659,DF:DF:EE:00:00:04,-38
BLE,1705096871751080195,D3:F4:55:AB:96:20,-75
BLE,1705096871936551097,D3:F4:55:AB:96:20,-56
BLE,1705096872154358911,DF:DF:EE:00:00:04,-40
BLE,1705096872691785467,DF:DF:EE:00:00:04,-39
BLE,1705096872848844913,DF:A6:DC:DC:2E:81,-73
BLE,1705096872848881829,DF:DF:EE:00:00:01,-73
BLE,1705096872899079447,D3:F4:55:AB:96:20,-75
BLE,1705096873086501618,D3:F4:55:AB:96:20,-70
BLE,1705096873154055449,DF:DF:EE:00:00:04,-38
BLE,1705096873282710978,D3:F4:55:AB:96:20,-76
BLE,1705096873694079016,DF:DF:EE:00:00:04,-38
BLE,1705096874120564835,DF:A6:DC:DC:2E:81,-69
BLE,1705096874120624959,DF:DF:EE:00:00:01,-69
BLE,1705096874158871885,DF:DF:EE:00:00:04,-40
BLE,1705096874246995015,D3:F4:55:AB:96:20,-76
BLE,1705096874439344712,D3:F4:55:AB:96:20,-70
BLE,1705096874691759869,DF:DF:EE:00:00:04,-39
BLE,1705096875586098604,D3:F4:55:AB:96:20,-70
BLE,1705096875690441294,DF:DF:EE:00:00:04,-23
BLE,1705096876666897229,DF:A6:DC:DC:2E:81,-53
BLE,1705096876666958020,DF:DF:EE:00:00:01,-53
BLE,1705096876699266599,DF:DF:EE:00:00:04,-40
BLE,1705096877152904223,DF:DF:EE:00:00:04,-40
BLE,1705096877689864910,DF:DF:EE:00:00:04,-52
BLE,1705096878103685711,D3:F4:55:AB:96:20,-71
BLE,1705096878683170731,D3:F4:55:AB:96:20,-77
BLE,1705096878691747047,DF:DF:EE:00:00:04,-38
BLE,1705096879153165247,DF:DF:EE:00:00:04,-40
BLE,1705096879271361315,D3:F4:55:AB:96:20,-70
BLE,1705096879651465388,D3:F4:55:AB:96:20,-76
BLE,1705096879691698748,DF:DF:EE:00:00:04,-41
BLE,1705096880036450361,D3:F4:55:AB:96:20,-72
BLE,1705096880151005639,DF:DF:EE:00:00:04,-39
BLE,1705096880227251743,D3:F4:55:AB:96:20,-68
BLE,1705096880418914906,D3:F4:55:AB:96:20,-70
BLE,1705096880612172050,D3:F4:55:AB:96:20,-68
BLE,1705096880801796363,D3:F4:55:AB:96:20,-71
BLE,1705096880999241249,D3:F4:55:AB:96:20,-75
BLE,1705096881149232069,DF:DF:EE:00:00:04,-39
BLE,1705096881378943785,D3:F4:55:AB:96:20,-76
BLE,1705096881952710747,D3:F4:55:AB:96:20,-75
BLE,1705096882144233745,D3:F4:55:AB:96:20,-76
BLE,1705096882151637033,DF:DF:EE:00:00:04,-39
BLE,1705096882335446247,D3:F4:55:AB:96:20,-70
BLE,1705096882532219267,D3:F4:55:AB:96:20,-77
BLE,1705096882693746284,DF:DF:EE:00:00:04,-38
BLE,1705096883032835547,DF:A6:DC:DC:2E:81,-69
BLE,1705096883032867505,DF:DF:EE:00:00:01,-69
BLE,1705096883105289279,D3:F4:55:AB:96:20,-67
BLE,1705096883876805374,D3:F4:55:AB:96:20,-76
BLE,1705096884069140404,D3:F4:55:AB:96:20,-71
BLE,1705096884151895015,DF:DF:EE:00:00:04,-40
BLE,1705096884261617183,D3:F4:55:AB:96:20,-75
BLE,1705096884647030068,D3:F4:55:AB:96:20,-61
BLE,1705096884688703536,DF:DF:EE:00:00:04,-39
BLE,1705096885031548964,D3:F4:55:AB:96:20,-70
BLE,1705096885159360253,DF:DF:EE:00:00:04,-39
BLE,1705096885230317710,D3:F4:55:AB:96:20,-76
BLE,1705096885416769809,D3:F4:55:AB:96:20,-70
BLE,1705096885572718518,DF:A6:DC:DC:2E:81,-68
BLE,1705096885572773975,DF:DF:EE:00:00:01,-68
BLE,1705096885688306492,DF:DF:EE:00:00:04,-38
BLE,1705096885800731087,D3:F4:55:AB:96:20,-70
BLE,1705096886150330976,DF:DF:EE:00:00:04,-40
BLE,1705096886197304507,D3:F4:55:AB:96:20,-75
BLE,1705096886393540367,D3:F4:55:AB:96:20,-69
BLE,1705096886693842294,DF:DF:EE:00:00:04,-40
BLE,1705096886783129578,D3:F4:55:AB:96:20,-60
BLE,1705096887149608977,DF:DF:EE:00:00:04,-39
BLE,1705096887364126621,D3:F4:55:AB:96:20,-77
BLE,1705096887555377206,D3:F4:55:AB:96:20,-71
BLE,1705096887691131818,DF:DF:EE:00:00:04,-23
BLE,1705096887752094268,D3:F4:55:AB:96:20,-75
BLE,1705096888119338825,DF:A6:DC:DC:2E:81,-67
BLE,1705096888119376575,DF:DF:EE:00:00:01,-67
BLE,1705096888320214422,D3:F4:55:AB:96:20,-71
BLE,1705096888515446168,D3:F4:55:AB:96:20,-77
BLE,1705096888692181465,DF:DF:EE:00:00:04,-40
BLE,1705096888903433814,D3:F4:55:AB:96:20,-76
BLE,1705096889488178356,D3:F4:55:AB:96:20,-71
BLE,1705096889682149908,D3:F4:55:AB:96:20,-74
BLE,1705096889689598029,DF:DF:EE:00:00:04,-38
BLE,1705096889870534402,D3:F4:55:AB:96:20,-70
BLE,1705096890157095907,DF:DF:EE:00:00:04,-40
BLE,1705096890261389931,D3:F4:55:AB:96:20,-68
BLE,1705096890456998423,D3:F4:55:AB:96:20,-70
BLE,1705096890650231901,D3:F4:55:AB:96:20,-76
BLE,1705096890660703278,DF:A6:DC:DC:2E:81,-68
BLE,1705096890660715819,DF:DF:EE:00:00:01,-68
BLE,1705096890695430453,DF:DF:EE:00:00:04,-40
BLE,1705096890839432593,D3:F4:55:AB:96:20,-70
BLE,1705096891028211207,D3:F4:55:AB:96:20,-67
BLE,1705096891149033745,DF:DF:EE:00:00:04,-39
BLE,1705096891219400376,D3:F4:55:AB:96:20,-71
BLE,1705096891409602723,D3:F4:55:AB:96:20,-67
BLE,1705096891599400908,D3:F4:55:AB:96:20,-76
BLE,1705096891786602040,D3:F4:55:AB:96:20,-71
BLE,1705096892179444213,D3:F4:55:AB:96:20,-77
BLE,1705096892372087989,D3:F4:55:AB:96:20,-70
BLE,1705096892765762361,D3:F4:55:AB:96:20,-93
BLE,1705096892960854942,D3:F4:55:AB:96:20,-69
BLE,1705096893151338327,DF:DF:EE:00:00:04,-40
BLE,1705096893211520703,DF:A6:DC:DC:2E:81,-72
BLE,1705096893211539328,DF:DF:EE:00:00:01,-72
BLE,1705096893350315071,D3:F4:55:AB:96:20,-76
BLE,1705096893540210880,D3:F4:55:AB:96:20,-70
BLE,1705096893691639891,DF:DF:EE:00:00:04,-40
BLE,1705096894125823245,D3:F4:55:AB:96:20,-70
BLE,1705096894486925457,DF:A6:DC:DC:2E:81,-68
BLE,1705096894486984165,DF:DF:EE:00:00:01,-68
BLE,1705096894506815515,D3:F4:55:AB:96:20,-70
BLE,1705096894694730222,DF:DF:EE:00:00:04,-33
BLE,1705096894699743580,D3:F4:55:AB:96:20,-93
BLE,1705096894887313249,D3:F4:55:AB:96:20,-70
BLE,1705096895270258247,D3:F4:55:AB:96:20,-75
BLE,1705096895468522166,D3:F4:55:AB:96:20,-76
BLE,1705096895654588728,D3:F4:55:AB:96:20,-71
BLE,1705096896044166189,D3:F4:55:AB:96:20,-66
BLE,1705096896233455172,D3:F4:55:AB:96:20,-76
BLE,1705096896427324351,D3:F4:55:AB:96:20,-69
BLE,1705096896616727457,D3:F4:55:AB:96:20,-75
BLE,1705096896689672975,DF:DF:EE:00:00:04,-39
BLE,1705096896998814923,D3:F4:55:AB:96:20,-77
BLE,1705096897148367956,DF:DF:EE:00:00:04,-39
BLE,1705096897193879838,D3:F4:55:AB:96:20,-53
BLE,1705096897694723574,DF:DF:EE:00:00:04,-39
BLE,1705096897766759060,D3:F4:55:AB:96:20,-72
BLE,1705096898146093017,D3:F4:55:AB:96:20,-61
BLE,1705096898310409710,DF:A6:DC:DC:2E:81,-67
BLE,1705096898310444293,DF:DF:EE:00:00:01,-67
BLE,1705096898532181394,D3:F4:55:AB:96:20,-70
BLE,1705096898697106747,DF:DF:EE:00:00:04,-39
BLE,1705096898724462675,D3:F4:55:AB:96:20,-69
BLE,1705096899111094088,D3:F4:55:AB:96:20,-75
BLE,1705096899301609139,D3:F4:55:AB:96:20,-70
BLE,1705096899497280464,D3:F4:55:AB:96:20,-76
BLE,1705096899688382717,DF:DF:EE:00:00:04,-52
BLE,1705096899885969893,D3:F4:55:AB:96:20,-70
BLE,1705096900077927178,D3:F4:55:AB:96:20,-81
BLE,1705096900267330493,D3:F4:55:AB:96:20,-70
BLE,1705096900464994710,D3:F4:55:AB:96:20,-76
BLE,1705096900853812889,DF:A6:DC:DC:2E:81,-54
BLE,1705096900853874013,DF:DF:EE:00:00:01,-54
BLE,1705096901039548163,D3:F4:55:AB:96:20,-69
BLE,1705096901153690446,DF:DF:EE:00:00:04,-38
BLE,1705096901614585277,D3:F4:55:AB:96:20,-70
BLE,1705096901694155925,DF:DF:EE:00:00:04,-39
BLE,1705096901810103645,D3:F4:55:AB:96:20,-76
BLE,1705096902000837902,D3:F4:55:AB:96:20,-71
BLE,1705096902192678314,D3:F4:55:AB:96:20,-75
BLE,1705096902574225827,D3:F4:55:AB:96:20,-76
BLE,1705096902688647024,DF:DF:EE:00:00:04,-39
BLE,1705096902764831795,D3:F4:55:AB:96:20,-70
BLE,1705096902957251866,D3:F4:55:AB:96:20,-75
BLE,1705096903150028099,DF:DF:EE:00:00:04,-39
BLE,1705096903392726579,DF:A6:DC:DC:2E:81,-69
BLE,1705096903392759995,DF:DF:EE:00:00:01,-69
BLE,1705096903536399514,D3:F4:55:AB:96:20,-68
BLE,1705096903690035375,DF:DF:EE:00:00:04,-38
BLE,1705096903729732200,D3:F4:55:AB:96:20,-92
BLE,1705096903923140717,D3:F4:55:AB:96:20,-68
BLE,1705096904495764943,D3:F4:55:AB:96:20,-71
BLE,1705096904664900329,DF:A6:DC:DC:2E:81,-73
BLE,1705096904664958454,DF:DF:EE:00:00:01,-73
BLE,1705096904692312174,DF:DF:EE:00:00:04,-40
BLE,1705096904879590305,D3:F4:55:AB:96:20,-70
BLE,1705096905076131828,D3:F4:55:AB:96:20,-76
BLE,1705096905148635517,DF:DF:EE:00:00:04,-22
BLE,1705096905265008065,D3:F4:55:AB:96:20,-71
BLE,1705096905689843362,DF:DF:EE:00:00:04,-38
BLE,1705096905840067179,D3:F4:55:AB:96:20,-76
BLE,1705096906029998154,D3:F4:55:AB:96:20,-70
BLE,1705096906151750931,DF:DF:EE:00:00:04,-38
BLE,1705096906223758876,D3:F4:55:AB:96:20,-76
BLE,1705096906411886372,D3:F4:55:AB:96:20,-70
BLE,1705096906693804391,DF:DF:EE:00:00:04,-24
BLE,1705096906793637717,D3:F4:55:AB:96:20,-56
BLE,1705096906989534747,D3:F4:55:AB:96:20,-76
BLE,1705096907151184846,DF:DF:EE:00:00:04,-38
BLE,1705096907176529840,D3:F4:55:AB:96:20,-70
BLE,1705096907219426627,DF:A6:DC:DC:2E:81,-69
BLE,1705096907219484502,DF:DF:EE:00:00:01,-69
BLE,1705096907367590552,D3:F4:55:AB:96:20,-92
BLE,1705096907694049714,DF:DF:EE:00:00:04,-38
BLE,1705096907939747075,D3:F4:55:AB:96:20,-71
BLE,1705096908133368298,D3:F4:55:AB:96:20,-92
BLE,1705096908320596430,D3:F4:55:AB:96:20,-70
BLE,1705096908688672269,DF:DF:EE:00:00:04,-28
BLE,1705096908702212277,D3:F4:55:AB:96:20,-69
BLE,1705096908894846137,D3:F4:55:AB:96:20,-67
BLE,1705096909464270900,D3:F4:55:AB:96:20,-74
BLE,1705096910617779671,D3:F4:55:AB:96:20,-88
BLE,1705096910697100071,DF:DF:EE:00:00:04,-40
BLE,1705096911005218990,D3:F4:55:AB:96:20,-54
BLE,1705096911395292779,D3:F4:55:AB:96:20,-76
BLE,1705096911582362829,D3:F4:55:AB:96:20,-70
BLE,1705096911689109491,DF:DF:EE:00:00:04,-40
BLE,1705096911776882834,D3:F4:55:AB:96:20,-60
BLE,1705096911964774916,D3:F4:55:AB:96:20,-75
BLE,1705096912146363323,DF:DF:EE:00:00:04,-38
BLE,1705096912162349677,D3:F4:55:AB:96:20,-75
BLE,1705096912544785597,D3:F4:55:AB:96:20,-76
BLE,1705096912687478794,DF:DF:EE:00:00:04,-39
BLE,1705096912730881492,D3:F4:55:AB:96:20,-89
BLE,1705096912927193267,D3:F4:55:AB:96:20,-61
BLE,1705096913113145997,D3:F4:55:AB:96:20,-70
BLE,1705096913689659302,DF:DF:EE:00:00:04,-40
BLE,1705096914069680917,D3:F4:55:AB:96:20,-69
BLE,1705096914150169221,DF:DF:EE:00:00:04,-38
BLE,1705096914264938330,D3:F4:55:AB:96:20,-71
BLE,1705096915148506316,DF:DF:EE:00:00:04,-38
BLE,1705096915228520626,D3:F4:55:AB:96:20,-71
BLE,1705096915422855549,D3:F4:55:AB:96:20,-93
BLE,1705096915806291874,D3:F4:55:AB:96:20,-76
BLE,1705096915997157088,D3:F4:55:AB:96:20,-70
BLE,1705096916192572291,D3:F4:55:AB:96:20,-76
BLE,1705096916383828250,D3:F4:55:AB:96:20,-69
BLE,1705096916694028978,DF:DF:EE:00:00:04,-38
BLE,1705096916762298717,D3:F4:55:AB:96:20,-70
BLE,1705096916960388054,D3:F4:55:AB:96:20,-72
BLE,1705096917157831233,D3:F4:55:AB:96:20,-90
BLE,1705096917353008438,D3:F4:55:AB:96:20,-67
BLE,1705096917417861467,DF:A6:DC:DC:2E:81,-57
BLE,1705096917417889425,DF:DF:EE:00:00:01,-57
BLE,1705096917548563931,D3:F4:55:AB:96:20,-71
BLE,1705096917693269187,DF:DF:EE:00:00:04,-39
BLE,1705096917745296201,D3:F4:55:AB:96:20,-75
BLE,1705096918321364886,D3:F4:55:AB:96:20,-68
BLE,1705096918687901326,DF:DF:EE:00:00:04,-40
BLE,1705096918892067426,D3:F4:55:AB:96:20,-77
BLE,1705096919083695173,D3:F4:55:AB:96:20,-68
BLE,1705096919154007388,DF:DF:EE:00:00:04,-39
BLE,1705096919961800181,DF:A6:DC:DC:2E:81,-72
BLE,1705096919961860889,DF:DF:EE:00:00:01,-72
BLE,1705096920045417032,D3:F4:55:AB:96:20,-70
BLE,1705096920238974381,D3:F4:55:AB:96:20,-76
BLE,1705096920428779066,D3:F4:55:AB:96:20,-57
BLE,1705096920688887883,DF:DF:EE:00:00:04,-24
BLE,1705096920810986905,D3:F4:55:AB:96:20,-70
BLE,1705096921591470895,D3:F4:55:AB:96:20,-76
BLE,1705096921687812846,DF:DF:EE:00:00:04,-38
BLE,1705096922149968412,DF:DF:EE:00:00:04,-41
BLE,1705096922730468253,D3:F4:55:AB:96:20,-68
BLE,1705096922922409080,D3:F4:55:AB:96:20,-70
BLE,1705096923113152421,D3:F4:55:AB:96:20,-68
BLE,1705096924070887285,D3:F4:55:AB:96:20,-70
BLE,1705096924146682560,DF:DF:EE:00:00:04,-44
BLE,1705096924268089383,D3:F4:55:AB:96:20,-76
BLE,1705096924453503119,D3:F4:55:AB:96:20,-71
BLE,1705096924690461542,DF:DF:EE:00:00:04,-37
BLE,1705096924837012777,D3:F4:55:AB:96:20,-61
BLE,1705096925155115245,DF:DF:EE:00:00:04,-39
BLE,1705096925221795669,D3:F4:55:AB:96:20,-72
BLE,1705096925993345639,D3:F4:55:AB:96:20,-53
BLE,1705096926187201818,D3:F4:55:AB:96:20,-71
BLE,1705096926321482490,DF:A6:DC:DC:2E:81,-54
BLE,1705096926321535947,DF:DF:EE:00:00:01,-54
BLE,1705096926566205612,D3:F4:55:AB:96:20,-75
BLE,1705096926755596552,D3:F4:55:AB:96:20,-68
BLE,1705096926944063753,D3:F4:55:AB:96:20,-76
BLE,1705096927139815035,D3:F4:55:AB:96:20,-67
BLE,1705096927334609578,D3:F4:55:AB:96:20,-70
BLE,1705096927531557262,D3:F4:55:AB:96:20,-76
BLE,1705096928115853600,D3:F4:55:AB:96:20,-77
BLE,1705096928148389801,DF:DF:EE:00:00:04,-38
BLE,1705096928310011651,D3:F4:55:AB:96:20,-53
BLE,1705096928500100166,D3:F4:55:AB:96:20,-76
BLE,1705096928690264388,DF:DF:EE:00:00:04,-39
BLE,1705096928863361561,DF:A6:DC:DC:2E:81,-70
BLE,1705096928863413894,DF:DF:EE:00:00:01,-70
BLE,1705096928886170627,D3:F4:55:AB:96:20,-71
BLE,1705096929082020865,D3:F4:55:AB:96:20,-75
BLE,1705096929148136046,DF:DF:EE:00:00:04,-39
BLE,1705096929474492251,D3:F4:55:AB:96:20,-70
BLE,1705096929666636533,D3:F4:55:AB:96:20,-75
BLE,1705096929690767166,DF:DF:EE:00:00:04,-39
BLE,1705096929854974069,D3:F4:55:AB:96:20,-70
BLE,1705096930048750374,D3:F4:55:AB:96:20,-77
BLE,1705096930245191481,D3:F4:55:AB:96:20,-67
BLE,1705096930686569500,DF:DF:EE:00:00:04,-39
BLE,1705096930821276916,D3:F4:55:AB:96:20,-70
BLE,1705096931011167641,D3:F4:55:AB:96:20,-53
BLE,1705096931151587365,DF:DF:EE:00:00:04,-52
BLE,1705096931409928078,DF:A6:DC:DC:2E:81,-68
BLE,1705096931409967369,DF:DF:EE:00:00:01,-68
BLE,1705096931586768707,D3:F4:55:AB:96:20,-70
BLE,1705096931784145803,D3:F4:55:AB:96:20,-76
BLE,1705096931972046427,D3:F4:55:AB:96:20,-71
BLE,1705096932148738308,DF:DF:EE:00:00:04,-39
BLE,1705096932166359184,D3:F4:55:AB:96:20,-75
BLE,1705096932359276958,D3:F4:55:AB:96:20,-68
BLE,1705096932553651172,D3:F4:55:AB:96:20,-71
BLE,1705096932748333466,D3:F4:55:AB:96:20,-75
BLE,1705096933153270122,DF:DF:EE:00:00:04,-39
BLE,1705096933317869562,D3:F4:55:AB:96:20,-56
BLE,1705096933695189750,DF:DF:EE:00:00:04,-40
BLE,1705096933708160056,D3:F4:55:AB:96:20,-68
BLE,1705096934153790067,DF:DF:EE:00:00:04,-38
BLE,1705096934283073421,D3:F4:55:AB:96:20,-75
BLE,1705096934670555282,D3:F4:55:AB:96:20,-72
BLE,1705096934860485591,D3:F4:55:AB:96:20,-67
BLE,1705096935053132284,D3:F4:55:AB:96:20,-72
BLE,1705096935151769916,DF:DF:EE:00:00:04,-36
BLE,1705096935250094760,D3:F4:55:AB:96:20,-77
BLE,1705096936018194395,D3:F4:55:AB:96:20,-70
BLE,1705096936149310895,DF:DF:EE:00:00:04,-40
BLE,1705096936783051236,D3:F4:55:AB:96:20,-70
BLE,1705096936974478568,D3:F4:55:AB:96:20,-68
BLE,1705096937145575765,DF:DF:EE:00:00:04,-56
BLE,1705096937169347777,D3:F4:55:AB:96:20,-70
BLE,1705096937362674462,D3:F4:55:AB:96:20,-76
BLE,1705096937688765337,DF:DF:EE:00:00:04,-38
BLE,1705096937745755833,D3:F4:55:AB:96:20,-75
BLE,1705096937772900806,DF:A6:DC:DC:2E:81,-70
BLE,1705096937772913014,DF:DF:EE:00:00:01,-70
BLE,1705096937938132030,D3:F4:55:AB:96:20,-68
BLE,1705096938517147722,D3:F4:55:AB:96:20,-70
BLE,1705096938693331942,DF:DF:EE:00:00:04,-28
BLE,1705096938898211283,D3:F4:55:AB:96:20,-57
BLE,1705096939088076884,D3:F4:55:AB:96:20,-69
BLE,1705096939147771932,DF:DF:EE:00:00:04,-38
BLE,1705096939662836210,D3:F4:55:AB:96:20,-70
BLE,1705096939690823047,DF:DF:EE:00:00:04,-39
BLE,1705096939851806863,D3:F4:55:AB:96:20,-67
BLE,1705096940146399691,DF:DF:EE:00:00:04,-39
BLE,1705096940243113220,D3:F4:55:AB:96:20,-61
BLE,1705096940436424322,D3:F4:55:AB:96:20,-67
BLE,1705096940690742499,DF:DF:EE:00:00:04,-39
BLE,1705096940820839927,D3:F4:55:AB:96:20,-68
BLE,1705096941015800427,D3:F4:55:AB:96:20,-56
BLE,1705096941153567765,DF:DF:EE:00:00:04,-38
BLE,1705096941155250829,DF:DF:EE:00:00:04,-39
BLE,1705096941400161616,D3:F4:55:AB:96:20,-71
BLE,1705096941692360889,DF:DF:EE:00:00:04,-38
BLE,1705096941789032669,D3:F4:55:AB:96:20,-68
BLE,1705096941982648726,D3:F4:55:AB:96:20,-71
BLE,1705096942177289020,D3:F4:55:AB:96:20,-75
BLE,1705096942362951879,D3:F4:55:AB:96:20,-70
BLE,1705096942749022423,D3:F4:55:AB:96:20,-70
BLE,1705096942945617862,D3:F4:55:AB:96:20,-62
BLE,1705096943326955086,D3:F4:55:AB:96:20,-75
BLE,1705096943514028678,D3:F4:55:AB:96:20,-70
BLE,1705096943705361470,D3:F4:55:AB:96:20,-78
BLE,1705096944148602426,DF:DF:EE:00:00:04,-37
BLE,1705096944482683873,D3:F4:55:AB:96:20,-71
BLE,1705096944675496647,D3:F4:55:AB:96:20,-76
BLE,1705096944688297997,DF:DF:EE:00:00:04,-38
BLE,1705096944865700328,D3:F4:55:AB:96:20,-70
BLE,1705096945154172269,DF:DF:EE:00:00:04,-55
BLE,1705096945449403965,D3:F4:55:AB:96:20,-70
BLE,1705096945689746389,DF:DF:EE:00:00:04,-40
BLE,1705096945838408099,D3:F4:55:AB:96:20,-68
BLE,1705096946146679225,DF:DF:EE:00:00:04,-40
BLE,1705096946226980489,D3:F4:55:AB:96:20,-77
BLE,1705096946413997998,D3:F4:55:AB:96:20,-69
BLE,1705096946609590865,D3:F4:55:AB:96:20,-77
BLE,1705096946684978270,DF:A6:DC:DC:2E:81,-69
BLE,1705096946684993603,DF:DF:EE:00:00:01,-69
BLE,1705096946688195816,DF:DF:EE:00:00:04,-22
BLE,1705096946993058440,D3:F4:55:AB:96:20,-80
BLE,1705096947572055549,D3:F4:55:AB:96:20,-53
BLE,1705096947685853669,DF:DF:EE:00:00:04,-38
BLE,1705096947763361841,D3:F4:55:AB:96:20,-70
BLE,1705096947957719264,D3:F4:55:AB:96:20,-76
BLE,1705096948145299642,DF:DF:EE:00:00:04,-39
BLE,1705096948149553967,D3:F4:55:AB:96:20,-71
BLE,1705096948343875474,D3:F4:55:AB:96:20,-76
BLE,1705096948535878966,D3:F4:55:AB:96:20,-69
BLE,1705096948691744675,DF:DF:EE:00:00:04,-38
BLE,1705096949118977402,D3:F4:55:AB:96:20,-70
BLE,1705096949147756189,DF:DF:EE:00:00:04,-39
BLE,1705096949311450722,D3:F4:55:AB:96:20,-76
BLE,1705096949692956653,D3:F4:55:AB:96:20,-76
BLE,1705096950076151648,D3:F4:55:AB:96:20,-76
BLE,1705096950263163033,D3:F4:55:AB:96:20,-70
BLE,1705096950452930510,D3:F4:55:AB:96:20,-67
BLE,1705096950690748297,DF:DF:EE:00:00:04,-38
BLE,1705096950834234735,D3:F4:55:AB:96:20,-68
BLE,1705096951023297345,D3:F4:55:AB:96:20,-76
BLE,1705096951148001796,DF:DF:EE:00:00:04,-39
BLE,1705096951218572049,D3:F4:55:AB:96:20,-68
BLE,1705096951604989172,D3:F4:55:AB:96:20,-61
BLE,1705096951695735105,DF:DF:EE:00:00:04,-39
BLE,1705096951792255512,D3:F4:55:AB:96:20,-70
BLE,1705096951984016383,D3:F4:55:AB:96:20,-69
BLE,1705096952173253449,D3:F4:55:AB:96:20,-73
BLE,1705096952368479487,D3:F4:55:AB:96:20,-76
BLE,1705096952559320035,D3:F4:55:AB:96:20,-71
BLE,1705096952692714508,DF:DF:EE:00:00:04,-38
BLE,1705096953052429821,DF:A6:DC:DC:2E:81,-68
BLE,1705096953052465695,DF:DF:EE:00:00:01,-68
BLE,1705096953141980393,D3:F4:55:AB:96:20,-71
BLE,1705096953339097367,D3:F4:55:AB:96:20,-76
BLE,1705096953525386135,D3:F4:55:AB:96:20,-70
BLE,1705096953692840624,DF:DF:EE:00:00:04,-39
BLE,1705096953718227451,D3:F4:55:AB:96:20,-75
BLE,1705096953905963368,D3:F4:55:AB:96:20,-70
BLE,1705096954100952242,D3:F4:55:AB:96:20,-75
BLE,1705096954148513225,DF:DF:EE:00:00:04,-39
BLE,1705096954288998865,D3:F4:55:AB:96:20,-72
BLE,1705096954865823041,D3:F4:55:AB:96:20,-75
BLE,1705096955053378461,D3:F4:55:AB:96:20,-56
BLE,1705096955147591436,DF:DF:EE:00:00:04,-38
BLE,1705096955243085105,D3:F4:55:AB:96:20,-69
BLE,1705096955628065662,D3:F4:55:AB:96:20,-69
BLE,1705096956150442645,DF:DF:EE:00:00:04,-39
BLE,1705096956204829256,D3:F4:55:AB:96:20,-71
BLE,1705096956398099191,D3:F4:55:AB:96:20,-63
BLE,1705096956593511644,D3:F4:55:AB:96:20,-69
BLE,1705096956688554901,DF:DF:EE:00:00:04,-39
BLE,1705096956877683011,DF:A6:DC:DC:2E:81,-68
BLE,1705096956877700594,DF:DF:EE:00:00:01,-68
BLE,1705096956975888731,D3:F4:55:AB:96:20,-69
BLE,1705096957168338302,D3:F4:55:AB:96:20,-71
BLE,1705096957554281556,D3:F4:55:AB:96:20,-70
BLE,1705096957688225939,DF:DF:EE:00:00:04,-39
BLE,1705096957749265263,D3:F4:55:AB:96:20,-76
BLE,1705096957942314452,D3:F4:55:AB:96:20,-67
BLE,1705096958148524111,DF:DF:EE:00:00:04,-39
BLE,1705096958515493712,D3:F4:55:AB:96:20,-77
BLE,1705096958687455316,DF:DF:EE:00:00:04,-39
BLE,1705096958702353182,D3:F4:55:AB:96:20,-70
BLE,1705096959084899684,D3:F4:55:AB:96:20,-72
BLE,1705096959152819427,DF:DF:EE:00:00:04,-38
BLE,1705096959276718221,D3:F4:55:AB:96:20,-77
BLE,1705096959655555516,D3:F4:55:AB:96:20,-69
BLE,1705096959689320619,DF:DF:EE:00:00:04,-40
BLE,1705096959851440296,D3:F4:55:AB:96:20,-70
BLE,1705096960046088841,D3:F4:55:AB:96:20,-75
BLE,1705096960684430086,DF:DF:EE:00:00:04,-38
BLE,1705096960998865222,D3:F4:55:AB:96:20,-71
BLE,1705096961194506838,D3:F4:55:AB:96:20,-61
BLE,1705096961576671803,D3:F4:55:AB:96:20,-91
BLE,1705096961687066255,DF:DF:EE:00:00:04,-40
BLE,1705096961770841229,D3:F4:55:AB:96:20,-53
BLE,1705096961972774063,DF:A6:DC:DC:2E:81,-71
BLE,1705096961972804188,DF:DF:EE:00:00:01,-71
BLE,1705096962145898236,DF:DF:EE:00:00:04,-38
BLE,1705096962683547164,DF:DF:EE:00:00:04,-40
BLE,1705096963114532180,D3:F4:55:AB:96:20,-56
BLE,1705096963115762082,D3:F4:55:AB:96:20,-59
BLE,1705096963148828944,DF:DF:EE:00:00:04,-40
BLE,1705096963883778552,D3:F4:55:AB:96:20,-67
BLE,1705096964074244896,D3:F4:55:AB:96:20,-76
BLE,1705096964147459077,DF:DF:EE:00:00:04,-39
BLE,1705096964466153955,D3:F4:55:AB:96:20,-58
BLE,1705096964529297629,DF:A6:DC:DC:2E:81,-68
BLE,1705096964529311462,DF:DF:EE:00:00:01,-68
BLE,1705096964859525121,D3:F4:55:AB:96:20,-76
BLE,1705096965047395912,D3:F4:55:AB:96:20,-70
BLE,1705096965148307226,DF:DF:EE:00:00:04,-39
BLE,1705096965240335269,D3:F4:55:AB:96:20,-76
BLE,1705096965629919563,D3:F4:55:AB:96:20,-71
BLE,1705096965685133997,DF:DF:EE:00:00:04,-39
BLE,1705096966148512841,DF:DF:EE:00:00:04,-38
BLE,1705096966397274249,D3:F4:55:AB:96:20,-70
BLE,1705096966965693816,D3:F4:55:AB:96:20,-68
BLE,1705096967155700957,DF:DF:EE:00:00:04,-40
BLE,1705096967159777992,D3:F4:55:AB:96:20,-57
BLE,1705096967687256124,DF:DF:EE:00:00:04,-39
BLE,1705096968125675844,D3:F4:55:AB:96:20,-71
BLE,1705096968322418406,D3:F4:55:AB:96:20,-76
BLE,1705096968352075765,DF:A6:DC:DC:2E:81,-68
BLE,1705096968352086099,DF:DF:EE:00:00:01,-68
BLE,1705096968510016867,D3:F4:55:AB:96:20,-66
BLE,1705096968889094368,D3:F4:55:AB:96:20,-76
BLE,1705096969084044451,D3:F4:55:AB:96:20,-68
BLE,1705096969273351225,D3:F4:55:AB:96:20,-71
BLE,1705096969465931919,D3:F4:55:AB:96:20,-68
BLE,1705096969659784181,D3:F4:55:AB:96:20,-71
BLE,1705096970054214252,D3:F4:55:AB:96:20,-75
BLE,1705096970438419735,D3:F4:55:AB:96:20,-60
BLE,1705096970821339858,D3:F4:55:AB:96:20,-76
BLE,1705096971017650758,D3:F4:55:AB:96:20,-68
BLE,1705096971144066188,DF:DF:EE:00:00:04,-39
BLE,1705096971206493621,D3:F4:55:AB:96:20,-77
BLE,1705096971400766170,D3:F4:55:AB:96:20,-68
BLE,1705096971595874709,D3:F4:55:AB:96:20,-71
BLE,1705096971685832985,DF:DF:EE:00:00:04,-38
BLE,1705096971788683692,D3:F4:55:AB:96:20,-75
BLE,1705096972147344850,DF:DF:EE:00:00:04,-39
BLE,1705096972172422680,D3:F4:55:AB:96:20,-76
BLE,1705096972554889225,D3:F4:55:AB:96:20,-75
BLE,1705096972937420561,D3:F4:55:AB:96:20,-75
BLE,1705096973134025582,D3:F4:55:AB:96:20,-68
BLE,1705096973329559783,D3:F4:55:AB:96:20,-70
BLE,1705096973330871518,D3:F4:55:AB:96:20,-68
BLE,1705096973687323952,DF:DF:EE:00:00:04,-38
BLE,1705096973724939635,D3:F4:55:AB:96:20,-75
BLE,1705096973911859478,D3:F4:55:AB:96:20,-70
BLE,1705096974104135926,D3:F4:55:AB:96:20,-76
BLE,1705096974686529870,DF:DF:EE:00:00:04,-39
BLE,1705096974689294754,D3:F4:55:AB:96:20,-95
BLE,1705096974719827104,DF:A6:DC:DC:2E:81,-68
BLE,1705096974719854103,DF:DF:EE:00:00:01,-68
BLE,1705096974877971119,D3:F4:55:AB:96:20,-69
BLE,1705096975071627176,D3:F4:55:AB:96:20,-76
BLE,1705096975458537960,D3:F4:55:AB:96:20,-76
BLE,1705096975644360400,D3:F4:55:AB:96:20,-70
BLE,1705096975686491280,DF:DF:EE:00:00:04,-38
BLE,1705096975837702127,D3:F4:55:AB:96:20,-61
BLE,1705096976031584180,D3:F4:55:AB:96:20,-67
BLE,1705096976146309498,DF:DF:EE:00:00:04,-39
BLE,1705096976220364836,D3:F4:55:AB:96:20,-76
BLE,1705096976410587766,D3:F4:55:AB:96:20,-70
BLE,1705096976603513164,D3:F4:55:AB:96:20,-76
BLE,1705096976694636426,DF:DF:EE:00:00:04,-56
BLE,1705096976793143935,D3:F4:55:AB:96:20,-71
BLE,1705096976983697902,D3:F4:55:AB:96:20,-76
BLE,1705096977149774325,DF:DF:EE:00:00:04,-55
BLE,1705096977548992839,D3:F4:55:AB:96:20,-76
BLE,1705096977688554907,DF:DF:EE:00:00:04,-40
BLE,1705096977939785328,D3:F4:55:AB:96:20,-72
BLE,1705096978694709386,DF:DF:EE:00:00:04,-39
BLE,1705096978719654221,D3:F4:55:AB:96:20,-61
BLE,1705096979146712388,DF:DF:EE:00:00:04,-40
BLE,1705096979301372218,D3:F4:55:AB:96:20,-80
BLE,1705096979497022030,D3:F4:55:AB:96:20,-68
BLE,1705096979687783024,DF:DF:EE:00:00:04,-40
BLE,1705096979806555478,DF:A6:DC:DC:2E:81,-69
BLE,1705096979806593645,DF:DF:EE:00:00:01,-69
BLE,1705096979880190082,D3:F4:55:AB:96:20,-58
BLE,1705096980070307208,D3:F4:55:AB:96:20,-77
BLE,1705096980151306185,DF:DF:EE:00:00:04,-39
BLE,1705096980266341683,D3:F4:55:AB:96:20,-69
BLE,1705096980647822712,D3:F4:55:AB:96:20,-69
BLE,1705096981144827776,DF:DF:EE:00:00:04,-39
BLE,1705096981412977122,D3:F4:55:AB:96:20,-68
BLE,1705096981608591767,D3:F4:55:AB:96:20,-57
BLE,1705096981800287709,D3:F4:55:AB:96:20,-76
BLE,1705096981994461704,D3:F4:55:AB:96:20,-68
BLE,1705096982190369764,D3:F4:55:AB:96:20,-71
BLE,1705096982380186018,D3:F4:55:AB:96:20,-53
BLE,1705096982764007979,D3:F4:55:AB:96:20,-69
BLE,1705096982957157362,D3:F4:55:AB:96:20,-56
BLE,1705096983152669801,DF:DF:EE:00:00:04,-41
BLE,1705096983689509735,DF:DF:EE:00:00:04,-40
BLE,1705096984104402586,D3:F4:55:AB:96:20,-73
BLE,1705096984486255403,D3:F4:55:AB:96:20,-70
BLE,1705096984689196630,DF:DF:EE:00:00:04,-39
BLE,1705096984875373969,D3:F4:55:AB:96:20,-69
BLE,1705096984899927892,DF:A6:DC:DC:2E:81,-73
BLE,1705096984899971142,DF:DF:EE:00:00:01,-73
BLE,1705096985070599953,D3:F4:55:AB:96:20,-56
BLE,1705096985154285023,DF:DF:EE:00:00:04,-41
BLE,1705096985692958269,DF:DF:EE:00:00:04,-39
BLE,1705096985846177366,D3:F4:55:AB:96:20,-70
BLE,1705096986153136969,DF:DF:EE:00:00:04,-39
BLE,1705096986172591535,DF:A6:DC:DC:2E:81,-69
BLE,1705096986172626534,DF:DF:EE:00:00:01,-69
BLE,1705096986434165748,D3:F4:55:AB:96:20,-77
BLE,1705096986623123555,D3:F4:55:AB:96:20,-70
BLE,1705096987011656128,D3:F4:55:AB:96:20,-68
BLE,1705096987585966752,D3:F4:55:AB:96:20,-76
BLE,1705096987683755700,DF:DF:EE:00:00:04,-38
BLE,1705096987774920100,D3:F4:55:AB:96:20,-71
BLE,1705096987967596739,D3:F4:55:AB:96:20,-75
BLE,1705096988346194219,D3:F4:55:AB:96:20,-76
BLE,1705096988534064621,D3:F4:55:AB:96:20,-70
BLE,1705096988691699124,DF:DF:EE:00:00:04,-56
BLE,1705096988733059936,D3:F4:55:AB:96:20,-76
BLE,1705096988919599687,D3:F4:55:AB:96:20,-89
BLE,1705096989109539440,D3:F4:55:AB:96:20,-68
BLE,1705096989145492731,DF:DF:EE:00:00:04,-39
BLE,1705096989486755811,D3:F4:55:AB:96:20,-68
BLE,1705096989690431155,DF:DF:EE:00:00:04,-39
BLE,1705096990150270692,DF:DF:EE:00:00:04,-40
BLE,1705096990450723662,D3:F4:55:AB:96:20,-90
BLE,1705096990640171755,D3:F4:55:AB:96:20,-69
BLE,1705096990690381255,DF:DF:EE:00:00:04,-40
BLE,1705096990833700175,D3:F4:55:AB:96:20,-70
BLE,1705096991147711613,DF:DF:EE:00:00:04,-39
BLE,1705096991278702301,DF:A6:DC:DC:2E:81,-53
BLE,1705096991278715467,DF:DF:EE:00:00:01,-53
BLE,1705096991408903206,D3:F4:55:AB:96:20,-75
BLE,1705096991687037977,DF:DF:EE:00:00:04,-39
BLE,1705096991798864137,D3:F4:55:AB:96:20,-70
BLE,1705096991992158935,D3:F4:55:AB:96:20,-76
BLE,1705096992152864194,DF:DF:EE:00:00:04,-52
BLE,1705096992182882096,D3:F4:55:AB:96:20,-71
BLE,1705096992572296659,D3:F4:55:AB:96:20,-67
BLE,1705096992691995144,DF:DF:EE:00:00:04,-40
BLE,1705096992953176904,D3:F4:55:AB:96:20,-53
BLE,1705096993149312210,DF:DF:EE:00:00:04,-38
BLE,1705096993339702958,D3:F4:55:AB:96:20,-69
BLE,1705096993691742330,DF:DF:EE:00:00:04,-24
BLE,1705096993922600691,D3:F4:55:AB:96:20,-68
BLE,1705096994305590579,D3:F4:55:AB:96:20,-67
BLE,1705096994692145758,DF:DF:EE:00:00:04,-45
BLE,1705096994881431727,D3:F4:55:AB:96:20,-70
BLE,1705096995687771950,DF:DF:EE:00:00:04,-40
BLE,1705096995842234657,D3:F4:55:AB:96:20,-77
BLE,1705096996028361871,D3:F4:55:AB:96:20,-71
BLE,1705096996225969077,D3:F4:55:AB:96:20,-76
BLE,1705096996611804806,D3:F4:55:AB:96:20,-72
BLE,1705096996805069146,D3:F4:55:AB:96:20,-67
BLE,1705096996995646392,D3:F4:55:AB:96:20,-70
BLE,1705096997191740574,D3:F4:55:AB:96:20,-78
BLE,1705096997386991766,D3:F4:55:AB:96:20,-67
BLE,1705096997655234943,DF:A6:DC:DC:2E:81,-73
BLE,1705096997655265651,DF:DF:EE:00:00:01,-73
BLE,1705096997962808081,D3:F4:55:AB:96:20,-70
BLE,1705096998146965693,DF:DF:EE:00:00:04,-38
BLE,1705096998159418674,D3:F4:55:AB:96:20,-76
BLE,1705096998551193792,D3:F4:55:AB:96:20,-70
BLE,1705096998746960228,D3:F4:55:AB:96:20,-75
BLE,1705096998937204145,D3:F4:55:AB:96:20,-68
BLE,1705096999128956460,D3:F4:55:AB:96:20,-75
BLE,1705096999150855998,DF:DF:EE:00:00:04,-40
BLE,1705096999314860719,D3:F4:55:AB:96:20,-70
BLE,1705096999506707617,D3:F4:55:AB:96:20,-75
BLE,1705096999697400445,D3:F4:55:AB:96:20,-70
BLE,1705096999894059245,D3:F4:55:AB:96:20,-75
BLE,1705097000086979172,D3:F4:55:AB:96:20,-53
BLE,1705097000200176691,DF:A6:DC:DC:2E:81,-71
BLE,1705097000200213274,DF:DF:EE:00:00:01,-71
BLE,1705097000275752397,D3:F4:55:AB:96:20,-76
BLE,1705097000662209494,D3:F4:55:AB:96:20,-70
BLE,1705097000854008726,D3:F4:55:AB:96:20,-69
BLE,1705097001047381190,D3:F4:55:AB:96:20,-71
BLE,1705097001147106615,DF:DF:EE:00:00:04,-39
BLE,1705097001242421759,D3:F4:55:AB:96:20,-76
BLE,1705097001427779649,D3:F4:55:AB:96:20,-70
BLE,1705097001479014762,DF:A6:DC:DC:2E:81,-71
BLE,1705097001479027845,DF:DF:EE:00:00:01,-71
BLE,1705097001621772105,D3:F4:55:AB:96:20,-76
BLE,1705097001692102955,DF:DF:EE:00:00:04,-40
BLE,1705097001810495706,D3:F4:55:AB:96:20,-70
BLE,1705097002008335784,D3:F4:55:AB:96:20,-76
BLE,1705097002151902617,DF:DF:EE:00:00:04,-38
BLE,1705097002200805383,D3:F4:55:AB:96:20,-68
BLE,1705097002391991205,D3:F4:55:AB:96:20,-75
BLE,1705097002773609983,D3:F4:55:AB:96:20,-76
BLE,1705097003161345191,D3:F4:55:AB:96:20,-69
BLE,1705097003356402926,D3:F4:55:AB:96:20,-76
BLE,1705097003551204665,D3:F4:55:AB:96:20,-68
BLE,1705097003687023588,DF:DF:EE:00:00:04,-39
BLE,1705097003741564413,D3:F4:55:AB:96:20,-76
BLE,1705097004145329684,DF:DF:EE:00:00:04,-56
BLE,1705097004306699811,D3:F4:55:AB:96:20,-71
BLE,1705097004501752672,D3:F4:55:AB:96:20,-76
BLE,1705097005269317595,D3:F4:55:AB:96:20,-76
BLE,1705097005300909853,DF:A6:DC:DC:2E:81,-68
BLE,1705097005300922061,DF:DF:EE:00:00:01,-68
BLE,1705097005652142859,D3:F4:55:AB:96:20,-75
BLE,1705097005840507880,D3:F4:55:AB:96:20,-70
BLE,1705097006221839537,D3:F4:55:AB:96:20,-70
BLE,1705097006419204746,D3:F4:55:AB:96:20,-77
BLE,1705097006610980561,D3:F4:55:AB:96:20,-68
BLE,1705097006684281168,DF:DF:EE:00:00:04,-79
BLE,1705097006989931579,D3:F4:55:AB:96:20,-70
BLE,1705097007144820906,DF:DF:EE:00:00:04,-39
BLE,1705097007184286489,D3:F4:55:AB:96:20,-76
BLE,1705097007563438546,D3:F4:55:AB:96:20,-75
BLE,1705097007681941128,DF:DF:EE:00:00:04,-38
BLE,1705097008139996894,D3:F4:55:AB:96:20,-68
BLE,1705097008147565515,DF:DF:EE:00:00:04,-52
BLE,1705097008519870526,D3:F4:55:AB:96:20,-70
BLE,1705097008692129068,DF:DF:EE:00:00:04,-40
BLE,1705097008717276734,D3:F4:55:AB:96:20,-71
BLE,1705097009097377989,D3:F4:55:AB:96:20,-75
BLE,1705097009684974001,DF:DF:EE:00:00:04,-79
BLE,1705097009875108585,D3:F4:55:AB:96:20,-68
BLE,1705097010146857305,DF:DF:EE:00:00:04,-39
BLE,1705097010454925104,D3:F4:55:AB:96:20,-70
BLE,1705097010686882786,DF:DF:EE:00:00:04,-38
BLE,1705097010834925693,D3:F4:55:AB:96:20,-70
BLE,1705097011800595774,D3:F4:55:AB:96:20,-70
BLE,1705097012154732663,DF:DF:EE:00:00:04,-40
BLE,1705097012379656260,D3:F4:55:AB:96:20,-77
BLE,1705097012574495040,D3:F4:55:AB:96:20,-53
BLE,1705097012948640030,DF:A6:DC:DC:2E:81,-69
BLE,1705097012948679280,DF:DF:EE:00:00:01,-69
BLE,1705097013145370163,DF:DF:EE:00:00:04,-39
BLE,1705097013152310041,D3:F4:55:AB:96:20,-70
BLE,1705097014688920703,DF:DF:EE:00:00:04,-39
BLE,1705097014696330075,D3:F4:55:AB:96:20,-61
BLE,1705097015273918786,D3:F4:55:AB:96:20,-58
BLE,1705097015467006628,D3:F4:55:AB:96:20,-70
BLE,1705097015495108302,DF:A6:DC:DC:2E:81,-67
BLE,1705097015495135760,DF:DF:EE:00:00:01,-67
BLE,1705097015847531419,D3:F4:55:AB:96:20,-76
BLE,1705097016044900753,D3:F4:55:AB:96:20,-95
BLE,1705097016617328816,D3:F4:55:AB:96:20,-70
BLE,1705097016682045940,DF:DF:EE:00:00:04,-38
BLE,1705097017689521952,DF:DF:EE:00:00:04,-39
BLE,1705097017779795988,D3:F4:55:AB:96:20,-76
BLE,1705097017973605155,D3:F4:55:AB:96:20,-68
BLE,1705097018037912991,DF:A6:DC:DC:2E:81,-54
BLE,1705097018037943199,DF:DF:EE:00:00:01,-54
BLE,1705097018164036819,D3:F4:55:AB:96:20,-76
BLE,1705097018688699187,DF:DF:EE:00:00:04,-39
BLE,1705097018943894224,D3:F4:55:AB:96:20,-68
BLE,1705097019147452153,DF:DF:EE:00:00:04,-39
BLE,1705097019314793835,DF:A6:DC:DC:2E:81,-69
BLE,1705097019314854001,DF:DF:EE:00:00:01,-69
BLE,1705097019322799992,D3:F4:55:AB:96:20,-67
BLE,1705097019513682026,D3:F4:55:AB:96:20,-76
BLE,1705097019698764419,D3:F4:55:AB:96:20,-56
BLE,1705097019897912816,D3:F4:55:AB:96:20,-61
BLE,1705097020090215958,D3:F4:55:AB:96:20,-68
BLE,1705097020149050067,DF:DF:EE:00:00:04,-39
BLE,1705097020473409385,D3:F4:55:AB:96:20,-68
BLE,1705097020687556982,DF:DF:EE:00:00:04,-39
BLE,1705097021147497434,DF:DF:EE:00:00:04,-39
BLE,1705097021243614027,D3:F4:55:AB:96:20,-78
BLE,1705097021431978549,D3:F4:55:AB:96:20,-71
BLE,1705097021628928846,D3:F4:55:AB:96:20,-75
BLE,1705097021689325395,DF:DF:EE:00:00:04,-39
BLE,1705097022013201510,D3:F4:55:AB:96:20,-61
BLE,1705097022205006200,D3:F4:55:AB:96:20,-69
BLE,1705097022394427834,D3:F4:55:AB:96:20,-75
BLE,1705097022978071767,D3:F4:55:AB:96:20,-75
BLE,1705097023140233551,DF:A6:DC:DC:2E:81,-53
BLE,1705097023140273634,DF:DF:EE:00:00:01,-53
BLE,1705097023172578592,D3:F4:55:AB:96:20,-69
BLE,1705097023554759656,D3:F4:55:AB:96:20,-68
BLE,1705097023684725564,DF:DF:EE:00:00:04,-39
BLE,1705097023745180653,D3:F4:55:AB:96:20,-76
BLE,1705097024127204677,D3:F4:55:AB:96:20,-74
BLE,1705097024322251538,D3:F4:55:AB:96:20,-68
BLE,1705097024410427014,DF:A6:DC:DC:2E:81,-72
BLE,1705097024410463389,DF:DF:EE:00:00:01,-72
BLE,1705097024892717124,D3:F4:55:AB:96:20,-75
BLE,1705097025273521286,D3:F4:55:AB:96:20,-76
BLE,1705097025468407149,D3:F4:55:AB:96:20,-67
BLE,1705097025682808160,DF:DF:EE:00:00:04,-38
BLE,1705097026046227649,D3:F4:55:AB:96:20,-69
BLE,1705097026440396949,D3:F4:55:AB:96:20,-76
BLE,1705097026627824648,D3:F4:55:AB:96:20,-72
BLE,1705097026689091228,DF:DF:EE:00:00:04,-39
BLE,1705097026826026639,D3:F4:55:AB:96:20,-76
BLE,1705097027012295643,D3:F4:55:AB:96:20,-70
BLE,1705097027149383176,DF:DF:EE:00:00:04,-39
BLE,1705097027209210149,D3:F4:55:AB:96:20,-75
BLE,1705097027394796494,D3:F4:55:AB:96:20,-70
BLE,1705097027685333830,DF:DF:EE:00:00:04,-22
BLE,1705097027779788608,D3:F4:55:AB:96:20,-70
BLE,1705097027971407425,D3:F4:55:AB:96:20,-75
BLE,1705097028165283341,D3:F4:55:AB:96:20,-68
BLE,1705097028557592787,D3:F4:55:AB:96:20,-76
BLE,1705097028690299955,DF:DF:EE:00:00:04,-73
BLE,1705097028746501594,D3:F4:55:AB:96:20,-71
BLE,1705097029331825299,D3:F4:55:AB:96:20,-70
BLE,1705097029511071593,DF:A6:DC:DC:2E:81,-68
BLE,1705097029511108760,DF:DF:EE:00:00:01,-68
BLE,1705097029684248583,DF:DF:EE:00:00:04,-56
BLE,1705097030109290649,D3:F4:55:AB:96:20,-76
BLE,1705097030304186178,D3:F4:55:AB:96:20,-68
BLE,1705097031264192158,D3:F4:55:AB:96:20,-70
BLE,1705097031457341458,D3:F4:55:AB:96:20,-76
BLE,1705097032054410402,DF:A6:DC:DC:2E:81,-69
BLE,1705097032054462984,DF:DF:EE:00:00:01,-69
BLE,1705097032417761142,D3:F4:55:AB:96:20,-68
BLE,1705097032680446801,DF:DF:EE:00:00:04,-39
BLE,1705097032800260451,D3:F4:55:AB:96:20,-68
BLE,1705097033150154765,DF:DF:EE:00:00:04,-51
BLE,1705097033190018052,D3:F4:55:AB:96:20,-75
BLE,1705097033686208500,DF:DF:EE:00:00:04,-39
BLE,1705097033760451096,D3:F4:55:AB:96:20,-70
BLE,1705097033950497932,D3:F4:55:AB:96:20,-53
BLE,1705097034139016868,D3:F4:55:AB:96:20,-76
BLE,1705097034147332897,DF:DF:EE:00:00:04,-38
BLE,1705097034685995477,DF:DF:EE:00:00:04,-39
BLE,1705097034714681977,D3:F4:55:AB:96:20,-68
BLE,1705097034910337081,D3:F4:55:AB:96:20,-56
BLE,1705097035106791092,D3:F4:55:AB:96:20,-75
BLE,1705097035143435417,DF:DF:EE:00:00:04,-39
BLE,1705097035295688149,D3:F4:55:AB:96:20,-89
BLE,1705097035683639896,DF:DF:EE:00:00:04,-38
BLE,1705097035880489569,D3:F4:55:AB:96:20,-71
BLE,1705097036146630479,DF:DF:EE:00:00:04,-39
BLE,1705097036272546767,D3:F4:55:AB:96:20,-77
BLE,1705097036465715608,D3:F4:55:AB:96:20,-70
BLE,1705097036657971918,D3:F4:55:AB:96:20,-76
BLE,1705097038014527420,D3:F4:55:AB:96:20,-70
BLE,1705097038212784868,D3:F4:55:AB:96:20,-76
BLE,1705097038418625354,DF:A6:DC:DC:2E:81,-69
BLE,1705097038418644104,DF:DF:EE:00:00:01,-69
BLE,1705097038791160154,D3:F4:55:AB:96:20,-58
BLE,1705097039149805241,DF:DF:EE:00:00:04,-40
BLE,1705097039176421640,D3:F4:55:AB:96:20,-76
BLE,1705097039370263307,D3:F4:55:AB:96:20,-68
BLE,1705097039689019023,DF:DF:EE:00:00:04,-39
BLE,1705097039948423220,D3:F4:55:AB:96:20,-70
BLE,1705097040334261616,D3:F4:55:AB:96:20,-71
BLE,1705097040917266973,D3:F4:55:AB:96:20,-70
BLE,1705097040963415187,DF:A6:DC:DC:2E:81,-54
BLE,1705097040963444103,DF:DF:EE:00:00:01,-54
BLE,1705097041298091802,D3:F4:55:AB:96:20,-70
BLE,1705097041493874612,D3:F4:55:AB:96:20,-75
BLE,1705097041683574368,D3:F4:55:AB:96:20,-73
BLE,1705097041878111443,D3:F4:55:AB:96:20,-75
BLE,1705097042065588559,D3:F4:55:AB:96:20,-71
BLE,1705097042148880758,DF:DF:EE:00:00:04,-39
BLE,1705097042449388437,D3:F4:55:AB:96:20,-70
BLE,1705097042690877758,DF:DF:EE:00:00:04,-40
BLE,1705097043032318586,D3:F4:55:AB:96:20,-70
BLE,1705097043144468534,DF:DF:EE:00:00:04,-38
BLE,1705097043221787637,D3:F4:55:AB:96:20,-69
BLE,1705097043511780562,DF:A6:DC:DC:2E:81,-57
BLE,1705097043511830686,DF:DF:EE:00:00:01,-57
BLE,1705097043612534934,D3:F4:55:AB:96:20,-75
BLE,1705097043806994510,D3:F4:55:AB:96:20,-68
BLE,1705097044144556174,DF:DF:EE:00:00:04,-39
BLE,1705097044388243637,D3:F4:55:AB:96:20,-68
BLE,1705097044580837151,D3:F4:55:AB:96:20,-76
BLE,1705097044681997644,DF:DF:EE:00:00:04,-39
BLE,1705097044770690822,D3:F4:55:AB:96:20,-53
BLE,1705097044961099445,D3:F4:55:AB:96:20,-76
BLE,1705097045153576294,D3:F4:55:AB:96:20,-68
BLE,1705097045344107041,D3:F4:55:AB:96:20,-76
BLE,1705097045529288974,D3:F4:55:AB:96:20,-70
BLE,1705097045685808824,DF:DF:EE:00:00:04,-38
BLE,1705097045728295331,D3:F4:55:AB:96:20,-77
BLE,1705097045921165383,D3:F4:55:AB:96:20,-69
BLE,1705097046116759030,D3:F4:55:AB:96:20,-70
BLE,1705097046499621877,D3:F4:55:AB:96:20,-70
BLE,1705097046686616914,DF:DF:EE:00:00:04,-39
BLE,1705097047143339945,DF:DF:EE:00:00:04,-41
BLE,1705097047280647810,D3:F4:55:AB:96:20,-75
BLE,1705097047670368661,D3:F4:55:AB:96:20,-70
BLE,1705097048064019341,D3:F4:55:AB:96:20,-76
BLE,1705097048150489754,DF:DF:EE:00:00:04,-38
BLE,1705097048252097657,D3:F4:55:AB:96:20,-70
BLE,1705097048835770298,D3:F4:55:AB:96:20,-70
BLE,1705097049024628439,D3:F4:55:AB:96:20,-58
BLE,1705097049409031935,D3:F4:55:AB:96:20,-67
BLE,1705097049602035070,D3:F4:55:AB:96:20,-90
BLE,1705097049682818548,DF:DF:EE:00:00:04,-40
BLE,1705097049980816839,D3:F4:55:AB:96:20,-76
BLE,1705097050689089617,DF:DF:EE:00:00:04,-39
BLE,1705097050943224125,D3:F4:55:AB:96:20,-76
BLE,1705097051149358649,DF:DF:EE:00:00:04,-57
BLE,1705097052144170183,DF:DF:EE:00:00:04,-38
BLE,1705097052284078934,D3:F4:55:AB:96:20,-71
BLE,1705097052478341137,D3:F4:55:AB:96:20,-75
BLE,1705097052669715874,D3:F4:55:AB:96:20,-68
BLE,1705097052688318783,DF:DF:EE:00:00:04,-39
BLE,1705097052865083773,D3:F4:55:AB:96:20,-71
BLE,1705097053064161295,D3:F4:55:AB:96:20,-75
BLE,1705097053142887340,DF:DF:EE:00:00:04,-38
BLE,1705097053250812753,D3:F4:55:AB:96:20,-70
BLE,1705097053686251698,DF:DF:EE:00:00:04,-38
BLE,1705097053827089313,D3:F4:55:AB:96:20,-75
BLE,1705097054014971966,D3:F4:55:AB:96:20,-56
BLE,1705097054398644970,D3:F4:55:AB:96:20,-70
BLE,1705097054778655559,D3:F4:55:AB:96:20,-71
BLE,1705097055162707725,D3:F4:55:AB:96:20,-70
BLE,1705097055356555933,D3:F4:55:AB:96:20,-77
BLE,1705097055937835185,D3:F4:55:AB:96:20,-76
BLE,1705097056126693826,D3:F4:55:AB:96:20,-71
BLE,1705097056149937473,DF:DF:EE:00:00:04,-38
BLE,1705097056695871635,D3:F4:55:AB:96:20,-68
BLE,1705097057078949938,D3:F4:55:AB:96:20,-67
BLE,1705097057150904478,DF:DF:EE:00:00:04,-38
BLE,1705097057465465826,D3:F4:55:AB:96:20,-68
BLE,1705097057660412938,D3:F4:55:AB:96:20,-72
BLE,1705097057680588371,DF:DF:EE:00:00:04,-39
BLE,1705097057852337168,D3:F4:55:AB:96:20,-76
BLE,1705097058042713333,D3:F4:55:AB:96:20,-71
BLE,1705097058236768331,D3:F4:55:AB:96:20,-77
BLE,1705097058424157030,D3:F4:55:AB:96:20,-70
BLE,1705097058786155036,DF:A6:DC:DC:2E:81,-68
BLE,1705097058786213452,DF:DF:EE:00:00:01,-68
BLE,1705097058804245326,D3:F4:55:AB:96:20,-76
BLE,1705097058999659266,D3:F4:55:AB:96:20,-76
BLE,1705097059193146020,D3:F4:55:AB:96:20,-68
BLE,1705097059386667357,D3:F4:55:AB:96:20,-94
BLE,1705097059579278704,D3:F4:55:AB:96:20,-68
BLE,1705097059684532399,DF:DF:EE:00:00:04,-39
BLE,1705097059960737942,D3:F4:55:AB:96:20,-68
BLE,1705097060156789958,D3:F4:55:AB:96:20,-71
BLE,1705097060349612053,D3:F4:55:AB:96:20,-76
BLE,1705097060682355399,DF:DF:EE:00:00:04,-29
BLE,1705097061144052872,DF:DF:EE:00:00:04,-40
BLE,1705097061320517907,D3:F4:55:AB:96:20,-77
BLE,1705097061334909282,DF:A6:DC:DC:2E:81,-72
BLE,1705097061334944531,DF:DF:EE:00:00:01,-72
BLE,1705097061684351267,DF:DF:EE:00:00:04,-38
BLE,1705097062149354077,DF:DF:EE:00:00:04,-40
BLE,1705097062286091323,D3:F4:55:AB:96:20,-75
BLE,1705097062476760734,D3:F4:55:AB:96:20,-70
BLE,1705097062607205387,DF:A6:DC:DC:2E:81,-68
BLE,1705097062607237428,DF:DF:EE:00:00:01,-68
BLE,1705097063636004194,D3:F4:55:AB:96:20,-76
BLE,1705097063687410014,DF:DF:EE:00:00:04,-39
BLE,1705097064021555010,D3:F4:55:AB:96:20,-76
BLE,1705097064141898946,DF:DF:EE:00:00:04,-38
BLE,1705097064143345304,DF:DF:EE:00:00:04,-39
BLE,1705097064396509698,D3:F4:55:AB:96:20,-68
BLE,1705097064680461152,DF:DF:EE:00:00:04,-39
BLE,1705097065144637264,DF:DF:EE:00:00:04,-52
BLE,1705097065153749158,DF:A6:DC:DC:2E:81,-69
BLE,1705097065153786657,DF:DF:EE:00:00:01,-69
BLE,1705097065161175697,D3:F4:55:AB:96:20,-69
BLE,1705097065547189882,D3:F4:55:AB:96:20,-76
BLE,1705097065735094576,D3:F4:55:AB:96:20,-70
BLE,1705097065933400482,D3:F4:55:AB:96:20,-75
BLE,1705097066129351790,D3:F4:55:AB:96:20,-69
BLE,1705097066150775417,DF:DF:EE:00:00:04,-39
BLE,1705097066507424068,D3:F4:55:AB:96:20,-68
BLE,1705097066688318302,DF:DF:EE:00:00:04,-39
BLE,1705097066889789713,D3:F4:55:AB:96:20,-69
BLE,1705097067080804620,D3:F4:55:AB:96:20,-76
BLE,1705097067145915323,DF:DF:EE:00:00:04,-40
BLE,1705097067275932313,D3:F4:55:AB:96:20,-69
BLE,1705097067470621137,D3:F4:55:AB:96:20,-70
BLE,1705097068149848877,DF:DF:EE:00:00:04,-38
BLE,1705097068436049554,D3:F4:55:AB:96:20,-71
BLE,1705097068629546225,D3:F4:55:AB:96:20,-75
BLE,1705097068821250916,D3:F4:55:AB:96:20,-70
BLE,1705097068975818496,DF:A6:DC:DC:2E:81,-67
BLE,1705097068975850704,DF:DF:EE:00:00:01,-67
BLE,1705097069011424666,D3:F4:55:AB:96:20,-75
BLE,1705097069151492499,DF:DF:EE:00:00:04,-40
BLE,1705097069199177237,D3:F4:55:AB:96:20,-70
BLE,1705097069588849255,D3:F4:55:AB:96:20,-68
BLE,1705097069686366664,DF:DF:EE:00:00:04,-40
BLE,1705097069783493704,D3:F4:55:AB:96:20,-91
BLE,1705097070169491014,D3:F4:55:AB:96:20,-70
BLE,1705097070751913461,D3:F4:55:AB:96:20,-71
BLE,1705097070943471238,D3:F4:55:AB:96:20,-69
BLE,1705097071144897858,DF:DF:EE:00:00:04,-37
BLE,1705097071334411074,D3:F4:55:AB:96:20,-77
BLE,1705097071913743349,D3:F4:55:AB:96:20,-76
BLE,1705097072104650633,D3:F4:55:AB:96:20,-71
BLE,1705097072300589441,D3:F4:55:AB:96:20,-76
BLE,1705097072491093272,D3:F4:55:AB:96:20,-67
BLE,1705097072684479485,D3:F4:55:AB:96:20,-77
BLE,1705097072687904987,DF:DF:EE:00:00:04,-38
BLE,1705097073151547980,DF:DF:EE:00:00:04,-40
BLE,1705097073259544851,D3:F4:55:AB:96:20,-68
BLE,1705097073453677889,D3:F4:55:AB:96:20,-71
BLE,1705097073652161751,D3:F4:55:AB:96:20,-76
BLE,1705097073680147260,DF:DF:EE:00:00:04,-40
BLE,1705097073845144969,D3:F4:55:AB:96:20,-68
BLE,1705097074415828803,D3:F4:55:AB:96:20,-75
BLE,1705097074684009814,DF:DF:EE:00:00:04,-40
BLE,1705097074796360219,D3:F4:55:AB:96:20,-75
BLE,1705097075147494142,DF:DF:EE:00:00:04,-39
BLE,1705097075562670156,D3:F4:55:AB:96:20,-75
BLE,1705097075682805428,DF:DF:EE:00:00:04,-39
BLE,1705097075943329862,D3:F4:55:AB:96:20,-61
BLE,1705097076329678377,D3:F4:55:AB:96:20,-77
BLE,1705097076626879968,DF:A6:DC:DC:2E:81,-69
BLE,1705097076626930634,DF:DF:EE:00:00:01,-69
BLE,1705097076684188178,DF:DF:EE:00:00:04,-51
BLE,1705097076904379372,D3:F4:55:AB:96:20,-67
BLE,1705097077096117479,D3:F4:55:AB:96:20,-70
BLE,1705097077144670499,DF:DF:EE:00:00:04,-39
BLE,1705097077289622316,D3:F4:55:AB:96:20,-68
BLE,1705097077482411328,D3:F4:55:AB:96:20,-70
BLE,1705097077673960063,D3:F4:55:AB:96:20,-75
BLE,1705097078143370239,DF:DF:EE:00:00:04,-39
BLE,1705097078444233913,D3:F4:55:AB:96:20,-76
BLE,1705097078829048362,D3:F4:55:AB:96:20,-70
BLE,1705097079150997166,DF:DF:EE:00:00:04,-33
BLE,1705097079215196671,D3:F4:55:AB:96:20,-71
BLE,1705097079688446177,DF:DF:EE:00:00:04,-38
BLE,1705097079987261250,D3:F4:55:AB:96:20,-68
BLE,1705097080145921950,DF:DF:EE:00:00:04,-38
BLE,1705097080564493382,D3:F4:55:AB:96:20,-71
BLE,1705097080947735058,D3:F4:55:AB:96:20,-70
BLE,1705097081144451358,DF:DF:EE:00:00:04,-40
BLE,1705097081686651480,DF:DF:EE:00:00:04,-75
BLE,1705097081718164615,DF:A6:DC:DC:2E:81,-72
BLE,1705097081718193989,DF:DF:EE:00:00:01,-72
BLE,1705097081914238463,D3:F4:55:AB:96:20,-70
BLE,1705097082107634760,D3:F4:55:AB:96:20,-75
BLE,1705097082294031263,D3:F4:55:AB:96:20,-70
BLE,1705097082996074071,DF:A6:DC:DC:2E:81,-70
BLE,1705097082996133946,DF:DF:EE:00:00:01,-70
BLE,1705097083142818868,DF:DF:EE:00:00:04,-40
BLE,1705097083257384996,D3:F4:55:AB:96:20,-75
BLE,1705097083443460211,D3:F4:55:AB:96:20,-70
BLE,1705097083636829466,D3:F4:55:AB:96:20,-61
BLE,1705097083828509991,D3:F4:55:AB:96:20,-71
BLE,1705097084020709927,D3:F4:55:AB:96:20,-76
BLE,1705097084402408870,D3:F4:55:AB:96:20,-76
BLE,1705097085143586225,DF:DF:EE:00:00:04,-39
BLE,1705097085355778095,D3:F4:55:AB:96:20,-70
BLE,1705097085537758732,DF:A6:DC:DC:2E:81,-68
BLE,1705097085537792065,DF:DF:EE:00:00:01,-68
BLE,1705097085685203729,DF:DF:EE:00:00:04,-40
BLE,1705097085741283244,D3:F4:55:AB:96:20,-71
BLE,1705097085935330867,D3:F4:55:AB:96:20,-76
BLE,1705097086686061610,DF:DF:EE:00:00:04,-22
BLE,1705097087087873654,D3:F4:55:AB:96:20,-57
BLE,1705097087141692071,DF:DF:EE:00:00:04,-37
BLE,1705097087286764595,D3:F4:55:AB:96:20,-61
BLE,1705097087472761894,D3:F4:55:AB:96:20,-75
BLE,1705097087668961325,D3:F4:55:AB:96:20,-76
BLE,1705097087686969657,DF:DF:EE:00:00:04,-51
BLE,1705097087855780406,D3:F4:55:AB:96:20,-75
BLE,1705097088238929875,D3:F4:55:AB:96:20,-87
BLE,1705097088686134308,DF:DF:EE:00:00:04,-39
BLE,1705097088822977636,D3:F4:55:AB:96:20,-70
BLE,1705097089149003935,DF:DF:EE:00:00:04,-23
BLE,1705097089216727024,D3:F4:55:AB:96:20,-75
BLE,1705097089412968996,D3:F4:55:AB:96:20,-69
BLE,1705097089604040569,D3:F4:55:AB:96:20,-61
BLE,1705097089684050307,DF:DF:EE:00:00:04,-39
BLE,1705097089801435486,D3:F4:55:AB:96:20,-77
BLE,1705097090148731913,DF:DF:EE:00:00:04,-22
BLE,1705097090186784221,D3:F4:55:AB:96:20,-74
BLE,1705097090376152689,D3:F4:55:AB:96:20,-71
BLE,1705097090572390911,D3:F4:55:AB:96:20,-76
BLE,1705097090627792685,DF:A6:DC:DC:2E:81,-71
BLE,1705097090627818934,DF:DF:EE:00:00:01,-71
BLE,1705097090680670529,DF:DF:EE:00:00:04,-39
BLE,1705097090758003298,D3:F4:55:AB:96:20,-57
BLE,1705097090947457057,D3:F4:55:AB:96:20,-68
BLE,1705097091138935751,D3:F4:55:AB:96:20,-70
BLE,1705097091333088247,D3:F4:55:AB:96:20,-77
BLE,1705097091716394547,D3:F4:55:AB:96:20,-75
BLE,1705097091905182522,DF:A6:DC:DC:2E:81,-68
BLE,1705097091905208064,DF:DF:EE:00:00:01,-68
BLE,1705097092099113563,D3:F4:55:AB:96:20,-76
BLE,1705097092284892281,D3:F4:55:AB:96:20,-70
BLE,1705097092682020587,DF:DF:EE:00:00:04,-40
BLE,1705097093143807393,DF:DF:EE:00:00:04,-55
BLE,1705097093241339053,D3:F4:55:AB:96:20,-68
BLE,1705097094012575808,D3:F4:55:AB:96:20,-76
BLE,1705097094145498098,DF:DF:EE:00:00:04,-39
BLE,1705097094198141154,D3:F4:55:AB:96:20,-71
BLE,1705097094579190147,D3:F4:55:AB:96:20,-71
BLE,1705097094688838749,DF:DF:EE:00:00:04,-39
BLE,1705097094768768488,D3:F4:55:AB:96:20,-68
BLE,1705097095143992674,DF:DF:EE:00:00:04,-77
BLE,1705097095338160086,D3:F4:55:AB:96:20,-61
BLE,1705097095529371825,D3:F4:55:AB:96:20,-70
BLE,1705097095681948387,DF:DF:EE:00:00:04,-40
BLE,1705097095721410720,D3:F4:55:AB:96:20,-75
BLE,1705097095728413014,DF:A6:DC:DC:2E:81,-67
BLE,1705097095728439014,DF:DF:EE:00:00:01,-67
BLE,1705097095906975525,D3:F4:55:AB:96:20,-70
BLE,1705097096668986887,D3:F4:55:AB:96:20,-76
BLE,1705097096862637430,D3:F4:55:AB:96:20,-68
BLE,1705097097142113769,DF:DF:EE:00:00:04,-40
BLE,1705097097436974430,D3:F4:55:AB:96:20,-71
BLE,1705097097629566319,D3:F4:55:AB:96:20,-69
BLE,1705097097684797511,DF:DF:EE:00:00:04,-38
BLE,1705097097821114970,D3:F4:55:AB:96:20,-70
BLE,1705097098018164391,D3:F4:55:AB:96:20,-76
BLE,1705097098146737857,DF:DF:EE:00:00:04,-38
BLE,1705097098204594560,D3:F4:55:AB:96:20,-71
BLE,1705097098585119143,D3:F4:55:AB:96:20,-71
BLE,1705097098680259538,DF:DF:EE:00:00:04,-39
BLE,1705097098782980513,D3:F4:55:AB:96:20,-76
BLE,1705097098970780332,D3:F4:55:AB:96:20,-56
BLE,1705097099553529276,DF:A6:DC:DC:2E:81,-69
BLE,1705097099553575317,DF:DF:EE:00:00:01,-69
BLE,1705097099555155674,D3:F4:55:AB:96:20,-70
BLE,1705097099683233687,DF:DF:EE:00:00:04,-41
BLE,1705097099749482334,D3:F4:55:AB:96:20,-76
BLE,1705097099944513320,D3:F4:55:AB:96:20,-53
BLE,1705097100513283717,D3:F4:55:AB:96:20,-76
BLE,1705097100685730382,DF:DF:EE:00:00:04,-39
BLE,1705097100700815290,D3:F4:55:AB:96:20,-72
BLE,1705097101084778416,D3:F4:55:AB:96:20,-71
BLE,1705097101469542908,D3:F4:55:AB:96:20,-71
BLE,1705097101664527728,D3:F4:55:AB:96:20,-75
BLE,1705097102104279540,DF:A6:DC:DC:2E:81,-72
BLE,1705097102104330956,DF:DF:EE:00:00:01,-72
BLE,1705097102139616296,DF:DF:EE:00:00:04,-78
BLE,1705097103394592811,D3:F4:55:AB:96:20,-79
BLE,1705097103579665162,D3:F4:55:AB:96:20,-70
BLE,1705097104146510373,DF:DF:EE:00:00:04,-39
BLE,1705097104359058073,D3:F4:55:AB:96:20,-76
BLE,1705097104552275580,D3:F4:55:AB:96:20,-73
BLE,1705097104746161621,D3:F4:55:AB:96:20,-74
BLE,1705097104934076314,D3:F4:55:AB:96:20,-70
BLE,1705097105143344635,DF:DF:EE:00:00:04,-39
BLE,1705097105322893342,D3:F4:55:AB:96:20,-67
BLE,1705097105518945316,D3:F4:55:AB:96:20,-70
BLE,1705097105689788958,DF:DF:EE:00:00:04,-39
BLE,1705097105908511044,D3:F4:55:AB:96:20,-68
BLE,1705097105922831211,DF:A6:DC:DC:2E:81,-69
BLE,1705097105922858377,DF:DF:EE:00:00:01,-69
BLE,1705097106099429119,D3:F4:55:AB:96:20,-70
BLE,1705097106144646844,DF:DF:EE:00:00:04,-39
BLE,1705097106686302473,DF:DF:EE:00:00:04,-38
BLE,1705097106875874522,D3:F4:55:AB:96:20,-68
BLE,1705097107149702427,DF:DF:EE:00:00:04,-40
BLE,1705097107457033192,D3:F4:55:AB:96:20,-68
BLE,1705097107652606422,D3:F4:55:AB:96:20,-73
BLE,1705097107682726822,DF:DF:EE:00:00:04,-38
BLE,1705097108042966724,D3:F4:55:AB:96:20,-68
BLE,1705097108232107570,D3:F4:55:AB:96:20,-76
BLE,1705097108421978032,D3:F4:55:AB:96:20,-70
BLE,1705097108808268048,D3:F4:55:AB:96:20,-68
BLE,1705097109138867710,DF:DF:EE:00:00:04,-38
BLE,1705097109379160295,D3:F4:55:AB:96:20,-76
BLE,1705097109569084965,D3:F4:55:AB:96:20,-70
BLE,1705097109684516334,DF:DF:EE:00:00:04,-39
BLE,1705097109744716468,DF:A6:DC:DC:2E:81,-67
BLE,1705097109744748468,DF:DF:EE:00:00:01,-67
BLE,1705097109952244559,D3:F4:55:AB:96:20,-70
BLE,1705097110144296580,DF:DF:EE:00:00:04,-40
BLE,1705097110535452289,D3:F4:55:AB:96:20,-70
BLE,1705097111016611411,DF:A6:DC:DC:2E:81,-72
BLE,1705097111016670494,DF:DF:EE:00:00:01,-72
BLE,1705097111142223912,DF:DF:EE:00:00:04,-40
BLE,1705097111306015177,D3:F4:55:AB:96:20,-68
BLE,1705097111691860989,D3:F4:55:AB:96:20,-68
BLE,1705097112146448962,DF:DF:EE:00:00:04,-77
BLE,1705097112289789381,DF:A6:DC:DC:2E:81,-75
BLE,1705097112289825006,DF:DF:EE:00:00:01,-75
BLE,1705097112642119208,D3:F4:55:AB:96:20,-76
BLE,1705097112684239469,DF:DF:EE:00:00:04,-40
BLE,1705097112835170592,D3:F4:55:AB:96:20,-68
BLE,1705097113226853836,D3:F4:55:AB:96:20,-75
BLE,1705097113412477098,D3:F4:55:AB:96:20,-75
BLE,1705097113686777664,DF:DF:EE:00:00:04,-39
BLE,1705097113997292434,D3:F4:55:AB:96:20,-70
BLE,1705097114143538778,DF:DF:EE:00:00:04,-39
BLE,1705097114193042495,D3:F4:55:AB:96:20,-76
BLE,1705097114577741821,D3:F4:55:AB:96:20,-96
BLE,1705097114688673408,DF:DF:EE:00:00:04,-40
BLE,1705097114773548090,D3:F4:55:AB:96:20,-53
BLE,1705097114965491320,D3:F4:55:AB:96:20,-70
BLE,1705097115544861594,D3:F4:55:AB:96:20,-76
BLE,1705097115732552707,D3:F4:55:AB:96:20,-70
BLE,1705097115925554633,D3:F4:55:AB:96:20,-77
BLE,1705097116116296668,D3:F4:55:AB:96:20,-72
BLE,1705097117080607724,D3:F4:55:AB:96:20,-70
BLE,1705097117146836705,DF:DF:EE:00:00:04,-55
BLE,1705097117278162597,D3:F4:55:AB:96:20,-76
BLE,1705097117681873994,DF:DF:EE:00:00:04,-39
BLE,1705097118240051556,D3:F4:55:AB:96:20,-67
BLE,1705097118622251327,D3:F4:55:AB:96:20,-69
BLE,1705097118688103063,DF:DF:EE:00:00:04,-39
BLE,1705097118812550785,D3:F4:55:AB:96:20,-70
BLE,1705097119143616233,DF:DF:EE:00:00:04,-28
BLE,1705097119383680988,D3:F4:55:AB:96:20,-68
BLE,1705097119577735694,D3:F4:55:AB:96:20,-70
BLE,1705097119769343719,D3:F4:55:AB:96:20,-68
BLE,1705097120139604254,DF:DF:EE:00:00:04,-38
BLE,1705097120687798349,DF:DF:EE:00:00:04,-27
BLE,1705097121142450196,DF:DF:EE:00:00:04,-39
BLE,1705097121313627584,D3:F4:55:AB:96:20,-56
BLE,1705097121687446911,DF:DF:EE:00:00:04,-40
BLE,1705097122144617437,DF:DF:EE:00:00:04,-39
BLE,1705097122459077703,D3:F4:55:AB:96:20,-71
BLE,1705097122680216219,DF:DF:EE:00:00:04,-40
BLE,1705097123024996217,D3:F4:55:AB:96:20,-56
BLE,1705097123142878182,DF:DF:EE:00:00:04,-38
BLE,1705097123418907102,D3:F4:55:AB:96:20,-75
BLE,1705097123804126922,D3:F4:55:AB:96:20,-76
BLE,1705097124140789764,DF:DF:EE:00:00:04,-39
BLE,1705097124373427063,D3:F4:55:AB:96:20,-70
BLE,1705097125329939709,D3:F4:55:AB:96:20,-75
BLE,1705097125680177268,DF:DF:EE:00:00:04,-39
BLE,1705097126293792437,DF:A6:DC:DC:2E:81,-57
BLE,1705097126293846228,DF:DF:EE:00:00:01,-57
BLE,1705097126482263999,D3:F4:55:AB:96:20,-76
BLE,1705097126668679085,D3:F4:55:AB:96:20,-71
BLE,1705097126680292450,DF:DF:EE:00:00:04,-40
BLE,1705097127049290749,D3:F4:55:AB:96:20,-72
BLE,1705097127248218898,D3:F4:55:AB:96:20,-76
BLE,1705097127686385395,DF:DF:EE:00:00:04,-37
BLE,1705097128014559460,D3:F4:55:AB:96:20,-71
BLE,1705097128140892661,DF:DF:EE:00:00:04,-38
BLE,1705097128795881057,D3:F4:55:AB:96:20,-75
BLE,1705097129173840919,D3:F4:55:AB:96:20,-69
BLE,1705097129554800955,D3:F4:55:AB:96:20,-53
BLE,1705097130109638056,DF:A6:DC:DC:2E:81,-69
BLE,1705097130109684514,DF:DF:EE:00:00:01,-69
BLE,1705097130147175828,DF:DF:EE:00:00:04,-34
BLE,1705097130327716941,D3:F4:55:AB:96:20,-76
BLE,1705097130520807074,D3:F4:55:AB:96:20,-69
BLE,1705097130683340354,DF:DF:EE:00:00:04,-39
BLE,1705097130910292469,D3:F4:55:AB:96:20,-76
BLE,1705097131147213344,DF:DF:EE:00:00:04,-38
BLE,1705097131878133817,D3:F4:55:AB:96:20,-76
BLE,1705097132066377424,D3:F4:55:AB:96:20,-71
BLE,1705097132448885733,D3:F4:55:AB:96:20,-70
BLE,1705097132657730184,DF:A6:DC:DC:2E:81,-72
BLE,1705097132657772600,DF:DF:EE:00:00:01,-72
BLE,1705097133026394279,D3:F4:55:AB:96:20,-76
BLE,1705097133216207284,D3:F4:55:AB:96:20,-71
BLE,1705097133596389287,D3:F4:55:AB:96:20,-70
BLE,1705097133682859908,DF:DF:EE:00:00:04,-41
BLE,1705097133787192989,D3:F4:55:AB:96:20,-53
BLE,1705097133982499013,D3:F4:55:AB:96:20,-72
BLE,1705097134143431603,DF:DF:EE:00:00:04,-39
BLE,1705097134180118469,D3:F4:55:AB:96:20,-90
BLE,1705097134682670718,DF:DF:EE:00:00:04,-39
BLE,1705097135129802194,D3:F4:55:AB:96:20,-70
BLE,1705097135144466482,DF:DF:EE:00:00:04,-39
BLE,1705097135682662485,DF:DF:EE:00:00:04,-40
BLE,1705097135711086738,D3:F4:55:AB:96:20,-72
BLE,1705097136140289964,DF:DF:EE:00:00:04,-39
BLE,1705097136478148292,DF:A6:DC:DC:2E:81,-72
BLE,1705097136478190583,DF:DF:EE:00:00:01,-72
BLE,1705097136673625606,D3:F4:55:AB:96:20,-75
BLE,1705097136680157363,DF:DF:EE:00:00:04,-38
BLE,1705097137061813766,D3:F4:55:AB:96:20,-56
BLE,1705097137143567984,DF:DF:EE:00:00:04,-40
BLE,1705097137677815782,DF:DF:EE:00:00:04,-39
BLE,1705097137836492731,D3:F4:55:AB:96:20,-69
BLE,1705097138027674970,D3:F4:55:AB:96:20,-71
BLE,1705097138144784569,DF:DF:EE:00:00:04,-38
BLE,1705097138216332447,D3:F4:55:AB:96:20,-68
BLE,1705097138412686542,D3:F4:55:AB:96:20,-70
BLE,1705097138685507125,DF:DF:EE:00:00:04,-39
BLE,1705097139029355050,DF:A6:DC:DC:2E:81,-57
BLE,1705097139029400591,DF:DF:EE:00:00:01,-57
BLE,1705097139147349472,DF:DF:EE:00:00:04,-40
BLE,1705097139366759300,D3:F4:55:AB:96:20,-69
BLE,1705097139558683822,D3:F4:55:AB:96:20,-70
BLE,1705097140132649201,D3:F4:55:AB:96:20,-67
BLE,1705097140146857619,DF:DF:EE:00:00:04,-38
BLE,1705097140302883224,DF:A6:DC:DC:2E:81,-68
BLE,1705097140302924849,DF:DF:EE:00:00:01,-68
BLE,1705097140322980908,D3:F4:55:AB:96:20,-88
BLE,1705097140515353758,D3:F4:55:AB:96:20,-69
BLE,1705097140707630817,D3:F4:55:AB:96:20,-62
BLE,1705097141102079988,D3:F4:55:AB:96:20,-61
BLE,1705097141147230964,DF:DF:EE:00:00:04,-75
BLE,1705097141482217575,D3:F4:55:AB:96:20,-69
BLE,1705097141679721699,D3:F4:55:AB:96:20,-69
BLE,1705097141683133160,DF:DF:EE:00:00:04,-39
BLE,1705097142066133255,D3:F4:55:AB:96:20,-69
BLE,1705097142255393016,D3:F4:55:AB:96:20,-76
BLE,1705097142682096188,DF:DF:EE:00:00:04,-39
BLE,1705097142831504370,D3:F4:55:AB:96:20,-68
BLE,1705097142854944223,DF:A6:DC:DC:2E:81,-71
BLE,1705097142854976056,DF:DF:EE:00:00:01,-71
BLE,1705097143143026087,DF:DF:EE:00:00:04,-39
BLE,1705097143223053283,D3:F4:55:AB:96:20,-75
BLE,1705097143410159903,D3:F4:55:AB:96:20,-69
BLE,1705097143605812923,D3:F4:55:AB:96:20,-75
BLE,1705097143680436057,DF:DF:EE:00:00:04,-39
BLE,1705097143791724556,D3:F4:55:AB:96:20,-71
BLE,1705097144174789776,D3:F4:55:AB:96:20,-70
BLE,1705097144677418900,DF:DF:EE:00:00:04,-38
BLE,1705097144747765166,D3:F4:55:AB:96:20,-60
BLE,1705097144939656105,D3:F4:55:AB:96:20,-70
BLE,1705097145140323901,DF:DF:EE:00:00:04,-38
BLE,1705097145326247284,D3:F4:55:AB:96:20,-53
BLE,1705097145682434316,DF:DF:EE:00:00:04,-39
BLE,1705097145910395711,D3:F4:55:AB:96:20,-68
BLE,1705097146138378440,DF:DF:EE:00:00:04,-39
BLE,1705097146297964879,D3:F4:55:AB:96:20,-68
BLE,1705097147068818680,D3:F4:55:AB:96:20,-75
BLE,1705097147449019516,D3:F4:55:AB:96:20,-76
BLE,1705097147643276470,D3:F4:55:AB:96:20,-53
BLE,1705097147835125117,D3:F4:55:AB:96:20,-76
BLE,1705097147953265204,DF:A6:DC:DC:2E:81,-69
BLE,1705097147953302162,DF:DF:EE:00:00:01,-69
BLE,1705097148146824457,DF:DF:EE:00:00:04,-40
BLE,1705097148223135321,D3:F4:55:AB:96:20,-71
BLE,1705097148608070519,D3:F4:55:AB:96:20,-71
BLE,1705097148676243853,DF:DF:EE:00:00:04,-39
BLE,1705097148994410035,D3:F4:55:AB:96:20,-68
BLE,1705097149185113154,D3:F4:55:AB:96:20,-76
BLE,1705097149370572168,D3:F4:55:AB:96:20,-71
BLE,1705097149752196446,D3:F4:55:AB:96:20,-70
BLE,1705097149945122206,D3:F4:55:AB:96:20,-75
BLE,1705097150134221261,D3:F4:55:AB:96:20,-71
BLE,1705097150145627212,DF:DF:EE:00:00:04,-39
BLE,1705097150677606995,DF:DF:EE:00:00:04,-39
BLE,1705097150901890308,D3:F4:55:AB:96:20,-71
BLE,1705097151095877181,D3:F4:55:AB:96:20,-78
BLE,1705097151285462021,D3:F4:55:AB:96:20,-70
BLE,1705097151862106744,D3:F4:55:AB:96:20,-76
BLE,1705097152138039541,DF:DF:EE:00:00:04,-38
BLE,1705097152443122374,D3:F4:55:AB:96:20,-75
BLE,1705097152634611734,D3:F4:55:AB:96:20,-71
BLE,1705097152828342735,D3:F4:55:AB:96:20,-62
BLE,1705097153014596657,D3:F4:55:AB:96:20,-70
BLE,1705097153395618692,D3:F4:55:AB:96:20,-71
BLE,1705097153590316098,D3:F4:55:AB:96:20,-76
BLE,1705097153778324666,D3:F4:55:AB:96:20,-70
BLE,1705097154143257929,DF:DF:EE:00:00:04,-38
BLE,1705097154160653186,D3:F4:55:AB:96:20,-70
BLE,1705097154359869498,D3:F4:55:AB:96:20,-76
BLE,1705097154545847006,D3:F4:55:AB:96:20,-70
BLE,1705097154682637001,DF:DF:EE:00:00:04,-39
BLE,1705097154739375259,D3:F4:55:AB:96:20,-78
BLE,1705097154925961593,D3:F4:55:AB:96:20,-71
BLE,1705097155504320337,D3:F4:55:AB:96:20,-74
BLE,1705097155698168670,D3:F4:55:AB:96:20,-68
BLE,1705097156088469556,D3:F4:55:AB:96:20,-75
BLE,1705097156473460587,D3:F4:55:AB:96:20,-76
BLE,1705097156668476156,D3:F4:55:AB:96:20,-53
BLE,1705097156864046802,DF:A6:DC:DC:2E:81,-69
BLE,1705097156864076344,DF:DF:EE:00:00:01,-69
BLE,1705097157148691748,DF:DF:EE:00:00:04,-41
BLE,1705097157243329149,D3:F4:55:AB:96:20,-56
BLE,1705097157626461993,D3:F4:55:AB:96:20,-70
BLE,1705097157816479871,D3:F4:55:AB:96:20,-67
BLE,1705097158009298841,D3:F4:55:AB:96:20,-73
BLE,1705097158140052156,DF:DF:EE:00:00:04,-39
BLE,1705097158392060731,D3:F4:55:AB:96:20,-70
BLE,1705097158588143038,D3:F4:55:AB:96:20,-81
BLE,1705097158684326463,DF:DF:EE:00:00:04,-38
BLE,1705097158778250373,D3:F4:55:AB:96:20,-70
BLE,1705097158969235322,D3:F4:55:AB:96:20,-75
BLE,1705097159160809556,D3:F4:55:AB:96:20,-70
BLE,1705097159358336013,D3:F4:55:AB:96:20,-71
BLE,1705097159406596745,DF:A6:DC:DC:2E:81,-69
BLE,1705097159406624286,DF:DF:EE:00:00:01,-69
BLE,1705097159554502528,D3:F4:55:AB:96:20,-75
BLE,1705097159684813473,DF:DF:EE:00:00:04,-31
BLE,1705097159740694616,D3:F4:55:AB:96:20,-72
BLE,1705097159933271756,D3:F4:55:AB:96:20,-69
BLE,1705097160678072110,DF:DF:EE:00:00:04,-40
BLE,1705097160912479513,D3:F4:55:AB:96:20,-56
BLE,1705097161105885351,D3:F4:55:AB:96:20,-81
BLE,1705097161488168455,D3:F4:55:AB:96:20,-75
BLE,1705097161675898651,DF:DF:EE:00:00:04,-39
BLE,1705097161953999256,DF:A6:DC:DC:2E:81,-72
BLE,1705097161954031464,DF:DF:EE:00:00:01,-72
BLE,1705097162070597361,D3:F4:55:AB:96:20,-68
BLE,1705097162137900204,DF:DF:EE:00:00:04,-39
BLE,1705097162264532943,D3:F4:55:AB:96:20,-57
BLE,1705097162648562401,D3:F4:55:AB:96:20,-70
BLE,1705097162683138958,DF:DF:EE:00:00:04,-40
BLE,1705097162839317228,D3:F4:55:AB:96:20,-76
BLE,1705097163025895729,D3:F4:55:AB:96:20,-71
BLE,1705097163141671843,DF:DF:EE:00:00:04,-39
BLE,1705097163222473655,D3:F4:55:AB:96:20,-75
BLE,1705097163415724787,D3:F4:55:AB:96:20,-69
BLE,1705097163605611791,D3:F4:55:AB:96:20,-76
BLE,1705097163986769366,D3:F4:55:AB:96:20,-75
BLE,1705097164140046962,DF:DF:EE:00:00:04,-38
BLE,1705097164172891747,D3:F4:55:AB:96:20,-71
BLE,1705097164368511893,D3:F4:55:AB:96:20,-75
BLE,1705097164556057549,D3:F4:55:AB:96:20,-56
BLE,1705097164680386272,DF:DF:EE:00:00:04,-39
BLE,1705097164754604453,D3:F4:55:AB:96:20,-61
BLE,1705097164949113278,D3:F4:55:AB:96:20,-69
BLE,1705097165140503223,DF:DF:EE:00:00:04,-23
BLE,1705097165333319068,D3:F4:55:AB:96:20,-67
BLE,1705097165773362126,DF:A6:DC:DC:2E:81,-70
BLE,1705097165773404125,DF:DF:EE:00:00:01,-70
BLE,1705097166139582958,DF:DF:EE:00:00:04,-40
BLE,1705097166292023147,D3:F4:55:AB:96:20,-71
BLE,1705097166484610036,D3:F4:55:AB:96:20,-76
BLE,1705097166670935290,D3:F4:55:AB:96:20,-84
BLE,1705097166867480675,D3:F4:55:AB:96:20,-77
BLE,1705097167139631349,DF:DF:EE:00:00:04,-40
BLE,1705097167639462463,D3:F4:55:AB:96:20,-70
BLE,1705097167683705407,DF:DF:EE:00:00:04,-38
BLE,1705097168137824177,DF:DF:EE:00:00:04,-38
BLE,1705097168601089591,D3:F4:55:AB:96:20,-75
BLE,1705097168677189291,DF:DF:EE:00:00:04,-39
BLE,1705097168786775394,D3:F4:55:AB:96:20,-71
BLE,1705097168983502943,D3:F4:55:AB:96:20,-75
BLE,1705097169144300618,DF:DF:EE:00:00:04,-40
BLE,1705097169366403290,D3:F4:55:AB:96:20,-76
BLE,1705097169600464781,DF:A6:DC:DC:2E:81,-68
BLE,1705097169600506656,DF:DF:EE:00:00:01,-68
BLE,1705097170336797400,D3:F4:55:AB:96:20,-75
BLE,1705097170680096331,DF:DF:EE:00:00:04,-38
BLE,1705097170722404423,D3:F4:55:AB:96:20,-70
BLE,1705097170916127550,D3:F4:55:AB:96:20,-76
BLE,1705097171299925677,D3:F4:55:AB:96:20,-76
BLE,1705097171686306150,DF:DF:EE:00:00:04,-40
BLE,1705097171884638598,D3:F4:55:AB:96:20,-76
BLE,1705097172071824550,D3:F4:55:AB:96:20,-71
BLE,1705097172140860665,DF:A6:DC:DC:2E:81,-67
BLE,1705097172140894415,DF:DF:EE:00:00:01,-67
BLE,1705097172265887339,D3:F4:55:AB:96:20,-76
BLE,1705097172456564917,D3:F4:55:AB:96:20,-69
BLE,1705097172646536753,D3:F4:55:AB:96:20,-68
BLE,1705097172841149202,D3:F4:55:AB:96:20,-70
BLE,1705097173419106326,D3:F4:55:AB:96:20,-76
BLE,1705097173996783703,D3:F4:55:AB:96:20,-69
BLE,1705097174142436846,DF:DF:EE:00:00:04,-39
BLE,1705097174187400449,D3:F4:55:AB:96:20,-56
BLE,1705097174382170813,D3:F4:55:AB:96:20,-76
BLE,1705097174569963091,D3:F4:55:AB:96:20,-71
BLE,1705097174760724418,D3:F4:55:AB:96:20,-68
BLE,1705097175681102776,DF:DF:EE:00:00:04,-39
BLE,1705097175710792848,D3:F4:55:AB:96:20,-76
BLE,1705097176477373490,D3:F4:55:AB:96:20,-75
BLE,1705097176665725804,D3:F4:55:AB:96:20,-70
BLE,1705097176677392377,DF:DF:EE:00:00:04,-39
BLE,1705097177248840618,D3:F4:55:AB:96:20,-70
BLE,1705097177631110805,D3:F4:55:AB:96:20,-70
BLE,1705097177682881246,DF:DF:EE:00:00:04,-39
BLE,1705097177825932293,D3:F4:55:AB:96:20,-75
BLE,1705097178015614966,D3:F4:55:AB:96:20,-71
BLE,1705097178142135539,DF:DF:EE:00:00:04,-39
BLE,1705097178410000055,D3:F4:55:AB:96:20,-61
BLE,1705097178507457090,DF:A6:DC:DC:2E:81,-69
BLE,1705097178507506006,DF:DF:EE:00:00:01,-69
BLE,1705097178598896570,D3:F4:55:AB:96:20,-57
BLE,1705097178683171883,DF:DF:EE:00:00:04,-39
BLE,1705097178988211801,D3:F4:55:AB:96:20,-68
BLE,1705097179369958036,D3:F4:55:AB:96:20,-68
BLE,1705097179561414896,D3:F4:55:AB:96:20,-75
BLE,1705097179684077847,DF:DF:EE:00:00:04,-39
BLE,1705097179753702039,D3:F4:55:AB:96:20,-68
BLE,1705097180516331894,D3:F4:55:AB:96:20,-68
BLE,1705097180706312689,D3:F4:55:AB:96:20,-76
BLE,1705097180892648109,D3:F4:55:AB:96:20,-70
BLE,1705097181052615794,DF:A6:DC:DC:2E:81,-68
BLE,1705097181052665085,DF:DF:EE:00:00:01,-68
BLE,1705097181089555990,D3:F4:55:AB:96:20,-76
BLE,1705097181140127611,DF:DF:EE:00:00:04,-38
BLE,1705097181664570356,D3:F4:55:AB:96:20,-68
BLE,1705097181682384566,DF:DF:EE:00:00:04,-55
BLE,1705097182051659029,D3:F4:55:AB:96:20,-68
BLE,1705097182053192970,D3:F4:55:AB:96:20,-77
BLE,1705097182243842132,D3:F4:55:AB:96:20,-70
BLE,1705097182441496129,D3:F4:55:AB:96:20,-75
BLE,1705097182629539238,D3:F4:55:AB:96:20,-57
BLE,1705097182686354745,DF:DF:EE:00:00:04,-40
BLE,1705097182821179388,D3:F4:55:AB:96:20,-94
BLE,1705097183141819957,DF:DF:EE:00:00:04,-38
BLE,1705097183596260557,DF:A6:DC:DC:2E:81,-67
BLE,1705097183596330723,DF:DF:EE:00:00:01,-67
BLE,1705097183679208010,DF:DF:EE:00:00:04,-41
BLE,1705097183970011593,D3:F4:55:AB:96:20,-76
BLE,1705097184742883704,D3:F4:55:AB:96:20,-71
BLE,1705097184873754102,DF:A6:DC:DC:2E:81,-69
BLE,1705097184873789726,DF:DF:EE:00:00:01,-69
BLE,1705097185121164146,D3:F4:55:AB:96:20,-70
BLE,1705097185320312376,D3:F4:55:AB:96:20,-76
BLE,1705097185511863277,D3:F4:55:AB:96:20,-58
BLE,1705097185678299137,DF:DF:EE:00:00:04,-39
BLE,1705097185894893122,D3:F4:55:AB:96:20,-69
BLE,1705097186084633545,D3:F4:55:AB:96:20,-76
BLE,1705097186271334419,D3:F4:55:AB:96:20,-70
BLE,1705097186460891468,D3:F4:55:AB:96:20,-68
BLE,1705097186651492797,D3:F4:55:AB:96:20,-71
BLE,1705097186684279292,DF:DF:EE:00:00:04,-39
BLE,1705097186850079409,D3:F4:55:AB:96:20,-75
BLE,1705097187036297289,D3:F4:55:AB:96:20,-70
BLE,1705097187141643816,DF:DF:EE:00:00:04,-39
BLE,1705097187428791607,D3:F4:55:AB:96:20,-67
BLE,1705097187622927270,D3:F4:55:AB:96:20,-70
BLE,1705097187682510704,DF:DF:EE:00:00:04,-39
BLE,1705097187813282811,D3:F4:55:AB:96:20,-76
BLE,1705097188002636779,D3:F4:55:AB:96:20,-70
BLE,1705097188136874887,DF:DF:EE:00:00:04,-39
BLE,1705097188382050333,D3:F4:55:AB:96:20,-76
BLE,1705097188575090883,D3:F4:55:AB:96:20,-68
BLE,1705097188678491850,DF:DF:EE:00:00:04,-39
BLE,1705097188768026685,D3:F4:55:AB:96:20,-70
BLE,1705097188964994066,D3:F4:55:AB:96:20,-75
BLE,1705097189146338085,DF:DF:EE:00:00:04,-45
BLE,1705097189152602054,D3:F4:55:AB:96:20,-57
BLE,1705097189679668352,DF:DF:EE:00:00:04,-39
BLE,1705097189923582271,D3:F4:55:AB:96:20,-69
BLE,1705097190307334899,D3:F4:55:AB:96:20,-68
BLE,1705097190880889199,D3:F4:55:AB:96:20,-70
BLE,1705097191078771027,D3:F4:55:AB:96:20,-77
BLE,1705097191146112787,DF:DF:EE:00:00:04,-39
BLE,1705097191245591966,DF:A6:DC:DC:2E:81,-67
BLE,1705097191245624048,DF:DF:EE:00:00:01,-67
BLE,1705097191461456085,D3:F4:55:AB:96:20,-77
BLE,1705097191676701461,DF:DF:EE:00:00:04,-39
BLE,1705097191846067536,D3:F4:55:AB:96:20,-76
BLE,1705097192137230365,DF:DF:EE:00:00:04,-39
BLE,1705097192225650880,D3:F4:55:AB:96:20,-77
BLE,1705097192413351701,D3:F4:55:AB:96:20,-71
BLE,1705097192607199701,D3:F4:55:AB:96:20,-61
BLE,1705097192681192550,DF:DF:EE:00:00:04,-29
BLE,1705097192793481288,D3:F4:55:AB:96:20,-70
BLE,1705097193140202971,DF:DF:EE:00:00:04,-39
BLE,1705097193375138452,D3:F4:55:AB:96:20,-76
BLE,1705097193683103586,DF:DF:EE:00:00:04,-39
BLE,1705097193758122256,D3:F4:55:AB:96:20,-75
BLE,1705097193944053348,D3:F4:55:AB:96:20,-72
BLE,1705097194141641054,D3:F4:55:AB:96:20,-61
BLE,1705097194331529641,D3:F4:55:AB:96:20,-58
BLE,1705097194523552746,D3:F4:55:AB:96:20,-75
BLE,1705097194711152609,D3:F4:55:AB:96:20,-90
BLE,1705097195066305820,DF:A6:DC:DC:2E:81,-67
BLE,1705097195066368236,DF:DF:EE:00:00:01,-67
BLE,1705097195091739316,D3:F4:55:AB:96:20,-71
BLE,1705097195286429806,D3:F4:55:AB:96:20,-76
BLE,1705097195472985516,D3:F4:55:AB:96:20,-70
BLE,1705097195668573953,D3:F4:55:AB:96:20,-76
BLE,1705097195682849038,DF:DF:EE:00:00:04,-39
BLE,1705097195855117079,D3:F4:55:AB:96:20,-70
BLE,1705097196436455331,D3:F4:55:AB:96:20,-75
BLE,1705097196623539284,D3:F4:55:AB:96:20,-70
BLE,1705097196680164085,DF:DF:EE:00:00:04,-39
BLE,1705097196817622573,D3:F4:55:AB:96:20,-76
BLE,1705097197005683806,D3:F4:55:AB:96:20,-71
BLE,1705097197137807189,DF:DF:EE:00:00:04,-38
BLE,1705097197201701822,D3:F4:55:AB:96:20,-75
BLE,1705097197396034733,D3:F4:55:AB:96:20,-68
BLE,1705097197590222020,D3:F4:55:AB:96:20,-71
BLE,1705097197684077806,DF:DF:EE:00:00:04,-39
BLE,1705097198143686054,DF:DF:EE:00:00:04,-40
BLE,1705097198172688509,D3:F4:55:AB:96:20,-71
BLE,1705097198365966015,D3:F4:55:AB:96:20,-76
BLE,1705097198684061989,DF:DF:EE:00:00:04,-39
BLE,1705097198743121720,D3:F4:55:AB:96:20,-68
BLE,1705097198937706669,D3:F4:55:AB:96:20,-70
BLE,1705097199128918658,D3:F4:55:AB:96:20,-68
BLE,1705097199137180979,DF:DF:EE:00:00:04,-40
BLE,1705097199514510598,D3:F4:55:AB:96:20,-75
BLE,1705097199701343929,D3:F4:55:AB:96:20,-70
BLE,1705097199897189322,D3:F4:55:AB:96:20,-61
BLE,1705097200085524219,D3:F4:55:AB:96:20,-57
BLE,1705097200281504486,D3:F4:55:AB:96:20,-77
BLE,1705097200471163493,D3:F4:55:AB:96:20,-70
BLE,1705097200662052777,D3:F4:55:AB:96:20,-76
BLE,1705097200851476369,D3:F4:55:AB:96:20,-71
BLE,1705097201239344617,D3:F4:55:AB:96:20,-68
BLE,1705097201616900650,D3:F4:55:AB:96:20,-72
BLE,1705097201681783397,DF:DF:EE:00:00:04,-38
BLE,1705097202141519060,DF:DF:EE:00:00:04,-37
BLE,1705097202195475434,D3:F4:55:AB:96:20,-66
BLE,1705097202678724824,DF:DF:EE:00:00:04,-39
BLE,1705097202778184253,D3:F4:55:AB:96:20,-75
BLE,1705097202969351450,D3:F4:55:AB:96:20,-70
BLE,1705097203140907083,DF:DF:EE:00:00:04,-41
BLE,1705097203164863930,D3:F4:55:AB:96:20,-61
BLE,1705097203356763578,D3:F4:55:AB:96:20,-68
BLE,1705097203545736676,D3:F4:55:AB:96:20,-75
BLE,1705097203680339155,DF:DF:EE:00:00:04,-40
BLE,1705097203738059568,D3:F4:55:AB:96:20,-67
BLE,1705097204121952195,D3:F4:55:AB:96:20,-69
BLE,1705097204139383659,DF:DF:EE:00:00:04,-38
BLE,1705097204503858553,D3:F4:55:AB:96:20,-68
BLE,1705097204673729081,DF:DF:EE:00:00:04,-38
BLE,1705097204696298986,D3:F4:55:AB:96:20,-87
BLE,1705097205136670790,DF:DF:EE:00:00:04,-39
BLE,1705097205263248696,DF:A6:DC:DC:2E:81,-70
BLE,1705097205263262237,DF:DF:EE:00:00:01,-70
BLE,1705097205276844329,D3:F4:55:AB:96:20,-75
BLE,1705097205463050293,D3:F4:55:AB:96:20,-70
BLE,1705097205652864714,D3:F4:55:AB:96:20,-69
BLE,1705097205679038577,DF:DF:EE:00:00:04,-39
BLE,1705097205846798588,D3:F4:55:AB:96:20,-70
BLE,1705097206037066962,D3:F4:55:AB:96:20,-69
BLE,1705097206232379487,D3:F4:55:AB:96:20,-71
BLE,1705097206429385116,D3:F4:55:AB:96:20,-57
BLE,1705097206542096600,DF:A6:DC:DC:2E:81,-69
BLE,1705097206542125266,DF:DF:EE:00:00:01,-69
BLE,1705097206618331131,D3:F4:55:AB:96:20,-67
BLE,1705097206678036355,DF:DF:EE:00:00:04,-38
BLE,1705097206997553021,D3:F4:55:AB:96:20,-70
BLE,1705097207139387541,DF:DF:EE:00:00:04,-39
BLE,1705097207189161005,D3:F4:55:AB:96:20,-92
BLE,1705097207382775090,D3:F4:55:AB:96:20,-69
BLE,1705097207577393289,D3:F4:55:AB:96:20,-70
BLE,1705097207678961652,DF:DF:EE:00:00:04,-38
BLE,1705097207772710522,D3:F4:55:AB:96:20,-76
BLE,1705097207960248428,D3:F4:55:AB:96:20,-70
BLE,1705097208156807605,D3:F4:55:AB:96:20,-76
BLE,1705097208732674045,D3:F4:55:AB:96:20,-68
BLE,1705097208921839724,D3:F4:55:AB:96:20,-92
BLE,1705097209134218467,DF:DF:EE:00:00:04,-38
BLE,1705097209302789718,D3:F4:55:AB:96:20,-75
BLE,1705097209499036565,D3:F4:55:AB:96:20,-69
BLE,1705097209682581434,DF:DF:EE:00:00:04,-39
BLE,1705097209692743066,D3:F4:55:AB:96:20,-71
BLE,1705097209892751078,D3:F4:55:AB:96:20,-76
BLE,1705097210079467452,D3:F4:55:AB:96:20,-70
BLE,1705097210141617355,DF:DF:EE:00:00:04,-39
BLE,1705097210269871533,D3:F4:55:AB:96:20,-75
BLE,1705097210460946981,D3:F4:55:AB:96:20,-56
BLE,1705097210655913218,D3:F4:55:AB:96:20,-76
BLE,1705097210849772051,D3:F4:55:AB:96:20,-67
BLE,1705097211039504432,D3:F4:55:AB:96:20,-76
BLE,1705097211140330803,DF:DF:EE:00:00:04,-39
BLE,1705097211236325314,D3:F4:55:AB:96:20,-76
BLE,1705097211428061421,D3:F4:55:AB:96:20,-70
BLE,1705097211624841053,D3:F4:55:AB:96:20,-75
BLE,1705097211650208426,DF:A6:DC:DC:2E:81,-67
BLE,1705097211650254842,DF:DF:EE:00:00:01,-67
BLE,1705097211821711101,D3:F4:55:AB:96:20,-75
BLE,1705097212009636211,D3:F4:55:AB:96:20,-72
BLE,1705097212139301956,DF:DF:EE:00:00:04,-39
BLE,1705097212201143488,D3:F4:55:AB:96:20,-58
BLE,1705097212396076642,D3:F4:55:AB:96:20,-70
BLE,1705097212587228590,D3:F4:55:AB:96:20,-76
BLE,1705097212774656664,D3:F4:55:AB:96:20,-88
BLE,1705097212972997195,D3:F4:55:AB:96:20,-76
BLE,1705097213162688742,D3:F4:55:AB:96:20,-71
BLE,1705097213354991802,D3:F4:55:AB:96:20,-76
BLE,1705097213542326044,D3:F4:55:AB:96:20,-71
BLE,1705097213735220304,D3:F4:55:AB:96:20,-75
BLE,1705097213923175581,D3:F4:55:AB:96:20,-89
BLE,1705097214113346040,D3:F4:55:AB:96:20,-58
BLE,1705097214141254758,DF:DF:EE:00:00:04,-40
BLE,1705097214196803113,DF:A6:DC:DC:2E:81,-82
BLE,1705097214196819612,DF:DF:EE:00:00:01,-82
BLE,1705097214304296906,D3:F4:55:AB:96:20,-71
BLE,1705097214499307643,D3:F4:55:AB:96:20,-61
BLE,1705097214684017415,DF:DF:EE:00:00:04,-56
BLE,1705097214691392871,D3:F4:55:AB:96:20,-83
BLE,1705097214881649787,D3:F4:55:AB:96:20,-75
BLE,1705097215070754967,D3:F4:55:AB:96:20,-71
BLE,1705097215141538145,DF:DF:EE:00:00:04,-39
BLE,1705097215264487635,D3:F4:55:AB:96:20,-76
BLE,1705097215453180903,D3:F4:55:AB:96:20,-71
BLE,1705097215649496790,D3:F4:55:AB:96:20,-75
BLE,1705097215838843259,D3:F4:55:AB:96:20,-70
BLE,1705097216029172799,D3:F4:55:AB:96:20,-76
BLE,1705097216141899991,DF:DF:EE:00:00:04,-51
BLE,1705097216224787154,D3:F4:55:AB:96:20,-67
BLE,1705097216603653089,D3:F4:55:AB:96:20,-70
BLE,1705097216685393556,DF:DF:EE:00:00:04,-51
BLE,1705097216796993011,D3:F4:55:AB:96:20,-76
BLE,1705097216984704498,D3:F4:55:AB:96:20,-70
BLE,1705097217136403446,DF:DF:EE:00:00:04,-39
BLE,1705097217182404370,D3:F4:55:AB:96:20,-61
BLE,1705097217373947230,D3:F4:55:AB:96:20,-69
BLE,1705097217569170672,D3:F4:55:AB:96:20,-70
BLE,1705097217760135080,D3:F4:55:AB:96:20,-68
BLE,1705097217956982670,D3:F4:55:AB:96:20,-68
BLE,1705097218142004230,DF:DF:EE:00:00:04,-37
BLE,1705097218146860466,D3:F4:55:AB:96:20,-76
BLE,1705097218336885135,D3:F4:55:AB:96:20,-70
BLE,1705097218677118685,DF:DF:EE:00:00:04,-39
BLE,1705097218725769745,D3:F4:55:AB:96:20,-67
BLE,1705097219138935199,DF:DF:EE:00:00:04,-39
BLE,1705097219297323860,D3:F4:55:AB:96:20,-76
BLE,1705097219494826651,D3:F4:55:AB:96:20,-76
BLE,1705097219683870373,D3:F4:55:AB:96:20,-70
BLE,1705097220066078061,D3:F4:55:AB:96:20,-70
BLE,1705097220135012594,DF:DF:EE:00:00:04,-22
BLE,1705097220259423441,D3:F4:55:AB:96:20,-61
BLE,1705097220646500448,D3:F4:55:AB:96:20,-75
BLE,1705097220683124439,DF:DF:EE:00:00:04,-39
BLE,1705097221027121529,D3:F4:55:AB:96:20,-76
BLE,1705097221412466556,D3:F4:55:AB:96:20,-75
BLE,1705097221605041612,D3:F4:55:AB:96:20,-67
BLE,1705097221681659597,DF:DF:EE:00:00:04,-39
BLE,1705097221794971574,D3:F4:55:AB:96:20,-76
BLE,1705097221847063219,DF:A6:DC:DC:2E:81,-68
BLE,1705097221847072594,DF:DF:EE:00:00:01,-68
BLE,1705097221981451451,D3:F4:55:AB:96:20,-70
BLE,1705097222135615578,DF:DF:EE:00:00:04,-50
BLE,1705097222374758135,D3:F4:55:AB:96:20,-76
BLE,1705097222674687486,DF:DF:EE:00:00:04,-50
BLE,1705097222945564342,D3:F4:55:AB:96:20,-70
BLE,1705097223135628302,D3:F4:55:AB:96:20,-68
BLE,1705097223144068329,DF:DF:EE:00:00:04,-39
BLE,1705097223676661313,DF:DF:EE:00:00:04,-39
BLE,1705097223900115344,D3:F4:55:AB:96:20,-69
BLE,1705097224094332464,D3:F4:55:AB:96:20,-70
BLE,1705097224139646313,DF:DF:EE:00:00:04,-38
BLE,1705097224291170846,D3:F4:55:AB:96:20,-75
BLE,1705097224869284260,D3:F4:55:AB:96:20,-68
BLE,1705097225065494607,D3:F4:55:AB:96:20,-71
BLE,1705097225066814092,D3:F4:55:AB:96:20,-68
BLE,1705097225139289833,DF:DF:EE:00:00:04,-39
BLE,1705097225256131394,D3:F4:55:AB:96:20,-92
BLE,1705097225442466897,D3:F4:55:AB:96:20,-70
BLE,1705097225671112910,DF:A6:DC:DC:2E:81,-68
BLE,1705097225671164201,DF:DF:EE:00:00:01,-68
BLE,1705097225674942407,DF:DF:EE:00:00:04,-52
BLE,1705097225827503886,D3:F4:55:AB:96:20,-70
BLE,1705097226139510305,DF:DF:EE:00:00:04,-38
BLE,1705097226207899262,D3:F4:55:AB:96:20,-70
BLE,1705097226787207036,D3:F4:55:AB:96:20,-88
BLE,1705097227144078644,DF:DF:EE:00:00:04,-40
BLE,1705097227176629391,D3:F4:55:AB:96:20,-70
BLE,1705097227682221230,DF:DF:EE:00:00:04,-39
BLE,1705097227748635042,D3:F4:55:AB:96:20,-68
BLE,1705097228136110044,DF:DF:EE:00:00:04,-39
BLE,1705097229094376711,D3:F4:55:AB:96:20,-58
BLE,1705097229136661387,DF:DF:EE:00:00:04,-39
BLE,1705097229481731340,D3:F4:55:AB:96:20,-68
BLE,1705097229677046614,D3:F4:55:AB:96:20,-70
BLE,1705097230070998082,D3:F4:55:AB:96:20,-76
BLE,1705097230135127004,DF:DF:EE:00:00:04,-39
BLE,1705097230136725278,DF:DF:EE:00:00:04,-39
BLE,1705097230267302803,D3:F4:55:AB:96:20,-68
BLE,1705097230456743563,D3:F4:55:AB:96:20,-76
BLE,1705097230675299109,DF:DF:EE:00:00:04,-39
BLE,1705097230676778633,DF:DF:EE:00:00:04,-39
BLE,1705097230761854104,DF:A6:DC:DC:2E:81,-72
BLE,1705097230761882062,DF:DF:EE:00:00:01,-72
BLE,1705097231417559784,D3:F4:55:AB:96:20,-68
BLE,1705097231608007823,D3:F4:55:AB:96:20,-70
BLE,1705097231807067887,D3:F4:55:AB:96:20,-77
BLE,1705097232038690073,DF:A6:DC:DC:2E:81,-67
BLE,1705097232038725281,DF:DF:EE:00:00:01,-67
BLE,1705097232144149849,DF:DF:EE:00:00:04,-40
BLE,1705097232674628441,DF:DF:EE:00:00:04,-39
BLE,1705097232763908654,D3:F4:55:AB:96:20,-58
BLE,1705097233340308379,D3:F4:55:AB:96:20,-56
BLE,1705097233677357550,DF:DF:EE:00:00:04,-38
BLE,1705097233724823707,D3:F4:55:AB:96:20,-70
BLE,1705097234138553405,DF:DF:EE:00:00:04,-39
BLE,1705097234307711316,D3:F4:55:AB:96:20,-70
BLE,1705097234590046122,DF:A6:DC:DC:2E:81,-71
BLE,1705097234590105663,DF:DF:EE:00:00:01,-71
BLE,1705097234679909745,DF:DF:EE:00:00:04,-38
BLE,1705097234886179850,D3:F4:55:AB:96:20,-76
BLE,1705097235460060147,D3:F4:55:AB:96:20,-70
BLE,1705097235652793701,D3:F4:55:AB:96:20,-74
BLE,1705097235677539997,DF:DF:EE:00:00:04,-40
BLE,1705097236033268117,D3:F4:55:AB:96:20,-75
BLE,1705097236138696852,DF:DF:EE:00:00:04,-38
BLE,1705097236223780114,D3:F4:55:AB:96:20,-56
BLE,1705097236610952953,D3:F4:55:AB:96:20,-68
BLE,1705097236801378034,D3:F4:55:AB:96:20,-76
BLE,1705097236992370400,D3:F4:55:AB:96:20,-68
BLE,1705097237181903700,D3:F4:55:AB:96:20,-76
BLE,1705097237568144674,D3:F4:55:AB:96:20,-76
BLE,1705097237676415751,DF:DF:EE:00:00:04,-42
BLE,1705097238143226957,DF:DF:EE:00:00:04,-39
BLE,1705097238332274512,D3:F4:55:AB:96:20,-77
BLE,1705097238678118164,DF:DF:EE:00:00:04,-38
BLE,1705097239100000516,D3:F4:55:AB:96:20,-71
BLE,1705097239136907463,DF:DF:EE:00:00:04,-39
BLE,1705097239295634620,D3:F4:55:AB:96:20,-76
BLE,1705097239685729050,D3:F4:55:AB:96:20,-71
BLE,1705097239874539442,D3:F4:55:AB:96:20,-58
BLE,1705097240138839873,DF:DF:EE:00:00:04,-38
BLE,1705097240680817582,DF:DF:EE:00:00:04,-38
BLE,1705097240837633011,D3:F4:55:AB:96:20,-70
BLE,1705097241032313501,D3:F4:55:AB:96:20,-76
BLE,1705097241144433408,DF:DF:EE:00:00:04,-40
BLE,1705097241218772712,D3:F4:55:AB:96:20,-70
BLE,1705097241415128640,D3:F4:55:AB:96:20,-76
BLE,1705097241801340990,D3:F4:55:AB:96:20,-84
BLE,1705097241995152365,D3:F4:55:AB:96:20,-100
BLE,1705097242138806948,DF:DF:EE:00:00:04,-38
BLE,1705097242677652984,DF:DF:EE:00:00:04,-23
BLE,1705097242767809437,D3:F4:55:AB:96:20,-71
BLE,1705097242962569635,D3:F4:55:AB:96:20,-75
BLE,1705097243545228871,D3:F4:55:AB:96:20,-69
BLE,1705097243932492375,D3:F4:55:AB:96:20,-76
BLE,1705097244137139291,DF:DF:EE:00:00:04,-40
BLE,1705097244508432856,D3:F4:55:AB:96:20,-58
BLE,1705097244673822853,DF:DF:EE:00:00:04,-40
BLE,1705097244703984836,D3:F4:55:AB:96:20,-70
BLE,1705097245096361489,D3:F4:55:AB:96:20,-68
BLE,1705097245145058757,DF:DF:EE:00:00:04,-51
BLE,1705097245476013915,D3:F4:55:AB:96:20,-68
BLE,1705097245675135228,DF:DF:EE:00:00:04,-22
BLE,1705097246140690116,DF:DF:EE:00:00:04,-40
BLE,1705097246232716089,D3:F4:55:AB:96:20,-70
BLE,1705097246618175489,D3:F4:55:AB:96:20,-71
BLE,1705097246677381344,DF:DF:EE:00:00:04,-39
BLE,1705097246813013561,D3:F4:55:AB:96:20,-61
BLE,1705097246999053943,D3:F4:55:AB:96:20,-71
BLE,1705097247133564881,DF:DF:EE:00:00:04,-39
BLE,1705097247196565608,D3:F4:55:AB:96:20,-77
BLE,1705097247318016240,DF:A6:DC:DC:2E:81,-69
BLE,1705097247318081656,DF:DF:EE:00:00:01,-69
BLE,1705097247677094071,DF:DF:EE:00:00:04,-38
BLE,1705097247771594683,D3:F4:55:AB:96:20,-69
BLE,1705097248140062030,DF:DF:EE:00:00:04,-39
BLE,1705097248159796926,D3:F4:55:AB:96:20,-65
BLE,1705097248348712816,D3:F4:55:AB:96:20,-70
BLE,1705097248546284231,D3:F4:55:AB:96:20,-75
BLE,1705097248595771657,DF:A6:DC:DC:2E:81,-70
BLE,1705097248595807156,DF:DF:EE:00:00:01,-70
BLE,1705097248677581374,DF:DF:EE:00:00:04,-52
BLE,1705097248732680192,D3:F4:55:AB:96:20,-86
BLE,1705097248930577353,D3:F4:55:AB:96:20,-75
BLE,1705097249135397476,DF:DF:EE:00:00:04,-38
BLE,1705097249312982706,D3:F4:55:AB:96:20,-75
BLE,1705097249499304001,D3:F4:55:AB:96:20,-56
BLE,1705097249680771686,DF:DF:EE:00:00:04,-39
BLE,1705097249694900355,D3:F4:55:AB:96:20,-76
BLE,1705097249888076363,D3:F4:55:AB:96:20,-67
BLE,1705097250137713382,DF:DF:EE:00:00:04,-39
BLE,1705097250462411946,D3:F4:55:AB:96:20,-70
BLE,1705097250655515662,D3:F4:55:AB:96:20,-67
BLE,1705097250852234837,D3:F4:55:AB:96:20,-58
BLE,1705097251043345243,D3:F4:55:AB:96:20,-77
BLE,1705097251146555545,DF:A6:DC:DC:2E:81,-73
BLE,1705097251146568045,DF:DF:EE:00:00:01,-73
BLE,1705097251430344917,D3:F4:55:AB:96:20,-70
BLE,1705097251623415384,D3:F4:55:AB:96:20,-68
BLE,1705097251681071173,DF:DF:EE:00:00:04,-38
BLE,1705097251813975714,D3:F4:55:AB:96:20,-70
BLE,1705097252206724071,D3:F4:55:AB:96:20,-68
BLE,1705097252682182010,DF:DF:EE:00:00:04,-37
BLE,1705097252785646767,D3:F4:55:AB:96:20,-71
BLE,1705097252976920672,D3:F4:55:AB:96:20,-76
BLE,1705097253135005378,DF:DF:EE:00:00:04,-39
BLE,1705097253367215558,D3:F4:55:AB:96:20,-71
BLE,1705097253953116131,D3:F4:55:AB:96:20,-71
BLE,1705097254134212779,DF:DF:EE:00:00:04,-39
BLE,1705097254343618306,D3:F4:55:AB:96:20,-70
BLE,1705097254534862711,D3:F4:55:AB:96:20,-70
BLE,1705097254680094858,DF:DF:EE:00:00:04,-39
BLE,1705097254962979116,DF:A6:DC:DC:2E:81,-69
BLE,1705097254963017116,DF:DF:EE:00:00:01,-69
BLE,1705097255121451568,D3:F4:55:AB:96:20,-71
BLE,1705097255136915722,DF:DF:EE:00:00:04,-39
BLE,1705097255320557507,D3:F4:55:AB:96:20,-76
BLE,1705097255676639373,DF:DF:EE:00:00:04,-39
BLE,1705097256138415012,DF:DF:EE:00:00:04,-38
BLE,1705097256140060327,DF:DF:EE:00:00:04,-39
BLE,1705097256233301202,DF:A6:DC:DC:2E:81,-72
BLE,1705097256233378368,DF:DF:EE:00:00:01,-72
BLE,1705097256472951087,D3:F4:55:AB:96:20,-71
BLE,1705097257050063804,D3:F4:55:AB:96:20,-76
BLE,1705097257139362309,DF:DF:EE:00:00:04,-51
BLE,1705097257235746482,D3:F4:55:AB:96:20,-70
BLE,1705097257432963026,D3:F4:55:AB:96:20,-77
BLE,1705097257626208449,D3:F4:55:AB:96:20,-59
BLE,1705097257674125060,DF:DF:EE:00:00:04,-39
BLE,1705097257816984859,D3:F4:55:AB:96:20,-75
BLE,1705097258397644035,D3:F4:55:AB:96:20,-76
BLE,1705097258588998689,D3:F4:55:AB:96:20,-69
BLE,1705097258784073424,D3:F4:55:AB:96:20,-76
BLE,1705097258971361042,D3:F4:55:AB:96:20,-71
BLE,1705097259136578666,DF:DF:EE:00:00:04,-38
BLE,1705097259167056603,D3:F4:55:AB:96:20,-76
BLE,1705097259681922251,DF:DF:EE:00:00:04,-40
BLE,1705097259742517840,D3:F4:55:AB:96:20,-67
BLE,1705097260126496799,D3:F4:55:AB:96:20,-68
BLE,1705097260320722127,D3:F4:55:AB:96:20,-56
BLE,1705097260510177345,D3:F4:55:AB:96:20,-67
BLE,1705097260702998023,D3:F4:55:AB:96:20,-71
BLE,1705097260892376616,D3:F4:55:AB:96:20,-68
BLE,1705097261461806172,D3:F4:55:AB:96:20,-76
BLE,1705097261656817617,D3:F4:55:AB:96:20,-68
BLE,1705097261683391225,DF:DF:EE:00:00:04,-40
BLE,1705097261851710646,D3:F4:55:AB:96:20,-70
BLE,1705097262045984432,D3:F4:55:AB:96:20,-76
BLE,1705097262134828484,DF:DF:EE:00:00:04,-40
BLE,1705097262240606381,D3:F4:55:AB:96:20,-69
BLE,1705097262434716795,D3:F4:55:AB:96:20,-70
BLE,1705097263014214651,D3:F4:55:AB:96:20,-76
BLE,1705097263142068625,DF:DF:EE:00:00:04,-39
BLE,1705097263201711058,D3:F4:55:AB:96:20,-70
BLE,1705097263584313116,D3:F4:55:AB:96:20,-72
BLE,1705097263776675133,D3:F4:55:AB:96:20,-75
BLE,1705097264158901696,D3:F4:55:AB:96:20,-76
BLE,1705097264352833903,D3:F4:55:AB:96:20,-68
BLE,1705097264675236452,DF:DF:EE:00:00:04,-53
BLE,1705097264743730448,D3:F4:55:AB:96:20,-75
BLE,1705097265137394378,DF:DF:EE:00:00:04,-38
BLE,1705097265314662529,D3:F4:55:AB:96:20,-71
BLE,1705097265508235407,D3:F4:55:AB:96:20,-76
BLE,1705097266134224765,DF:DF:EE:00:00:04,-39
BLE,1705097266277540142,D3:F4:55:AB:96:20,-76
BLE,1705097266464807594,D3:F4:55:AB:96:20,-72
BLE,1705097266656661616,D3:F4:55:AB:96:20,-75
BLE,1705097266845557507,D3:F4:55:AB:96:20,-70
BLE,1705097267034373690,D3:F4:55:AB:96:20,-67
BLE,1705097267140386876,DF:DF:EE:00:00:04,-38
BLE,1705097267409726124,D3:F4:55:AB:96:20,-57
BLE,1705097267605251396,D3:F4:55:AB:96:20,-75
BLE,1705097267673140608,DF:DF:EE:00:00:04,-23
BLE,1705097267793616084,D3:F4:55:AB:96:20,-69
BLE,1705097268137124138,DF:DF:EE:00:00:04,-39
BLE,1705097268570138153,D3:F4:55:AB:96:20,-76
BLE,1705097268674535691,DF:DF:EE:00:00:04,-50
BLE,1705097268756571281,D3:F4:55:AB:96:20,-70
BLE,1705097268945740668,D3:F4:55:AB:96:20,-67
BLE,1705097268962124353,DF:A6:DC:DC:2E:81,-69
BLE,1705097268962145977,DF:DF:EE:00:00:01,-69
BLE,1705097269138898676,D3:F4:55:AB:96:20,-70
BLE,1705097269140533865,DF:DF:EE:00:00:04,-38
BLE,1705097269329729460,D3:F4:55:AB:96:20,-68
BLE,1705097269675048493,DF:DF:EE:00:00:04,-39
BLE,1705097269713355340,D3:F4:55:AB:96:20,-68
BLE,1705097269906966843,D3:F4:55:AB:96:20,-71
BLE,1705097270143247225,DF:DF:EE:00:00:04,-39
BLE,1705097270288895200,D3:F4:55:AB:96:20,-70
BLE,1705097270485602292,D3:F4:55:AB:96:20,-61
BLE,1705097270671814464,DF:DF:EE:00:00:04,-38
BLE,1705097270874626359,D3:F4:55:AB:96:20,-70
BLE,1705097271134717256,DF:DF:EE:00:00:04,-40
BLE,1705097271254878737,D3:F4:55:AB:96:20,-70
BLE,1705097271447813788,D3:F4:55:AB:96:20,-76
BLE,1705097271674793153,DF:DF:EE:00:00:04,-39
BLE,1705097271826847597,D3:F4:55:AB:96:20,-68
BLE,1705097272015240743,D3:F4:55:AB:96:20,-93
BLE,1705097272131460310,DF:DF:EE:00:00:04,-39
BLE,1705097272206984850,D3:F4:55:AB:96:20,-69
BLE,1705097272401466468,D3:F4:55:AB:96:20,-87
BLE,1705097272972753627,D3:F4:55:AB:96:20,-68
BLE,1705097273137069387,DF:DF:EE:00:00:04,-40
BLE,1705097273347283321,D3:F4:55:AB:96:20,-72
BLE,1705097273545099316,D3:F4:55:AB:96:20,-76
BLE,1705097273741039917,D3:F4:55:AB:96:20,-68
BLE,1705097274118445869,D3:F4:55:AB:96:20,-67
BLE,1705097274136151163,DF:DF:EE:00:00:04,-38
BLE,1705097274309532109,D3:F4:55:AB:96:20,-77
BLE,1705097274497660383,D3:F4:55:AB:96:20,-71
BLE,1705097274679147193,DF:DF:EE:00:00:04,-39
BLE,1705097274680559552,DF:DF:EE:00:00:04,-39
BLE,1705097275078590098,D3:F4:55:AB:96:20,-71
BLE,1705097275275670977,D3:F4:55:AB:96:20,-77
BLE,1705097275470813836,D3:F4:55:AB:96:20,-58
BLE,1705097275665925738,D3:F4:55:AB:96:20,-88
BLE,1705097275682726126,DF:DF:EE:00:00:04,-39
BLE,1705097275859172328,D3:F4:55:AB:96:20,-75
BLE,1705097276135862282,DF:DF:EE:00:00:04,-38
BLE,1705097276440301332,D3:F4:55:AB:96:20,-67
BLE,1705097276598530661,DF:A6:DC:DC:2E:81,-71
BLE,1705097276598576786,DF:DF:EE:00:00:01,-71
BLE,1705097276673311210,DF:DF:EE:00:00:04,-39
BLE,1705097276827810166,D3:F4:55:AB:96:20,-69
BLE,1705097277021594833,D3:F4:55:AB:96:20,-67
BLE,1705097277213727353,D3:F4:55:AB:96:20,-76
BLE,1705097277407245607,D3:F4:55:AB:96:20,-68
BLE,1705097277673881553,DF:DF:EE:00:00:04,-39
BLE,1705097277869569073,DF:A6:DC:DC:2E:81,-84
BLE,1705097277869627531,DF:DF:EE:00:00:01,-84
BLE,1705097278178301364,D3:F4:55:AB:96:20,-76
BLE,1705097278373449723,D3:F4:55:AB:96:20,-68
BLE,1705097278566078654,D3:F4:55:AB:96:20,-87
BLE,1705097278950948603,D3:F4:55:AB:96:20,-70
BLE,1705097279332039720,D3:F4:55:AB:96:20,-70
BLE,1705097279524125449,D3:F4:55:AB:96:20,-69
BLE,1705097279676134601,DF:DF:EE:00:00:04,-39
BLE,1705097279714566030,D3:F4:55:AB:96:20,-71
BLE,1705097280135853431,DF:DF:EE:00:00:04,-39
BLE,1705097280413041255,DF:A6:DC:DC:2E:81,-70
BLE,1705097280413089962,DF:DF:EE:00:00:01,-70
BLE,1705097280677495976,D3:F4:55:AB:96:20,-77
BLE,1705097280864111685,D3:F4:55:AB:96:20,-70
BLE,1705097281141788045,DF:DF:EE:00:00:04,-39
BLE,1705097281247083739,D3:F4:55:AB:96:20,-70
BLE,1705097281631599400,D3:F4:55:AB:96:20,-56
BLE,1705097281672075930,DF:DF:EE:00:00:04,-39
BLE,1705097281824443495,D3:F4:55:AB:96:20,-75
BLE,1705097282013787380,D3:F4:55:AB:96:20,-72
BLE,1705097282138494891,DF:DF:EE:00:00:04,-40
BLE,1705097282205979816,D3:F4:55:AB:96:20,-77
BLE,1705097282395315409,D3:F4:55:AB:96:20,-70
BLE,1705097282588630374,D3:F4:55:AB:96:20,-65
BLE,1705097282678960367,DF:DF:EE:00:00:04,-39
BLE,1705097282953547721,DF:A6:DC:DC:2E:81,-70
BLE,1705097282953611762,DF:DF:EE:00:00:01,-70
BLE,1705097282977647899,D3:F4:55:AB:96:20,-84
BLE,1705097283167418279,D3:F4:55:AB:96:20,-68
BLE,1705097283549181889,D3:F4:55:AB:96:20,-67
BLE,1705097283742652393,D3:F4:55:AB:96:20,-70
BLE,1705097284127484093,D3:F4:55:AB:96:20,-70
BLE,1705097284321893294,D3:F4:55:AB:96:20,-76
BLE,1705097284509932361,D3:F4:55:AB:96:20,-70
BLE,1705097284679442477,DF:DF:EE:00:00:04,-39
BLE,1705097284704496228,D3:F4:55:AB:96:20,-75
BLE,1705097284890975979,D3:F4:55:AB:96:20,-70
BLE,1705097285135858220,DF:DF:EE:00:00:04,-39
BLE,1705097285274833440,D3:F4:55:AB:96:20,-70
BLE,1705097285495878707,DF:A6:DC:DC:2E:81,-69
BLE,1705097285496014372,DF:DF:EE:00:00:01,-69
BLE,1705097285669069905,D3:F4:55:AB:96:20,-75
BLE,1705097285677376475,DF:DF:EE:00:00:04,-39
BLE,1705097285860020647,D3:F4:55:AB:96:20,-71
BLE,1705097286056131162,D3:F4:55:AB:96:20,-75
BLE,1705097286135192577,DF:DF:EE:00:00:04,-39
BLE,1705097286241786465,D3:F4:55:AB:96:20,-70
BLE,1705097286434964556,D3:F4:55:AB:96:20,-76
BLE,1705097286626126086,D3:F4:55:AB:96:20,-70
BLE,1705097286671106356,DF:DF:EE:00:00:04,-39
BLE,1705097286768090063,DF:A6:DC:DC:2E:81,-71
BLE,1705097286768128063,DF:DF:EE:00:00:01,-71
BLE,1705097287015601815,D3:F4:55:AB:96:20,-58
BLE,1705097287206132187,D3:F4:55:AB:96:20,-71
BLE,1705097287397325009,D3:F4:55:AB:96:20,-68
BLE,1705097287591066885,D3:F4:55:AB:96:20,-70
BLE,1705097287673643343,DF:DF:EE:00:00:04,-40
BLE,1705097287786203244,D3:F4:55:AB:96:20,-75
BLE,1705097287976485285,D3:F4:55:AB:96:20,-70
BLE,1705097288167019240,D3:F4:55:AB:96:20,-91
BLE,1705097288553628877,D3:F4:55:AB:96:20,-75
BLE,1705097288673629276,DF:DF:EE:00:00:04,-38
BLE,1705097288934747703,D3:F4:55:AB:96:20,-61
BLE,1705097289134908004,DF:DF:EE:00:00:04,-39
BLE,1705097289676275344,DF:DF:EE:00:00:04,-29
BLE,1705097289901552396,D3:F4:55:AB:96:20,-61
BLE,1705097290090324954,D3:F4:55:AB:96:20,-72
BLE,1705097290140337874,DF:DF:EE:00:00:04,-38
BLE,1705097290283215715,D3:F4:55:AB:96:20,-78
BLE,1705097290473897543,D3:F4:55:AB:96:20,-87
BLE,1705097290666347892,D3:F4:55:AB:96:20,-61
BLE,1705097290675784700,DF:DF:EE:00:00:04,-39
BLE,1705097290860463472,D3:F4:55:AB:96:20,-68
BLE,1705097291676268210,DF:DF:EE:00:00:04,-39
BLE,1705097292014969195,D3:F4:55:AB:96:20,-75
BLE,1705097292398692740,D3:F4:55:AB:96:20,-75
BLE,1705097292676924969,DF:DF:EE:00:00:04,-39
BLE,1705097293169928496,D3:F4:55:AB:96:20,-70
BLE,1705097293360992861,D3:F4:55:AB:96:20,-69
BLE,1705097293556646215,D3:F4:55:AB:96:20,-70
BLE,1705097293558162197,D3:F4:55:AB:96:20,-58
BLE,1705097294332645998,D3:F4:55:AB:96:20,-75
BLE,1705097294526587830,D3:F4:55:AB:96:20,-68
BLE,1705097294717337990,D3:F4:55:AB:96:20,-76
BLE,1705097294908274982,D3:F4:55:AB:96:20,-68
BLE,1705097295101054661,D3:F4:55:AB:96:20,-76
BLE,1705097295131679305,DF:DF:EE:00:00:04,-38
BLE,1705097295288596192,D3:F4:55:AB:96:20,-71
BLE,1705097295867252016,D3:F4:55:AB:96:20,-77
BLE,1705097296134188709,DF:DF:EE:00:00:04,-24
BLE,1705097296441492642,D3:F4:55:AB:96:20,-68
BLE,1705097296676115335,DF:DF:EE:00:00:04,-52
BLE,1705097296819211632,D3:F4:55:AB:96:20,-70
BLE,1705097297132391579,DF:DF:EE:00:00:04,-38
BLE,1705097297213809093,D3:F4:55:AB:96:20,-76
BLE,1705097297399159649,D3:F4:55:AB:96:20,-70
BLE,1705097297679582977,DF:DF:EE:00:00:04,-40
BLE,1705097297784766589,D3:F4:55:AB:96:20,-71
BLE,1705097298174304151,D3:F4:55:AB:96:20,-67
BLE,1705097298368839601,D3:F4:55:AB:96:20,-71
BLE,1705097298673753894,DF:DF:EE:00:00:04,-51
BLE,1705097298759351859,D3:F4:55:AB:96:20,-67
BLE,1705097299130548050,DF:DF:EE:00:00:04,-12
BLE,1705097299138439083,D3:F4:55:AB:96:20,-68
BLE,1705097299720400161,D3:F4:55:AB:96:20,-70
BLE,1705097300103317965,D3:F4:55:AB:96:20,-70
BLE,1705097300136460581,DF:DF:EE:00:00:04,-39
BLE,1705097300296080561,D3:F4:55:AB:96:20,-76
BLE,1705097300483999546,D3:F4:55:AB:96:20,-71
BLE,1705097300678398789,D3:F4:55:AB:96:20,-75
BLE,1705097300681493837,DF:DF:EE:00:00:04,-40
BLE,1705097300872423745,D3:F4:55:AB:96:20,-68
BLE,1705097301136410806,DF:DF:EE:00:00:04,-45
BLE,1705097301679404127,DF:DF:EE:00:00:04,-38
BLE,1705097301841879408,D3:F4:55:AB:96:20,-67
BLE,1705097302031006671,D3:F4:55:AB:96:20,-76
BLE,1705097302228851166,D3:F4:55:AB:96:20,-76
BLE,1705097302681088957,DF:DF:EE:00:00:04,-39
BLE,1705097302802839252,D3:F4:55:AB:96:20,-70
BLE,1705097302995361892,D3:F4:55:AB:96:20,-75
BLE,1705097303133274833,DF:DF:EE:00:00:04,-40
BLE,1705097303181241943,D3:F4:55:AB:96:20,-70
BLE,1705097303380552629,D3:F4:55:AB:96:20,-78
BLE,1705097303572960395,D3:F4:55:AB:96:20,-67
BLE,1705097303766626022,D3:F4:55:AB:96:20,-70
BLE,1705097303959352285,D3:F4:55:AB:96:20,-69
BLE,1705097304140943885,DF:DF:EE:00:00:04,-39
BLE,1705097304587563450,DF:A6:DC:DC:2E:81,-72
BLE,1705097304587601158,DF:DF:EE:00:00:01,-72
BLE,1705097304678946265,DF:DF:EE:00:00:04,-39
BLE,1705097304930725883,D3:F4:55:AB:96:20,-78
BLE,1705097305125281583,D3:F4:55:AB:96:20,-68
BLE,1705097305133075118,DF:DF:EE:00:00:04,-39
BLE,1705097305701934139,D3:F4:55:AB:96:20,-70
BLE,1705097305897314912,D3:F4:55:AB:96:20,-76
BLE,1705097306276205514,D3:F4:55:AB:96:20,-67
BLE,1705097306468842528,D3:F4:55:AB:96:20,-70
BLE,1705097306679832078,DF:DF:EE:00:00:04,-38
BLE,1705097306851835957,D3:F4:55:AB:96:20,-70
BLE,1705097307049420538,D3:F4:55:AB:96:20,-76
BLE,1705097307136852065,DF:DF:EE:00:00:04,-24
BLE,1705097307247164951,D3:F4:55:AB:96:20,-75
BLE,1705097307672209725,DF:DF:EE:00:00:04,-39
BLE,1705097307823898839,D3:F4:55:AB:96:20,-68
BLE,1705097308018252499,D3:F4:55:AB:96:20,-71
BLE,1705097308135222641,DF:DF:EE:00:00:04,-39
BLE,1705097308672214533,DF:DF:EE:00:00:04,-38
BLE,1705097308965513461,D3:F4:55:AB:96:20,-70
BLE,1705097309133415762,DF:DF:EE:00:00:04,-39
BLE,1705097309164832439,D3:F4:55:AB:96:20,-76
BLE,1705097309350909570,D3:F4:55:AB:96:20,-70
BLE,1705097309542818343,D3:F4:55:AB:96:20,-80
BLE,1705097309732373350,D3:F4:55:AB:96:20,-71
BLE,1705097309930055347,D3:F4:55:AB:96:20,-75
BLE,1705097310124670880,D3:F4:55:AB:96:20,-69
BLE,1705097310135549128,DF:DF:EE:00:00:04,-38
BLE,1705097310314024140,D3:F4:55:AB:96:20,-92
BLE,1705097310678111205,DF:DF:EE:00:00:04,-38
BLE,1705097310694095061,D3:F4:55:AB:96:20,-76
BLE,1705097310884746973,D3:F4:55:AB:96:20,-67
BLE,1705097311073858444,D3:F4:55:AB:96:20,-77
BLE,1705097311131562566,DF:DF:EE:00:00:04,-37
BLE,1705097311268203230,D3:F4:55:AB:96:20,-67
BLE,1705097311675094048,DF:DF:EE:00:00:04,-39
BLE,1705097312229886191,DF:A6:DC:DC:2E:81,-54
BLE,1705097312229923398,DF:DF:EE:00:00:01,-54
BLE,1705097312418731207,D3:F4:55:AB:96:20,-69
BLE,1705097312610474272,D3:F4:55:AB:96:20,-70
BLE,1705097312678885520,DF:DF:EE:00:00:04,-39
BLE,1705097312806311541,D3:F4:55:AB:96:20,-75
BLE,1705097312994701187,D3:F4:55:AB:96:20,-70
BLE,1705097313188398188,D3:F4:55:AB:96:20,-61
BLE,1705097313579373191,D3:F4:55:AB:96:20,-71
BLE,1705097313775465498,D3:F4:55:AB:96:20,-61
BLE,1705097313962973988,D3:F4:55:AB:96:20,-72
BLE,1705097314343678110,D3:F4:55:AB:96:20,-71
BLE,1705097314536206750,D3:F4:55:AB:96:20,-75
BLE,1705097314673014495,DF:DF:EE:00:00:04,-40
BLE,1705097314727150534,D3:F4:55:AB:96:20,-57
BLE,1705097314773619203,DF:A6:DC:DC:2E:81,-69
BLE,1705097314773634452,DF:DF:EE:00:00:01,-69
BLE,1705097314920613413,D3:F4:55:AB:96:20,-76
BLE,1705097315116679053,D3:F4:55:AB:96:20,-68
BLE,1705097315136612030,DF:DF:EE:00:00:04,-39
BLE,1705097315505677829,D3:F4:55:AB:96:20,-61
BLE,1705097315672745723,DF:DF:EE:00:00:04,-38
BLE,1705097315691173509,D3:F4:55:AB:96:20,-70
BLE,1705097315884567722,D3:F4:55:AB:96:20,-68
BLE,1705097316135704015,DF:DF:EE:00:00:04,-40
BLE,1705097316261431014,D3:F4:55:AB:96:20,-68
BLE,1705097317035622027,D3:F4:55:AB:96:20,-61
BLE,1705097317422498244,D3:F4:55:AB:96:20,-76
BLE,1705097317615525628,D3:F4:55:AB:96:20,-69
BLE,1705097317808274557,D3:F4:55:AB:96:20,-56
BLE,1705097318141221817,DF:DF:EE:00:00:04,-39
BLE,1705097318190575202,D3:F4:55:AB:96:20,-71
BLE,1705097318573069470,D3:F4:55:AB:96:20,-56
BLE,1705097318680551139,DF:DF:EE:00:00:04,-40
BLE,1705097318962579449,D3:F4:55:AB:96:20,-70
BLE,1705097319135724439,DF:DF:EE:00:00:04,-38
BLE,1705097319353436286,D3:F4:55:AB:96:20,-76
BLE,1705097319540508031,D3:F4:55:AB:96:20,-70
BLE,1705097319736820211,D3:F4:55:AB:96:20,-76
BLE,1705097319931225121,D3:F4:55:AB:96:20,-67
BLE,1705097320120877836,D3:F4:55:AB:96:20,-76
BLE,1705097320507603388,D3:F4:55:AB:96:20,-70
BLE,1705097320680100052,DF:DF:EE:00:00:04,-39
BLE,1705097320701674218,D3:F4:55:AB:96:20,-76
BLE,1705097320888735630,D3:F4:55:AB:96:20,-70
BLE,1705097321079531998,D3:F4:55:AB:96:20,-68
BLE,1705097321138914351,DF:DF:EE:00:00:04,-24
BLE,1705097321656658674,D3:F4:55:AB:96:20,-70
BLE,1705097321674289802,DF:DF:EE:00:00:04,-40
BLE,1705097321850706254,D3:F4:55:AB:96:20,-76
BLE,1705097322036426723,D3:F4:55:AB:96:20,-70
BLE,1705097322424951338,D3:F4:55:AB:96:20,-84
BLE,1705097322677106786,DF:DF:EE:00:00:04,-37
BLE,1705097322820844784,D3:F4:55:AB:96:20,-77
BLE,1705097323006640919,D3:F4:55:AB:96:20,-87
BLE,1705097323136442328,DF:DF:EE:00:00:04,-39
BLE,1705097323203384885,D3:F4:55:AB:96:20,-76
BLE,1705097323391931613,D3:F4:55:AB:96:20,-71
BLE,1705097323676588641,DF:DF:EE:00:00:04,-39
BLE,1705097323784463139,D3:F4:55:AB:96:20,-91
BLE,1705097323977701771,D3:F4:55:AB:96:20,-70
BLE,1705097323979007089,D3:F4:55:AB:96:20,-67
BLE,1705097324136745216,DF:DF:EE:00:00:04,-39
BLE,1705097324168258767,D3:F4:55:AB:96:20,-76
BLE,1705097324359828710,D3:F4:55:AB:96:20,-72
BLE,1705097324677298441,DF:DF:EE:00:00:04,-39
BLE,1705097324961417434,DF:A6:DC:DC:2E:81,-69
BLE,1705097324961449392,DF:DF:EE:00:00:01,-69
BLE,1705097325321660294,D3:F4:55:AB:96:20,-70
BLE,1705097325679336100,DF:DF:EE:00:00:04,-40
BLE,1705097325708329764,D3:F4:55:AB:96:20,-70
BLE,1705097326098332403,D3:F4:55:AB:96:20,-69
BLE,1705097326286882256,D3:F4:55:AB:96:20,-76
BLE,1705097326667821958,D3:F4:55:AB:96:20,-75
BLE,1705097326675728783,DF:DF:EE:00:00:04,-38
BLE,1705097327059162707,D3:F4:55:AB:96:20,-89
BLE,1705097327130840042,DF:DF:EE:00:00:04,-37
BLE,1705097327254960309,D3:F4:55:AB:96:20,-75
BLE,1705097327505161821,DF:A6:DC:DC:2E:81,-84
BLE,1705097327505180821,DF:DF:EE:00:00:01,-84
BLE,1705097327680772658,DF:DF:EE:00:00:04,-51
BLE,1705097328226004661,D3:F4:55:AB:96:20,-70
BLE,1705097328617772613,D3:F4:55:AB:96:20,-58
BLE,1705097328810638833,D3:F4:55:AB:96:20,-70
BLE,1705097329191584161,D3:F4:55:AB:96:20,-70
BLE,1705097329387209640,D3:F4:55:AB:96:20,-75
BLE,1705097329574538090,D3:F4:55:AB:96:20,-56
BLE,1705097329674638011,DF:DF:EE:00:00:04,-37
BLE,1705097329772059755,D3:F4:55:AB:96:20,-76
BLE,1705097330350733038,D3:F4:55:AB:96:20,-69
BLE,1705097330673326001,DF:DF:EE:00:00:04,-40
BLE,1705097330741092339,D3:F4:55:AB:96:20,-76
BLE,1705097331311834214,D3:F4:55:AB:96:20,-70
BLE,1705097331503175826,D3:F4:55:AB:96:20,-76
BLE,1705097331677109557,DF:DF:EE:00:00:04,-39
BLE,1705097331694119526,D3:F4:55:AB:96:20,-70
BLE,1705097332133308177,DF:DF:EE:00:00:04,-39
BLE,1705097332673280742,DF:DF:EE:00:00:04,-57
BLE,1705097333132042333,DF:DF:EE:00:00:04,-39
BLE,1705097333235342009,D3:F4:55:AB:96:20,-93
BLE,1705097333427435029,D3:F4:55:AB:96:20,-70
BLE,1705097334006863678,D3:F4:55:AB:96:20,-56
BLE,1705097334136835877,DF:DF:EE:00:00:04,-56
BLE,1705097334391475004,D3:F4:55:AB:96:20,-70
BLE,1705097334679783532,DF:DF:EE:00:00:04,-40
BLE,1705097335136973017,DF:DF:EE:00:00:04,-39
BLE,1705097335367270468,D3:F4:55:AB:96:20,-68
BLE,1705097335677263411,DF:DF:EE:00:00:04,-39
BLE,1705097335750828557,D3:F4:55:AB:96:20,-69
BLE,1705097336138547431,DF:DF:EE:00:00:04,-40
BLE,1705097336513374913,D3:F4:55:AB:96:20,-67
BLE,1705097336671756866,DF:DF:EE:00:00:04,-39
BLE,1705097337084960236,D3:F4:55:AB:96:20,-76
BLE,1705097337275515399,D3:F4:55:AB:96:20,-72
BLE,1705097337657548423,D3:F4:55:AB:96:20,-70
BLE,1705097337698705278,DF:A6:DC:DC:2E:81,-53
BLE,1705097337698737528,DF:DF:EE:00:00:01,-53
BLE,1705097338043765481,D3:F4:55:AB:96:20,-68
BLE,1705097338140965477,DF:DF:EE:00:00:04,-39
BLE,1705097338237265484,D3:F4:55:AB:96:20,-70
BLE,1705097338434745858,D3:F4:55:AB:96:20,-76
BLE,1705097338629750928,D3:F4:55:AB:96:20,-54
BLE,1705097338676985588,DF:DF:EE:00:00:04,-50
BLE,1705097338818919857,D3:F4:55:AB:96:20,-75
BLE,1705097339013170060,D3:F4:55:AB:96:20,-67
BLE,1705097339132759547,DF:DF:EE:00:00:04,-40
BLE,1705097339202201574,D3:F4:55:AB:96:20,-76
BLE,1705097339389231986,D3:F4:55:AB:96:20,-57
BLE,1705097339581119384,D3:F4:55:AB:96:20,-76
BLE,1705097339771455674,D3:F4:55:AB:96:20,-70
BLE,1705097339963473029,D3:F4:55:AB:96:20,-76
BLE,1705097340151855800,D3:F4:55:AB:96:20,-72
BLE,1705097340345661842,D3:F4:55:AB:96:20,-76
BLE,1705097340531736973,D3:F4:55:AB:96:20,-70
BLE,1705097340676999495,DF:DF:EE:00:00:04,-38
BLE,1705097341138169558,DF:DF:EE:00:00:04,-39
BLE,1705097341294284246,D3:F4:55:AB:96:20,-75
BLE,1705097341672152276,DF:DF:EE:00:00:04,-40
BLE,1705097341683915806,D3:F4:55:AB:96:20,-88
BLE,1705097341876026076,D3:F4:55:AB:96:20,-61
BLE,1705097342064929883,D3:F4:55:AB:96:20,-71
BLE,1705097342132676222,DF:DF:EE:00:00:04,-38
BLE,1705097342449416711,D3:F4:55:AB:96:20,-70
BLE,1705097342672721911,DF:DF:EE:00:00:04,-39
BLE,1705097342842512898,D3:F4:55:AB:96:20,-61
BLE,1705097343031923657,D3:F4:55:AB:96:20,-70
BLE,1705097343139793155,DF:DF:EE:00:00:04,-40
BLE,1705097343230566935,D3:F4:55:AB:96:20,-76
BLE,1705097343999664006,D3:F4:55:AB:96:20,-70
BLE,1705097344132687754,DF:DF:EE:00:00:04,-38
BLE,1705097344192319728,D3:F4:55:AB:96:20,-75
BLE,1705097344384593205,D3:F4:55:AB:96:20,-71
BLE,1705097344778292718,D3:F4:55:AB:96:20,-61
BLE,1705097344968328636,D3:F4:55:AB:96:20,-70
BLE,1705097345132391982,DF:DF:EE:00:00:04,-39
BLE,1705097345157598814,D3:F4:55:AB:96:20,-58
BLE,1705097345352333179,D3:F4:55:AB:96:20,-70
BLE,1705097345544805361,D3:F4:55:AB:96:20,-76
BLE,1705097345671332809,DF:DF:EE:00:00:04,-39
BLE,1705097345927550876,D3:F4:55:AB:96:20,-75
BLE,1705097346114926451,D3:F4:55:AB:96:20,-70
BLE,1705097346132094543,DF:DF:EE:00:00:04,-39
BLE,1705097346309704273,D3:F4:55:AB:96:20,-77
BLE,1705097346495097704,D3:F4:55:AB:96:20,-71
BLE,1705097346689632612,D3:F4:55:AB:96:20,-76
BLE,1705097347130577744,DF:DF:EE:00:00:04,-38
BLE,1705097347132186850,DF:DF:EE:00:00:04,-39
BLE,1705097347256431783,D3:F4:55:AB:96:20,-75
BLE,1705097347673220111,DF:DF:EE:00:00:04,-39
BLE,1705097347826920035,D3:F4:55:AB:96:20,-71
BLE,1705097348019833170,D3:F4:55:AB:96:20,-76
BLE,1705097348137712719,DF:DF:EE:00:00:04,-38
BLE,1705097348674776692,DF:DF:EE:00:00:04,-40
BLE,1705097349135127223,DF:DF:EE:00:00:04,-38
BLE,1705097349157467130,DF:A6:DC:DC:2E:81,-71
BLE,1705097349157502547,DF:DF:EE:00:00:01,-71
BLE,1705097349169542532,D3:F4:55:AB:96:20,-77
BLE,1705097349362785955,D3:F4:55:AB:96:20,-67
BLE,1705097349673296476,DF:DF:EE:00:00:04,-39
BLE,1705097349748346813,D3:F4:55:AB:96:20,-69
BLE,1705097349937320702,D3:F4:55:AB:96:20,-70
BLE,1705097350133472050,DF:DF:EE:00:00:04,-39
BLE,1705097350135548109,D3:F4:55:AB:96:20,-76
BLE,1705097350434218101,DF:A6:DC:DC:2E:81,-68
BLE,1705097350434285016,DF:DF:EE:00:00:01,-68
BLE,1705097350522736781,D3:F4:55:AB:96:20,-70
BLE,1705097350675695672,DF:DF:EE:00:00:04,-39
BLE,1705097350721941927,D3:F4:55:AB:96:20,-76
BLE,1705097351101695185,D3:F4:55:AB:96:20,-75
BLE,1705097351290024291,D3:F4:55:AB:96:20,-83
BLE,1705097351484183453,D3:F4:55:AB:96:20,-76
BLE,1705097351669874548,DF:DF:EE:00:00:04,-39
BLE,1705097351869799060,D3:F4:55:AB:96:20,-76
BLE,1705097352056196438,D3:F4:55:AB:96:20,-88
BLE,1705097352249633817,D3:F4:55:AB:96:20,-76
BLE,1705097352443619441,D3:F4:55:AB:96:20,-58
BLE,1705097352677897179,DF:DF:EE:00:00:04,-40
BLE,1705097352829047466,D3:F4:55:AB:96:20,-70
BLE,1705097353023670540,D3:F4:55:AB:96:20,-89
BLE,1705097353136517188,DF:DF:EE:00:00:04,-39
BLE,1705097353417649883,D3:F4:55:AB:96:20,-76
BLE,1705097353608668832,D3:F4:55:AB:96:20,-70
BLE,1705097353801566343,D3:F4:55:AB:96:20,-76
BLE,1705097353991239933,D3:F4:55:AB:96:20,-71
BLE,1705097354135194095,DF:DF:EE:00:00:04,-38
BLE,1705097354384825280,D3:F4:55:AB:96:20,-75
BLE,1705097354577434378,D3:F4:55:AB:96:20,-71
BLE,1705097354678762410,DF:DF:EE:00:00:04,-39
BLE,1705097354767906708,D3:F4:55:AB:96:20,-76
BLE,1705097355130323918,DF:DF:EE:00:00:04,-40
BLE,1705097355150901304,D3:F4:55:AB:96:20,-77
BLE,1705097355728579639,D3:F4:55:AB:96:20,-68
BLE,1705097355923894539,D3:F4:55:AB:96:20,-71
BLE,1705097356308118370,D3:F4:55:AB:96:20,-70
BLE,1705097356699144331,D3:F4:55:AB:96:20,-58
BLE,1705097356892406462,D3:F4:55:AB:96:20,-72
BLE,1705097357131325272,DF:DF:EE:00:00:04,-39
BLE,1705097357477557336,D3:F4:55:AB:96:20,-70
BLE,1705097358257171744,D3:F4:55:AB:96:20,-76
BLE,1705097358446771251,D3:F4:55:AB:96:20,-71
BLE,1705097358640972913,D3:F4:55:AB:96:20,-75
BLE,1705097358828355946,D3:F4:55:AB:96:20,-71
BLE,1705097359135508256,DF:DF:EE:00:00:04,-40
BLE,1705097359351521956,DF:A6:DC:DC:2E:81,-71
BLE,1705097359351561039,DF:DF:EE:00:00:01,-71
BLE,1705097359591178758,D3:F4:55:AB:96:20,-70
BLE,1705097359673882964,DF:DF:EE:00:00:04,-40
BLE,1705097359790257238,D3:F4:55:AB:96:20,-77
BLE,1705097359984445484,D3:F4:55:AB:96:20,-67
BLE,1705097360135418523,DF:DF:EE:00:00:04,-39
BLE,1705097360173441540,D3:F4:55:AB:96:20,-95
BLE,1705097360674569514,DF:DF:EE:00:00:04,-39
BLE,1705097360747829372,D3:F4:55:AB:96:20,-68
BLE,1705097360938071205,D3:F4:55:AB:96:20,-76
BLE,1705097361129077363,DF:DF:EE:00:00:04,-39
BLE,1705097361322838988,D3:F4:55:AB:96:20,-70
BLE,1705097361514005019,D3:F4:55:AB:96:20,-68
BLE,1705097361671549649,DF:DF:EE:00:00:04,-38
BLE,1705097361704786388,D3:F4:55:AB:96:20,-70
BLE,1705097361899928372,D3:F4:55:AB:96:20,-75
BLE,1705097362136476793,DF:DF:EE:00:00:04,-52
BLE,1705097362275439263,D3:F4:55:AB:96:20,-68
BLE,1705097362655534392,D3:F4:55:AB:96:20,-70
BLE,1705097362852363857,D3:F4:55:AB:96:20,-72
BLE,1705097363140545054,DF:DF:EE:00:00:04,-39
BLE,1705097363236283234,D3:F4:55:AB:96:20,-70
BLE,1705097363425694285,D3:F4:55:AB:96:20,-69
BLE,1705097363807008692,D3:F4:55:AB:96:20,-69
BLE,1705097364135753667,DF:DF:EE:00:00:04,-38
BLE,1705097364199731799,D3:F4:55:AB:96:20,-75
BLE,1705097364387340705,D3:F4:55:AB:96:20,-71
BLE,1705097365136946544,DF:DF:EE:00:00:04,-36
BLE,1705097365545423136,D3:F4:55:AB:96:20,-75
BLE,1705097365714333717,DF:A6:DC:DC:2E:81,-68
BLE,1705097365714369050,DF:DF:EE:00:00:01,-68
BLE,1705097365921922974,D3:F4:55:AB:96:20,-68
BLE,1705097366135043374,DF:DF:EE:00:00:04,-41
BLE,1705097366313402429,D3:F4:55:AB:96:20,-76
BLE,1705097366499314229,D3:F4:55:AB:96:20,-70
BLE,1705097366697164516,D3:F4:55:AB:96:20,-76
BLE,1705097366892447665,D3:F4:55:AB:96:20,-68
BLE,1705097367087261445,D3:F4:55:AB:96:20,-56
BLE,1705097367131644597,DF:DF:EE:00:00:04,-39
BLE,1705097368438309553,D3:F4:55:AB:96:20,-70
BLE,1705097368672798081,DF:DF:EE:00:00:04,-40
BLE,1705097368831155242,D3:F4:55:AB:96:20,-75
BLE,1705097369020196756,D3:F4:55:AB:96:20,-70
BLE,1705097369413448733,D3:F4:55:AB:96:20,-69
BLE,1705097369607286399,D3:F4:55:AB:96:20,-70
BLE,1705097369799559667,D3:F4:55:AB:96:20,-76
BLE,1705097370135510892,DF:DF:EE:00:00:04,-39
BLE,1705097370182895925,D3:F4:55:AB:96:20,-75
BLE,1705097370372030896,D3:F4:55:AB:96:20,-71
BLE,1705097371144106850,D3:F4:55:AB:96:20,-69
BLE,1705097371719094675,D3:F4:55:AB:96:20,-70
BLE,1705097372081664008,DF:A6:DC:DC:2E:81,-68
BLE,1705097372081701841,DF:DF:EE:00:00:01,-68
BLE,1705097372100723453,D3:F4:55:AB:96:20,-70
BLE,1705097372131716844,DF:DF:EE:00:00:04,-39
BLE,1705097372290366085,D3:F4:55:AB:96:20,-69
BLE,1705097372479677304,D3:F4:55:AB:96:20,-92
BLE,1705097372667974618,DF:DF:EE:00:00:04,-40
BLE,1705097373057384931,D3:F4:55:AB:96:20,-68
BLE,1705097373136432638,DF:DF:EE:00:00:04,-39
BLE,1705097373250518856,D3:F4:55:AB:96:20,-70
BLE,1705097373448246269,D3:F4:55:AB:96:20,-76
BLE,1705097373640588452,D3:F4:55:AB:96:20,-67
BLE,1705097373830891993,D3:F4:55:AB:96:20,-75
BLE,1705097374137114313,DF:DF:EE:00:00:04,-37
BLE,1705097374210879249,D3:F4:55:AB:96:20,-75
BLE,1705097374400166593,D3:F4:55:AB:96:20,-70
BLE,1705097374593418391,D3:F4:55:AB:96:20,-76
BLE,1705097374628846105,DF:A6:DC:DC:2E:81,-71
BLE,1705097374628861146,DF:DF:EE:00:00:01,-71
BLE,1705097374667750028,DF:DF:EE:00:00:04,-38
BLE,1705097374786868770,D3:F4:55:AB:96:20,-68
BLE,1705097375169064584,D3:F4:55:AB:96:20,-67
BLE,1705097375555066811,D3:F4:55:AB:96:20,-69
BLE,1705097375670633053,DF:DF:EE:00:00:04,-40
BLE,1705097375748259276,D3:F4:55:AB:96:20,-56
BLE,1705097375943845798,D3:F4:55:AB:96:20,-75
BLE,1705097376129350686,D3:F4:55:AB:96:20,-84
BLE,1705097376320724172,D3:F4:55:AB:96:20,-68
BLE,1705097376512456322,D3:F4:55:AB:96:20,-56
BLE,1705097376708294548,D3:F4:55:AB:96:20,-69
BLE,1705097377134668224,DF:DF:EE:00:00:04,-40
BLE,1705097377168731036,DF:A6:DC:DC:2E:81,-68
BLE,1705097377168766286,DF:DF:EE:00:00:01,-68
BLE,1705097377481895318,D3:F4:55:AB:96:20,-71
BLE,1705097377674089336,DF:DF:EE:00:00:04,-39
BLE,1705097377678206622,D3:F4:55:AB:96:20,-76
BLE,1705097378057553635,D3:F4:55:AB:96:20,-76
BLE,1705097378443739152,D3:F4:55:AB:96:20,-76
BLE,1705097379016785499,D3:F4:55:AB:96:20,-68
BLE,1705097379129145278,DF:DF:EE:00:00:04,-38
BLE,1705097379210153505,D3:F4:55:AB:96:20,-70
BLE,1705097379709389917,DF:A6:DC:DC:2E:81,-68
BLE,1705097379709426875,DF:DF:EE:00:00:01,-68
BLE,1705097379975767492,D3:F4:55:AB:96:20,-71
BLE,1705097380129663872,DF:DF:EE:00:00:04,-39
BLE,1705097380555497178,D3:F4:55:AB:96:20,-92
BLE,1705097380670545093,DF:DF:EE:00:00:04,-39
BLE,1705097380748642186,D3:F4:55:AB:96:20,-68
BLE,1705097381132688395,DF:DF:EE:00:00:04,-39
BLE,1705097381140163016,D3:F4:55:AB:96:20,-76
BLE,1705097381327357635,D3:F4:55:AB:96:20,-71
BLE,1705097381667190106,DF:DF:EE:00:00:04,-38
BLE,1705097381910728613,D3:F4:55:AB:96:20,-56
BLE,1705097382252181399,DF:A6:DC:DC:2E:81,-69
BLE,1705097382252217107,DF:DF:EE:00:00:01,-69
BLE,1705097382488434281,D3:F4:55:AB:96:20,-61
BLE,1705097382672737642,DF:DF:EE:00:00:04,-39
BLE,1705097382679009277,D3:F4:55:AB:96:20,-56
BLE,1705097383444410808,D3:F4:55:AB:96:20,-70
BLE,1705097383669154449,DF:DF:EE:00:00:04,-50
BLE,1705097384134064177,DF:DF:EE:00:00:04,-39
BLE,1705097384207139246,D3:F4:55:AB:96:20,-70
BLE,1705097384791553586,DF:A6:DC:DC:2E:81,-68
BLE,1705097384791584628,DF:DF:EE:00:00:01,-68
BLE,1705097385555998379,D3:F4:55:AB:96:20,-71
BLE,1705097385676825518,DF:DF:EE:00:00:04,-51
BLE,1705097385748363979,D3:F4:55:AB:96:20,-58
BLE,1705097385942769347,D3:F4:55:AB:96:20,-70
BLE,1705097386128881853,DF:DF:EE:00:00:04,-38
BLE,1705097386140413303,D3:F4:55:AB:96:20,-57
BLE,1705097386729399923,D3:F4:55:AB:96:20,-70
BLE,1705097386926787215,D3:F4:55:AB:96:20,-75
BLE,1705097387134527720,DF:DF:EE:00:00:04,-39
BLE,1705097387314204801,D3:F4:55:AB:96:20,-70
BLE,1705097387338234939,DF:A6:DC:DC:2E:81,-81
BLE,1705097387338263647,DF:DF:EE:00:00:01,-81
BLE,1705097387508628753,D3:F4:55:AB:96:20,-75
BLE,1705097388090861410,D3:F4:55:AB:96:20,-75
BLE,1705097388854021343,D3:F4:55:AB:96:20,-69
BLE,1705097389129621310,DF:DF:EE:00:00:04,-40
BLE,1705097389438480391,D3:F4:55:AB:96:20,-68
BLE,1705097389630335872,D3:F4:55:AB:96:20,-70
BLE,1705097390011037578,D3:F4:55:AB:96:20,-70
BLE,1705097390136028627,DF:DF:EE:00:00:04,-38
BLE,1705097390397651673,D3:F4:55:AB:96:20,-70
BLE,1705097390589595486,D3:F4:55:AB:96:20,-76
BLE,1705097390775732367,D3:F4:55:AB:96:20,-87
BLE,1705097391356724831,D3:F4:55:AB:96:20,-76
BLE,1705097391737926031,D3:F4:55:AB:96:20,-77
BLE,1705097392127899045,DF:DF:EE:00:00:04,-39
BLE,1705097392321128719,D3:F4:55:AB:96:20,-76
BLE,1705097392421274473,DF:A6:DC:DC:2E:81,-68
BLE,1705097392421308806,DF:DF:EE:00:00:01,-68
BLE,1705097392706042375,D3:F4:55:AB:96:20,-76
BLE,1705097392891101352,D3:F4:55:AB:96:20,-71
BLE,1705097393089122095,D3:F4:55:AB:96:20,-76
BLE,1705097393136184090,DF:DF:EE:00:00:04,-39
BLE,1705097393658318070,D3:F4:55:AB:96:20,-70
BLE,1705097393671309253,DF:DF:EE:00:00:04,-53
BLE,1705097394045746239,D3:F4:55:AB:96:20,-68
BLE,1705097394133842717,DF:DF:EE:00:00:04,-38
BLE,1705097394433721111,D3:F4:55:AB:96:20,-68
BLE,1705097394815682593,D3:F4:55:AB:96:20,-69
BLE,1705097394968842357,DF:A6:DC:DC:2E:81,-72
BLE,1705097394968912689,DF:DF:EE:00:00:01,-72
BLE,1705097395011622068,D3:F4:55:AB:96:20,-71
BLE,1705097395130178234,DF:DF:EE:00:00:04,-39
BLE,1705097395204808242,D3:F4:55:AB:96:20,-76
BLE,1705097395396073064,D3:F4:55:AB:96:20,-58
BLE,1705097395588042585,D3:F4:55:AB:96:20,-76
BLE,1705097396133094716,DF:DF:EE:00:00:04,-39
BLE,1705097396166829866,D3:F4:55:AB:96:20,-68
BLE,1705097396243267312,DF:A6:DC:DC:2E:81,-67
BLE,1705097396243310937,DF:DF:EE:00:00:01,-67
BLE,1705097396674433557,DF:DF:EE:00:00:04,-23
BLE,1705097396742285769,D3:F4:55:AB:96:20,-70
BLE,1705097396937412337,D3:F4:55:AB:96:20,-75
BLE,1705097397326952440,D3:F4:55:AB:96:20,-70
BLE,1705097397524241108,D3:F4:55:AB:96:20,-75
BLE,1705097397671099112,DF:DF:EE:00:00:04,-36
BLE,1705097397710067659,D3:F4:55:AB:96:20,-84
BLE,1705097397904199239,D3:F4:55:AB:96:20,-76
BLE,1705097398090090373,D3:F4:55:AB:96:20,-71
BLE,1705097398287396582,D3:F4:55:AB:96:20,-75
BLE,1705097398475513232,D3:F4:55:AB:96:20,-70
BLE,1705097399127071335,DF:DF:EE:00:00:04,-38
BLE,1705097399435596045,D3:F4:55:AB:96:20,-76
BLE,1705097399622285877,D3:F4:55:AB:96:20,-70
BLE,1705097400010085959,D3:F4:55:AB:96:20,-68
BLE,1705097400136228786,DF:DF:EE:00:00:04,-39
BLE,1705097400388293235,D3:F4:55:AB:96:20,-70
BLE,1705097400581915779,D3:F4:55:AB:96:20,-76
BLE,1705097400672381854,DF:DF:EE:00:00:04,-40
BLE,1705097400774006091,D3:F4:55:AB:96:20,-69
BLE,1705097401128723473,DF:DF:EE:00:00:04,-38
BLE,1705097401151143463,D3:F4:55:AB:96:20,-70
BLE,1705097401341323671,DF:A6:DC:DC:2E:81,-71
BLE,1705097401341362004,DF:DF:EE:00:00:01,-71
BLE,1705097401541263684,D3:F4:55:AB:96:20,-69
BLE,1705097401667171389,DF:DF:EE:00:00:04,-38
BLE,1705097401917546482,D3:F4:55:AB:96:20,-70
BLE,1705097402612295750,DF:A6:DC:DC:2E:81,-54
BLE,1705097402612333208,DF:DF:EE:00:00:01,-54
BLE,1705097402675666723,DF:DF:EE:00:00:04,-39
BLE,1705097403132913790,DF:DF:EE:00:00:04,-39
BLE,1705097403263829812,D3:F4:55:AB:96:20,-69
BLE,1705097403653475288,D3:F4:55:AB:96:20,-68
BLE,1705097403846260634,D3:F4:55:AB:96:20,-76
BLE,1705097404133428383,DF:DF:EE:00:00:04,-39
BLE,1705097404666397363,DF:DF:EE:00:00:04,-39
BLE,1705097404998705172,D3:F4:55:AB:96:20,-70
BLE,1705097405394186748,D3:F4:55:AB:96:20,-75
BLE,1705097405585842939,D3:F4:55:AB:96:20,-71
BLE,1705097405777367341,D3:F4:55:AB:96:20,-76
BLE,1705097405968810702,D3:F4:55:AB:96:20,-72
BLE,1705097406129824083,DF:DF:EE:00:00:04,-39
BLE,1705097406161539256,D3:F4:55:AB:96:20,-75
BLE,1705097406357224068,D3:F4:55:AB:96:20,-68
BLE,1705097406438839537,DF:A6:DC:DC:2E:81,-70
BLE,1705097406438870578,DF:DF:EE:00:00:01,-70
BLE,1705097406665308741,DF:DF:EE:00:00:04,-39
BLE,1705097406739033344,D3:F4:55:AB:96:20,-67
BLE,1705097407516488360,D3:F4:55:AB:96:20,-72
BLE,1705097407672241760,DF:DF:EE:00:00:04,-41
BLE,1705097407901291976,D3:F4:55:AB:96:20,-70
BLE,1705097408095198934,D3:F4:55:AB:96:20,-76
BLE,1705097408134619268,DF:DF:EE:00:00:04,-37
BLE,1705097409131448487,DF:DF:EE:00:00:04,-39
BLE,1705097409243598352,D3:F4:55:AB:96:20,-76
BLE,1705097409830763953,D3:F4:55:AB:96:20,-75
BLE,1705097410022173314,D3:F4:55:AB:96:20,-67
BLE,1705097410137100063,DF:DF:EE:00:00:04,-37
BLE,1705097410216224269,D3:F4:55:AB:96:20,-71
BLE,1705097410264044964,DF:A6:DC:DC:2E:81,-69
BLE,1705097410264080756,DF:DF:EE:00:00:01,-69
BLE,1705097410408141708,D3:F4:55:AB:96:20,-67
BLE,1705097410602313704,D3:F4:55:AB:96:20,-70
BLE,1705097410671710148,DF:DF:EE:00:00:04,-39
BLE,1705097410796800405,D3:F4:55:AB:96:20,-90
BLE,1705097410982907453,D3:F4:55:AB:96:20,-56
BLE,1705097411135253309,DF:DF:EE:00:00:04,-40
BLE,1705097411178998593,D3:F4:55:AB:96:20,-76
BLE,1705097411366381168,D3:F4:55:AB:96:20,-70
BLE,1705097411561127532,D3:F4:55:AB:96:20,-77
BLE,1705097411670886133,DF:DF:EE:00:00:04,-38
BLE,1705097411751541363,D3:F4:55:AB:96:20,-86
BLE,1705097411942288607,D3:F4:55:AB:96:20,-76
BLE,1705097412133127600,D3:F4:55:AB:96:20,-71
BLE,1705097412327182305,D3:F4:55:AB:96:20,-76
BLE,1705097412521914753,D3:F4:55:AB:96:20,-68
BLE,1705097412668620133,DF:DF:EE:00:00:04,-39
BLE,1705097412717088446,D3:F4:55:AB:96:20,-71
BLE,1705097412812084885,DF:A6:DC:DC:2E:81,-71
BLE,1705097412812108259,DF:DF:EE:00:00:01,-71
BLE,1705097412912185889,D3:F4:55:AB:96:20,-76
BLE,1705097413104229368,D3:F4:55:AB:96:20,-68
BLE,1705097413134222395,DF:DF:EE:00:00:04,-52
BLE,1705097413298836692,D3:F4:55:AB:96:20,-71
BLE,1705097413872241369,D3:F4:55:AB:96:20,-69
BLE,1705097414066642779,D3:F4:55:AB:96:20,-89
BLE,1705097414134024455,DF:DF:EE:00:00:04,-38
BLE,1705097414263892156,D3:F4:55:AB:96:20,-76
BLE,1705097414456501962,D3:F4:55:AB:96:20,-68
BLE,1705097414652598352,D3:F4:55:AB:96:20,-71
BLE,1705097414672517829,DF:DF:EE:00:00:04,-38
BLE,1705097415032100571,D3:F4:55:AB:96:20,-69
BLE,1705097415428535094,D3:F4:55:AB:96:20,-93
BLE,1705097415668858888,DF:DF:EE:00:00:04,-53
BLE,1705097415813150588,D3:F4:55:AB:96:20,-75
BLE,1705097416007325750,D3:F4:55:AB:96:20,-67
BLE,1705097416399798111,D3:F4:55:AB:96:20,-76
BLE,1705097416585844326,D3:F4:55:AB:96:20,-70
BLE,1705097416782863039,D3:F4:55:AB:96:20,-76
BLE,1705097417126039305,DF:DF:EE:00:00:04,-39
BLE,1705097417166521626,D3:F4:55:AB:96:20,-75
BLE,1705097417667400645,DF:DF:EE:00:00:04,-39
BLE,1705097417742505982,D3:F4:55:AB:96:20,-69
BLE,1705097418129081577,D3:F4:55:AB:96:20,-76
BLE,1705097418133945021,DF:DF:EE:00:00:04,-40
BLE,1705097418319441034,D3:F4:55:AB:96:20,-71
BLE,1705097418514200357,D3:F4:55:AB:96:20,-75
BLE,1705097418710689909,D3:F4:55:AB:96:20,-69
BLE,1705097419297484347,D3:F4:55:AB:96:20,-58
BLE,1705097419298767249,D3:F4:55:AB:96:20,-61
BLE,1705097419668504415,DF:DF:EE:00:00:04,-38
BLE,1705097419869095003,D3:F4:55:AB:96:20,-87
BLE,1705097420066178423,D3:F4:55:AB:96:20,-76
BLE,1705097420135727533,DF:DF:EE:00:00:04,-39
BLE,1705097420256624087,D3:F4:55:AB:96:20,-71
BLE,1705097420446518800,D3:F4:55:AB:96:20,-76
BLE,1705097420641584285,D3:F4:55:AB:96:20,-67
BLE,1705097420666952949,DF:DF:EE:00:00:04,-38
BLE,1705097420833947302,D3:F4:55:AB:96:20,-76
BLE,1705097421128820046,DF:DF:EE:00:00:04,-38
BLE,1705097421789384252,D3:F4:55:AB:96:20,-58
BLE,1705097421979640127,D3:F4:55:AB:96:20,-76
BLE,1705097422134148375,DF:DF:EE:00:00:04,-39
BLE,1705097422169004804,D3:F4:55:AB:96:20,-57
BLE,1705097422561822118,D3:F4:55:AB:96:20,-93
BLE,1705097422979815183,DF:A6:DC:DC:2E:81,-81
BLE,1705097422979850557,DF:DF:EE:00:00:01,-81
BLE,1705097423129098366,DF:DF:EE:00:00:04,-56
BLE,1705097423137141690,D3:F4:55:AB:96:20,-72
BLE,1705097423524139572,D3:F4:55:AB:96:20,-55
BLE,1705097423667480075,DF:DF:EE:00:00:04,-40
BLE,1705097424101136124,D3:F4:55:AB:96:20,-70
BLE,1705097424132945255,DF:DF:EE:00:00:04,-36
BLE,1705097424293950594,D3:F4:55:AB:96:20,-76
BLE,1705097424489754987,D3:F4:55:AB:96:20,-69
BLE,1705097424875923088,D3:F4:55:AB:96:20,-68
BLE,1705097425256787375,D3:F4:55:AB:96:20,-68
BLE,1705097425445079772,D3:F4:55:AB:96:20,-75
BLE,1705097425525536963,DF:A6:DC:DC:2E:81,-62
BLE,1705097425525552671,DF:DF:EE:00:00:01,-62
BLE,1705097425669279128,DF:DF:EE:00:00:04,-57
BLE,1705097425833075143,D3:F4:55:AB:96:20,-70
BLE,1705097426027758175,D3:F4:55:AB:96:20,-75
BLE,1705097426132953412,DF:DF:EE:00:00:04,-38
BLE,1705097426219483282,D3:F4:55:AB:96:20,-70
BLE,1705097426601858635,D3:F4:55:AB:96:20,-71
BLE,1705097426797113910,D3:F4:55:AB:96:20,-76
BLE,1705097426802596513,DF:A6:DC:DC:2E:81,-67
BLE,1705097426802607263,DF:DF:EE:00:00:01,-67
BLE,1705097426982423551,D3:F4:55:AB:96:20,-84
BLE,1705097427129622342,DF:DF:EE:00:00:04,-40
BLE,1705097427568362790,D3:F4:55:AB:96:20,-70
BLE,1705097427757950381,D3:F4:55:AB:96:20,-69
BLE,1705097427952583330,D3:F4:55:AB:96:20,-70
BLE,1705097427953785691,D3:F4:55:AB:96:20,-68
BLE,1705097428131932914,DF:DF:EE:00:00:04,-38
BLE,1705097428330052073,D3:F4:55:AB:96:20,-70
BLE,1705097428713100126,D3:F4:55:AB:96:20,-87
BLE,1705097428908028405,D3:F4:55:AB:96:20,-75
BLE,1705097429099688680,D3:F4:55:AB:96:20,-71
BLE,1705097429133161000,DF:DF:EE:00:00:04,-51
BLE,1705097429290576547,D3:F4:55:AB:96:20,-61
BLE,1705097429667536880,D3:F4:55:AB:96:20,-67
BLE,1705097429671996703,DF:DF:EE:00:00:04,-39
BLE,1705097429856996680,D3:F4:55:AB:96:20,-76
BLE,1705097430043284809,D3:F4:55:AB:96:20,-70
BLE,1705097430423411646,D3:F4:55:AB:96:20,-71
BLE,1705097430804273933,D3:F4:55:AB:96:20,-56
BLE,1705097431135520838,DF:DF:EE:00:00:04,-39
BLE,1705097431196405881,D3:F4:55:AB:96:20,-68
BLE,1705097431385629518,D3:F4:55:AB:96:20,-88
BLE,1705097431670141882,DF:DF:EE:00:00:04,-38
BLE,1705097431972347749,D3:F4:55:AB:96:20,-76
BLE,1705097432133205798,DF:DF:EE:00:00:04,-51
BLE,1705097432161420595,D3:F4:55:AB:96:20,-68
BLE,1705097432668134588,DF:DF:EE:00:00:04,-39
BLE,1705097432920401076,D3:F4:55:AB:96:20,-71
BLE,1705097433109774378,D3:F4:55:AB:96:20,-68
BLE,1705097433136991812,DF:DF:EE:00:00:04,-41
BLE,1705097433502342779,D3:F4:55:AB:96:20,-76
BLE,1705097433886963564,D3:F4:55:AB:96:20,-56
BLE,1705097434082163964,D3:F4:55:AB:96:20,-61
BLE,1705097434132273508,DF:DF:EE:00:00:04,-40
BLE,1705097434272477547,D3:F4:55:AB:96:20,-72
BLE,1705097434460288325,DF:A6:DC:DC:2E:81,-71
BLE,1705097434460324699,DF:DF:EE:00:00:01,-71
BLE,1705097434465400932,D3:F4:55:AB:96:20,-74
BLE,1705097434653894869,D3:F4:55:AB:96:20,-70
BLE,1705097434667142757,DF:DF:EE:00:00:04,-40
BLE,1705097434843306545,D3:F4:55:AB:96:20,-68
BLE,1705097435037060713,D3:F4:55:AB:96:20,-87
BLE,1705097435133147430,DF:DF:EE:00:00:04,-51
BLE,1705097435233154561,D3:F4:55:AB:96:20,-75
BLE,1705097435422685069,D3:F4:55:AB:96:20,-57
BLE,1705097435731983104,DF:A6:DC:DC:2E:81,-68
BLE,1705097435732017312,DF:DF:EE:00:00:01,-68
BLE,1705097435812708458,D3:F4:55:AB:96:20,-69
BLE,1705097436133364902,DF:DF:EE:00:00:04,-52
BLE,1705097436581203912,D3:F4:55:AB:96:20,-90
BLE,1705097436767237794,D3:F4:55:AB:96:20,-72
BLE,1705097436966471314,D3:F4:55:AB:96:20,-75
BLE,1705097437353650570,D3:F4:55:AB:96:20,-72
BLE,1705097437745923933,D3:F4:55:AB:96:20,-67
BLE,1705097438132114533,DF:DF:EE:00:00:04,-40
BLE,1705097438284080935,DF:A6:DC:DC:2E:81,-71
BLE,1705097438284118310,DF:DF:EE:00:00:01,-71
BLE,1705097438327120936,D3:F4:55:AB:96:20,-67
BLE,1705097438706750612,D3:F4:55:AB:96:20,-71
BLE,1705097438902160343,D3:F4:55:AB:96:20,-76
BLE,1705097439287043625,D3:F4:55:AB:96:20,-57
BLE,1705097439475967015,D3:F4:55:AB:96:20,-69
BLE,1705097439670646672,D3:F4:55:AB:96:20,-56
BLE,1705097439867018642,D3:F4:55:AB:96:20,-76
BLE,1705097440130896621,DF:DF:EE:00:00:04,-40
BLE,1705097440250286693,D3:F4:55:AB:96:20,-75
BLE,1705097440437114233,D3:F4:55:AB:96:20,-72
BLE,1705097440630297948,D3:F4:55:AB:96:20,-75
BLE,1705097440664196763,DF:DF:EE:00:00:04,-39
BLE,1705097440821987015,D3:F4:55:AB:96:20,-70
BLE,1705097441012199348,D3:F4:55:AB:96:20,-76
BLE,1705097441397668248,D3:F4:55:AB:96:20,-75
BLE,1705097441586015562,D3:F4:55:AB:96:20,-56
BLE,1705097441778326496,D3:F4:55:AB:96:20,-76
BLE,1705097441967203512,D3:F4:55:AB:96:20,-71
BLE,1705097442099426185,DF:A6:DC:DC:2E:81,-69
BLE,1705097442099460976,DF:DF:EE:00:00:01,-69
BLE,1705097442130232869,DF:DF:EE:00:00:04,-37
BLE,1705097442164160100,D3:F4:55:AB:96:20,-61
BLE,1705097442349498574,D3:F4:55:AB:96:20,-57
BLE,1705097442667793754,DF:DF:EE:00:00:04,-39
BLE,1705097442744721527,D3:F4:55:AB:96:20,-76
BLE,1705097443128405032,DF:DF:EE:00:00:04,-39
BLE,1705097443330331479,D3:F4:55:AB:96:20,-76
BLE,1705097443907327739,D3:F4:55:AB:96:20,-68
BLE,1705097444103041717,D3:F4:55:AB:96:20,-70
BLE,1705097444127571724,DF:DF:EE:00:00:04,-38
BLE,1705097444300048389,D3:F4:55:AB:96:20,-76
BLE,1705097444687908803,D3:F4:55:AB:96:20,-70
BLE,1705097445133631295,DF:DF:EE:00:00:04,-40
BLE,1705097445269007807,D3:F4:55:AB:96:20,-66
BLE,1705097445456231842,D3:F4:55:AB:96:20,-70
BLE,1705097445672564539,DF:DF:EE:00:00:04,-39
BLE,1705097446129784898,DF:DF:EE:00:00:04,-39
BLE,1705097446672646596,DF:DF:EE:00:00:04,-51
BLE,1705097446802754169,D3:F4:55:AB:96:20,-87
BLE,1705097446999379844,D3:F4:55:AB:96:20,-75
BLE,1705097447135160060,DF:DF:EE:00:00:04,-40
BLE,1705097447187597368,D3:F4:55:AB:96:20,-70
BLE,1705097447672652528,DF:DF:EE:00:00:04,-52
BLE,1705097447953540768,D3:F4:55:AB:96:20,-84
BLE,1705097448469953523,DF:A6:DC:DC:2E:81,-68
BLE,1705097448470008939,DF:DF:EE:00:00:01,-68
BLE,1705097448669817786,DF:DF:EE:00:00:04,-56
BLE,1705097448724158488,D3:F4:55:AB:96:20,-69
BLE,1705097448913055295,D3:F4:55:AB:96:20,-77
BLE,1705097449498279877,D3:F4:55:AB:96:20,-75
BLE,1705097449683446352,D3:F4:55:AB:96:20,-70
BLE,1705097450126398210,DF:DF:EE:00:00:04,-39
BLE,1705097450448982673,D3:F4:55:AB:96:20,-87
BLE,1705097450645644474,D3:F4:55:AB:96:20,-76
BLE,1705097450669616779,DF:DF:EE:00:00:04,-40
BLE,1705097450830651868,D3:F4:55:AB:96:20,-69
BLE,1705097451014827563,DF:A6:DC:DC:2E:81,-69
BLE,1705097451014860396,DF:DF:EE:00:00:01,-69
BLE,1705097451020252708,D3:F4:55:AB:96:20,-58
BLE,1705097451596860390,D3:F4:55:AB:96:20,-70
BLE,1705097451977852467,D3:F4:55:AB:96:20,-72
BLE,1705097452132306549,DF:DF:EE:00:00:04,-40
BLE,1705097452174418477,D3:F4:55:AB:96:20,-76
BLE,1705097452360631398,D3:F4:55:AB:96:20,-70
BLE,1705097452743364830,D3:F4:55:AB:96:20,-72
BLE,1705097452942367145,D3:F4:55:AB:96:20,-78
BLE,1705097453127581286,DF:DF:EE:00:00:04,-39
BLE,1705097453328150708,D3:F4:55:AB:96:20,-56
BLE,1705097453525350794,D3:F4:55:AB:96:20,-76
BLE,1705097453557573461,DF:A6:DC:DC:2E:81,-70
BLE,1705097453557595086,DF:DF:EE:00:00:01,-70
BLE,1705097453717569979,D3:F4:55:AB:96:20,-68
BLE,1705097453910061744,D3:F4:55:AB:96:20,-75
BLE,1705097454107429537,D3:F4:55:AB:96:20,-75
BLE,1705097454300548336,D3:F4:55:AB:96:20,-72
BLE,1705097454491886448,D3:F4:55:AB:96:20,-75
BLE,1705097454673174719,DF:DF:EE:00:00:04,-39
BLE,1705097454680121763,D3:F4:55:AB:96:20,-70
BLE,1705097455062460033,D3:F4:55:AB:96:20,-72
BLE,1705097455260550984,D3:F4:55:AB:96:20,-76
BLE,1705097455452950500,D3:F4:55:AB:96:20,-69
BLE,1705097455668633913,DF:DF:EE:00:00:04,-38
BLE,1705097456027038211,D3:F4:55:AB:96:20,-70
BLE,1705097456134937333,DF:DF:EE:00:00:04,-41
BLE,1705097456598831781,D3:F4:55:AB:96:20,-68
BLE,1705097456668628429,DF:DF:EE:00:00:04,-38
BLE,1705097456788493121,D3:F4:55:AB:96:20,-94
BLE,1705097456976044610,D3:F4:55:AB:96:20,-57
BLE,1705097457131549889,DF:DF:EE:00:00:04,-39
BLE,1705097457167848675,D3:F4:55:AB:96:20,-76
BLE,1705097457544844132,D3:F4:55:AB:96:20,-68
BLE,1705097457737536395,D3:F4:55:AB:96:20,-71
BLE,1705097457935276725,D3:F4:55:AB:96:20,-75
BLE,1705097458124594027,D3:F4:55:AB:96:20,-72
BLE,1705097458512187486,D3:F4:55:AB:96:20,-69
BLE,1705097458641294904,DF:A6:DC:DC:2E:81,-68
BLE,1705097458641331112,DF:DF:EE:00:00:01,-68
BLE,1705097458664604508,DF:DF:EE:00:00:04,-39
BLE,1705097459089778031,D3:F4:55:AB:96:20,-70
BLE,1705097459669670799,DF:DF:EE:00:00:04,-41
BLE,1705097460125876961,DF:DF:EE:00:00:04,-39
BLE,1705097460244847247,D3:F4:55:AB:96:20,-68
BLE,1705097460824485935,D3:F4:55:AB:96:20,-57
BLE,1705097461188382669,DF:A6:DC:DC:2E:81,-72
BLE,1705097461188420001,DF:DF:EE:00:00:01,-72
BLE,1705097461219618514,D3:F4:55:AB:96:20,-75
BLE,1705097461604846667,D3:F4:55:AB:96:20,-75
BLE,1705097461667732187,DF:DF:EE:00:00:04,-39
BLE,1705097461991530637,D3:F4:55:AB:96:20,-70
BLE,1705097462125998826,DF:DF:EE:00:00:04,-38
BLE,1705097462187438904,D3:F4:55:AB:96:20,-76
BLE,1705097462382173935,D3:F4:55:AB:96:20,-69
BLE,1705097462758636106,D3:F4:55:AB:96:20,-57
BLE,1705097463141173791,D3:F4:55:AB:96:20,-70
BLE,1705097463670925891,DF:DF:EE:00:00:04,-23
BLE,1705097463725441133,D3:F4:55:AB:96:20,-70
BLE,1705097463917678360,D3:F4:55:AB:96:20,-76
BLE,1705097464106106631,D3:F4:55:AB:96:20,-72
BLE,1705097464128461579,DF:DF:EE:00:00:04,-39
BLE,1705097464491097911,D3:F4:55:AB:96:20,-71
BLE,1705097464878940659,D3:F4:55:AB:96:20,-67
BLE,1705097465454730058,D3:F4:55:AB:96:20,-88
BLE,1705097465652813467,D3:F4:55:AB:96:20,-75
BLE,1705097465675318831,DF:DF:EE:00:00:04,-40
BLE,1705097465845012236,D3:F4:55:AB:96:20,-65
BLE,1705097466040185012,D3:F4:55:AB:96:20,-72
BLE,1705097466237144975,D3:F4:55:AB:96:20,-75
BLE,1705097466625859463,D3:F4:55:AB:96:20,-70
BLE,1705097466822246808,D3:F4:55:AB:96:20,-76
BLE,1705097467205369193,D3:F4:55:AB:96:20,-77
BLE,1705097467551682048,DF:A6:DC:DC:2E:81,-69
BLE,1705097467551719048,DF:DF:EE:00:00:01,-69
BLE,1705097467588128833,D3:F4:55:AB:96:20,-77
BLE,1705097467663850871,DF:DF:EE:00:00:04,-39
BLE,1705097468172666048,D3:F4:55:AB:96:20,-76
BLE,1705097468357940772,D3:F4:55:AB:96:20,-70
BLE,1705097468549842086,D3:F4:55:AB:96:20,-58
BLE,1705097468669165701,DF:DF:EE:00:00:04,-39
BLE,1705097469501258374,D3:F4:55:AB:96:20,-89
BLE,1705097469664427272,DF:DF:EE:00:00:04,-39
BLE,1705097470279717879,D3:F4:55:AB:96:20,-67
BLE,1705097470657996363,D3:F4:55:AB:96:20,-70
BLE,1705097470671278583,DF:DF:EE:00:00:04,-41
BLE,1705097471036909172,D3:F4:55:AB:96:20,-70
BLE,1705097471134708579,DF:DF:EE:00:00:04,-38
BLE,1705097471235678281,D3:F4:55:AB:96:20,-77
BLE,1705097471668213427,DF:DF:EE:00:00:04,-39
BLE,1705097471818337351,D3:F4:55:AB:96:20,-76
BLE,1705097472011699148,D3:F4:55:AB:96:20,-68
BLE,1705097472202745680,D3:F4:55:AB:96:20,-76
BLE,1705097472400091514,D3:F4:55:AB:96:20,-75
BLE,1705097472588843739,D3:F4:55:AB:96:20,-70
BLE,1705097472638014585,DF:A6:DC:DC:2E:81,-69
BLE,1705097472638032335,DF:DF:EE:00:00:01,-69
BLE,1705097472671559738,DF:DF:EE:00:00:04,-39
BLE,1705097473132427929,DF:DF:EE:00:00:04,-38
BLE,1705097473158166089,D3:F4:55:AB:96:20,-68
BLE,1705097473353947733,D3:F4:55:AB:96:20,-71
BLE,1705097473551557855,D3:F4:55:AB:96:20,-76
BLE,1705097473667843505,DF:DF:EE:00:00:04,-51
BLE,1705097473739702213,D3:F4:55:AB:96:20,-71
BLE,1705097473932320268,D3:F4:55:AB:96:20,-76
BLE,1705097474120603999,D3:F4:55:AB:96:20,-70
BLE,1705097474317586254,D3:F4:55:AB:96:20,-76
BLE,1705097474505976817,D3:F4:55:AB:96:20,-71
BLE,1705097474699329948,D3:F4:55:AB:96:20,-75
BLE,1705097474887256974,D3:F4:55:AB:96:20,-70
BLE,1705097475077806096,D3:F4:55:AB:96:20,-76
BLE,1705097475131672345,DF:DF:EE:00:00:04,-39
BLE,1705097475454087061,D3:F4:55:AB:96:20,-68
BLE,1705097475668373865,DF:DF:EE:00:00:04,-39
BLE,1705097476123316250,DF:DF:EE:00:00:04,-22
BLE,1705097476227918286,D3:F4:55:AB:96:20,-75
BLE,1705097476422956938,D3:F4:55:AB:96:20,-68
BLE,1705097476462988182,DF:A6:DC:DC:2E:81,-55
BLE,1705097476463003057,DF:DF:EE:00:00:01,-55
BLE,1705097476811087474,D3:F4:55:AB:96:20,-76
BLE,1705097477000517900,D3:F4:55:AB:96:20,-70
BLE,1705097477127686924,DF:DF:EE:00:00:04,-40
BLE,1705097477396389513,D3:F4:55:AB:96:20,-76
BLE,1705097477582396770,D3:F4:55:AB:96:20,-70
BLE,1705097477667003746,DF:DF:EE:00:00:04,-40
BLE,1705097477776375310,D3:F4:55:AB:96:20,-68
BLE,1705097477971365922,D3:F4:55:AB:96:20,-70
BLE,1705097477972700239,D3:F4:55:AB:96:20,-68
BLE,1705097478131471563,DF:DF:EE:00:00:04,-37
BLE,1705097478360093284,D3:F4:55:AB:96:20,-69
BLE,1705097478665599446,DF:DF:EE:00:00:04,-39
BLE,1705097478740299495,D3:F4:55:AB:96:20,-58
BLE,1705097479126118808,DF:DF:EE:00:00:04,-39
BLE,1705097479315462776,D3:F4:55:AB:96:20,-70
BLE,1705097479505664402,D3:F4:55:AB:96:20,-67
BLE,1705097479667723562,DF:DF:EE:00:00:04,-53
BLE,1705097480078143714,D3:F4:55:AB:96:20,-89
BLE,1705097480283032086,DF:A6:DC:DC:2E:81,-69
BLE,1705097480283069877,DF:DF:EE:00:00:01,-69
BLE,1705097480457463186,D3:F4:55:AB:96:20,-77
BLE,1705097480645027634,D3:F4:55:AB:96:20,-71
BLE,1705097480838219016,D3:F4:55:AB:96:20,-76
BLE,1705097481031571563,D3:F4:55:AB:96:20,-71
BLE,1705097481222974591,D3:F4:55:AB:96:20,-76
BLE,1705097481410978158,D3:F4:55:AB:96:20,-70
BLE,1705097481600738831,D3:F4:55:AB:96:20,-69
BLE,1705097481667861093,DF:DF:EE:00:00:04,-39
BLE,1705097481991209173,D3:F4:55:AB:96:20,-75
BLE,1705097482188723796,D3:F4:55:AB:96:20,-75
BLE,1705097482376495742,D3:F4:55:AB:96:20,-71
BLE,1705097482763544540,D3:F4:55:AB:96:20,-70
BLE,1705097482958076615,D3:F4:55:AB:96:20,-76
BLE,1705097483132900794,DF:DF:EE:00:00:04,-40
BLE,1705097483145310817,D3:F4:55:AB:96:20,-70
BLE,1705097483337178714,D3:F4:55:AB:96:20,-75
BLE,1705097483531584416,D3:F4:55:AB:96:20,-68
BLE,1705097483725492998,D3:F4:55:AB:96:20,-70
BLE,1705097484108299512,DF:A6:DC:DC:2E:81,-68
BLE,1705097484108356012,DF:DF:EE:00:00:01,-68
BLE,1705097484110947107,D3:F4:55:AB:96:20,-56
BLE,1705097484131825531,DF:DF:EE:00:00:04,-38
BLE,1705097484665420295,DF:DF:EE:00:00:04,-40
BLE,1705097484686004639,D3:F4:55:AB:96:20,-75
BLE,1705097485070772881,D3:F4:55:AB:96:20,-94
BLE,1705097485455726495,D3:F4:55:AB:96:20,-95
BLE,1705097485653501908,D3:F4:55:AB:96:20,-91
BLE,1705097485843815698,D3:F4:55:AB:96:20,-84
BLE,1705097486129330592,DF:DF:EE:00:00:04,-39
BLE,1705097486230974412,D3:F4:55:AB:96:20,-64
BLE,1705097486615639697,D3:F4:55:AB:96:20,-68
BLE,1705097486666482648,DF:DF:EE:00:00:04,-40
BLE,1705097486811256343,D3:F4:55:AB:96:20,-70
BLE,1705097487007685854,D3:F4:55:AB:96:20,-75
BLE,1705097487125850524,DF:DF:EE:00:00:04,-22
BLE,1705097487198026478,D3:F4:55:AB:96:20,-58
BLE,1705097487393226628,D3:F4:55:AB:96:20,-70
BLE,1705097487592210443,D3:F4:55:AB:96:20,-76
BLE,1705097487664144733,DF:DF:EE:00:00:04,-38
BLE,1705097488353235734,D3:F4:55:AB:96:20,-61
BLE,1705097489127132208,DF:DF:EE:00:00:04,-39
BLE,1705097489314148579,D3:F4:55:AB:96:20,-67
BLE,1705097489510274010,D3:F4:55:AB:96:20,-70
BLE,1705097489667258230,DF:DF:EE:00:00:04,-39
BLE,1705097489703421726,D3:F4:55:AB:96:20,-76
BLE,1705097490091043227,D3:F4:55:AB:96:20,-76
BLE,1705097490132977990,DF:DF:EE:00:00:04,-39
BLE,1705097490283418452,D3:F4:55:AB:96:20,-68
BLE,1705097490672873097,D3:F4:55:AB:96:20,-76
BLE,1705097491061920122,D3:F4:55:AB:96:20,-71
BLE,1705097491257595893,D3:F4:55:AB:96:20,-69
BLE,1705097491453578076,D3:F4:55:AB:96:20,-69
BLE,1705097491642191553,D3:F4:55:AB:96:20,-76
BLE,1705097491666041484,DF:DF:EE:00:00:04,-39
BLE,1705097491836887084,D3:F4:55:AB:96:20,-69
BLE,1705097492028392195,D3:F4:55:AB:96:20,-70
BLE,1705097492414953415,D3:F4:55:AB:96:20,-70
BLE,1705097492663271699,DF:DF:EE:00:00:04,-39
BLE,1705097492796041283,D3:F4:55:AB:96:20,-89
BLE,1705097493125744706,DF:DF:EE:00:00:04,-46
BLE,1705097493187039286,D3:F4:55:AB:96:20,-67
BLE,1705097493665005445,DF:DF:EE:00:00:04,-39
BLE,1705097493758364987,D3:F4:55:AB:96:20,-77
BLE,1705097494131370781,DF:DF:EE:00:00:04,-38
BLE,1705097494332136576,D3:F4:55:AB:96:20,-67
BLE,1705097494525793994,D3:F4:55:AB:96:20,-70
BLE,1705097494662392867,DF:DF:EE:00:00:04,-39
BLE,1705097495110347583,D3:F4:55:AB:96:20,-70
BLE,1705097495665674137,DF:DF:EE:00:00:04,-40
BLE,1705097495674646116,D3:F4:55:AB:96:20,-71
BLE,1705097495870934296,D3:F4:55:AB:96:20,-76
BLE,1705097496061920828,D3:F4:55:AB:96:20,-71
BLE,1705097496062963525,D3:F4:55:AB:96:20,-69
BLE,1705097496126017543,DF:DF:EE:00:00:04,-38
BLE,1705097496454348606,D3:F4:55:AB:96:20,-75
BLE,1705097496645352181,D3:F4:55:AB:96:20,-70
BLE,1705097496667447716,DF:DF:EE:00:00:04,-38
BLE,1705097497028041155,D3:F4:55:AB:96:20,-70
BLE,1705097497129500143,DF:DF:EE:00:00:04,-40
BLE,1705097497421677627,D3:F4:55:AB:96:20,-94
BLE,1705097497670701944,DF:DF:EE:00:00:04,-51
BLE,1705097497995894127,D3:F4:55:AB:96:20,-89
BLE,1705097498127612057,DF:DF:EE:00:00:04,-39
BLE,1705097498577352752,D3:F4:55:AB:96:20,-71
BLE,1705097498774815127,D3:F4:55:AB:96:20,-95
BLE,1705097498959753771,D3:F4:55:AB:96:20,-86
BLE,1705097499133981291,DF:DF:EE:00:00:04,-40
BLE,1705097499343613774,D3:F4:55:AB:96:20,-70
BLE,1705097499389698322,DF:A6:DC:DC:2E:81,-68
BLE,1705097499389750155,DF:DF:EE:00:00:01,-68
BLE,1705097499536092997,D3:F4:55:AB:96:20,-61
BLE,1705097499673043324,DF:DF:EE:00:00:04,-57
BLE,1705097499724791557,D3:F4:55:AB:96:20,-73
BLE,1705097500113666543,D3:F4:55:AB:96:20,-68
BLE,1705097500304439495,D3:F4:55:AB:96:20,-75
BLE,1705097500497016967,D3:F4:55:AB:96:20,-68
BLE,1705097500671215778,DF:DF:EE:00:00:04,-39
BLE,1705097500886409030,D3:F4:55:AB:96:20,-76
BLE,1705097501122318875,DF:DF:EE:00:00:04,-39
BLE,1705097501277878569,D3:F4:55:AB:96:20,-70
BLE,1705097501467873155,D3:F4:55:AB:96:20,-68
BLE,1705097501662000777,D3:F4:55:AB:96:20,-88
BLE,1705097502048705912,D3:F4:55:AB:96:20,-68
BLE,1705097502125005485,DF:DF:EE:00:00:04,-52
BLE,1705097503122896984,DF:DF:EE:00:00:04,-39
BLE,1705097503213700180,DF:A6:DC:DC:2E:81,-67
BLE,1705097503213718513,DF:DF:EE:00:00:01,-67
BLE,1705097503582351234,D3:F4:55:AB:96:20,-68
BLE,1705097503962968732,D3:F4:55:AB:96:20,-68
BLE,1705097504128856389,DF:DF:EE:00:00:04,-40
BLE,1705097504347247437,D3:F4:55:AB:96:20,-69
BLE,1705097504542054676,D3:F4:55:AB:96:20,-70
BLE,1705097504670724224,DF:DF:EE:00:00:04,-40
BLE,1705097504734814980,D3:F4:55:AB:96:20,-76
BLE,1705097504922450802,D3:F4:55:AB:96:20,-71
BLE,1705097505119926426,D3:F4:55:AB:96:20,-76
BLE,1705097505128791490,DF:DF:EE:00:00:04,-55
BLE,1705097505501423539,D3:F4:55:AB:96:20,-75
BLE,1705097505687041009,D3:F4:55:AB:96:20,-70
BLE,1705097505881817331,D3:F4:55:AB:96:20,-76
BLE,1705097506073714270,D3:F4:55:AB:96:20,-70
BLE,1705097506130633109,DF:DF:EE:00:00:04,-40
BLE,1705097506454813346,D3:F4:55:AB:96:20,-70
BLE,1705097506650004497,D3:F4:55:AB:96:20,-76
BLE,1705097506836506165,D3:F4:55:AB:96:20,-71
BLE,1705097507030576537,D3:F4:55:AB:96:20,-65
BLE,1705097507037139419,DF:A6:DC:DC:2E:81,-67
BLE,1705097507037150752,DF:DF:EE:00:00:01,-67
BLE,1705097507129843551,DF:DF:EE:00:00:04,-39
BLE,1705097507664570594,DF:DF:EE:00:00:04,-39
BLE,1705097507993579858,D3:F4:55:AB:96:20,-68
BLE,1705097508369582868,D3:F4:55:AB:96:20,-71
BLE,1705097508563205995,D3:F4:55:AB:96:20,-75
BLE,1705097508663816077,DF:DF:EE:00:00:04,-37
BLE,1705097508942857421,D3:F4:55:AB:96:20,-75
BLE,1705097509133391501,D3:F4:55:AB:96:20,-70
BLE,1705097509324969527,D3:F4:55:AB:96:20,-76
BLE,1705097509512628807,D3:F4:55:AB:96:20,-71
BLE,1705097509711125669,D3:F4:55:AB:96:20,-77
BLE,1705097509904954002,D3:F4:55:AB:96:20,-68
BLE,1705097510098265300,D3:F4:55:AB:96:20,-72
BLE,1705097510291354767,D3:F4:55:AB:96:20,-76
BLE,1705097510487402283,D3:F4:55:AB:96:20,-68
BLE,1705097510666464454,DF:DF:EE:00:00:04,-39
BLE,1705097510682434060,D3:F4:55:AB:96:20,-71
BLE,1705097510875841065,D3:F4:55:AB:96:20,-75
BLE,1705097511065039077,D3:F4:55:AB:96:20,-70
BLE,1705097511263715270,D3:F4:55:AB:96:20,-77
BLE,1705097511455240672,D3:F4:55:AB:96:20,-67
BLE,1705097511650216242,D3:F4:55:AB:96:20,-70
BLE,1705097511849332597,D3:F4:55:AB:96:20,-76
BLE,1705097512131582487,DF:DF:EE:00:00:04,-38
BLE,1705097512238327290,D3:F4:55:AB:96:20,-72
BLE,1705097512669256704,DF:DF:EE:00:00:04,-39
BLE,1705097512820121452,D3:F4:55:AB:96:20,-70
BLE,1705097513018731563,D3:F4:55:AB:96:20,-75
BLE,1705097513131622295,DF:DF:EE:00:00:04,-40
BLE,1705097513404806248,D3:F4:55:AB:96:20,-56
BLE,1705097513407514175,DF:A6:DC:DC:2E:81,-67
BLE,1705097513407527883,DF:DF:EE:00:00:01,-67
BLE,1705097513787586555,D3:F4:55:AB:96:20,-70
BLE,1705097513983827485,D3:F4:55:AB:96:20,-76
BLE,1705097514129198089,DF:DF:EE:00:00:04,-22
BLE,1705097514367890610,D3:F4:55:AB:96:20,-75
BLE,1705097514669279111,DF:DF:EE:00:00:04,-38
BLE,1705097514670872092,DF:DF:EE:00:00:04,-39
BLE,1705097515137594716,D3:F4:55:AB:96:20,-70
BLE,1705097515666122872,DF:DF:EE:00:00:04,-39
BLE,1705097515721305356,D3:F4:55:AB:96:20,-92
BLE,1705097515919032769,D3:F4:55:AB:96:20,-94
BLE,1705097516300451175,D3:F4:55:AB:96:20,-91
BLE,1705097516872653032,D3:F4:55:AB:96:20,-70
BLE,1705097517124201946,DF:DF:EE:00:00:04,-39
BLE,1705097517255637378,D3:F4:55:AB:96:20,-70
BLE,1705097517637453821,D3:F4:55:AB:96:20,-56
BLE,1705097517668697500,DF:DF:EE:00:00:04,-39
BLE,1705097517828405396,D3:F4:55:AB:96:20,-76
BLE,1705097518020131962,D3:F4:55:AB:96:20,-71
BLE,1705097518212722267,D3:F4:55:AB:96:20,-76
BLE,1705097518406670474,D3:F4:55:AB:96:20,-63
BLE,1705097518498912570,DF:A6:DC:DC:2E:81,-73
BLE,1705097518498949611,DF:DF:EE:00:00:01,-73
BLE,1705097518668644266,DF:DF:EE:00:00:04,-39
BLE,1705097518789278908,D3:F4:55:AB:96:20,-67
BLE,1705097518979813446,D3:F4:55:AB:96:20,-76
BLE,1705097519174747349,D3:F4:55:AB:96:20,-68
BLE,1705097519748284816,D3:F4:55:AB:96:20,-91
BLE,1705097520128994188,D3:F4:55:AB:96:20,-76
BLE,1705097520315855353,D3:F4:55:AB:96:20,-83
BLE,1705097520506515348,D3:F4:55:AB:96:20,-76
BLE,1705097520699132903,D3:F4:55:AB:96:20,-57
BLE,1705097521037170396,DF:A6:DC:DC:2E:81,-68
BLE,1705097521037212853,DF:DF:EE:00:00:01,-68
BLE,1705097521477745823,D3:F4:55:AB:96:20,-78
BLE,1705097521663879537,D3:F4:55:AB:96:20,-86
BLE,1705097521666945710,DF:DF:EE:00:00:04,-39
BLE,1705097521668560899,DF:DF:EE:00:00:04,-38
BLE,1705097521858201031,D3:F4:55:AB:96:20,-76
BLE,1705097522045701771,D3:F4:55:AB:96:20,-72
BLE,1705097522238637906,D3:F4:55:AB:96:20,-75
BLE,1705097522665893696,DF:DF:EE:00:00:04,-39
BLE,1705097523123727173,DF:DF:EE:00:00:04,-39
BLE,1705097523196398830,D3:F4:55:AB:96:20,-70
BLE,1705097523389459755,D3:F4:55:AB:96:20,-79
BLE,1705097523583667417,D3:F4:55:AB:96:20,-58
BLE,1705097523667554527,DF:DF:EE:00:00:04,-39
BLE,1705097523772337477,D3:F4:55:AB:96:20,-76
BLE,1705097523968452784,D3:F4:55:AB:96:20,-58
BLE,1705097524125255755,DF:DF:EE:00:00:04,-39
BLE,1705097524156536184,D3:F4:55:AB:96:20,-75
BLE,1705097524354379553,D3:F4:55:AB:96:20,-76
BLE,1705097524541992376,D3:F4:55:AB:96:20,-71
BLE,1705097524661912192,DF:DF:EE:00:00:04,-38
BLE,1705097524738963214,D3:F4:55:AB:96:20,-75
BLE,1705097524926439454,D3:F4:55:AB:96:20,-56
BLE,1705097525124500447,DF:DF:EE:00:00:04,-40
BLE,1705097525506620719,D3:F4:55:AB:96:20,-61
BLE,1705097525694031293,D3:F4:55:AB:96:20,-71
BLE,1705097525888512411,D3:F4:55:AB:96:20,-92
BLE,1705097526084314429,D3:F4:55:AB:96:20,-69
BLE,1705097526133127779,DF:DF:EE:00:00:04,-39
BLE,1705097526461914671,D3:F4:55:AB:96:20,-67
BLE,1705097526651047600,D3:F4:55:AB:96:20,-76
BLE,1705097526665565265,DF:DF:EE:00:00:04,-38
BLE,1705097527028013891,D3:F4:55:AB:96:20,-68
BLE,1705097527597132367,D3:F4:55:AB:96:20,-76
BLE,1705097527783177916,D3:F4:55:AB:96:20,-70
BLE,1705097528121968400,DF:DF:EE:00:00:04,-39
BLE,1705097528169439890,D3:F4:55:AB:96:20,-70
BLE,1705097528562027166,D3:F4:55:AB:96:20,-76
BLE,1705097528666430787,DF:DF:EE:00:00:04,-39
BLE,1705097528749158285,D3:F4:55:AB:96:20,-70
BLE,1705097529127891139,DF:DF:EE:00:00:04,-40
BLE,1705097529328693724,D3:F4:55:AB:96:20,-75
BLE,1705097529669143439,DF:DF:EE:00:00:04,-40
BLE,1705097529709404346,D3:F4:55:AB:96:20,-70
BLE,1705097529900992164,D3:F4:55:AB:96:20,-56
BLE,1705097530127077914,DF:DF:EE:00:00:04,-39
BLE,1705097530128626230,DF:DF:EE:00:00:04,-38
BLE,1705097530481537675,D3:F4:55:AB:96:20,-71
BLE,1705097531060508870,D3:F4:55:AB:96:20,-76
BLE,1705097531634379083,D3:F4:55:AB:96:20,-57
BLE,1705097532020456726,D3:F4:55:AB:96:20,-68
BLE,1705097532597109240,D3:F4:55:AB:96:20,-70
BLE,1705097532795843558,D3:F4:55:AB:96:20,-76
BLE,1705097533375241915,D3:F4:55:AB:96:20,-69
BLE,1705097533669705330,DF:DF:EE:00:00:04,-40
BLE,1705097533942448622,D3:F4:55:AB:96:20,-92
BLE,1705097534133597070,D3:F4:55:AB:96:20,-69
BLE,1705097534325918171,D3:F4:55:AB:96:20,-75
BLE,1705097534666202262,DF:DF:EE:00:00:04,-38
BLE,1705097534711523069,D3:F4:55:AB:96:20,-70
BLE,1705097534908398159,D3:F4:55:AB:96:20,-75
BLE,1705097535031242358,DF:A6:DC:DC:2E:81,-67
BLE,1705097535031260983,DF:DF:EE:00:00:01,-67
BLE,1705097535099168861,D3:F4:55:AB:96:20,-56
BLE,1705097535120882442,DF:DF:EE:00:00:04,-39
BLE,1705097535290901802,D3:F4:55:AB:96:20,-76
BLE,1705097535660293430,DF:DF:EE:00:00:04,-38
BLE,1705097535872199012,D3:F4:55:AB:96:20,-68
BLE,1705097536065439685,D3:F4:55:AB:96:20,-57
BLE,1705097536259904678,D3:F4:55:AB:96:20,-76
BLE,1705097536447510500,D3:F4:55:AB:96:20,-70
BLE,1705097536638785488,D3:F4:55:AB:96:20,-95
BLE,1705097536829212736,D3:F4:55:AB:96:20,-70
BLE,1705097537024619425,D3:F4:55:AB:96:20,-76
BLE,1705097537129293669,DF:DF:EE:00:00:04,-38
BLE,1705097537411420894,D3:F4:55:AB:96:20,-56
BLE,1705097537664469206,DF:DF:EE:00:00:04,-38
BLE,1705097537797246248,D3:F4:55:AB:96:20,-71
BLE,1705097538382327164,D3:F4:55:AB:96:20,-71
BLE,1705097538580281283,D3:F4:55:AB:96:20,-76
BLE,1705097538662594911,DF:DF:EE:00:00:04,-39
BLE,1705097538765813879,D3:F4:55:AB:96:20,-70
BLE,1705097539160198176,D3:F4:55:AB:96:20,-76
BLE,1705097539356033152,D3:F4:55:AB:96:20,-67
BLE,1705097539661832311,DF:DF:EE:00:00:04,-39
BLE,1705097539739877571,D3:F4:55:AB:96:20,-68
BLE,1705097539933805945,D3:F4:55:AB:96:20,-70
BLE,1705097540129855836,DF:DF:EE:00:00:04,-52
BLE,1705097540511237367,D3:F4:55:AB:96:20,-75
BLE,1705097540700134174,D3:F4:55:AB:96:20,-56
BLE,1705097540895163160,D3:F4:55:AB:96:20,-76
BLE,1705097541081141292,D3:F4:55:AB:96:20,-70
BLE,1705097541270367887,D3:F4:55:AB:96:20,-69
BLE,1705097541399024894,DF:A6:DC:DC:2E:81,-68
BLE,1705097541399102393,DF:DF:EE:00:00:01,-68
BLE,1705097541658315759,D3:F4:55:AB:96:20,-75
BLE,1705097541668178478,DF:DF:EE:00:00:04,-23
BLE,1705097541849332625,D3:F4:55:AB:96:20,-70
BLE,1705097542131903761,DF:DF:EE:00:00:04,-40
BLE,1705097542238308192,D3:F4:55:AB:96:20,-68
BLE,1705097542809606102,D3:F4:55:AB:96:20,-76
BLE,1705097542995830982,D3:F4:55:AB:96:20,-71
BLE,1705097543192107953,D3:F4:55:AB:96:20,-75
BLE,1705097543377390177,D3:F4:55:AB:96:20,-70
BLE,1705097543570724975,D3:F4:55:AB:96:20,-77
BLE,1705097543665371584,DF:DF:EE:00:00:04,-40
BLE,1705097543761556843,D3:F4:55:AB:96:20,-69
BLE,1705097543948300300,DF:A6:DC:DC:2E:81,-73
BLE,1705097543948362299,DF:DF:EE:00:00:01,-73
BLE,1705097543956887325,D3:F4:55:AB:96:20,-75
BLE,1705097544124935249,DF:DF:EE:00:00:04,-39
BLE,1705097544144833685,D3:F4:55:AB:96:20,-71
BLE,1705097544339665215,D3:F4:55:AB:96:20,-92
BLE,1705097544662146180,DF:DF:EE:00:00:04,-38
BLE,1705097544728277204,D3:F4:55:AB:96:20,-70
BLE,1705097544920775677,D3:F4:55:AB:96:20,-76
BLE,1705097545106445063,D3:F4:55:AB:96:20,-70
BLE,1705097545223674369,DF:A6:DC:DC:2E:81,-67
BLE,1705097545223688202,DF:DF:EE:00:00:01,-67
BLE,1705097545305439087,D3:F4:55:AB:96:20,-76
BLE,1705097545492995284,D3:F4:55:AB:96:20,-73
BLE,1705097545664818456,DF:DF:EE:00:00:04,-40
BLE,1705097545876196503,D3:F4:55:AB:96:20,-70
BLE,1705097546129956098,DF:DF:EE:00:00:04,-39
BLE,1705097546271489997,D3:F4:55:AB:96:20,-75
BLE,1705097546464005929,D3:F4:55:AB:96:20,-68
BLE,1705097546657238686,D3:F4:55:AB:96:20,-77
BLE,1705097546664020149,DF:DF:EE:00:00:04,-24
BLE,1705097547039724704,D3:F4:55:AB:96:20,-75
BLE,1705097547128558256,DF:DF:EE:00:00:04,-40
BLE,1705097547227826187,D3:F4:55:AB:96:20,-71
BLE,1705097547422219722,D3:F4:55:AB:96:20,-75
BLE,1705097547610398871,D3:F4:55:AB:96:20,-72
BLE,1705097547804551117,D3:F4:55:AB:96:20,-76
BLE,1705097547990600665,D3:F4:55:AB:96:20,-57
BLE,1705097548123356707,DF:DF:EE:00:00:04,-39
BLE,1705097548181410825,D3:F4:55:AB:96:20,-77
BLE,1705097548373244890,D3:F4:55:AB:96:20,-70
BLE,1705097548567221638,D3:F4:55:AB:96:20,-75
BLE,1705097548754524880,D3:F4:55:AB:96:20,-72
BLE,1705097549132595325,DF:DF:EE:00:00:04,-40
BLE,1705097549139566535,D3:F4:55:AB:96:20,-70
BLE,1705097549532370475,D3:F4:55:AB:96:20,-75
BLE,1705097549906986127,D3:F4:55:AB:96:20,-68
BLE,1705097550297394636,D3:F4:55:AB:96:20,-75
BLE,1705097550311755428,DF:A6:DC:DC:2E:81,-71
BLE,1705097550311783719,DF:DF:EE:00:00:01,-71
BLE,1705097550662905060,DF:DF:EE:00:00:04,-39
BLE,1705097550873219118,D3:F4:55:AB:96:20,-70
BLE,1705097551125449815,DF:DF:EE:00:00:04,-39
BLE,1705097551634523947,D3:F4:55:AB:96:20,-91
BLE,1705097551670440363,DF:DF:EE:00:00:04,-39
BLE,1705097552122767071,DF:DF:EE:00:00:04,-40
BLE,1705097552209138235,D3:F4:55:AB:96:20,-76
BLE,1705097552404155387,D3:F4:55:AB:96:20,-68
BLE,1705097552668189656,DF:DF:EE:00:00:04,-55
BLE,1705097552796634415,D3:F4:55:AB:96:20,-77
BLE,1705097552982555673,D3:F4:55:AB:96:20,-70
BLE,1705097553132419766,DF:DF:EE:00:00:04,-51
BLE,1705097553367074834,D3:F4:55:AB:96:20,-70
BLE,1705097553559644474,D3:F4:55:AB:96:20,-76
BLE,1705097553660340555,DF:DF:EE:00:00:04,-39
BLE,1705097553751852992,D3:F4:55:AB:96:20,-70
BLE,1705097553943698432,D3:F4:55:AB:96:20,-61
BLE,1705097554129631190,DF:DF:EE:00:00:04,-39
BLE,1705097554132885652,DF:A6:DC:DC:2E:81,-68
BLE,1705097554132896610,DF:DF:EE:00:00:01,-68
BLE,1705097554723486713,D3:F4:55:AB:96:20,-67
BLE,1705097555128002892,DF:DF:EE:00:00:04,-39
BLE,1705097555491341966,D3:F4:55:AB:96:20,-68
BLE,1705097555663573841,DF:DF:EE:00:00:04,-39
BLE,1705097556064280814,D3:F4:55:AB:96:20,-72
BLE,1705097556260625243,D3:F4:55:AB:96:20,-75
BLE,1705097556450051169,D3:F4:55:AB:96:20,-70
BLE,1705097556639323014,D3:F4:55:AB:96:20,-58
BLE,1705097556669368873,DF:DF:EE:00:00:04,-39
BLE,1705097557028468038,D3:F4:55:AB:96:20,-76
BLE,1705097557125823033,DF:DF:EE:00:00:04,-39
BLE,1705097557214760792,D3:F4:55:AB:96:20,-84
BLE,1705097557405379454,D3:F4:55:AB:96:20,-68
BLE,1705097557792291879,D3:F4:55:AB:96:20,-75
BLE,1705097557960385386,DF:A6:DC:DC:2E:81,-67
BLE,1705097557960418386,DF:DF:EE:00:00:01,-67
BLE,1705097557982142925,D3:F4:55:AB:96:20,-56
BLE,1705097558369309931,D3:F4:55:AB:96:20,-68
BLE,1705097558559351016,D3:F4:55:AB:96:20,-76
BLE,1705097558662304613,DF:DF:EE:00:00:04,-37
BLE,1705097558939075192,D3:F4:55:AB:96:20,-75
BLE,1705097559133611891,D3:F4:55:AB:96:20,-69
BLE,1705097559325352666,D3:F4:55:AB:96:20,-75
BLE,1705097559666313457,DF:DF:EE:00:00:04,-39
BLE,1705097559710553819,D3:F4:55:AB:96:20,-87
BLE,1705097559899698081,D3:F4:55:AB:96:20,-58
BLE,1705097560500948518,DF:A6:DC:DC:2E:81,-69
BLE,1705097560500982560,DF:DF:EE:00:00:01,-69
BLE,1705097560859787144,D3:F4:55:AB:96:20,-72
BLE,1705097561054047473,D3:F4:55:AB:96:20,-75
BLE,1705097561123394584,DF:DF:EE:00:00:04,-23
BLE,1705097561433093947,D3:F4:55:AB:96:20,-58
BLE,1705097561662370494,DF:DF:EE:00:00:04,-56
BLE,1705097561821415564,D3:F4:55:AB:96:20,-75
BLE,1705097562132267831,DF:DF:EE:00:00:04,-38
BLE,1705097562203677127,D3:F4:55:AB:96:20,-75
BLE,1705097562592574904,D3:F4:55:AB:96:20,-71
BLE,1705097562662147721,DF:DF:EE:00:00:04,-38
BLE,1705097562789794739,D3:F4:55:AB:96:20,-76
BLE,1705097562977622184,D3:F4:55:AB:96:20,-70
BLE,1705097563044227869,DF:A6:DC:DC:2E:81,-68
BLE,1705097563044296743,DF:DF:EE:00:00:01,-68
BLE,1705097563370249709,D3:F4:55:AB:96:20,-76
BLE,1705097563558709063,D3:F4:55:AB:96:20,-70
BLE,1705097563662761063,DF:DF:EE:00:00:04,-51
BLE,1705097563756039939,D3:F4:55:AB:96:20,-76
BLE,1705097564120320502,DF:DF:EE:00:00:04,-39
BLE,1705097564667858021,DF:DF:EE:00:00:04,-38
BLE,1705097564911100405,D3:F4:55:AB:96:20,-70
BLE,1705097565478870189,D3:F4:55:AB:96:20,-67
BLE,1705097565591295509,DF:A6:DC:DC:2E:81,-71
BLE,1705097565591338133,DF:DF:EE:00:00:01,-71
BLE,1705097565662763054,DF:DF:EE:00:00:04,-51
BLE,1705097565669105314,D3:F4:55:AB:96:20,-76
BLE,1705097566129284013,DF:DF:EE:00:00:04,-38
BLE,1705097566438717296,D3:F4:55:AB:96:20,-70
BLE,1705097566634871311,D3:F4:55:AB:96:20,-76
BLE,1705097566667792887,DF:DF:EE:00:00:04,-50
BLE,1705097567023626131,D3:F4:55:AB:96:20,-71
BLE,1705097567122908062,DF:DF:EE:00:00:04,-38
BLE,1705097567220194766,D3:F4:55:AB:96:20,-75
BLE,1705097567410746554,D3:F4:55:AB:96:20,-70
BLE,1705097567664958853,DF:DF:EE:00:00:04,-38
BLE,1705097567799694247,D3:F4:55:AB:96:20,-58
BLE,1705097568189708428,D3:F4:55:AB:96:20,-76
BLE,1705097568580382101,D3:F4:55:AB:96:20,-70
BLE,1705097568662541522,DF:DF:EE:00:00:04,-40
BLE,1705097568771502549,D3:F4:55:AB:96:20,-76
BLE,1705097568959807238,D3:F4:55:AB:96:20,-70
BLE,1705097569154918681,D3:F4:55:AB:96:20,-76
BLE,1705097569347880858,D3:F4:55:AB:96:20,-68
BLE,1705097569542558223,D3:F4:55:AB:96:20,-87
BLE,1705097569666971778,DF:DF:EE:00:00:04,-51
BLE,1705097569737321212,D3:F4:55:AB:96:20,-75
BLE,1705097569927375922,D3:F4:55:AB:96:20,-56
BLE,1705097570506205703,D3:F4:55:AB:96:20,-76
BLE,1705097570691392886,D3:F4:55:AB:96:20,-89
BLE,1705097571122348008,DF:DF:EE:00:00:04,-22
BLE,1705097571267193785,D3:F4:55:AB:96:20,-76
BLE,1705097571458902435,D3:F4:55:AB:96:20,-70
BLE,1705097571660939547,DF:DF:EE:00:00:04,-38
BLE,1705097571953505526,DF:A6:DC:DC:2E:81,-67
BLE,1705097571953544526,DF:DF:EE:00:00:01,-67
BLE,1705097572045079796,D3:F4:55:AB:96:20,-71
BLE,1705097572625145938,D3:F4:55:AB:96:20,-57
BLE,1705097572666365626,DF:DF:EE:00:00:04,-56
BLE,1705097573121260720,DF:DF:EE:00:00:04,-38
BLE,1705097573202303279,D3:F4:55:AB:96:20,-76
BLE,1705097573394725170,D3:F4:55:AB:96:20,-70
BLE,1705097573592286710,D3:F4:55:AB:96:20,-70
BLE,1705097573660142672,DF:DF:EE:00:00:04,-56
BLE,1705097573975868924,D3:F4:55:AB:96:20,-70
BLE,1705097574130477379,DF:DF:EE:00:00:04,-39
BLE,1705097574173080760,D3:F4:55:AB:96:20,-75
BLE,1705097574361601738,D3:F4:55:AB:96:20,-72
BLE,1705097574502185897,DF:A6:DC:DC:2E:81,-72
BLE,1705097574502220397,DF:DF:EE:00:00:01,-72
BLE,1705097574557603129,D3:F4:55:AB:96:20,-76
BLE,1705097574750176643,D3:F4:55:AB:96:20,-68
BLE,1705097574941069469,D3:F4:55:AB:96:20,-61
BLE,1705097575122715819,DF:DF:EE:00:00:04,-55
BLE,1705097575324955138,D3:F4:55:AB:96:20,-71
BLE,1705097575524253616,D3:F4:55:AB:96:20,-75
BLE,1705097575904603325,D3:F4:55:AB:96:20,-68
BLE,1705097576091854318,D3:F4:55:AB:96:20,-70
BLE,1705097576128775015,DF:DF:EE:00:00:04,-28
BLE,1705097576282860518,D3:F4:55:AB:96:20,-69
BLE,1705097576662592193,DF:DF:EE:00:00:04,-39
BLE,1705097577040868093,D3:F4:55:AB:96:20,-71
BLE,1705097577042295201,D3:F4:55:AB:96:20,-69
BLE,1705097577123070847,DF:DF:EE:00:00:04,-39
BLE,1705097577235844455,D3:F4:55:AB:96:20,-65
BLE,1705097577432677045,D3:F4:55:AB:96:20,-76
BLE,1705097577625833594,D3:F4:55:AB:96:20,-71
BLE,1705097577627159454,D3:F4:55:AB:96:20,-68
BLE,1705097578010928082,D3:F4:55:AB:96:20,-68
BLE,1705097578321207396,DF:A6:DC:DC:2E:81,-68
BLE,1705097578321244396,DF:DF:EE:00:00:01,-68
BLE,1705097578390924754,D3:F4:55:AB:96:20,-72
BLE,1705097578392253697,D3:F4:55:AB:96:20,-67
BLE,1705097578587807260,D3:F4:55:AB:96:20,-70
BLE,1705097578786458287,D3:F4:55:AB:96:20,-76
BLE,1705097579172977717,D3:F4:55:AB:96:20,-56
BLE,1705097579366190724,D3:F4:55:AB:96:20,-69
BLE,1705097579662054539,DF:DF:EE:00:00:04,-40
BLE,1705097580120267387,DF:DF:EE:00:00:04,-38
BLE,1705097580329402250,D3:F4:55:AB:96:20,-67
BLE,1705097580524017491,D3:F4:55:AB:96:20,-70
BLE,1705097580865296196,DF:A6:DC:DC:2E:81,-67
BLE,1705097580865328862,DF:DF:EE:00:00:01,-67
BLE,1705097581855484118,D3:F4:55:AB:96:20,-70
BLE,1705097582045721743,D3:F4:55:AB:96:20,-76
BLE,1705097582241303931,D3:F4:55:AB:96:20,-69
BLE,1705097582660496148,DF:DF:EE:00:00:04,-39
BLE,1705097583125527291,DF:DF:EE:00:00:04,-39
BLE,1705097583584118467,D3:F4:55:AB:96:20,-70
BLE,1705097583666173431,DF:DF:EE:00:00:04,-40
BLE,1705097583779063996,D3:F4:55:AB:96:20,-76
BLE,1705097583968791293,D3:F4:55:AB:96:20,-71
BLE,1705097584123012961,DF:DF:EE:00:00:04,-39
BLE,1705097584555843312,D3:F4:55:AB:96:20,-71
BLE,1705097584665390998,DF:DF:EE:00:00:04,-38
BLE,1705097584940272182,D3:F4:55:AB:96:20,-68
BLE,1705097585129123656,D3:F4:55:AB:96:20,-76
BLE,1705097585519462583,D3:F4:55:AB:96:20,-70
BLE,1705097585713831702,D3:F4:55:AB:96:20,-76
BLE,1705097585902533428,D3:F4:55:AB:96:20,-88
BLE,1705097586096820506,D3:F4:55:AB:96:20,-76
BLE,1705097586293209684,D3:F4:55:AB:96:20,-69
BLE,1705097586665735485,DF:DF:EE:00:00:04,-23
BLE,1705097586870670814,D3:F4:55:AB:96:20,-56
BLE,1705097587063258828,D3:F4:55:AB:96:20,-76
BLE,1705097587131529161,DF:DF:EE:00:00:04,-39
BLE,1705097587251477727,D3:F4:55:AB:96:20,-71
BLE,1705097587637025626,D3:F4:55:AB:96:20,-71
BLE,1705097587660797808,DF:DF:EE:00:00:04,-39
BLE,1705097587831455702,D3:F4:55:AB:96:20,-75
BLE,1705097588024255756,D3:F4:55:AB:96:20,-67
BLE,1705097588215034124,D3:F4:55:AB:96:20,-76
BLE,1705097588406328487,D3:F4:55:AB:96:20,-67
BLE,1705097588601652886,D3:F4:55:AB:96:20,-70
BLE,1705097588662502221,DF:DF:EE:00:00:04,-23
BLE,1705097589178411941,D3:F4:55:AB:96:20,-75
BLE,1705097589368383194,D3:F4:55:AB:96:20,-70
BLE,1705097589663374519,DF:DF:EE:00:00:04,-39
BLE,1705097589761676003,D3:F4:55:AB:96:20,-68
BLE,1705097589952643744,D3:F4:55:AB:96:20,-70
BLE,1705097590123763091,DF:DF:EE:00:00:04,-40
BLE,1705097590334013734,D3:F4:55:AB:96:20,-70
BLE,1705097591099041019,D3:F4:55:AB:96:20,-70
BLE,1705097591123814524,DF:DF:EE:00:00:04,-39
BLE,1705097591298270707,D3:F4:55:AB:96:20,-75
BLE,1705097591484307839,D3:F4:55:AB:96:20,-71
BLE,1705097591868221757,D3:F4:55:AB:96:20,-70
BLE,1705097592129209810,DF:DF:EE:00:00:04,-39
BLE,1705097592264231701,D3:F4:55:AB:96:20,-75
BLE,1705097592453007885,D3:F4:55:AB:96:20,-70
BLE,1705097592663077946,DF:DF:EE:00:00:04,-39
BLE,1705097593217465135,D3:F4:55:AB:96:20,-70
BLE,1705097593409127785,D3:F4:55:AB:96:20,-69
BLE,1705097593595337624,D3:F4:55:AB:96:20,-69
BLE,1705097593790149112,D3:F4:55:AB:96:20,-76
BLE,1705097594125446512,DF:DF:EE:00:00:04,-38
BLE,1705097594177698988,D3:F4:55:AB:96:20,-89
BLE,1705097594560783083,D3:F4:55:AB:96:20,-62
BLE,1705097594664065467,DF:DF:EE:00:00:04,-39
BLE,1705097594752797645,D3:F4:55:AB:96:20,-67
BLE,1705097595128221662,DF:DF:EE:00:00:04,-38
BLE,1705097595324826421,D3:F4:55:AB:96:20,-91
BLE,1705097595511801751,D3:F4:55:AB:96:20,-70
BLE,1705097595663152702,DF:DF:EE:00:00:04,-39
BLE,1705097595703110988,D3:F4:55:AB:96:20,-75
BLE,1705097595890508063,D3:F4:55:AB:96:20,-70
BLE,1705097596089800749,D3:F4:55:AB:96:20,-75
BLE,1705097596128311719,DF:DF:EE:00:00:04,-51
BLE,1705097596281030904,D3:F4:55:AB:96:20,-68
BLE,1705097597122452262,DF:DF:EE:00:00:04,-39
BLE,1705097597246323990,D3:F4:55:AB:96:20,-70
BLE,1705097597664478344,DF:DF:EE:00:00:04,-39
BLE,1705097598025200573,D3:F4:55:AB:96:20,-91
BLE,1705097598600983639,D3:F4:55:AB:96:20,-69
BLE,1705097598663656287,DF:DF:EE:00:00:04,-39
BLE,1705097598706854952,DF:A6:DC:DC:2E:81,-69
BLE,1705097598706885410,DF:DF:EE:00:00:01,-69
BLE,1705097598796942656,D3:F4:55:AB:96:20,-70
BLE,1705097598992144390,D3:F4:55:AB:96:20,-76
BLE,1705097599126054669,DF:DF:EE:00:00:04,-39
BLE,1705097599377450667,D3:F4:55:AB:96:20,-72
BLE,1705097599761710915,D3:F4:55:AB:96:20,-71
BLE,1705097599955626997,D3:F4:55:AB:96:20,-75
BLE,1705097600151809053,D3:F4:55:AB:96:20,-68
BLE,1705097601108436114,D3:F4:55:AB:96:20,-88
BLE,1705097601125417917,DF:DF:EE:00:00:04,-40
BLE,1705097601302894315,D3:F4:55:AB:96:20,-68
BLE,1705097601497709345,D3:F4:55:AB:96:20,-71
BLE,1705097601669160730,DF:DF:EE:00:00:04,-39
BLE,1705097601690356109,D3:F4:55:AB:96:20,-75
BLE,1705097601876492823,D3:F4:55:AB:96:20,-56
BLE,1705097602066846071,D3:F4:55:AB:96:20,-69
BLE,1705097602649815845,D3:F4:55:AB:96:20,-68
BLE,1705097602838598237,D3:F4:55:AB:96:20,-76
BLE,1705097603024539912,D3:F4:55:AB:96:20,-56
BLE,1705097603120871502,DF:DF:EE:00:00:04,-39
BLE,1705097603789855528,D3:F4:55:AB:96:20,-70
BLE,1705097603978583295,D3:F4:55:AB:96:20,-68
BLE,1705097604121818716,DF:DF:EE:00:00:04,-52
BLE,1705097604168604756,D3:F4:55:AB:96:20,-76
BLE,1705097604363294079,D3:F4:55:AB:96:20,-69
BLE,1705097604738571223,D3:F4:55:AB:96:20,-71
BLE,1705097604932972674,D3:F4:55:AB:96:20,-75
BLE,1705097605074704320,DF:A6:DC:DC:2E:81,-67
BLE,1705097605074735487,DF:DF:EE:00:00:01,-67
BLE,1705097605126733050,DF:DF:EE:00:00:04,-39
BLE,1705097605324129758,D3:F4:55:AB:96:20,-70
BLE,1705097605519124911,D3:F4:55:AB:96:20,-76
BLE,1705097605658396294,DF:DF:EE:00:00:04,-38
BLE,1705097605898317926,D3:F4:55:AB:96:20,-76
BLE,1705097606086708406,D3:F4:55:AB:96:20,-71
BLE,1705097606120295432,DF:DF:EE:00:00:04,-40
BLE,1705097606282228844,D3:F4:55:AB:96:20,-88
BLE,1705097606470758072,D3:F4:55:AB:96:20,-70
BLE,1705097606663466918,D3:F4:55:AB:96:20,-77
BLE,1705097606851119615,D3:F4:55:AB:96:20,-70
BLE,1705097607049146441,D3:F4:55:AB:96:20,-75
BLE,1705097607624638719,DF:A6:DC:DC:2E:81,-72
BLE,1705097607624699801,DF:DF:EE:00:00:01,-72
BLE,1705097607657768751,DF:DF:EE:00:00:04,-51
BLE,1705097608201423981,D3:F4:55:AB:96:20,-87
BLE,1705097608394643988,D3:F4:55:AB:96:20,-76
BLE,1705097608580347041,D3:F4:55:AB:96:20,-71
BLE,1705097608663833030,DF:DF:EE:00:00:04,-40
BLE,1705097609153348556,D3:F4:55:AB:96:20,-68
BLE,1705097609343750929,D3:F4:55:AB:96:20,-76
BLE,1705097609661079828,DF:DF:EE:00:00:04,-39
BLE,1705097609729432410,D3:F4:55:AB:96:20,-70
BLE,1705097609924444312,D3:F4:55:AB:96:20,-65
BLE,1705097610114837352,D3:F4:55:AB:96:20,-72
BLE,1705097610121966311,DF:DF:EE:00:00:04,-39
BLE,1705097610662114666,DF:DF:EE:00:00:04,-38
BLE,1705097610700153391,D3:F4:55:AB:96:20,-70
BLE,1705097610895476957,D3:F4:55:AB:96:20,-76
BLE,1705097611478633520,D3:F4:55:AB:96:20,-75
BLE,1705097611661391149,DF:DF:EE:00:00:04,-51
BLE,1705097611664796026,D3:F4:55:AB:96:20,-57
BLE,1705097612118434135,DF:DF:EE:00:00:04,-39
BLE,1705097612246168402,D3:F4:55:AB:96:20,-76
BLE,1705097612433132190,D3:F4:55:AB:96:20,-71
BLE,1705097612627277019,D3:F4:55:AB:96:20,-75
BLE,1705097613206624460,D3:F4:55:AB:96:20,-69
BLE,1705097613400220796,D3:F4:55:AB:96:20,-70
BLE,1705097613595830775,D3:F4:55:AB:96:20,-76
BLE,1705097613788967033,D3:F4:55:AB:96:20,-69
BLE,1705097613980765932,D3:F4:55:AB:96:20,-70
BLE,1705097614120567184,DF:DF:EE:00:00:04,-38
BLE,1705097614176473451,D3:F4:55:AB:96:20,-76
BLE,1705097614368309933,D3:F4:55:AB:96:20,-70
BLE,1705097614561192444,D3:F4:55:AB:96:20,-76
BLE,1705097614657545575,DF:DF:EE:00:00:04,-39
BLE,1705097614751772440,D3:F4:55:AB:96:20,-70
BLE,1705097615124576153,DF:DF:EE:00:00:04,-40
BLE,1705097615265880971,DF:A6:DC:DC:2E:81,-67
BLE,1705097615265915721,DF:DF:EE:00:00:01,-67
BLE,1705097615331522876,D3:F4:55:AB:96:20,-70
BLE,1705097615530087238,D3:F4:55:AB:96:20,-75
BLE,1705097615662724823,DF:DF:EE:00:00:04,-40
BLE,1705097615726023796,D3:F4:55:AB:96:20,-68
BLE,1705097616113694004,D3:F4:55:AB:96:20,-76
BLE,1705097616124236257,DF:DF:EE:00:00:04,-39
BLE,1705097616125674490,DF:DF:EE:00:00:04,-38
BLE,1705097616306181686,D3:F4:55:AB:96:20,-68
BLE,1705097616658655136,DF:DF:EE:00:00:04,-51
BLE,1705097616689788191,D3:F4:55:AB:96:20,-67
BLE,1705097616883367694,D3:F4:55:AB:96:20,-70
BLE,1705097617128188477,DF:DF:EE:00:00:04,-40
BLE,1705097617652841387,D3:F4:55:AB:96:20,-70
BLE,1705097617668246874,DF:DF:EE:00:00:04,-40
BLE,1705097618032708102,D3:F4:55:AB:96:20,-84
BLE,1705097618227464424,D3:F4:55:AB:96:20,-61
BLE,1705097618665669087,DF:DF:EE:00:00:04,-39
BLE,1705097618813758868,D3:F4:55:AB:96:20,-75
BLE,1705097619093408455,DF:A6:DC:DC:2E:81,-68
BLE,1705097619093443371,DF:DF:EE:00:00:01,-68
BLE,1705097619119500735,DF:DF:EE:00:00:04,-39
BLE,1705097619205892691,D3:F4:55:AB:96:20,-69
BLE,1705097619593585940,D3:F4:55:AB:96:20,-68
BLE,1705097619666178931,DF:DF:EE:00:00:04,-40
BLE,1705097619977821355,D3:F4:55:AB:96:20,-69
BLE,1705097620171403524,D3:F4:55:AB:96:20,-70
BLE,1705097620360977240,D3:F4:55:AB:96:20,-69
BLE,1705097620371392327,DF:A6:DC:DC:2E:81,-54
BLE,1705097620371423535,DF:DF:EE:00:00:01,-54
BLE,1705097620552827221,D3:F4:55:AB:96:20,-70
BLE,1705097620746176727,D3:F4:55:AB:96:20,-76
BLE,1705097621118162575,DF:DF:EE:00:00:04,-50
BLE,1705097621132459284,D3:F4:55:AB:96:20,-75
BLE,1705097621324663303,D3:F4:55:AB:96:20,-69
BLE,1705097621657423606,DF:DF:EE:00:00:04,-39
BLE,1705097622095902225,D3:F4:55:AB:96:20,-76
BLE,1705097622121279638,DF:DF:EE:00:00:04,-39
BLE,1705097622283711128,D3:F4:55:AB:96:20,-72
BLE,1705097622849594433,D3:F4:55:AB:96:20,-71
BLE,1705097622916554156,DF:A6:DC:DC:2E:81,-67
BLE,1705097622916587781,DF:DF:EE:00:00:01,-67
BLE,1705097623046300108,D3:F4:55:AB:96:20,-61
BLE,1705097623434109981,D3:F4:55:AB:96:20,-70
BLE,1705097623661509300,DF:DF:EE:00:00:04,-39
BLE,1705097624019677850,D3:F4:55:AB:96:20,-72
BLE,1705097624216377525,D3:F4:55:AB:96:20,-76
BLE,1705097624800000792,D3:F4:55:AB:96:20,-75
BLE,1705097625121092397,DF:DF:EE:00:00:04,-39
BLE,1705097625183336008,D3:F4:55:AB:96:20,-76
BLE,1705097625369523513,D3:F4:55:AB:96:20,-57
BLE,1705097625459632926,DF:A6:DC:DC:2E:81,-68
BLE,1705097625459662800,DF:DF:EE:00:00:01,-68
BLE,1705097625566360687,D3:F4:55:AB:96:20,-76
BLE,1705097625661215794,DF:DF:EE:00:00:04,-74
BLE,1705097626330582982,D3:F4:55:AB:96:20,-75
BLE,1705097626518244887,D3:F4:55:AB:96:20,-71
BLE,1705097626659545246,DF:DF:EE:00:00:04,-37
BLE,1705097626909584135,D3:F4:55:AB:96:20,-69
BLE,1705097627101496866,D3:F4:55:AB:96:20,-70
BLE,1705097627122775785,DF:DF:EE:00:00:04,-38
BLE,1705097627294280294,D3:F4:55:AB:96:20,-76
BLE,1705097627486998807,D3:F4:55:AB:96:20,-70
BLE,1705097627872352250,D3:F4:55:AB:96:20,-68
BLE,1705097628011248013,DF:A6:DC:DC:2E:81,-71
BLE,1705097628011263346,DF:DF:EE:00:00:01,-71
BLE,1705097628060808021,D3:F4:55:AB:96:20,-75
BLE,1705097628250288030,D3:F4:55:AB:96:20,-70
BLE,1705097628638946434,D3:F4:55:AB:96:20,-69
BLE,1705097628659689319,DF:DF:EE:00:00:04,-39
BLE,1705097629026238105,D3:F4:55:AB:96:20,-76
BLE,1705097629120061266,DF:DF:EE:00:00:04,-24
BLE,1705097629281217812,DF:A6:DC:DC:2E:81,-69
BLE,1705097629281250270,DF:DF:EE:00:00:01,-69
BLE,1705097629402988273,D3:F4:55:AB:96:20,-58
BLE,1705097629791739760,D3:F4:55:AB:96:20,-93
BLE,1705097630182761096,D3:F4:55:AB:96:20,-70
BLE,1705097630572174742,D3:F4:55:AB:96:20,-58
BLE,1705097630951060427,D3:F4:55:AB:96:20,-57
BLE,1705097631126529557,DF:DF:EE:00:00:04,-40
BLE,1705097631142314707,D3:F4:55:AB:96:20,-75
BLE,1705097631529215090,D3:F4:55:AB:96:20,-77
BLE,1705097631661510929,DF:DF:EE:00:00:04,-40
BLE,1705097631830930338,DF:A6:DC:DC:2E:81,-71
BLE,1705097631830966379,DF:DF:EE:00:00:01,-71
BLE,1705097631915445231,D3:F4:55:AB:96:20,-87
BLE,1705097632123573857,DF:DF:EE:00:00:04,-38
BLE,1705097632304763587,D3:F4:55:AB:96:20,-58
BLE,1705097632499808614,D3:F4:55:AB:96:20,-70
BLE,1705097632699892667,D3:F4:55:AB:96:20,-76
BLE,1705097633123068379,DF:DF:EE:00:00:04,-40
BLE,1705097633278822821,D3:F4:55:AB:96:20,-75
BLE,1705097633849680069,D3:F4:55:AB:96:20,-70
BLE,1705097634047298525,D3:F4:55:AB:96:20,-95
BLE,1705097634118981818,DF:DF:EE:00:00:04,-22
BLE,1705097634435897722,D3:F4:55:AB:96:20,-70
BLE,1705097634820662422,D3:F4:55:AB:96:20,-70
BLE,1705097635589149126,D3:F4:55:AB:96:20,-68
BLE,1705097635666064108,DF:DF:EE:00:00:04,-39
BLE,1705097635784368276,D3:F4:55:AB:96:20,-70
BLE,1705097635979082349,D3:F4:55:AB:96:20,-75
BLE,1705097636123060428,DF:DF:EE:00:00:04,-38
BLE,1705097636169253308,D3:F4:55:AB:96:20,-70
BLE,1705097636358441779,D3:F4:55:AB:96:20,-58
BLE,1705097637317580144,D3:F4:55:AB:96:20,-70
BLE,1705097637708875685,D3:F4:55:AB:96:20,-69
BLE,1705097638096326437,D3:F4:55:AB:96:20,-75
BLE,1705097638124189030,DF:DF:EE:00:00:04,-39
BLE,1705097638484130769,D3:F4:55:AB:96:20,-70
BLE,1705097639064155910,D3:F4:55:AB:96:20,-75
BLE,1705097639249763214,D3:F4:55:AB:96:20,-70
BLE,1705097639661737556,DF:DF:EE:00:00:04,-39
BLE,1705097639828511912,D3:F4:55:AB:96:20,-75
BLE,1705097640014978081,D3:F4:55:AB:96:20,-70
BLE,1705097640212022168,D3:F4:55:AB:96:20,-76
BLE,1705097640398622460,D3:F4:55:AB:96:20,-71
BLE,1705097640660472337,DF:DF:EE:00:00:04,-40
BLE,1705097641172423436,D3:F4:55:AB:96:20,-69
BLE,1705097641366132562,D3:F4:55:AB:96:20,-72
BLE,1705097641555853943,D3:F4:55:AB:96:20,-68
BLE,1705097641665843208,DF:DF:EE:00:00:04,-39
BLE,1705097641748167085,D3:F4:55:AB:96:20,-70
BLE,1705097641944448723,D3:F4:55:AB:96:20,-75
BLE,1705097642127003771,DF:DF:EE:00:00:04,-23
BLE,1705097642130128151,D3:F4:55:AB:96:20,-71
BLE,1705097642329167424,D3:F4:55:AB:96:20,-76
BLE,1705097642517372406,D3:F4:55:AB:96:20,-70
BLE,1705097642710104585,D3:F4:55:AB:96:20,-93
BLE,1705097642902680766,D3:F4:55:AB:96:20,-68
BLE,1705097643093864963,D3:F4:55:AB:96:20,-76
BLE,1705097643120218616,DF:DF:EE:00:00:04,-38
BLE,1705097643285486531,D3:F4:55:AB:96:20,-68
BLE,1705097643476142109,D3:F4:55:AB:96:20,-76
BLE,1705097643864229854,D3:F4:55:AB:96:20,-70
BLE,1705097644561284887,DF:A6:DC:DC:2E:81,-69
BLE,1705097644561323345,DF:DF:EE:00:00:01,-69
BLE,1705097644631115034,D3:F4:55:AB:96:20,-70
BLE,1705097644668151146,DF:DF:EE:00:00:04,-40
BLE,1705097644824374624,D3:F4:55:AB:96:20,-60
BLE,1705097645013993923,D3:F4:55:AB:96:20,-70
BLE,1705097645121827921,DF:DF:EE:00:00:04,-22
BLE,1705097645211307007,D3:F4:55:AB:96:20,-70
BLE,1705097645410548694,D3:F4:55:AB:96:20,-75
BLE,1705097645659641678,DF:DF:EE:00:00:04,-24
BLE,1705097646186928723,D3:F4:55:AB:96:20,-58
BLE,1705097646383369485,D3:F4:55:AB:96:20,-71
BLE,1705097646574963677,D3:F4:55:AB:96:20,-68
BLE,1705097646662600701,DF:DF:EE:00:00:04,-42
BLE,1705097646765666213,D3:F4:55:AB:96:20,-70
BLE,1705097647122121659,DF:DF:EE:00:00:04,-40
BLE,1705097647726882346,D3:F4:55:AB:96:20,-61
BLE,1705097647920758429,D3:F4:55:AB:96:20,-58
BLE,1705097648111279092,D3:F4:55:AB:96:20,-75
BLE,1705097648305432338,D3:F4:55:AB:96:20,-68
BLE,1705097648501320106,D3:F4:55:AB:96:20,-70
BLE,1705097648657050715,DF:DF:EE:00:00:04,-39
BLE,1705097648693650373,D3:F4:55:AB:96:20,-76
BLE,1705097648881660857,D3:F4:55:AB:96:20,-70
BLE,1705097649075174278,D3:F4:55:AB:96:20,-75
BLE,1705097649126557889,DF:DF:EE:00:00:04,-39
BLE,1705097649262483562,D3:F4:55:AB:96:20,-70
BLE,1705097649456813014,D3:F4:55:AB:96:20,-76
BLE,1705097649644456461,D3:F4:55:AB:96:20,-71
BLE,1705097649664362938,DF:DF:EE:00:00:04,-40
BLE,1705097649833756013,D3:F4:55:AB:96:20,-68
BLE,1705097650027810802,D3:F4:55:AB:96:20,-70
BLE,1705097650227160821,D3:F4:55:AB:96:20,-77
BLE,1705097650658918809,DF:DF:EE:00:00:04,-38
BLE,1705097650814533544,D3:F4:55:AB:96:20,-70
BLE,1705097651009719320,D3:F4:55:AB:96:20,-75
BLE,1705097651126992750,DF:DF:EE:00:00:04,-56
BLE,1705097651399805000,D3:F4:55:AB:96:20,-71
BLE,1705097652659473835,DF:DF:EE:00:00:04,-39
BLE,1705097652744301058,D3:F4:55:AB:96:20,-75
BLE,1705097653118325550,DF:DF:EE:00:00:04,-39
BLE,1705097653134949273,D3:F4:55:AB:96:20,-70
BLE,1705097653326997336,D3:F4:55:AB:96:20,-76
BLE,1705097653480562053,DF:A6:DC:DC:2E:81,-73
BLE,1705097653480600678,DF:DF:EE:00:00:01,-73
BLE,1705097653514304536,D3:F4:55:AB:96:20,-70
BLE,1705097653666868724,DF:DF:EE:00:00:04,-40
BLE,1705097653900715550,D3:F4:55:AB:96:20,-70
BLE,1705097654660400523,DF:DF:EE:00:00:04,-39
BLE,1705097654856662328,D3:F4:55:AB:96:20,-92
BLE,1705097655044216734,D3:F4:55:AB:96:20,-70
BLE,1705097655122020664,DF:DF:EE:00:00:04,-39
BLE,1705097655431252324,D3:F4:55:AB:96:20,-70
BLE,1705097655664262286,DF:DF:EE:00:00:04,-39
BLE,1705097656007891714,D3:F4:55:AB:96:20,-76
BLE,1705097656125662805,DF:DF:EE:00:00:04,-38
BLE,1705097657124549334,DF:DF:EE:00:00:04,-37
BLE,1705097657156249216,D3:F4:55:AB:96:20,-76
BLE,1705097657298835852,DF:A6:DC:DC:2E:81,-69
BLE,1705097657298871602,DF:DF:EE:00:00:01,-69
BLE,1705097657342915299,D3:F4:55:AB:96:20,-71
BLE,1705097657925694742,D3:F4:55:AB:96:20,-71
BLE,1705097658123255865,D3:F4:55:AB:96:20,-75
BLE,1705097658318579223,D3:F4:55:AB:96:20,-69
BLE,1705097658508214480,D3:F4:55:AB:96:20,-61
BLE,1705097658660790667,DF:DF:EE:00:00:04,-53
BLE,1705097658693462746,D3:F4:55:AB:96:20,-70
BLE,1705097658884882607,D3:F4:55:AB:96:20,-76
BLE,1705097659071610481,D3:F4:55:AB:96:20,-70
BLE,1705097659119367510,DF:DF:EE:00:00:04,-39
BLE,1705097659458404324,D3:F4:55:AB:96:20,-70
BLE,1705097659653205979,D3:F4:55:AB:96:20,-74
BLE,1705097659660775433,DF:DF:EE:00:00:04,-38
BLE,1705097660417838769,D3:F4:55:AB:96:20,-75
BLE,1705097660604676517,D3:F4:55:AB:96:20,-69
BLE,1705097660987235826,D3:F4:55:AB:96:20,-72
BLE,1705097661122120010,DF:DF:EE:00:00:04,-39
BLE,1705097661368538566,D3:F4:55:AB:96:20,-70
BLE,1705097661563762217,D3:F4:55:AB:96:20,-76
BLE,1705097661752670232,D3:F4:55:AB:96:20,-71
BLE,1705097661949539822,D3:F4:55:AB:96:20,-76
BLE,1705097662124422083,DF:DF:EE:00:00:04,-40
BLE,1705097662517907307,D3:F4:55:AB:96:20,-71
BLE,1705097662901146025,D3:F4:55:AB:96:20,-70
BLE,1705097663094154534,D3:F4:55:AB:96:20,-76
BLE,1705097663123001949,DF:DF:EE:00:00:04,-39
BLE,1705097663468834518,D3:F4:55:AB:96:20,-58
BLE,1705097663657639243,D3:F4:55:AB:96:20,-76
BLE,1705097663662920306,DF:A6:DC:DC:2E:81,-69
BLE,1705097663662932765,DF:DF:EE:00:00:01,-69
BLE,1705097663844453699,D3:F4:55:AB:96:20,-71
BLE,1705097664033613336,D3:F4:55:AB:96:20,-58
BLE,1705097664116217752,DF:DF:EE:00:00:04,-38
BLE,1705097664229254065,D3:F4:55:AB:96:20,-70
BLE,1705097664624320312,D3:F4:55:AB:96:20,-76
BLE,1705097664663625273,DF:DF:EE:00:00:04,-39
BLE,1705097664819013344,D3:F4:55:AB:96:20,-68
BLE,1705097665119195651,DF:DF:EE:00:00:04,-52
BLE,1705097665659433213,DF:DF:EE:00:00:04,-40
BLE,1705097665779560193,D3:F4:55:AB:96:20,-70
BLE,1705097666217347861,DF:A6:DC:DC:2E:81,-72
BLE,1705097666217381527,DF:DF:EE:00:00:01,-72
BLE,1705097666553907954,D3:F4:55:AB:96:20,-69
BLE,1705097666656837926,DF:DF:EE:00:00:04,-38
BLE,1705097666943720345,D3:F4:55:AB:96:20,-75
BLE,1705097667120028257,DF:DF:EE:00:00:04,-39
BLE,1705097667520221319,D3:F4:55:AB:96:20,-68
BLE,1705097667656730985,DF:DF:EE:00:00:04,-38
BLE,1705097667712753043,D3:F4:55:AB:96:20,-70
BLE,1705097668096138175,D3:F4:55:AB:96:20,-71
BLE,1705097668285152189,D3:F4:55:AB:96:20,-69
BLE,1705097668477638830,D3:F4:55:AB:96:20,-70
BLE,1705097668676754310,D3:F4:55:AB:96:20,-94
BLE,1705097668864679212,D3:F4:55:AB:96:20,-70
BLE,1705097669056532693,D3:F4:55:AB:96:20,-75
BLE,1705097669249649326,D3:F4:55:AB:96:20,-68
BLE,1705097669441094270,D3:F4:55:AB:96:20,-61
BLE,1705097669629955495,D3:F4:55:AB:96:20,-70
BLE,1705097670123321017,DF:DF:EE:00:00:04,-38
BLE,1705097670206123973,D3:F4:55:AB:96:20,-92
BLE,1705097670592618152,D3:F4:55:AB:96:20,-71
BLE,1705097670664405569,DF:DF:EE:00:00:04,-39
BLE,1705097670788200799,D3:F4:55:AB:96:20,-76
BLE,1705097671128119103,DF:DF:EE:00:00:04,-23
BLE,1705097671173851738,D3:F4:55:AB:96:20,-76
BLE,1705097671313672782,DF:A6:DC:DC:2E:81,-67
BLE,1705097671313710823,DF:DF:EE:00:00:01,-67
BLE,1705097671561782777,D3:F4:55:AB:96:20,-70
BLE,1705097671659573183,DF:DF:EE:00:00:04,-39
BLE,1705097671758451369,D3:F4:55:AB:96:20,-76
BLE,1705097671947315009,D3:F4:55:AB:96:20,-73
BLE,1705097672125052279,DF:DF:EE:00:00:04,-22
BLE,1705097672335887749,D3:F4:55:AB:96:20,-58
BLE,1705097673288675729,D3:F4:55:AB:96:20,-78
BLE,1705097673665824685,DF:DF:EE:00:00:04,-39
BLE,1705097673860112512,DF:A6:DC:DC:2E:81,-66
BLE,1705097673860166220,DF:DF:EE:00:00:01,-66
BLE,1705097674118364473,DF:DF:EE:00:00:04,-39
BLE,1705097674261123399,D3:F4:55:AB:96:20,-71
BLE,1705097674460114714,D3:F4:55:AB:96:20,-75
BLE,1705097674646165929,D3:F4:55:AB:96:20,-69
BLE,1705097674658751658,DF:DF:EE:00:00:04,-57
BLE,1705097674838794109,D3:F4:55:AB:96:20,-77
BLE,1705097675024986990,D3:F4:55:AB:96:20,-71
BLE,1705097675119987637,DF:DF:EE:00:00:04,-39
BLE,1705097675407388592,D3:F4:55:AB:96:20,-71
BLE,1705097675792476330,D3:F4:55:AB:96:20,-71
BLE,1705097676120478397,DF:DF:EE:00:00:04,-40
BLE,1705097676185187979,D3:F4:55:AB:96:20,-67
BLE,1705097676410195076,DF:A6:DC:DC:2E:81,-71
BLE,1705097676410250242,DF:DF:EE:00:00:01,-71
BLE,1705097676565342941,D3:F4:55:AB:96:20,-58
BLE,1705097677120245250,DF:DF:EE:00:00:04,-38
BLE,1705097677340665607,D3:F4:55:AB:96:20,-76
BLE,1705097677679807420,DF:A6:DC:DC:2E:81,-68
BLE,1705097677679841837,DF:DF:EE:00:00:01,-68
BLE,1705097678101324319,D3:F4:55:AB:96:20,-61
BLE,1705097678124527341,DF:DF:EE:00:00:04,-40
BLE,1705097678287683197,D3:F4:55:AB:96:20,-71
BLE,1705097678664031911,DF:DF:EE:00:00:04,-39
BLE,1705097678671902362,D3:F4:55:AB:96:20,-70
BLE,1705097679053931677,D3:F4:55:AB:96:20,-71
BLE,1705097679432993610,D3:F4:55:AB:96:20,-76
BLE,1705097679623831978,D3:F4:55:AB:96:20,-68
BLE,1705097680003000576,D3:F4:55:AB:96:20,-87
BLE,1705097680004539308,D3:F4:55:AB:96:20,-68
BLE,1705097680196626661,D3:F4:55:AB:96:20,-75
BLE,1705097680392959466,D3:F4:55:AB:96:20,-69
BLE,1705097680777039090,D3:F4:55:AB:96:20,-76
BLE,1705097680967791167,D3:F4:55:AB:96:20,-70
BLE,1705097681122691869,DF:DF:EE:00:00:04,-38
BLE,1705097681163378605,D3:F4:55:AB:96:20,-76
BLE,1705097681357989471,D3:F4:55:AB:96:20,-58
BLE,1705097681662772225,DF:DF:EE:00:00:04,-38
BLE,1705097682128754732,D3:F4:55:AB:96:20,-69
BLE,1705097682315528272,D3:F4:55:AB:96:20,-89
BLE,1705097682515523408,D3:F4:55:AB:96:20,-74
BLE,1705097682657172306,DF:DF:EE:00:00:04,-51
BLE,1705097682702077743,D3:F4:55:AB:96:20,-71
BLE,1705097683085033964,D3:F4:55:AB:96:20,-56
BLE,1705097683275129215,D3:F4:55:AB:96:20,-76
BLE,1705097683464246437,D3:F4:55:AB:96:20,-71
BLE,1705097683657343070,D3:F4:55:AB:96:20,-92
BLE,1705097684042120437,D3:F4:55:AB:96:20,-76
BLE,1705097684051523994,DF:A6:DC:DC:2E:81,-69
BLE,1705097684051555369,DF:DF:EE:00:00:01,-69
BLE,1705097684126269210,DF:DF:EE:00:00:04,-39
BLE,1705097684229100599,D3:F4:55:AB:96:20,-70
BLE,1705097684422504062,D3:F4:55:AB:96:20,-76
BLE,1705097684657925496,DF:DF:EE:00:00:04,-24
BLE,1705097684800317551,D3:F4:55:AB:96:20,-68
BLE,1705097684993260603,D3:F4:55:AB:96:20,-70
BLE,1705097685124285166,DF:DF:EE:00:00:04,-39
BLE,1705097685382499960,D3:F4:55:AB:96:20,-68
BLE,1705097685657385977,DF:DF:EE:00:00:04,-37
BLE,1705097685765248641,D3:F4:55:AB:96:20,-68
BLE,1705097685961053493,D3:F4:55:AB:96:20,-71
BLE,1705097686119012035,DF:DF:EE:00:00:04,-39
BLE,1705097686343730009,D3:F4:55:AB:96:20,-70
BLE,1705097686538939118,D3:F4:55:AB:96:20,-76
BLE,1705097686595045217,DF:A6:DC:DC:2E:81,-68
BLE,1705097686595075966,DF:DF:EE:00:00:01,-68
BLE,1705097686922588164,D3:F4:55:AB:96:20,-76
BLE,1705097687112939371,D3:F4:55:AB:96:20,-71
BLE,1705097687122897797,DF:DF:EE:00:00:04,-40
BLE,1705097687664425678,DF:DF:EE:00:00:04,-39
BLE,1705097688119885849,DF:DF:EE:00:00:04,-52
BLE,1705097688459755778,D3:F4:55:AB:96:20,-71
BLE,1705097688650318941,D3:F4:55:AB:96:20,-69
BLE,1705097689031126687,D3:F4:55:AB:96:20,-68
BLE,1705097689124618851,DF:DF:EE:00:00:04,-38
BLE,1705097689137827115,DF:A6:DC:DC:2E:81,-67
BLE,1705097689137856531,DF:DF:EE:00:00:01,-67
BLE,1705097689219801580,D3:F4:55:AB:96:20,-76
BLE,1705097690171396700,D3:F4:55:AB:96:20,-70
BLE,1705097690366750682,D3:F4:55:AB:96:20,-76
BLE,1705097690746070612,D3:F4:55:AB:96:20,-76
BLE,1705097690933537977,D3:F4:55:AB:96:20,-70
BLE,1705097691127246062,D3:F4:55:AB:96:20,-75
BLE,1705097691653923448,DF:DF:EE:00:00:04,-22
BLE,1705097691687357268,DF:A6:DC:DC:2E:81,-72
BLE,1705097691687381476,DF:DF:EE:00:00:01,-72
BLE,1705097692082378515,D3:F4:55:AB:96:20,-71
BLE,1705097692117923269,DF:DF:EE:00:00:04,-39
BLE,1705097692463050180,D3:F4:55:AB:96:20,-71
BLE,1705097692845844777,D3:F4:55:AB:96:20,-70
BLE,1705097693119245104,DF:DF:EE:00:00:04,-38
BLE,1705097693425635172,D3:F4:55:AB:96:20,-76
BLE,1705097693619799126,D3:F4:55:AB:96:20,-58
BLE,1705097693814097746,D3:F4:55:AB:96:20,-71
BLE,1705097694008813777,D3:F4:55:AB:96:20,-76
BLE,1705097694123021493,DF:DF:EE:00:00:04,-39
BLE,1705097694393350271,D3:F4:55:AB:96:20,-75
BLE,1705097694583702645,D3:F4:55:AB:96:20,-70
BLE,1705097694658729274,DF:DF:EE:00:00:04,-39
BLE,1705097694776361116,D3:F4:55:AB:96:20,-76
BLE,1705097695119243261,DF:DF:EE:00:00:04,-22
BLE,1705097695159778374,D3:F4:55:AB:96:20,-76
BLE,1705097695549349185,D3:F4:55:AB:96:20,-70
BLE,1705097695744834540,D3:F4:55:AB:96:20,-61
BLE,1705097695930168722,D3:F4:55:AB:96:20,-70
BLE,1705097696128802666,D3:F4:55:AB:96:20,-76
BLE,1705097696321882550,D3:F4:55:AB:96:20,-67
BLE,1705097696513776405,D3:F4:55:AB:96:20,-56
BLE,1705097696665538852,DF:DF:EE:00:00:04,-40
BLE,1705097696711558151,D3:F4:55:AB:96:20,-75
BLE,1705097696782802741,DF:A6:DC:DC:2E:81,-85
BLE,1705097696782831865,DF:DF:EE:00:00:01,-85
BLE,1705097697120441196,DF:DF:EE:00:00:04,-39
BLE,1705097697296326696,D3:F4:55:AB:96:20,-79
BLE,1705097697492579668,D3:F4:55:AB:96:20,-58
BLE,1705097697880518789,D3:F4:55:AB:96:20,-76
BLE,1705097698054182523,DF:A6:DC:DC:2E:81,-71
BLE,1705097698054211565,DF:DF:EE:00:00:01,-71
BLE,1705097698122502855,DF:DF:EE:00:00:04,-38
BLE,1705097698663235411,DF:DF:EE:00:00:04,-39
BLE,1705097699031435595,D3:F4:55:AB:96:20,-93
BLE,1705097699124693513,DF:DF:EE:00:00:04,-39
BLE,1705097699327197162,DF:A6:DC:DC:2E:81,-68
BLE,1705097699327232911,DF:DF:EE:00:00:01,-68
BLE,1705097699409825577,D3:F4:55:AB:96:20,-92
BLE,1705097699661214201,DF:DF:EE:00:00:04,-40
BLE,1705097699794963190,D3:F4:55:AB:96:20,-78
BLE,1705097699987306540,D3:F4:55:AB:96:20,-58
BLE,1705097700115872714,DF:DF:EE:00:00:04,-38
BLE,1705097700654227631,DF:DF:EE:00:00:04,-39
BLE,1705097701144175902,D3:F4:55:AB:96:20,-76
BLE,1705097701714277701,D3:F4:55:AB:96:20,-71
BLE,1705097701908790692,D3:F4:55:AB:96:20,-86
BLE,1705097702103084020,D3:F4:55:AB:96:20,-69
BLE,1705097703123646923,DF:DF:EE:00:00:04,-39
BLE,1705097703138022298,DF:A6:DC:DC:2E:81,-73
BLE,1705097703138061255,DF:DF:EE:00:00:01,-73
BLE,1705097703260713248,D3:F4:55:AB:96:20,-75
BLE,1705097703447825409,D3:F4:55:AB:96:20,-70
BLE,1705097703836116735,D3:F4:55:AB:96:20,-68
BLE,1705097704411442681,D3:F4:55:AB:96:20,-72
BLE,1705097704981776352,D3:F4:55:AB:96:20,-58
BLE,1705097705177658745,D3:F4:55:AB:96:20,-56
BLE,1705097705375064828,D3:F4:55:AB:96:20,-76
BLE,1705097705653840967,DF:DF:EE:00:00:04,-38
BLE,1705097705655328950,DF:DF:EE:00:00:04,-39
BLE,1705097705683174918,DF:A6:DC:DC:2E:81,-71
BLE,1705097705683193460,DF:DF:EE:00:00:01,-71
BLE,1705097705755870366,D3:F4:55:AB:96:20,-75
BLE,1705097705943568687,D3:F4:55:AB:96:20,-70
BLE,1705097706116942591,DF:DF:EE:00:00:04,-40
BLE,1705097706141164810,D3:F4:55:AB:96:20,-76
BLE,1705097706725071990,D3:F4:55:AB:96:20,-61
BLE,1705097706916916721,D3:F4:55:AB:96:20,-67
BLE,1705097707119173456,DF:DF:EE:00:00:04,-51
BLE,1705097707305461710,D3:F4:55:AB:96:20,-76
BLE,1705097707659880096,DF:DF:EE:00:00:04,-39
BLE,1705097707876833911,D3:F4:55:AB:96:20,-70
BLE,1705097708065721718,D3:F4:55:AB:96:20,-69
BLE,1705097708662820745,DF:DF:EE:00:00:04,-39
BLE,1705097708825350774,D3:F4:55:AB:96:20,-71
BLE,1705097709016945842,D3:F4:55:AB:96:20,-75
BLE,1705097709203121764,D3:F4:55:AB:96:20,-70
BLE,1705097709395528530,D3:F4:55:AB:96:20,-67
BLE,1705097709496356402,DF:A6:DC:DC:2E:81,-69
BLE,1705097709496368985,DF:DF:EE:00:00:01,-69
BLE,1705097709655597970,DF:DF:EE:00:00:04,-38
BLE,1705097709782936783,D3:F4:55:AB:96:20,-76
BLE,1705097709972789829,D3:F4:55:AB:96:20,-87
BLE,1705097710119680791,DF:DF:EE:00:00:04,-40
BLE,1705097710166764786,D3:F4:55:AB:96:20,-75
BLE,1705097710352344631,D3:F4:55:AB:96:20,-70
BLE,1705097710547245077,D3:F4:55:AB:96:20,-75
BLE,1705097710661140755,DF:DF:EE:00:00:04,-39
BLE,1705097710738511523,D3:F4:55:AB:96:20,-57
BLE,1705097710930303047,D3:F4:55:AB:96:20,-75
BLE,1705097711115243192,DF:DF:EE:00:00:04,-39
BLE,1705097711117364459,D3:F4:55:AB:96:20,-70
BLE,1705097711309007151,D3:F4:55:AB:96:20,-69
BLE,1705097711500937631,D3:F4:55:AB:96:20,-56
BLE,1705097711695260667,D3:F4:55:AB:96:20,-75
BLE,1705097711889107166,D3:F4:55:AB:96:20,-68
BLE,1705097712118164340,DF:DF:EE:00:00:04,-51
BLE,1705097712279883171,D3:F4:55:AB:96:20,-74
BLE,1705097712474027043,D3:F4:55:AB:96:20,-68
BLE,1705097712664382333,D3:F4:55:AB:96:20,-76
BLE,1705097712853020810,D3:F4:55:AB:96:20,-56
BLE,1705097713249538415,D3:F4:55:AB:96:20,-75
BLE,1705097713661117512,DF:DF:EE:00:00:04,-39
BLE,1705097713823678167,D3:F4:55:AB:96:20,-68
BLE,1705097714206057811,D3:F4:55:AB:96:20,-68
BLE,1705097714398365787,D3:F4:55:AB:96:20,-61
BLE,1705097714660287913,DF:DF:EE:00:00:04,-39
BLE,1705097714780190604,D3:F4:55:AB:96:20,-75
BLE,1705097714965708201,D3:F4:55:AB:96:20,-70
BLE,1705097715118117181,DF:DF:EE:00:00:04,-39
BLE,1705097715158813501,D3:F4:55:AB:96:20,-76
BLE,1705097715535953747,D3:F4:55:AB:96:20,-58
BLE,1705097715657919956,DF:DF:EE:00:00:04,-40
BLE,1705097715725952708,D3:F4:55:AB:96:20,-76
BLE,1705097716113746873,DF:DF:EE:00:00:04,-38
BLE,1705097716496274516,D3:F4:55:AB:96:20,-72
BLE,1705097716890202860,D3:F4:55:AB:96:20,-61
BLE,1705097717079667285,D3:F4:55:AB:96:20,-71
BLE,1705097717273682449,D3:F4:55:AB:96:20,-94
BLE,1705097717468384522,D3:F4:55:AB:96:20,-58
BLE,1705097717660362502,DF:DF:EE:00:00:04,-52
BLE,1705097718050046937,D3:F4:55:AB:96:20,-71
BLE,1705097718123330294,DF:DF:EE:00:00:04,-39
BLE,1705097718446894455,D3:F4:55:AB:96:20,-77
BLE,1705097718633045086,D3:F4:55:AB:96:20,-70
BLE,1705097718828508233,D3:F4:55:AB:96:20,-61
BLE,1705097719658713512,DF:DF:EE:00:00:04,-40
BLE,1705097719689795651,DF:A6:DC:DC:2E:81,-69
BLE,1705097719689853151,DF:DF:EE:00:00:01,-69
BLE,1705097719802876922,D3:F4:55:AB:96:20,-70
BLE,1705097719998508192,D3:F4:55:AB:96:20,-76
BLE,1705097720115524959,DF:DF:EE:00:00:04,-38
BLE,1705097720660033596,DF:DF:EE:00:00:04,-39
BLE,1705097720772064962,D3:F4:55:AB:96:20,-71
BLE,1705097721124288582,DF:DF:EE:00:00:04,-39
BLE,1705097721152060884,D3:F4:55:AB:96:20,-71
BLE,1705097721342178761,D3:F4:55:AB:96:20,-68
BLE,1705097721656079242,DF:DF:EE:00:00:04,-38
BLE,1705097721728881230,D3:F4:55:AB:96:20,-76
BLE,1705097722501605843,D3:F4:55:AB:96:20,-71
BLE,1705097722658379856,DF:DF:EE:00:00:04,-39
BLE,1705097722887555404,D3:F4:55:AB:96:20,-70
BLE,1705097723124126949,DF:DF:EE:00:00:04,-40
BLE,1705097723473157106,D3:F4:55:AB:96:20,-70
BLE,1705097723666751400,D3:F4:55:AB:96:20,-76
BLE,1705097724053304329,D3:F4:55:AB:96:20,-70
BLE,1705097724117285128,DF:DF:EE:00:00:04,-39
BLE,1705097724629341142,D3:F4:55:AB:96:20,-67
BLE,1705097725010468051,D3:F4:55:AB:96:20,-68
BLE,1705097725118737878,DF:DF:EE:00:00:04,-38
BLE,1705097725200967465,D3:F4:55:AB:96:20,-87
BLE,1705097725399887031,D3:F4:55:AB:96:20,-76
BLE,1705097725587256897,D3:F4:55:AB:96:20,-57
BLE,1705097725652484515,DF:DF:EE:00:00:04,-38
BLE,1705097725780263490,D3:F4:55:AB:96:20,-75
BLE,1705097725965799044,D3:F4:55:AB:96:20,-87
BLE,1705097726057355523,DF:A6:DC:DC:2E:81,-68
BLE,1705097726057409731,DF:DF:EE:00:00:01,-68
BLE,1705097726117797863,DF:DF:EE:00:00:04,-23
BLE,1705097726349897919,D3:F4:55:AB:96:20,-71
BLE,1705097726661121431,DF:DF:EE:00:00:04,-46
BLE,1705097727115895485,DF:DF:EE:00:00:04,-38
BLE,1705097727125124169,D3:F4:55:AB:96:20,-69
BLE,1705097727318424467,D3:F4:55:AB:96:20,-72
BLE,1705097727514979102,D3:F4:55:AB:96:20,-78
BLE,1705097727707497909,D3:F4:55:AB:96:20,-58
BLE,1705097728089930386,D3:F4:55:AB:96:20,-68
BLE,1705097728119991495,DF:DF:EE:00:00:04,-40
BLE,1705097728281237832,D3:F4:55:AB:96:20,-76
BLE,1705097728467138257,D3:F4:55:AB:96:20,-70
BLE,1705097728602415020,DF:A6:DC:DC:2E:81,-67
BLE,1705097728602433603,DF:DF:EE:00:00:01,-67
BLE,1705097728663742683,DF:DF:EE:00:00:04,-40
BLE,1705097729050298945,D3:F4:55:AB:96:20,-70
BLE,1705097729117679538,DF:DF:EE:00:00:04,-38
BLE,1705097729617025825,D3:F4:55:AB:96:20,-70
BLE,1705097729618135645,D3:F4:55:AB:96:20,-68
BLE,1705097729657651603,DF:DF:EE:00:00:04,-24
BLE,1705097729807567279,D3:F4:55:AB:96:20,-61
BLE,1705097729993417664,D3:F4:55:AB:96:20,-56
BLE,1705097730118223215,DF:DF:EE:00:00:04,-39
BLE,1705097730182188722,D3:F4:55:AB:96:20,-68
BLE,1705097730376508216,D3:F4:55:AB:96:20,-62
BLE,1705097730566462261,D3:F4:55:AB:96:20,-68
BLE,1705097730758769695,D3:F4:55:AB:96:20,-71
BLE,1705097730950248014,D3:F4:55:AB:96:20,-69
BLE,1705097731116360628,DF:DF:EE:00:00:04,-40
BLE,1705097731142450533,DF:A6:DC:DC:2E:81,-70
BLE,1705097731142479699,DF:DF:EE:00:00:01,-70
BLE,1705097731143329398,D3:F4:55:AB:96:20,-70
BLE,1705097731333650563,D3:F4:55:AB:96:20,-68
BLE,1705097731527025277,D3:F4:55:AB:96:20,-71
BLE,1705097731918151820,D3:F4:55:AB:96:20,-68
BLE,1705097732109096895,D3:F4:55:AB:96:20,-71
BLE,1705097732120293765,DF:DF:EE:00:00:04,-36
BLE,1705097732301092541,D3:F4:55:AB:96:20,-69
BLE,1705097732657025201,DF:DF:EE:00:00:04,-39
BLE,1705097732686086613,D3:F4:55:AB:96:20,-92
BLE,1705097733259105253,D3:F4:55:AB:96:20,-71
BLE,1705097733658405909,DF:DF:EE:00:00:04,-52
BLE,1705097733684790228,DF:A6:DC:DC:2E:81,-69
BLE,1705097733684809811,DF:DF:EE:00:00:01,-69
BLE,1705097734023782792,D3:F4:55:AB:96:20,-57
BLE,1705097734113859163,DF:DF:EE:00:00:04,-39
BLE,1705097734411338210,D3:F4:55:AB:96:20,-67
BLE,1705097734653183903,DF:DF:EE:00:00:04,-38
BLE,1705097734790520850,D3:F4:55:AB:96:20,-70
BLE,1705097734985591169,D3:F4:55:AB:96:20,-76
BLE,1705097735171681967,D3:F4:55:AB:96:20,-71
BLE,1705097735368046979,D3:F4:55:AB:96:20,-61
BLE,1705097735743856991,D3:F4:55:AB:96:20,-67
BLE,1705097735938276734,D3:F4:55:AB:96:20,-70
BLE,1705097736117143449,DF:DF:EE:00:00:04,-51
BLE,1705097736129059019,D3:F4:55:AB:96:20,-75
BLE,1705097736230036639,DF:A6:DC:DC:2E:81,-68
BLE,1705097736230070888,DF:DF:EE:00:00:01,-68
BLE,1705097736316899839,D3:F4:55:AB:96:20,-70
BLE,1705097736507730040,D3:F4:55:AB:96:20,-58
BLE,1705097736655169870,DF:DF:EE:00:00:04,-38
BLE,1705097736699517814,D3:F4:55:AB:96:20,-57
BLE,1705097736896389695,D3:F4:55:AB:96:20,-75
BLE,1705097737083023237,D3:F4:55:AB:96:20,-70
BLE,1705097737123178771,DF:DF:EE:00:00:04,-55
BLE,1705097737466523785,D3:F4:55:AB:96:20,-70
BLE,1705097737658617055,D3:F4:55:AB:96:20,-76
BLE,1705097737849835627,D3:F4:55:AB:96:20,-70
BLE,1705097738124157567,DF:DF:EE:00:00:04,-39
BLE,1705097738229133432,D3:F4:55:AB:96:20,-72
BLE,1705097738426182394,D3:F4:55:AB:96:20,-77
BLE,1705097738622034787,D3:F4:55:AB:96:20,-69
BLE,1705097738816406114,D3:F4:55:AB:96:20,-56
BLE,1705097739199770664,D3:F4:55:AB:96:20,-57
BLE,1705097739391479063,D3:F4:55:AB:96:20,-75
BLE,1705097739659117290,DF:DF:EE:00:00:04,-52
BLE,1705097740055091235,DF:A6:DC:DC:2E:81,-69
BLE,1705097740055128484,DF:DF:EE:00:00:01,-69
BLE,1705097740121440881,DF:DF:EE:00:00:04,-39
BLE,1705097740169083828,D3:F4:55:AB:96:20,-56
BLE,1705097740363818067,D3:F4:55:AB:96:20,-77
BLE,1705097740944351911,D3:F4:55:AB:96:20,-77
BLE,1705097741121267899,DF:DF:EE:00:00:04,-39
BLE,1705097741134291748,D3:F4:55:AB:96:20,-70
BLE,1705097741530069404,D3:F4:55:AB:96:20,-76
BLE,1705097741663565562,DF:DF:EE:00:00:04,-39
BLE,1705097741721184768,D3:F4:55:AB:96:20,-70
BLE,1705097742122421360,DF:DF:EE:00:00:04,-39
BLE,1705097742308489492,D3:F4:55:AB:96:20,-66
BLE,1705097742497544797,D3:F4:55:AB:96:20,-75
BLE,1705097742655242967,DF:DF:EE:00:00:04,-24
BLE,1705097742880338353,D3:F4:55:AB:96:20,-77
BLE,1705097743113761144,DF:DF:EE:00:00:04,-39
BLE,1705097743269061008,D3:F4:55:AB:96:20,-56
BLE,1705097743659051064,D3:F4:55:AB:96:20,-58
BLE,1705097743855059746,D3:F4:55:AB:96:20,-57
BLE,1705097744049062578,D3:F4:55:AB:96:20,-75
BLE,1705097744237260810,D3:F4:55:AB:96:20,-70
BLE,1705097744429083666,D3:F4:55:AB:96:20,-58
BLE,1705097744623398994,D3:F4:55:AB:96:20,-71
BLE,1705097745119503484,DF:DF:EE:00:00:04,-39
BLE,1705097745394923537,D3:F4:55:AB:96:20,-58
BLE,1705097745659860170,DF:DF:EE:00:00:04,-39
BLE,1705097745784251184,D3:F4:55:AB:96:20,-76
BLE,1705097746168186061,D3:F4:55:AB:96:20,-77
BLE,1705097746362981882,D3:F4:55:AB:96:20,-68
BLE,1705097746430542723,DF:A6:DC:DC:2E:81,-72
BLE,1705097746430579973,DF:DF:EE:00:00:01,-72
BLE,1705097746558743485,D3:F4:55:AB:96:20,-70
BLE,1705097746751580663,D3:F4:55:AB:96:20,-75
BLE,1705097746936835096,D3:F4:55:AB:96:20,-56
BLE,1705097747118250823,DF:DF:EE:00:00:04,-56
BLE,1705097747131705584,D3:F4:55:AB:96:20,-76
BLE,1705097747321502214,D3:F4:55:AB:96:20,-72
BLE,1705097747519734079,D3:F4:55:AB:96:20,-76
BLE,1705097747657778101,DF:DF:EE:00:00:04,-38
BLE,1705097747706037250,DF:A6:DC:DC:2E:81,-67
BLE,1705097747706063958,DF:DF:EE:00:00:01,-67
BLE,1705097747712939169,D3:F4:55:AB:96:20,-58
BLE,1705097747908520691,D3:F4:55:AB:96:20,-70
BLE,1705097748122705579,DF:DF:EE:00:00:04,-40
BLE,1705097748288986649,D3:F4:55:AB:96:20,-70
BLE,1705097748481889410,D3:F4:55:AB:96:20,-75
BLE,1705097748655638184,DF:DF:EE:00:00:04,-39
BLE,1705097748669181319,D3:F4:55:AB:96:20,-70
BLE,1705097748860255267,D3:F4:55:AB:96:20,-68
BLE,1705097749117173326,DF:DF:EE:00:00:04,-40
BLE,1705097749436795241,D3:F4:55:AB:96:20,-86
BLE,1705097749821657731,D3:F4:55:AB:96:20,-70
BLE,1705097750113412844,DF:DF:EE:00:00:04,-38
BLE,1705097750216400732,D3:F4:55:AB:96:20,-76
BLE,1705097750402759735,D3:F4:55:AB:96:20,-70
BLE,1705097750788177011,D3:F4:55:AB:96:20,-71
BLE,1705097751119022337,DF:DF:EE:00:00:04,-40
BLE,1705097751371730279,D3:F4:55:AB:96:20,-57
BLE,1705097751565356781,D3:F4:55:AB:96:20,-76
BLE,1705097751757331844,D3:F4:55:AB:96:20,-72
BLE,1705097751954990674,D3:F4:55:AB:96:20,-72
BLE,1705097752114116827,DF:DF:EE:00:00:04,-38
BLE,1705097752656715403,DF:DF:EE:00:00:04,-38
BLE,1705097752910487124,D3:F4:55:AB:96:20,-69
BLE,1705097753106815511,D3:F4:55:AB:96:20,-70
BLE,1705097753502170838,D3:F4:55:AB:96:20,-76
BLE,1705097753659557511,DF:DF:EE:00:00:04,-40
BLE,1705097753691785721,D3:F4:55:AB:96:20,-72
BLE,1705097753883320372,D3:F4:55:AB:96:20,-76
BLE,1705097754070120578,D3:F4:55:AB:96:20,-71
BLE,1705097754073666079,DF:A6:DC:DC:2E:81,-67
BLE,1705097754073694537,DF:DF:EE:00:00:01,-67
BLE,1705097754266934669,D3:F4:55:AB:96:20,-76
BLE,1705097754657998504,DF:DF:EE:00:00:04,-39
BLE,1705097755034589090,D3:F4:55:AB:96:20,-61
BLE,1705097755119968683,DF:DF:EE:00:00:04,-40
BLE,1705097755351005959,DF:A6:DC:DC:2E:81,-84
BLE,1705097755351039125,DF:DF:EE:00:00:01,-84
BLE,1705097755986404249,D3:F4:55:AB:96:20,-70
BLE,1705097756179571215,D3:F4:55:AB:96:20,-75
BLE,1705097756368688812,D3:F4:55:AB:96:20,-70
BLE,1705097756624275844,DF:A6:DC:DC:2E:81,-71
BLE,1705097756624308594,DF:DF:EE:00:00:01,-71
BLE,1705097756657237254,DF:DF:EE:00:00:04,-39
BLE,1705097756752186818,D3:F4:55:AB:96:20,-70
BLE,1705097756944587834,D3:F4:55:AB:96:20,-76
BLE,1705097757130058806,D3:F4:55:AB:96:20,-71
BLE,1705097757513085110,D3:F4:55:AB:96:20,-70
BLE,1705097757654565384,DF:DF:EE:00:00:04,-39
BLE,1705097757709750452,D3:F4:55:AB:96:20,-75
BLE,1705097757894800929,DF:A6:DC:DC:2E:81,-69
BLE,1705097757894856720,DF:DF:EE:00:00:01,-69
BLE,1705097757899860120,D3:F4:55:AB:96:20,-71
BLE,1705097758478011492,D3:F4:55:AB:96:20,-75
BLE,1705097759046272270,D3:F4:55:AB:96:20,-72
BLE,1705097759117324903,DF:DF:EE:00:00:04,-39
BLE,1705097759628294305,D3:F4:55:AB:96:20,-88
BLE,1705097759820165244,D3:F4:55:AB:96:20,-68
BLE,1705097760014503613,D3:F4:55:AB:96:20,-70
BLE,1705097760441740487,DF:A6:DC:DC:2E:81,-67
BLE,1705097760441776486,DF:DF:EE:00:00:01,-67
BLE,1705097760589425564,D3:F4:55:AB:96:20,-60
BLE,1705097760658330972,DF:DF:EE:00:00:04,-39
BLE,1705097760779441150,D3:F4:55:AB:96:20,-70
BLE,1705097760969661608,D3:F4:55:AB:96:20,-76
BLE,1705097761121260848,DF:DF:EE:00:00:04,-50
BLE,1705097761162245789,D3:F4:55:AB:96:20,-71
BLE,1705097761359324376,D3:F4:55:AB:96:20,-70
BLE,1705097761657577331,DF:DF:EE:00:00:04,-39
BLE,1705097761929611214,D3:F4:55:AB:96:20,-67
BLE,1705097762113254124,DF:DF:EE:00:00:04,-39
BLE,1705097762658244506,DF:DF:EE:00:00:04,-51
BLE,1705097762695602655,D3:F4:55:AB:96:20,-68
BLE,1705097763467995939,D3:F4:55:AB:96:20,-76
BLE,1705097763662804719,D3:F4:55:AB:96:20,-63
BLE,1705097764055674492,D3:F4:55:AB:96:20,-77
BLE,1705097764116677950,DF:DF:EE:00:00:04,-38
BLE,1705097764264347527,DF:A6:DC:DC:2E:81,-54
BLE,1705097764264409568,DF:DF:EE:00:00:01,-54
BLE,1705097764439695034,D3:F4:55:AB:96:20,-61
BLE,1705097764627172107,D3:F4:55:AB:96:20,-57
BLE,1705097764663016066,DF:DF:EE:00:00:04,-41
BLE,1705097765205234188,D3:F4:55:AB:96:20,-77
BLE,1705097765588983317,D3:F4:55:AB:96:20,-70
BLE,1705097765657400064,DF:DF:EE:00:00:04,-45
BLE,1705097765787456638,D3:F4:55:AB:96:20,-76
BLE,1705097765982699079,D3:F4:55:AB:96:20,-68
BLE,1705097766121515885,DF:DF:EE:00:00:04,-51
BLE,1705097766366514707,D3:F4:55:AB:96:20,-58
BLE,1705097766657134208,DF:DF:EE:00:00:04,-39
BLE,1705097766749170848,D3:F4:55:AB:96:20,-67
BLE,1705097766939750678,D3:F4:55:AB:96:20,-69
BLE,1705097767114464024,DF:DF:EE:00:00:04,-40
BLE,1705097767137397175,D3:F4:55:AB:96:20,-75
BLE,1705097767519859318,D3:F4:55:AB:96:20,-76
BLE,1705097767707201435,D3:F4:55:AB:96:20,-70
BLE,1705097768115291489,DF:DF:EE:00:00:04,-51
BLE,1705097768652746625,DF:DF:EE:00:00:04,-29
BLE,1705097769052170072,D3:F4:55:AB:96:20,-75
BLE,1705097769633017329,D3:F4:55:AB:96:20,-75
BLE,1705097769828370144,D3:F4:55:AB:96:20,-67
BLE,1705097770017853111,D3:F4:55:AB:96:20,-75
BLE,1705097770113494584,DF:DF:EE:00:00:04,-38
BLE,1705097770203481540,D3:F4:55:AB:96:20,-56
BLE,1705097770593045767,D3:F4:55:AB:96:20,-67
BLE,1705097770654566761,DF:DF:EE:00:00:04,-39
BLE,1705097770782405486,D3:F4:55:AB:96:20,-76
BLE,1705097770972124450,D3:F4:55:AB:96:20,-89
BLE,1705097771121922753,DF:DF:EE:00:00:04,-39
BLE,1705097771350964135,D3:F4:55:AB:96:20,-56
BLE,1705097771657142831,DF:DF:EE:00:00:04,-39
BLE,1705097772314666448,D3:F4:55:AB:96:20,-93
BLE,1705097772889189695,D3:F4:55:AB:96:20,-68
BLE,1705097773078279625,D3:F4:55:AB:96:20,-61
BLE,1705097773115645733,DF:DF:EE:00:00:04,-39
BLE,1705097773195704387,DF:A6:DC:DC:2E:81,-63
BLE,1705097773195729386,DF:DF:EE:00:00:01,-63
BLE,1705097773272458621,D3:F4:55:AB:96:20,-67
BLE,1705097773467274359,D3:F4:55:AB:96:20,-72
BLE,1705097773660042371,DF:DF:EE:00:00:04,-40
BLE,1705097773862182275,D3:F4:55:AB:96:20,-76
BLE,1705097774249317031,D3:F4:55:AB:96:20,-75
BLE,1705097774441462008,D3:F4:55:AB:96:20,-67
BLE,1705097774820343360,D3:F4:55:AB:96:20,-57
BLE,1705097774821708927,D3:F4:55:AB:96:20,-58
BLE,1705097775111148609,DF:DF:EE:00:00:04,-22
BLE,1705097775396128634,D3:F4:55:AB:96:20,-76
BLE,1705097775658122093,DF:DF:EE:00:00:04,-39
BLE,1705097775745960448,DF:A6:DC:DC:2E:81,-71
BLE,1705097775745979156,DF:DF:EE:00:00:01,-71
BLE,1705097775786395520,D3:F4:55:AB:96:20,-70
BLE,1705097776119286989,DF:DF:EE:00:00:04,-39
BLE,1705097776367601523,D3:F4:55:AB:96:20,-70
BLE,1705097776566693504,D3:F4:55:AB:96:20,-61
BLE,1705097776654667399,DF:DF:EE:00:00:04,-40
BLE,1705097776952518941,D3:F4:55:AB:96:20,-70
BLE,1705097777022455671,DF:A6:DC:DC:2E:81,-69
BLE,1705097777022507129,DF:DF:EE:00:00:01,-69
BLE,1705097777115279760,DF:DF:EE:00:00:04,-39
BLE,1705097777116845450,DF:DF:EE:00:00:04,-39
BLE,1705097777151116136,D3:F4:55:AB:96:20,-76
BLE,1705097777344845637,D3:F4:55:AB:96:20,-68
BLE,1705097777537115363,D3:F4:55:AB:96:20,-73
BLE,1705097777658463038,DF:DF:EE:00:00:04,-38
BLE,1705097778688014086,D3:F4:55:AB:96:20,-71
BLE,1705097779080271366,D3:F4:55:AB:96:20,-69
BLE,1705097779081798056,D3:F4:55:AB:96:20,-76
BLE,1705097779468319819,D3:F4:55:AB:96:20,-76
BLE,1705097779564687867,DF:A6:DC:DC:2E:81,-68
BLE,1705097779564719908,DF:DF:EE:00:00:01,-68
BLE,1705097779658255614,DF:DF:EE:00:00:04,-38
BLE,1705097779659641723,DF:DF:EE:00:00:04,-39
BLE,1705097779855809196,D3:F4:55:AB:96:20,-56
BLE,1705097780053864647,D3:F4:55:AB:96:20,-76
BLE,1705097780440916778,D3:F4:55:AB:96:20,-70
BLE,1705097780635329563,D3:F4:55:AB:96:20,-75
BLE,1705097780653591768,DF:DF:EE:00:00:04,-39
BLE,1705097780823847541,D3:F4:55:AB:96:20,-71
BLE,1705097781209350316,D3:F4:55:AB:96:20,-69
BLE,1705097781654366483,DF:DF:EE:00:00:04,-39
BLE,1705097781793681366,D3:F4:55:AB:96:20,-89
BLE,1705097781988682727,D3:F4:55:AB:96:20,-76
BLE,1705097782183239010,D3:F4:55:AB:96:20,-67
BLE,1705097782564970746,D3:F4:55:AB:96:20,-69
BLE,1705097782659990101,DF:DF:EE:00:00:04,-53
BLE,1705097782949456741,D3:F4:55:AB:96:20,-67
BLE,1705097783120269508,DF:DF:EE:00:00:04,-38
BLE,1705097783138173133,D3:F4:55:AB:96:20,-73
BLE,1705097783325673748,D3:F4:55:AB:96:20,-70
BLE,1705097783516199328,D3:F4:55:AB:96:20,-76
BLE,1705097783653619233,DF:DF:EE:00:00:04,-24
BLE,1705097783702723663,D3:F4:55:AB:96:20,-70
BLE,1705097783897650733,D3:F4:55:AB:96:20,-76
BLE,1705097784088408977,D3:F4:55:AB:96:20,-71
BLE,1705097784122652038,DF:DF:EE:00:00:04,-40
BLE,1705097784281465153,D3:F4:55:AB:96:20,-77
BLE,1705097784467605908,D3:F4:55:AB:96:20,-71
BLE,1705097784652831050,DF:DF:EE:00:00:04,-38
BLE,1705097784659356641,D3:F4:55:AB:96:20,-58
BLE,1705097784853190849,D3:F4:55:AB:96:20,-71
BLE,1705097785236882311,D3:F4:55:AB:96:20,-70
BLE,1705097785430000153,D3:F4:55:AB:96:20,-75
BLE,1705097785616440030,D3:F4:55:AB:96:20,-70
BLE,1705097785932785608,DF:A6:DC:DC:2E:81,-68
BLE,1705097785932820066,DF:DF:EE:00:00:01,-68
BLE,1705097786200844246,D3:F4:55:AB:96:20,-70
BLE,1705097786393250971,D3:F4:55:AB:96:20,-68
BLE,1705097786778693746,D3:F4:55:AB:96:20,-76
BLE,1705097786974706887,D3:F4:55:AB:96:20,-67
BLE,1705097787117638811,DF:DF:EE:00:00:04,-40
BLE,1705097787357483027,D3:F4:55:AB:96:20,-68
BLE,1705097787742002147,D3:F4:55:AB:96:20,-68
BLE,1705097788127690378,D3:F4:55:AB:96:20,-61
BLE,1705097788319748481,D3:F4:55:AB:96:20,-70
BLE,1705097788510425351,D3:F4:55:AB:96:20,-76
BLE,1705097788652167081,DF:DF:EE:00:00:04,-38
BLE,1705097788897326568,D3:F4:55:AB:96:20,-76
BLE,1705097789088278351,D3:F4:55:AB:96:20,-67
BLE,1705097789119094035,DF:DF:EE:00:00:04,-40
BLE,1705097789284305284,D3:F4:55:AB:96:20,-72
BLE,1705097789482679689,D3:F4:55:AB:96:20,-75
BLE,1705097789655314310,DF:DF:EE:00:00:04,-38
BLE,1705097789672789066,D3:F4:55:AB:96:20,-58
BLE,1705097790250795189,D3:F4:55:AB:96:20,-70
BLE,1705097790444623814,D3:F4:55:AB:96:20,-75
BLE,1705097790656430272,DF:DF:EE:00:00:04,-39
BLE,1705097790831450157,D3:F4:55:AB:96:20,-92
BLE,1705097791406399566,D3:F4:55:AB:96:20,-69
BLE,1705097792115145046,DF:DF:EE:00:00:04,-40
BLE,1705097792364984771,D3:F4:55:AB:96:20,-70
BLE,1705097792558253152,D3:F4:55:AB:96:20,-58
BLE,1705097792654392536,DF:DF:EE:00:00:04,-40
BLE,1705097792945494948,D3:F4:55:AB:96:20,-76
BLE,1705097793131391874,D3:F4:55:AB:96:20,-70
BLE,1705097793516534986,D3:F4:55:AB:96:20,-71
BLE,1705097793708336093,D3:F4:55:AB:96:20,-76
BLE,1705097794113528972,DF:DF:EE:00:00:04,-51
BLE,1705097794280907238,D3:F4:55:AB:96:20,-70
BLE,1705097794472285266,D3:F4:55:AB:96:20,-75
BLE,1705097794652812795,DF:DF:EE:00:00:04,-40
BLE,1705097795042786477,D3:F4:55:AB:96:20,-87
BLE,1705097795117717982,DF:DF:EE:00:00:04,-50
BLE,1705097795242190912,D3:F4:55:AB:96:20,-61
BLE,1705097795437501644,D3:F4:55:AB:96:20,-68
BLE,1705097795631658474,D3:F4:55:AB:96:20,-70
BLE,1705097795650446214,DF:DF:EE:00:00:04,-39
BLE,1705097796019461597,D3:F4:55:AB:96:20,-68
BLE,1705097796214722163,D3:F4:55:AB:96:20,-70
BLE,1705097796410992677,D3:F4:55:AB:96:20,-76
BLE,1705097796602527911,D3:F4:55:AB:96:20,-68
BLE,1705097796793566735,D3:F4:55:AB:96:20,-90
BLE,1705097796979393786,D3:F4:55:AB:96:20,-70
BLE,1705097797112765113,DF:DF:EE:00:00:04,-39
BLE,1705097797172698376,D3:F4:55:AB:96:20,-94
BLE,1705097797364587023,D3:F4:55:AB:96:20,-57
BLE,1705097797752135983,D3:F4:55:AB:96:20,-67
BLE,1705097798122337643,DF:DF:EE:00:00:04,-40
BLE,1705097798129738766,D3:F4:55:AB:96:20,-70
BLE,1705097798322717317,D3:F4:55:AB:96:20,-75
BLE,1705097798517299225,D3:F4:55:AB:96:20,-69
BLE,1705097798651511584,DF:DF:EE:00:00:04,-39
BLE,1705097798902156049,D3:F4:55:AB:96:20,-67
BLE,1705097799095322140,D3:F4:55:AB:96:20,-71
BLE,1705097799117557132,DF:DF:EE:00:00:04,-50
BLE,1705097799486562306,D3:F4:55:AB:96:20,-69
BLE,1705097799680408973,D3:F4:55:AB:96:20,-71
BLE,1705097799876844734,D3:F4:55:AB:96:20,-76
BLE,1705097800070439986,D3:F4:55:AB:96:20,-69
BLE,1705097800120242325,DF:DF:EE:00:00:04,-40
BLE,1705097800262857378,D3:F4:55:AB:96:20,-70
BLE,1705097800454761650,D3:F4:55:AB:96:20,-58
BLE,1705097800648193113,D3:F4:55:AB:96:20,-70
BLE,1705097800660408096,DF:DF:EE:00:00:04,-40
BLE,1705097800840259550,D3:F4:55:AB:96:20,-75
BLE,1705097801035504200,D3:F4:55:AB:96:20,-58
BLE,1705097801116065306,DF:DF:EE:00:00:04,-23
BLE,1705097801224957709,D3:F4:55:AB:96:20,-76
BLE,1705097801809438757,D3:F4:55:AB:96:20,-76
BLE,1705097801997742113,D3:F4:55:AB:96:20,-87
BLE,1705097802115152333,DF:DF:EE:00:00:04,-52
BLE,1705097802194207874,D3:F4:55:AB:96:20,-76
BLE,1705097802386746055,D3:F4:55:AB:96:20,-69
BLE,1705097802495238962,DF:A6:DC:DC:2E:81,-84
BLE,1705097802495295753,DF:DF:EE:00:00:01,-84
BLE,1705097802578175041,D3:F4:55:AB:96:20,-75
BLE,1705097802652777384,DF:DF:EE:00:00:04,-39
BLE,1705097803153193366,D3:F4:55:AB:96:20,-58
BLE,1705097803541536066,D3:F4:55:AB:96:20,-76
BLE,1705097803731082907,D3:F4:55:AB:96:20,-56
BLE,1705097803927489127,D3:F4:55:AB:96:20,-76
BLE,1705097804115676901,D3:F4:55:AB:96:20,-71
BLE,1705097804120547928,DF:DF:EE:00:00:04,-39
BLE,1705097804308190416,D3:F4:55:AB:96:20,-76
BLE,1705097804497926839,D3:F4:55:AB:96:20,-70
BLE,1705097804650388777,DF:DF:EE:00:00:04,-39
BLE,1705097805270138999,D3:F4:55:AB:96:20,-70
BLE,1705097805653497132,D3:F4:55:AB:96:20,-69
BLE,1705097805656827177,DF:DF:EE:00:00:04,-41
BLE,1705097805845698818,D3:F4:55:AB:96:20,-70
BLE,1705097806115464978,DF:DF:EE:00:00:04,-40
BLE,1705097806238495549,D3:F4:55:AB:96:20,-67
BLE,1705097806430628152,D3:F4:55:AB:96:20,-70
BLE,1705097806814211991,D3:F4:55:AB:96:20,-70
BLE,1705097807198154701,D3:F4:55:AB:96:20,-71
BLE,1705097807391329291,D3:F4:55:AB:96:20,-75
BLE,1705097807581137880,D3:F4:55:AB:96:20,-70
BLE,1705097807776153532,D3:F4:55:AB:96:20,-76
BLE,1705097807961702087,D3:F4:55:AB:96:20,-72
BLE,1705097808118735222,DF:DF:EE:00:00:04,-55
BLE,1705097808342949536,D3:F4:55:AB:96:20,-89
BLE,1705097808536474914,D3:F4:55:AB:96:20,-76
BLE,1705097808655805196,DF:DF:EE:00:00:04,-38
BLE,1705097808730208749,D3:F4:55:AB:96:20,-58
BLE,1705097809311659999,D3:F4:55:AB:96:20,-71
BLE,1705097809660500074,DF:DF:EE:00:00:04,-40
BLE,1705097810115333294,DF:DF:EE:00:00:04,-40
BLE,1705097810473090016,D3:F4:55:AB:96:20,-65
BLE,1705097810666370272,D3:F4:55:AB:96:20,-67
BLE,1705097810859997024,D3:F4:55:AB:96:20,-72
BLE,1705097811431420474,D3:F4:55:AB:96:20,-68
BLE,1705097811655725787,DF:DF:EE:00:00:04,-39
BLE,1705097811820044254,D3:F4:55:AB:96:20,-75
BLE,1705097812016216644,D3:F4:55:AB:96:20,-68
BLE,1705097812206982846,D3:F4:55:AB:96:20,-75
BLE,1705097812393074602,D3:F4:55:AB:96:20,-71
BLE,1705097812590915430,D3:F4:55:AB:96:20,-76
BLE,1705097812776318028,D3:F4:55:AB:96:20,-70
BLE,1705097812972515334,D3:F4:55:AB:96:20,-76
BLE,1705097813114672017,DF:DF:EE:00:00:04,-38
BLE,1705097813168552475,D3:F4:55:AB:96:20,-69
BLE,1705097813170054124,D3:F4:55:AB:96:20,-76
BLE,1705097813358568644,D3:F4:55:AB:96:20,-70
BLE,1705097813743127471,D3:F4:55:AB:96:20,-70
BLE,1705097814118536030,DF:DF:EE:00:00:04,-40
BLE,1705097814319458989,D3:F4:55:AB:96:20,-76
BLE,1705097814510769602,D3:F4:55:AB:96:20,-70
BLE,1705097814652576122,DF:DF:EE:00:00:04,-39
BLE,1705097814704809974,D3:F4:55:AB:96:20,-75
BLE,1705097815087901777,D3:F4:55:AB:96:20,-75
BLE,1705097815273725286,D3:F4:55:AB:96:20,-57
BLE,1705097815859433362,D3:F4:55:AB:96:20,-70
BLE,1705097816118146567,DF:DF:EE:00:00:04,-51
BLE,1705097816248899174,D3:F4:55:AB:96:20,-69
BLE,1705097816632650386,D3:F4:55:AB:96:20,-69
BLE,1705097816654214010,DF:DF:EE:00:00:04,-38
BLE,1705097817008231734,D3:F4:55:AB:96:20,-70
BLE,1705097817119529692,DF:DF:EE:00:00:04,-38
BLE,1705097817391141664,D3:F4:55:AB:96:20,-72
BLE,1705097817588208043,D3:F4:55:AB:96:20,-70
BLE,1705097817781608173,D3:F4:55:AB:96:20,-69
BLE,1705097818111410844,DF:DF:EE:00:00:04,-38
BLE,1705097818738472940,D3:F4:55:AB:96:20,-69
BLE,1705097819114733988,DF:DF:EE:00:00:04,-40
BLE,1705097819127739254,D3:F4:55:AB:96:20,-70
BLE,1705097819515671459,D3:F4:55:AB:96:20,-76
BLE,1705097819650853556,DF:DF:EE:00:00:04,-40
BLE,1705097819710601238,D3:F4:55:AB:96:20,-68
BLE,1705097820094241034,D3:F4:55:AB:96:20,-68
BLE,1705097820284464617,D3:F4:55:AB:96:20,-61
BLE,1705097820469539677,D3:F4:55:AB:96:20,-88
BLE,1705097820659843885,D3:F4:55:AB:96:20,-69
BLE,1705097821038557572,D3:F4:55:AB:96:20,-68
BLE,1705097821658127796,DF:DF:EE:00:00:04,-46
BLE,1705097821810660317,D3:F4:55:AB:96:20,-92
BLE,1705097822000275782,D3:F4:55:AB:96:20,-71
BLE,1705097822119682854,DF:DF:EE:00:00:04,-39
BLE,1705097822381480274,D3:F4:55:AB:96:20,-72
BLE,1705097822570432163,D3:F4:55:AB:96:20,-68
BLE,1705097822764337037,D3:F4:55:AB:96:20,-70
BLE,1705097822857739453,DF:A6:DC:DC:2E:81,-67
BLE,1705097822857752911,DF:DF:EE:00:00:01,-67
BLE,1705097822953749214,D3:F4:55:AB:96:20,-58
BLE,1705097823148362913,D3:F4:55:AB:96:20,-70
BLE,1705097823659547437,DF:DF:EE:00:00:04,-40
BLE,1705097824309298436,D3:F4:55:AB:96:20,-76
BLE,1705097824496082684,D3:F4:55:AB:96:20,-70
BLE,1705097824878164748,D3:F4:55:AB:96:20,-70
BLE,1705097825075776454,D3:F4:55:AB:96:20,-78
BLE,1705097825120921264,DF:DF:EE:00:00:04,-39
BLE,1705097825271115520,D3:F4:55:AB:96:20,-58
BLE,1705097825467185369,D3:F4:55:AB:96:20,-71
BLE,1705097825651342481,DF:DF:EE:00:00:04,-37
BLE,1705097825656298590,D3:F4:55:AB:96:20,-67
BLE,1705097825845407520,D3:F4:55:AB:96:20,-70
BLE,1705097826045295533,D3:F4:55:AB:96:20,-76
BLE,1705097826426836895,D3:F4:55:AB:96:20,-98
BLE,1705097826621774799,D3:F4:55:AB:96:20,-68
BLE,1705097827008531309,D3:F4:55:AB:96:20,-75
BLE,1705097827110414001,DF:DF:EE:00:00:04,-56
BLE,1705097827200503622,D3:F4:55:AB:96:20,-71
BLE,1705097827396209934,D3:F4:55:AB:96:20,-78
BLE,1705097827581981777,D3:F4:55:AB:96:20,-72
BLE,1705097827650275609,DF:DF:EE:00:00:04,-39
BLE,1705097828113456607,DF:DF:EE:00:00:04,-39
BLE,1705097828167775018,D3:F4:55:AB:96:20,-57
BLE,1705097828546529246,D3:F4:55:AB:96:20,-71
BLE,1705097828651289697,DF:DF:EE:00:00:04,-39
BLE,1705097828742324348,D3:F4:55:AB:96:20,-75
BLE,1705097828935851810,D3:F4:55:AB:96:20,-67
BLE,1705097829110232744,DF:DF:EE:00:00:04,-38
BLE,1705097829126963633,D3:F4:55:AB:96:20,-76
BLE,1705097829316015397,D3:F4:55:AB:96:20,-71
BLE,1705097829506405853,D3:F4:55:AB:96:20,-92
BLE,1705097829651136423,DF:DF:EE:00:00:04,-39
BLE,1705097829888996162,D3:F4:55:AB:96:20,-76
BLE,1705097830079252662,D3:F4:55:AB:96:20,-69
BLE,1705097830117460093,DF:DF:EE:00:00:04,-39
BLE,1705097830272404378,D3:F4:55:AB:96:20,-76
BLE,1705097830461458225,D3:F4:55:AB:96:20,-71
BLE,1705097830650914275,DF:DF:EE:00:00:04,-39
BLE,1705097830655004270,D3:F4:55:AB:96:20,-61
BLE,1705097831047024469,D3:F4:55:AB:96:20,-71
BLE,1705097831120212369,DF:DF:EE:00:00:04,-39
BLE,1705097831434542220,D3:F4:55:AB:96:20,-67
BLE,1705097831625896249,D3:F4:55:AB:96:20,-76
BLE,1705097831651791156,DF:DF:EE:00:00:04,-39
BLE,1705097832014911024,D3:F4:55:AB:96:20,-71
BLE,1705097832119296313,DF:DF:EE:00:00:04,-39
BLE,1705097832397911412,D3:F4:55:AB:96:20,-57
BLE,1705097832588806320,D3:F4:55:AB:96:20,-76
BLE,1705097832656911863,DF:DF:EE:00:00:04,-39
BLE,1705097832780127849,D3:F4:55:AB:96:20,-70
BLE,1705097833168524216,D3:F4:55:AB:96:20,-68
BLE,1705097834115164851,DF:DF:EE:00:00:04,-39
BLE,1705097834128991649,D3:F4:55:AB:96:20,-88
BLE,1705097834524024272,D3:F4:55:AB:96:20,-76
BLE,1705097834651141796,DF:DF:EE:00:00:04,-38
BLE,1705097834711237765,D3:F4:55:AB:96:20,-70
BLE,1705097834904358606,D3:F4:55:AB:96:20,-68
BLE,1705097834905650966,D3:F4:55:AB:96:20,-76
BLE,1705097835097571530,D3:F4:55:AB:96:20,-69
BLE,1705097835290234877,D3:F4:55:AB:96:20,-76
BLE,1705097835486493515,D3:F4:55:AB:96:20,-70
BLE,1705097835656418042,DF:DF:EE:00:00:04,-38
BLE,1705097835870599973,D3:F4:55:AB:96:20,-58
BLE,1705097836065680708,D3:F4:55:AB:96:20,-71
BLE,1705097836113707526,DF:DF:EE:00:00:04,-51
BLE,1705097836633968069,D3:F4:55:AB:96:20,-68
BLE,1705097836652148358,DF:DF:EE:00:00:04,-39
BLE,1705097836826616416,D3:F4:55:AB:96:20,-71
BLE,1705097836853293148,DF:A6:DC:DC:2E:81,-68
BLE,1705097836853324440,DF:DF:EE:00:00:01,-68
BLE,1705097837115117775,DF:DF:EE:00:00:04,-23
BLE,1705097837596219857,D3:F4:55:AB:96:20,-70
BLE,1705097837786359191,D3:F4:55:AB:96:20,-75
BLE,1705097837975021251,D3:F4:55:AB:96:20,-71
BLE,1705097838110629260,DF:DF:EE:00:00:04,-38
BLE,1705097838358531341,D3:F4:55:AB:96:20,-71
BLE,1705097838552206384,D3:F4:55:AB:96:20,-78
BLE,1705097838650668075,DF:DF:EE:00:00:04,-39
BLE,1705097838943672215,D3:F4:55:AB:96:20,-70
BLE,1705097839118632934,DF:DF:EE:00:00:04,-40
BLE,1705097839333459315,D3:F4:55:AB:96:20,-67
BLE,1705097839395732175,DF:A6:DC:DC:2E:81,-70
BLE,1705097839395772591,DF:DF:EE:00:00:01,-70
BLE,1705097839527406188,D3:F4:55:AB:96:20,-70
BLE,1705097839722576756,D3:F4:55:AB:96:20,-90
BLE,1705097840108420735,D3:F4:55:AB:96:20,-76
BLE,1705097840652656209,DF:DF:EE:00:00:04,-39
BLE,1705097840690097649,D3:F4:55:AB:96:20,-76
BLE,1705097840880921392,D3:F4:55:AB:96:20,-70
BLE,1705097841074109441,D3:F4:55:AB:96:20,-94
BLE,1705097841115854623,DF:DF:EE:00:00:04,-39
BLE,1705097841269642213,D3:F4:55:AB:96:20,-69
BLE,1705097841651105951,DF:DF:EE:00:00:04,-37
BLE,1705097841843404261,D3:F4:55:AB:96:20,-70
BLE,1705097842113898246,DF:DF:EE:00:00:04,-30
BLE,1705097842228737287,D3:F4:55:AB:96:20,-87
BLE,1705097842613332989,D3:F4:55:AB:96:20,-70
BLE,1705097843119208742,DF:DF:EE:00:00:04,-24
BLE,1705097843181659433,D3:F4:55:AB:96:20,-69
BLE,1705097843218908459,DF:A6:DC:DC:2E:81,-69
BLE,1705097843218919501,DF:DF:EE:00:00:01,-69
BLE,1705097843655105479,DF:DF:EE:00:00:04,-39
BLE,1705097843753045384,D3:F4:55:AB:96:20,-75
BLE,1705097843945179278,D3:F4:55:AB:96:20,-68
BLE,1705097844136979218,D3:F4:55:AB:96:20,-61
BLE,1705097844514894289,D3:F4:55:AB:96:20,-75
BLE,1705097844656156525,DF:DF:EE:00:00:04,-39
BLE,1705097844709962442,D3:F4:55:AB:96:20,-68
BLE,1705097844903403238,D3:F4:55:AB:96:20,-71
BLE,1705097845116314724,DF:DF:EE:00:00:04,-39
BLE,1705097845290081041,D3:F4:55:AB:96:20,-56
BLE,1705097845656659243,DF:DF:EE:00:00:04,-37
BLE,1705097845678830694,D3:F4:55:AB:96:20,-69
BLE,1705097845770191967,DF:A6:DC:DC:2E:81,-72
BLE,1705097845770230758,DF:DF:EE:00:00:01,-72
BLE,1705097845874800544,D3:F4:55:AB:96:20,-71
BLE,1705097846072217836,D3:F4:55:AB:96:20,-90
BLE,1705097846258000387,D3:F4:55:AB:96:20,-71
BLE,1705097846452792918,D3:F4:55:AB:96:20,-75
BLE,1705097846655493315,DF:DF:EE:00:00:04,-40
BLE,1705097846839097183,D3:F4:55:AB:96:20,-72
BLE,1705097847034814911,D3:F4:55:AB:96:20,-69
BLE,1705097847046882896,DF:A6:DC:DC:2E:81,-68
BLE,1705097847046956562,DF:DF:EE:00:00:01,-68
BLE,1705097847109233089,DF:DF:EE:00:00:04,-38
BLE,1705097847223887591,D3:F4:55:AB:96:20,-71
BLE,1705097847415601199,D3:F4:55:AB:96:20,-75
BLE,1705097847794647549,D3:F4:55:AB:96:20,-67
BLE,1705097848182215966,D3:F4:55:AB:96:20,-61
BLE,1705097848324369316,DF:A6:DC:DC:2E:81,-68
BLE,1705097848324402066,DF:DF:EE:00:00:01,-68
BLE,1705097848372518715,D3:F4:55:AB:96:20,-70
BLE,1705097848563543873,D3:F4:55:AB:96:20,-76
BLE,1705097848653740326,DF:DF:EE:00:00:04,-39
BLE,1705097848754363908,D3:F4:55:AB:96:20,-71
BLE,1705097849112876579,DF:DF:EE:00:00:04,-39
BLE,1705097849145968237,D3:F4:55:AB:96:20,-68
BLE,1705097849916687539,D3:F4:55:AB:96:20,-77
BLE,1705097850104165905,D3:F4:55:AB:96:20,-70
BLE,1705097850110723912,DF:DF:EE:00:00:04,-38
BLE,1705097850653061658,DF:DF:EE:00:00:04,-39
BLE,1705097850864096375,D3:F4:55:AB:96:20,-76
BLE,1705097851050653917,D3:F4:55:AB:96:20,-70
BLE,1705097851116291780,DF:DF:EE:00:00:04,-39
BLE,1705097851241078748,D3:F4:55:AB:96:20,-76
BLE,1705097851428938692,D3:F4:55:AB:96:20,-71
BLE,1705097851651567025,DF:DF:EE:00:00:04,-39
BLE,1705097851811043340,D3:F4:55:AB:96:20,-70
BLE,1705097852008914668,D3:F4:55:AB:96:20,-76
BLE,1705097852204960725,D3:F4:55:AB:96:20,-68
BLE,1705097852581553645,D3:F4:55:AB:96:20,-71
BLE,1705097853166921141,D3:F4:55:AB:96:20,-72
BLE,1705097853743553114,D3:F4:55:AB:96:20,-76
BLE,1705097853929673829,D3:F4:55:AB:96:20,-71
BLE,1705097854118287764,DF:DF:EE:00:00:04,-36
BLE,1705097854317873114,D3:F4:55:AB:96:20,-70
BLE,1705097854511110787,D3:F4:55:AB:96:20,-70
BLE,1705097854651534199,DF:DF:EE:00:00:04,-39
BLE,1705097854696105764,DF:A6:DC:DC:2E:81,-67
BLE,1705097854696117139,DF:DF:EE:00:00:01,-67
BLE,1705097854891447080,D3:F4:55:AB:96:20,-75
BLE,1705097855077895416,D3:F4:55:AB:96:20,-70
BLE,1705097855272382241,D3:F4:55:AB:96:20,-75
BLE,1705097855662691044,D3:F4:55:AB:96:20,-57
BLE,1705097855857786029,D3:F4:55:AB:96:20,-75
BLE,1705097856111400251,DF:DF:EE:00:00:04,-39
BLE,1705097856243819256,D3:F4:55:AB:96:20,-70
BLE,1705097856434195796,D3:F4:55:AB:96:20,-68
BLE,1705097856649187592,DF:DF:EE:00:00:04,-38
BLE,1705097857007200685,D3:F4:55:AB:96:20,-76
BLE,1705097857117690986,DF:DF:EE:00:00:04,-40
BLE,1705097857389826619,D3:F4:55:AB:96:20,-60
BLE,1705097857654126967,DF:DF:EE:00:00:04,-56
BLE,1705097857774354405,D3:F4:55:AB:96:20,-89
BLE,1705097857970768583,D3:F4:55:AB:96:20,-75
BLE,1705097858112783226,DF:DF:EE:00:00:04,-38
BLE,1705097858158994856,D3:F4:55:AB:96:20,-70
BLE,1705097858520061623,DF:A6:DC:DC:2E:81,-67
BLE,1705097858520101039,DF:DF:EE:00:00:01,-67
BLE,1705097858551618798,D3:F4:55:AB:96:20,-69
BLE,1705097858651572638,DF:DF:EE:00:00:04,-22
BLE,1705097859117900808,DF:DF:EE:00:00:04,-52
BLE,1705097859123614741,D3:F4:55:AB:96:20,-71
BLE,1705097859695465061,D3:F4:55:AB:96:20,-68
BLE,1705097860115183689,DF:DF:EE:00:00:04,-39
BLE,1705097860654880424,D3:F4:55:AB:96:20,-91
BLE,1705097860656883234,DF:DF:EE:00:00:04,-55
BLE,1705097860853007499,D3:F4:55:AB:96:20,-94
BLE,1705097861044968437,D3:F4:55:AB:96:20,-68
BLE,1705097861119115576,DF:DF:EE:00:00:04,-52
BLE,1705097861426784796,D3:F4:55:AB:96:20,-68
BLE,1705097861807196797,D3:F4:55:AB:96:20,-70
BLE,1705097862001145587,D3:F4:55:AB:96:20,-76
BLE,1705097862196772232,D3:F4:55:AB:96:20,-68
BLE,1705097862388678005,D3:F4:55:AB:96:20,-56
BLE,1705097862584382649,D3:F4:55:AB:96:20,-77
BLE,1705097862650666088,DF:DF:EE:00:00:04,-40
BLE,1705097862772479882,D3:F4:55:AB:96:20,-70
BLE,1705097862967762490,D3:F4:55:AB:96:20,-75
BLE,1705097863115245820,DF:DF:EE:00:00:04,-39
BLE,1705097863154476365,D3:F4:55:AB:96:20,-70
BLE,1705097863346478969,D3:F4:55:AB:96:20,-77
BLE,1705097863924461301,D3:F4:55:AB:96:20,-68
BLE,1705097864314082278,D3:F4:55:AB:96:20,-76
BLE,1705097864705642649,D3:F4:55:AB:96:20,-71
BLE,1705097865119039683,DF:DF:EE:00:00:04,-38
BLE,1705097865283012696,D3:F4:55:AB:96:20,-76
BLE,1705097865668268682,D3:F4:55:AB:96:20,-75
BLE,1705097866057975450,D3:F4:55:AB:96:20,-70
BLE,1705097866112115988,DF:DF:EE:00:00:04,-39
BLE,1705097866442626110,D3:F4:55:AB:96:20,-70
BLE,1705097866443861720,D3:F4:55:AB:96:20,-68
BLE,1705097866638850832,D3:F4:55:AB:96:20,-70
BLE,1705097866655195767,DF:DF:EE:00:00:04,-56
BLE,1705097866835173553,D3:F4:55:AB:96:20,-76
BLE,1705097867021293434,D3:F4:55:AB:96:20,-71
BLE,1705097867115253093,DF:DF:EE:00:00:04,-39
BLE,1705097867219263469,D3:F4:55:AB:96:20,-76
BLE,1705097867404414653,D3:F4:55:AB:96:20,-70
BLE,1705097867598671731,D3:F4:55:AB:96:20,-76
BLE,1705097867654343460,DF:DF:EE:00:00:04,-50
BLE,1705097868119409478,DF:DF:EE:00:00:04,-40
BLE,1705097868367230559,D3:F4:55:AB:96:20,-76
BLE,1705097868555632122,D3:F4:55:AB:96:20,-70
BLE,1705097868749889617,D3:F4:55:AB:96:20,-75
BLE,1705097868944586940,D3:F4:55:AB:96:20,-69
BLE,1705097869115383749,DF:DF:EE:00:00:04,-38
BLE,1705097869329200308,D3:F4:55:AB:96:20,-67
BLE,1705097869649810920,DF:DF:EE:00:00:04,-39
BLE,1705097869715738238,D3:F4:55:AB:96:20,-75
BLE,1705097869906244943,D3:F4:55:AB:96:20,-69
BLE,1705097869994141214,DF:A6:DC:DC:2E:81,-81
BLE,1705097869994175047,DF:DF:EE:00:00:01,-81
BLE,1705097870101429344,D3:F4:55:AB:96:20,-76
BLE,1705097870648585659,DF:DF:EE:00:00:04,-39
BLE,1705097870681554859,D3:F4:55:AB:96:20,-61
BLE,1705097871068952654,D3:F4:55:AB:96:20,-75
BLE,1705097871260198767,D3:F4:55:AB:96:20,-68
BLE,1705097871452131497,D3:F4:55:AB:96:20,-92
BLE,1705097871645972997,D3:F4:55:AB:96:20,-69
BLE,1705097871837112861,D3:F4:55:AB:96:20,-70
BLE,1705097872032048723,D3:F4:55:AB:96:20,-76
BLE,1705097872116965029,DF:DF:EE:00:00:04,-37
BLE,1705097872222647261,D3:F4:55:AB:96:20,-71
BLE,1705097872804037011,D3:F4:55:AB:96:20,-71
BLE,1705097873002421250,D3:F4:55:AB:96:20,-78
BLE,1705097873116562175,DF:DF:EE:00:00:04,-56
BLE,1705097873190166987,D3:F4:55:AB:96:20,-70
BLE,1705097873384513231,D3:F4:55:AB:96:20,-76
BLE,1705097873772930930,D3:F4:55:AB:96:20,-70
BLE,1705097873822465064,DF:A6:DC:DC:2E:81,-67
BLE,1705097873822514521,DF:DF:EE:00:00:01,-67
BLE,1705097873968640242,D3:F4:55:AB:96:20,-75
BLE,1705097874163349315,D3:F4:55:AB:96:20,-68
BLE,1705097874554386400,D3:F4:55:AB:96:20,-75
BLE,1705097874650913155,DF:DF:EE:00:00:04,-39
BLE,1705097875118410853,DF:DF:EE:00:00:04,-40
BLE,1705097875139467858,D3:F4:55:AB:96:20,-76
BLE,1705097875327026931,D3:F4:55:AB:96:20,-70
BLE,1705097875519486905,D3:F4:55:AB:96:20,-76
BLE,1705097875654769793,DF:DF:EE:00:00:04,-40
BLE,1705097876100596242,D3:F4:55:AB:96:20,-68
BLE,1705097876112134233,DF:DF:EE:00:00:04,-23
BLE,1705097876364032517,DF:A6:DC:DC:2E:81,-69
BLE,1705097876364063725,DF:DF:EE:00:00:01,-69
BLE,1705097876475527973,D3:F4:55:AB:96:20,-57
BLE,1705097876855668685,D3:F4:55:AB:96:20,-70
BLE,1705097877046218306,D3:F4:55:AB:96:20,-69
BLE,1705097877109884359,DF:DF:EE:00:00:04,-50
BLE,1705097877239606020,D3:F4:55:AB:96:20,-70
BLE,1705097877433618809,D3:F4:55:AB:96:20,-75
BLE,1705097877622873487,D3:F4:55:AB:96:20,-70
BLE,1705097878018186481,D3:F4:55:AB:96:20,-76
BLE,1705097878403068638,D3:F4:55:AB:96:20,-69
BLE,1705097878904930062,DF:A6:DC:DC:2E:81,-69
BLE,1705097878904964562,DF:DF:EE:00:00:01,-69
BLE,1705097879116144360,DF:DF:EE:00:00:04,-37
BLE,1705097879558671806,D3:F4:55:AB:96:20,-71
BLE,1705097879654372904,DF:DF:EE:00:00:04,-39
BLE,1705097880113580073,DF:DF:EE:00:00:04,-51
BLE,1705097880133881296,D3:F4:55:AB:96:20,-61
BLE,1705097880323498469,D3:F4:55:AB:96:20,-61
BLE,1705097880650486298,DF:DF:EE:00:00:04,-51
BLE,1705097880702420821,D3:F4:55:AB:96:20,-70
BLE,1705097880891634541,D3:F4:55:AB:96:20,-69
BLE,1705097881116780302,DF:DF:EE:00:00:04,-39
BLE,1705097881275134922,D3:F4:55:AB:96:20,-69
BLE,1705097881466685615,D3:F4:55:AB:96:20,-72
BLE,1705097881655887752,DF:DF:EE:00:00:04,-39
BLE,1705097881849501171,D3:F4:55:AB:96:20,-90
BLE,1705097882040267790,D3:F4:55:AB:96:20,-68
BLE,1705097882116129159,DF:DF:EE:00:00:04,-40
BLE,1705097882656194265,DF:DF:EE:00:00:04,-40
BLE,1705097882728646757,DF:A6:DC:DC:2E:81,-67
BLE,1705097882728680465,DF:DF:EE:00:00:01,-67
BLE,1705097882817138688,D3:F4:55:AB:96:20,-70
BLE,1705097884117258803,DF:DF:EE:00:00:04,-40
BLE,1705097884340712626,D3:F4:55:AB:96:20,-74
BLE,1705097884654252444,DF:DF:EE:00:00:04,-56
BLE,1705097884724209382,D3:F4:55:AB:96:20,-76
BLE,1705097885269691258,DF:A6:DC:DC:2E:81,-69
BLE,1705097885269723508,DF:DF:EE:00:00:01,-69
BLE,1705097885297963847,D3:F4:55:AB:96:20,-70
BLE,1705097885488490052,D3:F4:55:AB:96:20,-76
BLE,1705097885654572832,DF:DF:EE:00:00:04,-39
BLE,1705097885677302360,D3:F4:55:AB:96:20,-70
BLE,1705097886112477141,DF:DF:EE:00:00:04,-39
BLE,1705097886450620299,D3:F4:55:AB:96:20,-69
BLE,1705097886655035343,DF:DF:EE:00:00:04,-38
BLE,1705097887114814297,DF:DF:EE:00:00:04,-39
BLE,1705097887988325032,D3:F4:55:AB:96:20,-76
BLE,1705097888114320319,DF:DF:EE:00:00:04,-39
BLE,1705097888567151645,D3:F4:55:AB:96:20,-58
BLE,1705097888647452005,DF:DF:EE:00:00:04,-39
BLE,1705097888949930952,D3:F4:55:AB:96:20,-68
BLE,1705097889142591424,D3:F4:55:AB:96:20,-84
BLE,1705097889337977114,D3:F4:55:AB:96:20,-77
BLE,1705097889527604787,D3:F4:55:AB:96:20,-70
BLE,1705097889649731078,DF:DF:EE:00:00:04,-40
BLE,1705097889724542834,D3:F4:55:AB:96:20,-71
BLE,1705097889917079891,D3:F4:55:AB:96:20,-58
BLE,1705097890105471412,D3:F4:55:AB:96:20,-77
BLE,1705097890109546198,DF:DF:EE:00:00:04,-39
BLE,1705097890298512338,D3:F4:55:AB:96:20,-68
BLE,1705097890650633959,DF:DF:EE:00:00:04,-40
BLE,1705097890688616143,D3:F4:55:AB:96:20,-92
BLE,1705097891075640942,D3:F4:55:AB:96:20,-71
BLE,1705097891270878967,D3:F4:55:AB:96:20,-75
BLE,1705097891851200480,D3:F4:55:AB:96:20,-69
BLE,1705097892112752277,DF:DF:EE:00:00:04,-38
BLE,1705097892420885783,D3:F4:55:AB:96:20,-75
BLE,1705097892804243291,D3:F4:55:AB:96:20,-76
BLE,1705097892992439648,D3:F4:55:AB:96:20,-90
BLE,1705097893114543606,DF:DF:EE:00:00:04,-40
BLE,1705097893184419003,D3:F4:55:AB:96:20,-60
BLE,1705097893566255653,D3:F4:55:AB:96:20,-77
BLE,1705097893656606771,DF:DF:EE:00:00:04,-56
BLE,1705097894146552584,D3:F4:55:AB:96:20,-69
BLE,1705097894340920994,D3:F4:55:AB:96:20,-70
BLE,1705097894654852016,DF:DF:EE:00:00:04,-38
BLE,1705097895110998013,D3:F4:55:AB:96:20,-67
BLE,1705097895305663753,D3:F4:55:AB:96:20,-70
BLE,1705097895472722605,DF:A6:DC:DC:2E:81,-73
BLE,1705097895472773729,DF:DF:EE:00:00:01,-73
BLE,1705097895645874637,DF:DF:EE:00:00:04,-39
BLE,1705097895690947447,D3:F4:55:AB:96:20,-70
BLE,1705097896078826152,D3:F4:55:AB:96:20,-68
BLE,1705097896467663722,D3:F4:55:AB:96:20,-86
BLE,1705097896650889678,DF:DF:EE:00:00:04,-56
BLE,1705097896748407671,DF:A6:DC:DC:2E:81,-68
BLE,1705097896748430546,DF:DF:EE:00:00:01,-68
BLE,1705097897055739270,D3:F4:55:AB:96:20,-77
BLE,1705097897106288475,DF:DF:EE:00:00:04,-38
BLE,1705097897647629357,DF:DF:EE:00:00:04,-33
BLE,1705097898009926318,D3:F4:55:AB:96:20,-71
BLE,1705097898398679138,D3:F4:55:AB:96:20,-69
BLE,1705097898593388170,D3:F4:55:AB:96:20,-69
BLE,1705097899356432895,D3:F4:55:AB:96:20,-89
BLE,1705097899740061650,D3:F4:55:AB:96:20,-71
BLE,1705097900110070479,DF:DF:EE:00:00:04,-39
BLE,1705097900123609864,D3:F4:55:AB:96:20,-56
BLE,1705097900579720027,DF:A6:DC:DC:2E:81,-72
BLE,1705097900579772527,DF:DF:EE:00:00:01,-72
BLE,1705097901666255705,D3:F4:55:AB:96:20,-75
BLE,1705097901852771624,D3:F4:55:AB:96:20,-70
BLE,1705097902418928801,D3:F4:55:AB:96:20,-71
BLE,1705097902994972489,D3:F4:55:AB:96:20,-76
BLE,1705097903110418357,DF:DF:EE:00:00:04,-23
BLE,1705097903183875379,D3:F4:55:AB:96:20,-70
BLE,1705097903375166700,D3:F4:55:AB:96:20,-75
BLE,1705097903650282923,DF:DF:EE:00:00:04,-39
BLE,1705097903761533757,D3:F4:55:AB:96:20,-75
BLE,1705097903949075246,D3:F4:55:AB:96:20,-70
BLE,1705097904108317273,DF:DF:EE:00:00:04,-44
BLE,1705097904144063233,D3:F4:55:AB:96:20,-92
BLE,1705097904335402637,D3:F4:55:AB:96:20,-69
BLE,1705097904398047784,DF:A6:DC:DC:2E:81,-68
BLE,1705097904398103159,DF:DF:EE:00:00:01,-68
BLE,1705097905111285129,DF:DF:EE:00:00:04,-39
BLE,1705097905310204279,D3:F4:55:AB:96:20,-76
BLE,1705097905647665736,DF:DF:EE:00:00:04,-39
BLE,1705097905896242392,D3:F4:55:AB:96:20,-76
BLE,1705097906110302115,DF:DF:EE:00:00:04,-38
BLE,1705097906285731912,D3:F4:55:AB:96:20,-70
BLE,1705097906481356766,D3:F4:55:AB:96:20,-76
BLE,1705097906654193343,DF:DF:EE:00:00:04,-52
BLE,1705097906867454409,D3:F4:55:AB:96:20,-76
BLE,1705097906946661531,DF:A6:DC:DC:2E:81,-73
BLE,1705097906946691156,DF:DF:EE:00:00:01,-73
BLE,1705097907052840799,D3:F4:55:AB:96:20,-70
BLE,1705097907113515719,DF:DF:EE:00:00:04,-41
BLE,1705097907646770029,DF:DF:EE:00:00:04,-37
BLE,1705097907827144643,D3:F4:55:AB:96:20,-68
BLE,1705097908020459232,D3:F4:55:AB:96:20,-70
BLE,1705097908111530259,DF:DF:EE:00:00:04,-52
BLE,1705097908217942773,D3:F4:55:AB:96:20,-75
BLE,1705097908219827835,DF:A6:DC:DC:2E:81,-89
BLE,1705097908219840293,DF:DF:EE:00:00:01,-89
BLE,1705097908605185736,D3:F4:55:AB:96:20,-71
BLE,1705097908801379667,D3:F4:55:AB:96:20,-75
BLE,1705097908990619720,D3:F4:55:AB:96:20,-70
BLE,1705097909187782098,D3:F4:55:AB:96:20,-70
BLE,1705097909380746233,D3:F4:55:AB:96:20,-68
BLE,1705097909573043125,D3:F4:55:AB:96:20,-70
BLE,1705097909650325812,DF:DF:EE:00:00:04,-39
BLE,1705097909769980339,D3:F4:55:AB:96:20,-77
BLE,1705097910346485855,D3:F4:55:AB:96:20,-69
BLE,1705097910538770040,D3:F4:55:AB:96:20,-70
BLE,1705097910654428780,DF:DF:EE:00:00:04,-38
BLE,1705097910733088659,D3:F4:55:AB:96:20,-75
BLE,1705097910768582038,DF:A6:DC:DC:2E:81,-69
BLE,1705097910768612580,DF:DF:EE:00:00:01,-69
BLE,1705097910923223493,D3:F4:55:AB:96:20,-71
BLE,1705097911109966700,DF:DF:EE:00:00:04,-38
BLE,1705097911116414000,D3:F4:55:AB:96:20,-75
BLE,1705097911692664061,D3:F4:55:AB:96:20,-67
BLE,1705097911885291325,D3:F4:55:AB:96:20,-75
BLE,1705097912073067186,D3:F4:55:AB:96:20,-61
BLE,1705097912114123002,DF:DF:EE:00:00:04,-38
BLE,1705097912649604160,D3:F4:55:AB:96:20,-76
BLE,1705097912835650167,D3:F4:55:AB:96:20,-70
BLE,1705097913422153734,D3:F4:55:AB:96:20,-71
BLE,1705097913615556863,D3:F4:55:AB:96:20,-61
BLE,1705097913802816981,D3:F4:55:AB:96:20,-70
BLE,1705097914110487868,DF:DF:EE:00:00:04,-23
BLE,1705097914180778927,D3:F4:55:AB:96:20,-74
BLE,1705097914566027746,D3:F4:55:AB:96:20,-70
BLE,1705097914588765232,DF:A6:DC:DC:2E:81,-70
BLE,1705097914588800857,DF:DF:EE:00:00:01,-70
BLE,1705097914649441861,DF:DF:EE:00:00:04,-40
BLE,1705097914952688091,D3:F4:55:AB:96:20,-70
BLE,1705097915109215024,DF:DF:EE:00:00:04,-23
BLE,1705097915341786449,D3:F4:55:AB:96:20,-68
BLE,1705097915534813833,D3:F4:55:AB:96:20,-70
BLE,1705097915916440070,D3:F4:55:AB:96:20,-70
BLE,1705097916113874653,D3:F4:55:AB:96:20,-76
BLE,1705097916115206470,DF:DF:EE:00:00:04,-40
BLE,1705097916301966011,D3:F4:55:AB:96:20,-87
BLE,1705097916491329896,D3:F4:55:AB:96:20,-68
BLE,1705097916652788313,DF:DF:EE:00:00:04,-40
BLE,1705097916685732306,D3:F4:55:AB:96:20,-57
BLE,1705097917077712255,D3:F4:55:AB:96:20,-76
BLE,1705097917130721265,DF:A6:DC:DC:2E:81,-68
BLE,1705097917130750973,DF:DF:EE:00:00:01,-68
BLE,1705097917461412968,D3:F4:55:AB:96:20,-76
BLE,1705097917846851285,D3:F4:55:AB:96:20,-76
BLE,1705097918034247359,D3:F4:55:AB:96:20,-57
BLE,1705097918107010181,DF:DF:EE:00:00:04,-27
BLE,1705097918229244096,D3:F4:55:AB:96:20,-76
BLE,1705097918656235514,DF:DF:EE:00:00:04,-53
BLE,1705097918803403722,D3:F4:55:AB:96:20,-68
BLE,1705097919113045294,DF:DF:EE:00:00:04,-38
BLE,1705097919194649972,D3:F4:55:AB:96:20,-75
BLE,1705097919385363883,D3:F4:55:AB:96:20,-70
BLE,1705097920914700046,D3:F4:55:AB:96:20,-70
BLE,1705097921105400624,D3:F4:55:AB:96:20,-76
BLE,1705097921300727606,D3:F4:55:AB:96:20,-58
BLE,1705097921652667812,DF:DF:EE:00:00:04,-38
BLE,1705097921691359863,D3:F4:55:AB:96:20,-75
BLE,1705097921880713290,D3:F4:55:AB:96:20,-71
BLE,1705097922077242175,D3:F4:55:AB:96:20,-61
BLE,1705097922641323210,D3:F4:55:AB:96:20,-76
BLE,1705097922645508620,DF:DF:EE:00:00:04,-38
BLE,1705097922833881516,D3:F4:55:AB:96:20,-69
BLE,1705097923111153798,DF:DF:EE:00:00:04,-39
BLE,1705097923412133220,D3:F4:55:AB:96:20,-56
BLE,1705097923498424135,DF:A6:DC:DC:2E:81,-70
BLE,1705097923498456551,DF:DF:EE:00:00:01,-70
BLE,1705097923647813276,DF:DF:EE:00:00:04,-40
BLE,1705097923803534135,D3:F4:55:AB:96:20,-69
BLE,1705097924649416190,DF:DF:EE:00:00:04,-38
BLE,1705097924765283178,D3:F4:55:AB:96:20,-68
BLE,1705097925112560730,DF:DF:EE:00:00:04,-39
BLE,1705097925145645221,D3:F4:55:AB:96:20,-72
BLE,1705097925340647624,D3:F4:55:AB:96:20,-77
BLE,1705097925648883046,DF:DF:EE:00:00:04,-38
BLE,1705097925650257905,DF:DF:EE:00:00:04,-39
BLE,1705097926109805987,D3:F4:55:AB:96:20,-72
BLE,1705097926113104365,DF:DF:EE:00:00:04,-39
BLE,1705097926303328698,D3:F4:55:AB:96:20,-75
BLE,1705097926490753106,D3:F4:55:AB:96:20,-72
BLE,1705097926652256023,DF:DF:EE:00:00:04,-39
BLE,1705097926884690741,D3:F4:55:AB:96:20,-58
BLE,1705097927112979924,DF:DF:EE:00:00:04,-39
BLE,1705097927324750591,DF:A6:DC:DC:2E:81,-69
BLE,1705097927324809174,DF:DF:EE:00:00:01,-69
BLE,1705097927645930738,DF:DF:EE:00:00:04,-39
BLE,1705097927650931513,D3:F4:55:AB:96:20,-67
BLE,1705097928031693926,D3:F4:55:AB:96:20,-68
BLE,1705097928985357980,D3:F4:55:AB:96:20,-93
BLE,1705097929115749425,DF:DF:EE:00:00:04,-39
BLE,1705097929178297615,D3:F4:55:AB:96:20,-69
BLE,1705097929372088949,D3:F4:55:AB:96:20,-70
BLE,1705097929569738946,D3:F4:55:AB:96:20,-76
BLE,1705097929650991253,DF:DF:EE:00:00:04,-39
BLE,1705097929758373298,D3:F4:55:AB:96:20,-70
BLE,1705097929873625918,DF:A6:DC:DC:2E:81,-71
BLE,1705097929873656043,DF:DF:EE:00:00:01,-71
BLE,1705097930109681595,DF:DF:EE:00:00:04,-40
BLE,1705097930148317396,D3:F4:55:AB:96:20,-69
BLE,1705097930649957323,DF:DF:EE:00:00:04,-40
BLE,1705097931101008753,D3:F4:55:AB:96:20,-90
BLE,1705097931148700491,DF:A6:DC:DC:2E:81,-69
BLE,1705097931148753824,DF:DF:EE:00:00:01,-69
BLE,1705097931286697848,D3:F4:55:AB:96:20,-72
BLE,1705097931478574203,D3:F4:55:AB:96:20,-76
BLE,1705097931646018385,DF:DF:EE:00:00:04,-38
BLE,1705097931667816673,D3:F4:55:AB:96:20,-70
BLE,1705097931864664555,D3:F4:55:AB:96:20,-76
BLE,1705097932434836311,D3:F4:55:AB:96:20,-70
BLE,1705097932626938372,D3:F4:55:AB:96:20,-76
BLE,1705097932649665858,DF:DF:EE:00:00:04,-40
BLE,1705097932821962942,D3:F4:55:AB:96:20,-58
BLE,1705097933399541070,D3:F4:55:AB:96:20,-70
BLE,1705097933648773885,DF:DF:EE:00:00:04,-39
BLE,1705097933694897641,DF:A6:DC:DC:2E:81,-84
BLE,1705097933694943724,DF:DF:EE:00:00:01,-84
BLE,1705097933780632188,D3:F4:55:AB:96:20,-72
BLE,1705097934116358540,DF:DF:EE:00:00:04,-40
BLE,1705097934650699129,DF:DF:EE:00:00:04,-39
BLE,1705097934931352079,D3:F4:55:AB:96:20,-70
BLE,1705097935122921480,D3:F4:55:AB:96:20,-76
BLE,1705097935311915703,D3:F4:55:AB:96:20,-88
BLE,1705097935509482243,D3:F4:55:AB:96:20,-75
BLE,1705097935650418232,DF:DF:EE:00:00:04,-56
BLE,1705097936107973837,DF:DF:EE:00:00:04,-38
BLE,1705097936271377440,D3:F4:55:AB:96:20,-61
BLE,1705097936649790047,D3:F4:55:AB:96:20,-69
BLE,1705097936654691282,DF:DF:EE:00:00:04,-53
BLE,1705097936844637993,D3:F4:55:AB:96:20,-70
BLE,1705097937113409915,DF:DF:EE:00:00:04,-38
BLE,1705097937227428299,D3:F4:55:AB:96:20,-72
BLE,1705097938117215303,DF:DF:EE:00:00:04,-40
BLE,1705097938187814400,D3:F4:55:AB:96:20,-76
BLE,1705097939740558833,D3:F4:55:AB:96:20,-75
BLE,1705097939935798942,D3:F4:55:AB:96:20,-58
BLE,1705097940104886062,DF:DF:EE:00:00:04,-22
BLE,1705097940315317411,D3:F4:55:AB:96:20,-68
BLE,1705097940649372825,DF:DF:EE:00:00:04,-38
BLE,1705097940694247929,D3:F4:55:AB:96:20,-56
BLE,1705097940695541247,D3:F4:55:AB:96:20,-58
BLE,1705097941110782635,DF:DF:EE:00:00:04,-39
BLE,1705097941458737721,D3:F4:55:AB:96:20,-70
BLE,1705097941652246224,DF:DF:EE:00:00:04,-40
BLE,1705097942106395327,DF:DF:EE:00:00:04,-39
BLE,1705097942230638801,D3:F4:55:AB:96:20,-58
BLE,1705097942428800543,D3:F4:55:AB:96:20,-68
BLE,1705097942600733463,DF:A6:DC:DC:2E:81,-80
BLE,1705097942600768921,DF:DF:EE:00:00:01,-80
BLE,1705097942620004156,D3:F4:55:AB:96:20,-75
BLE,1705097942805844999,D3:F4:55:AB:96:20,-71
BLE,1705097943107162459,DF:DF:EE:00:00:04,-39
BLE,1705097943197105915,D3:F4:55:AB:96:20,-68
BLE,1705097943583856426,D3:F4:55:AB:96:20,-75
BLE,1705097943654883684,DF:DF:EE:00:00:04,-40
BLE,1705097943960775592,D3:F4:55:AB:96:20,-58
BLE,1705097944349983573,D3:F4:55:AB:96:20,-94
BLE,1705097944539488082,D3:F4:55:AB:96:20,-56
BLE,1705097944653222137,DF:DF:EE:00:00:04,-39
BLE,1705097944729270254,D3:F4:55:AB:96:20,-69
BLE,1705097945110549494,DF:DF:EE:00:00:04,-39
BLE,1705097945114999068,D3:F4:55:AB:96:20,-92
BLE,1705097945501032711,D3:F4:55:AB:96:20,-75
BLE,1705097945696265278,D3:F4:55:AB:96:20,-67
BLE,1705097946077439103,D3:F4:55:AB:96:20,-69
BLE,1705097946458176558,D3:F4:55:AB:96:20,-58
BLE,1705097946647798857,D3:F4:55:AB:96:20,-76
BLE,1705097946651626896,DF:DF:EE:00:00:04,-23
BLE,1705097947028219399,D3:F4:55:AB:96:20,-75
BLE,1705097947105291879,DF:DF:EE:00:00:04,-38
BLE,1705097947412478480,D3:F4:55:AB:96:20,-76
BLE,1705097947600062302,D3:F4:55:AB:96:20,-70
BLE,1705097947654337714,DF:DF:EE:00:00:04,-38
BLE,1705097947793578764,D3:F4:55:AB:96:20,-75
BLE,1705097947986388151,D3:F4:55:AB:96:20,-68
BLE,1705097948950111296,D3:F4:55:AB:96:20,-70
BLE,1705097949114536388,DF:DF:EE:00:00:04,-38
BLE,1705097949645945219,DF:DF:EE:00:00:04,-39
BLE,1705097949928946933,D3:F4:55:AB:96:20,-61
BLE,1705097950111443773,DF:DF:EE:00:00:04,-51
BLE,1705097950503837176,D3:F4:55:AB:96:20,-71
BLE,1705097950646367022,DF:DF:EE:00:00:04,-39
BLE,1705097951108042370,DF:DF:EE:00:00:04,-38
BLE,1705097951283217795,D3:F4:55:AB:96:20,-76
BLE,1705097951472141227,D3:F4:55:AB:96:20,-70
BLE,1705097951512181471,DF:A6:DC:DC:2E:81,-67
BLE,1705097951512206429,DF:DF:EE:00:00:01,-67
BLE,1705097951651437771,DF:DF:EE:00:00:04,-39
BLE,1705097951851339533,D3:F4:55:AB:96:20,-83
BLE,1705097952116335915,DF:DF:EE:00:00:04,-24
BLE,1705097952429535280,D3:F4:55:AB:96:20,-62
BLE,1705097952646916298,DF:DF:EE:00:00:04,-39
BLE,1705097952997584185,D3:F4:55:AB:96:20,-71
BLE,1705097953112527851,DF:DF:EE:00:00:04,-51
BLE,1705097953189581040,D3:F4:55:AB:96:20,-69
BLE,1705097953384695691,D3:F4:55:AB:96:20,-71
BLE,1705097954059071154,DF:A6:DC:DC:2E:81,-54
BLE,1705097954059104154,DF:DF:EE:00:00:01,-54
BLE,1705097954110024854,DF:DF:EE:00:00:04,-39
BLE,1705097954534357470,D3:F4:55:AB:96:20,-58
BLE,1705097954651593276,DF:DF:EE:00:00:04,-51
BLE,1705097955112993711,D3:F4:55:AB:96:20,-70
BLE,1705097955308599524,D3:F4:55:AB:96:20,-78
BLE,1705097955503348263,D3:F4:55:AB:96:20,-58
BLE,1705097955894566096,D3:F4:55:AB:96:20,-75
BLE,1705097956084451267,D3:F4:55:AB:96:20,-70
BLE,1705097956085956458,D3:F4:55:AB:96:20,-69
BLE,1705097956111600868,DF:DF:EE:00:00:04,-38
BLE,1705097956279475878,D3:F4:55:AB:96:20,-75
BLE,1705097956862277737,D3:F4:55:AB:96:20,-94
BLE,1705097957113814192,DF:DF:EE:00:00:04,-40
BLE,1705097957634063653,D3:F4:55:AB:96:20,-70
BLE,1705097957647536621,DF:DF:EE:00:00:04,-40
BLE,1705097957827805987,D3:F4:55:AB:96:20,-76
BLE,1705097958104437859,DF:DF:EE:00:00:04,-38
BLE,1705097958413132067,D3:F4:55:AB:96:20,-76
BLE,1705097958644085844,DF:DF:EE:00:00:04,-38
BLE,1705097959106011857,DF:DF:EE:00:00:04,-39
BLE,1705097959143071718,DF:A6:DC:DC:2E:81,-68
BLE,1705097959143088551,DF:DF:EE:00:00:01,-68
BLE,1705097959192777725,D3:F4:55:AB:96:20,-69
BLE,1705097959584878964,D3:F4:55:AB:96:20,-77
BLE,1705097959652966007,DF:DF:EE:00:00:04,-40
BLE,1705097960108248430,DF:DF:EE:00:00:04,-51
BLE,1705097960356436383,D3:F4:55:AB:96:20,-72
BLE,1705097960552192110,D3:F4:55:AB:96:20,-75
BLE,1705097960746518188,D3:F4:55:AB:96:20,-68
BLE,1705097960940382020,D3:F4:55:AB:96:20,-72
BLE,1705097961326354623,D3:F4:55:AB:96:20,-70
BLE,1705097961644101684,DF:DF:EE:00:00:04,-39
BLE,1705097961717203794,D3:F4:55:AB:96:20,-67
BLE,1705097962111470925,DF:DF:EE:00:00:04,-38
BLE,1705097962289320819,D3:F4:55:AB:96:20,-70
BLE,1705097962671683839,D3:F4:55:AB:96:20,-72
BLE,1705097962862859161,D3:F4:55:AB:96:20,-68
BLE,1705097963251517316,D3:F4:55:AB:96:20,-75
BLE,1705097963636460139,D3:F4:55:AB:96:20,-75
BLE,1705097963831133421,D3:F4:55:AB:96:20,-69
BLE,1705097964026436237,D3:F4:55:AB:96:20,-71
BLE,1705097965109198167,DF:DF:EE:00:00:04,-39
BLE,1705097965180566589,D3:F4:55:AB:96:20,-68
BLE,1705097965371892618,D3:F4:55:AB:96:20,-84
BLE,1705097965571450051,D3:F4:55:AB:96:20,-76
BLE,1705097965762533874,D3:F4:55:AB:96:20,-68
BLE,1705097965958220186,D3:F4:55:AB:96:20,-70
BLE,1705097966106914668,DF:DF:EE:00:00:04,-40
BLE,1705097966157219293,D3:F4:55:AB:96:20,-75
BLE,1705097966730410847,D3:F4:55:AB:96:20,-67
BLE,1705097966789518202,DF:A6:DC:DC:2E:81,-68
BLE,1705097966789554077,DF:DF:EE:00:00:01,-68
BLE,1705097967108980619,DF:DF:EE:00:00:04,-38
BLE,1705097967645017396,DF:DF:EE:00:00:04,-55
BLE,1705097968065498306,D3:F4:55:AB:96:20,-77
BLE,1705097968645246118,D3:F4:55:AB:96:20,-68
BLE,1705097968653823352,DF:DF:EE:00:00:04,-39
BLE,1705097969032243042,D3:F4:55:AB:96:20,-75
BLE,1705097969110261803,DF:DF:EE:00:00:04,-38
BLE,1705097969221900299,D3:F4:55:AB:96:20,-70
BLE,1705097969333984997,DF:A6:DC:DC:2E:81,-68
BLE,1705097969334014664,DF:DF:EE:00:00:01,-68
BLE,1705097969411231351,D3:F4:55:AB:96:20,-67
BLE,1705097969647112737,DF:DF:EE:00:00:04,-39
BLE,1705097969793285416,D3:F4:55:AB:96:20,-69
BLE,1705097969988117862,D3:F4:55:AB:96:20,-70
BLE,1705097970114421729,DF:DF:EE:00:00:04,-40
BLE,1705097970566988475,D3:F4:55:AB:96:20,-76
BLE,1705097970760325439,D3:F4:55:AB:96:20,-58
BLE,1705097971140706982,D3:F4:55:AB:96:20,-68
BLE,1705097971331892554,D3:F4:55:AB:96:20,-75
BLE,1705097971646127073,DF:DF:EE:00:00:04,-40
BLE,1705097971712271555,D3:F4:55:AB:96:20,-75
BLE,1705097971882997323,DF:A6:DC:DC:2E:81,-72
BLE,1705097971883051406,DF:DF:EE:00:00:01,-72
BLE,1705097971900698576,D3:F4:55:AB:96:20,-70
BLE,1705097972094388578,D3:F4:55:AB:96:20,-77
BLE,1705097972291259667,D3:F4:55:AB:96:20,-68
BLE,1705097972485655369,D3:F4:55:AB:96:20,-70
BLE,1705097972653766000,DF:DF:EE:00:00:04,-39
BLE,1705097972880502410,D3:F4:55:AB:96:20,-76
BLE,1705097973066803331,D3:F4:55:AB:96:20,-84
BLE,1705097973266016935,D3:F4:55:AB:96:20,-76
BLE,1705097973456757137,D3:F4:55:AB:96:20,-68
BLE,1705097973646956721,DF:DF:EE:00:00:04,-39
BLE,1705097973648897407,D3:F4:55:AB:96:20,-75
BLE,1705097974229034630,D3:F4:55:AB:96:20,-60
BLE,1705097974419712542,DF:A6:DC:DC:2E:81,-68
BLE,1705097974419733000,DF:DF:EE:00:00:01,-68
BLE,1705097974649568540,DF:DF:EE:00:00:04,-39
BLE,1705097974814051464,D3:F4:55:AB:96:20,-76
BLE,1705097975007800131,D3:F4:55:AB:96:20,-70
BLE,1705097975205009175,D3:F4:55:AB:96:20,-71
BLE,1705097975401998513,D3:F4:55:AB:96:20,-75
BLE,1705097975590607366,D3:F4:55:AB:96:20,-70
BLE,1705097975647382665,DF:DF:EE:00:00:04,-39
BLE,1705097975971812274,D3:F4:55:AB:96:20,-71
BLE,1705097976113010843,DF:DF:EE:00:00:04,-51
BLE,1705097976164528661,D3:F4:55:AB:96:20,-95
BLE,1705097976542904769,D3:F4:55:AB:96:20,-68
BLE,1705097976969305944,DF:A6:DC:DC:2E:81,-72
BLE,1705097976969343652,DF:DF:EE:00:00:01,-72
BLE,1705097977109380359,DF:DF:EE:00:00:04,-40
BLE,1705097977117187602,D3:F4:55:AB:96:20,-71
BLE,1705097977314746017,D3:F4:55:AB:96:20,-75
BLE,1705097977508191105,D3:F4:55:AB:96:20,-68
BLE,1705097977898483116,D3:F4:55:AB:96:20,-76
BLE,1705097978085638485,D3:F4:55:AB:96:20,-56
BLE,1705097978241854296,DF:A6:DC:DC:2E:81,-68
BLE,1705097978241867754,DF:DF:EE:00:00:01,-68
BLE,1705097978281400629,D3:F4:55:AB:96:20,-77
BLE,1705097978666342493,D3:F4:55:AB:96:20,-75
BLE,1705097979047745357,D3:F4:55:AB:96:20,-75
BLE,1705097979112235442,DF:DF:EE:00:00:04,-40
BLE,1705097979237297949,D3:F4:55:AB:96:20,-70
BLE,1705097979429514425,D3:F4:55:AB:96:20,-76
BLE,1705097979623565756,D3:F4:55:AB:96:20,-58
BLE,1705097979653214454,DF:DF:EE:00:00:04,-40
BLE,1705097979813740465,D3:F4:55:AB:96:20,-75
BLE,1705097980008191583,D3:F4:55:AB:96:20,-68
BLE,1705097980110440729,DF:DF:EE:00:00:04,-33
BLE,1705097980197860173,D3:F4:55:AB:96:20,-76
BLE,1705097980384648546,D3:F4:55:AB:96:20,-72
BLE,1705097980575306499,D3:F4:55:AB:96:20,-75
BLE,1705097980647567702,DF:DF:EE:00:00:04,-40
BLE,1705097980766557821,D3:F4:55:AB:96:20,-70
BLE,1705097980784144991,DF:A6:DC:DC:2E:81,-68
BLE,1705097980784171533,DF:DF:EE:00:00:01,-68
BLE,1705097981110119374,DF:DF:EE:00:00:04,-39
BLE,1705097981344716984,D3:F4:55:AB:96:20,-75
BLE,1705097981532023810,D3:F4:55:AB:96:20,-71
BLE,1705097981648344334,DF:DF:EE:00:00:04,-38
BLE,1705097981727429708,D3:F4:55:AB:96:20,-75
BLE,1705097981918754945,D3:F4:55:AB:96:20,-68
BLE,1705097982108997820,DF:DF:EE:00:00:04,-56
BLE,1705097982296177772,D3:F4:55:AB:96:20,-71
BLE,1705097982489804816,D3:F4:55:AB:96:20,-75
BLE,1705097982875455006,D3:F4:55:AB:96:20,-76
BLE,1705097983072068640,D3:F4:55:AB:96:20,-78
BLE,1705097983105863039,DF:DF:EE:00:00:04,-40
BLE,1705097983260507661,D3:F4:55:AB:96:20,-71
BLE,1705097983645501816,DF:DF:EE:00:00:04,-39
BLE,1705097983646761885,D3:F4:55:AB:96:20,-70
BLE,1705097983838450451,D3:F4:55:AB:96:20,-76
BLE,1705097984024758205,D3:F4:55:AB:96:20,-92
BLE,1705097984112935723,DF:DF:EE:00:00:04,-40
BLE,1705097984213665512,D3:F4:55:AB:96:20,-68
BLE,1705097984403639807,D3:F4:55:AB:96:20,-76
BLE,1705097984648556380,DF:DF:EE:00:00:04,-41
BLE,1705097985109151492,DF:DF:EE:00:00:04,-39
BLE,1705097985556411591,D3:F4:55:AB:96:20,-71
BLE,1705097985649580510,DF:DF:EE:00:00:04,-38
BLE,1705097985754409418,D3:F4:55:AB:96:20,-77
BLE,1705097985942240529,D3:F4:55:AB:96:20,-70
BLE,1705097986114581195,DF:DF:EE:00:00:04,-40
BLE,1705097986132263156,D3:F4:55:AB:96:20,-94
BLE,1705097986321576959,D3:F4:55:AB:96:20,-71
BLE,1705097986712110550,D3:F4:55:AB:96:20,-69
BLE,1705097986901563559,D3:F4:55:AB:96:20,-75
BLE,1705097987154860118,DF:A6:DC:DC:2E:81,-67
BLE,1705097987154919284,DF:DF:EE:00:00:01,-67
BLE,1705097987476331928,D3:F4:55:AB:96:20,-58
BLE,1705097987667453876,D3:F4:55:AB:96:20,-75
BLE,1705097988052783736,D3:F4:55:AB:96:20,-71
BLE,1705097988252268420,D3:F4:55:AB:96:20,-76
BLE,1705097988449649504,D3:F4:55:AB:96:20,-75
BLE,1705097988835203862,D3:F4:55:AB:96:20,-75
BLE,1705097989223016568,D3:F4:55:AB:96:20,-70
BLE,1705097989646027532,DF:DF:EE:00:00:04,-39
BLE,1705097989803929074,D3:F4:55:AB:96:20,-76
BLE,1705097989992375970,D3:F4:55:AB:96:20,-71
BLE,1705097990104938705,DF:DF:EE:00:00:04,-38
BLE,1705097990184947318,D3:F4:55:AB:96:20,-75
BLE,1705097990377076629,D3:F4:55:AB:96:20,-57
BLE,1705097990960103361,D3:F4:55:AB:96:20,-70
BLE,1705097991112230553,DF:DF:EE:00:00:04,-39
BLE,1705097991542797680,D3:F4:55:AB:96:20,-70
BLE,1705097991732564352,D3:F4:55:AB:96:20,-68
BLE,1705097991922281108,D3:F4:55:AB:96:20,-71
BLE,1705097992302948647,D3:F4:55:AB:96:20,-76
BLE,1705097992493494393,D3:F4:55:AB:96:20,-68
BLE,1705097992650626153,DF:DF:EE:00:00:04,-39
BLE,1705097992688880458,D3:F4:55:AB:96:20,-86
BLE,1705097992886187668,D3:F4:55:AB:96:20,-76
BLE,1705097993104300136,DF:DF:EE:00:00:04,-39
BLE,1705097993266971247,D3:F4:55:AB:96:20,-75
BLE,1705097993646593424,DF:DF:EE:00:00:04,-55
BLE,1705097993650957915,D3:F4:55:AB:96:20,-93
BLE,1705097993846792516,D3:F4:55:AB:96:20,-67
BLE,1705097994107918402,DF:DF:EE:00:00:04,-39
BLE,1705097994228521877,D3:F4:55:AB:96:20,-69
BLE,1705097994644726545,DF:DF:EE:00:00:04,-22
BLE,1705097995112440240,DF:DF:EE:00:00:04,-52
BLE,1705097995186973542,D3:F4:55:AB:96:20,-70
BLE,1705097995383022474,D3:F4:55:AB:96:20,-76
BLE,1705097995574714541,D3:F4:55:AB:96:20,-68
BLE,1705097995768059630,D3:F4:55:AB:96:20,-75
BLE,1705097996107123610,DF:DF:EE:00:00:04,-38
BLE,1705097996153060702,D3:F4:55:AB:96:20,-71
BLE,1705097996343381409,D3:F4:55:AB:96:20,-67
BLE,1705097996646772470,DF:DF:EE:00:00:04,-38
BLE,1705097996726238631,D3:F4:55:AB:96:20,-69
BLE,1705097996917574368,D3:F4:55:AB:96:20,-69
BLE,1705097997112469273,DF:DF:EE:00:00:04,-51
BLE,1705097997354906708,DF:A6:DC:DC:2E:81,-72
BLE,1705097997354939291,DF:DF:EE:00:00:01,-72
BLE,1705097997502594452,D3:F4:55:AB:96:20,-71
BLE,1705097997644832592,DF:DF:EE:00:00:04,-39
BLE,1705097997881158599,D3:F4:55:AB:96:20,-94
BLE,1705097998070695774,D3:F4:55:AB:96:20,-72
BLE,1705097998631472972,DF:A6:DC:DC:2E:81,-69
BLE,1705097998631539138,DF:DF:EE:00:00:01,-69
BLE,1705097998846956429,D3:F4:55:AB:96:20,-76
BLE,1705097999037172221,D3:F4:55:AB:96:20,-69
BLE,1705097999432323383,D3:F4:55:AB:96:20,-76
BLE,1705097999626923916,D3:F4:55:AB:96:20,-69
BLE,1705097999823409843,D3:F4:55:AB:96:20,-71
BLE,1705098000016029566,D3:F4:55:AB:96:20,-75
BLE,1705098000107289965,DF:DF:EE:00:00:04,-40
BLE,1705098000401973877,D3:F4:55:AB:96:20,-77
BLE,1705098000595751752,D3:F4:55:AB:96:20,-68
BLE,1705098000985014984,D3:F4:55:AB:96:20,-76
BLE,1705098001172268268,D3:F4:55:AB:96:20,-70
BLE,1705098001362740390,D3:F4:55:AB:96:20,-69
BLE,1705098001937653216,D3:F4:55:AB:96:20,-56
BLE,1705098002322657538,D3:F4:55:AB:96:20,-57
BLE,1705098002514943598,D3:F4:55:AB:96:20,-76
BLE,1705098002650108029,DF:DF:EE:00:00:04,-39
BLE,1705098002702738043,D3:F4:55:AB:96:20,-70
BLE,1705098002899996461,D3:F4:55:AB:96:20,-61
BLE,1705098003092046357,D3:F4:55:AB:96:20,-68
BLE,1705098003109326781,DF:DF:EE:00:00:04,-39
BLE,1705098003483237316,D3:F4:55:AB:96:20,-75
BLE,1705098003863864939,D3:F4:55:AB:96:20,-75
BLE,1705098004059593458,D3:F4:55:AB:96:20,-69
BLE,1705098004631379654,D3:F4:55:AB:96:20,-61
BLE,1705098004651186757,DF:DF:EE:00:00:04,-56
BLE,1705098004996634997,DF:A6:DC:DC:2E:81,-55
BLE,1705098004996669246,DF:DF:EE:00:00:01,-55
BLE,1705098005401731127,D3:F4:55:AB:96:20,-87
BLE,1705098006105065879,DF:DF:EE:00:00:04,-37
BLE,1705098006164757978,D3:F4:55:AB:96:20,-90
BLE,1705098006648409530,DF:DF:EE:00:00:04,-39
BLE,1705098006932760021,D3:F4:55:AB:96:20,-70
BLE,1705098007130124938,D3:F4:55:AB:96:20,-77
BLE,1705098007516927618,D3:F4:55:AB:96:20,-72
BLE,1705098007644052553,DF:DF:EE:00:00:04,-41
BLE,1705098007707215921,D3:F4:55:AB:96:20,-69
BLE,1705098008092637469,D3:F4:55:AB:96:20,-75
BLE,1705098008279616103,D3:F4:55:AB:96:20,-78
BLE,1705098008479025422,D3:F4:55:AB:96:20,-76
BLE,1705098008648589765,DF:DF:EE:00:00:04,-37
BLE,1705098009062826676,D3:F4:55:AB:96:20,-91
BLE,1705098009251546497,D3:F4:55:AB:96:20,-88
BLE,1705098009647654417,DF:DF:EE:00:00:04,-40
BLE,1705098010030060960,D3:F4:55:AB:96:20,-75
BLE,1705098010103918783,DF:DF:EE:00:00:04,-38
BLE,1705098010224834250,D3:F4:55:AB:96:20,-68
BLE,1705098010607257793,D3:F4:55:AB:96:20,-68
BLE,1705098010992067181,D3:F4:55:AB:96:20,-68
BLE,1705098011103529345,DF:DF:EE:00:00:04,-39
BLE,1705098011185626112,D3:F4:55:AB:96:20,-71
BLE,1705098011367662805,DF:A6:DC:DC:2E:81,-67
BLE,1705098011367683555,DF:DF:EE:00:00:01,-67
BLE,1705098011382649334,D3:F4:55:AB:96:20,-61
BLE,1705098011578256948,D3:F4:55:AB:96:20,-68
BLE,1705098011645365269,DF:DF:EE:00:00:04,-38
BLE,1705098011647040665,DF:DF:EE:00:00:04,-38
BLE,1705098011772463704,D3:F4:55:AB:96:20,-70
BLE,1705098012160025060,D3:F4:55:AB:96:20,-68
BLE,1705098012352957789,D3:F4:55:AB:96:20,-87
BLE,1705098012544260997,D3:F4:55:AB:96:20,-58
BLE,1705098012649568776,DF:DF:EE:00:00:04,-38
BLE,1705098012735605162,D3:F4:55:AB:96:20,-70
BLE,1705098012935306727,D3:F4:55:AB:96:20,-76
BLE,1705098013111467616,DF:DF:EE:00:00:04,-52
BLE,1705098013121994865,D3:F4:55:AB:96:20,-70
BLE,1705098013650321909,DF:DF:EE:00:00:04,-39
BLE,1705098013897785985,D3:F4:55:AB:96:20,-75
BLE,1705098013906930542,DF:A6:DC:DC:2E:81,-58
BLE,1705098013906967458,DF:DF:EE:00:00:01,-58
BLE,1705098014087614460,D3:F4:55:AB:96:20,-71
BLE,1705098014109337908,DF:DF:EE:00:00:04,-38
BLE,1705098014279828032,D3:F4:55:AB:96:20,-75
BLE,1705098014664827251,D3:F4:55:AB:96:20,-78
BLE,1705098014851224601,D3:F4:55:AB:96:20,-71
BLE,1705098015042749264,D3:F4:55:AB:96:20,-68
BLE,1705098015105386013,DF:DF:EE:00:00:04,-39
BLE,1705098015177905811,DF:A6:DC:DC:2E:81,-71
BLE,1705098015177937686,DF:DF:EE:00:00:01,-71
BLE,1705098015232727904,D3:F4:55:AB:96:20,-70
BLE,1705098015807078771,D3:F4:55:AB:96:20,-68
BLE,1705098015997858068,D3:F4:55:AB:96:20,-70
BLE,1705098016194544295,D3:F4:55:AB:96:20,-74
BLE,1705098016382520084,D3:F4:55:AB:96:20,-70
BLE,1705098016455876830,DF:A6:DC:DC:2E:81,-71
BLE,1705098016455907912,DF:DF:EE:00:00:01,-71
BLE,1705098016644681442,DF:DF:EE:00:00:04,-41
BLE,1705098017101812047,DF:DF:EE:00:00:04,-39
BLE,1705098017542835637,D3:F4:55:AB:96:20,-96
BLE,1705098017641115334,DF:DF:EE:00:00:04,-38
BLE,1705098018108493775,DF:DF:EE:00:00:04,-40
BLE,1705098018294255882,D3:F4:55:AB:96:20,-70
BLE,1705098018492891294,D3:F4:55:AB:96:20,-76
BLE,1705098018649072714,DF:DF:EE:00:00:04,-39
BLE,1705098018686947010,D3:F4:55:AB:96:20,-68
BLE,1705098018882388001,D3:F4:55:AB:96:20,-71
BLE,1705098018998842147,DF:A6:DC:DC:2E:81,-72
BLE,1705098018998863813,DF:DF:EE:00:00:01,-72
BLE,1705098019105027583,DF:DF:EE:00:00:04,-38
BLE,1705098019275258585,D3:F4:55:AB:96:20,-76
BLE,1705098019464291611,D3:F4:55:AB:96:20,-70
BLE,1705098019643916750,DF:DF:EE:00:00:04,-38
BLE,1705098019660729340,D3:F4:55:AB:96:20,-75
BLE,1705098020108209603,DF:DF:EE:00:00:04,-40
BLE,1705098020232254158,D3:F4:55:AB:96:20,-61
BLE,1705098020274452152,DF:A6:DC:DC:2E:81,-68
BLE,1705098020274490443,DF:DF:EE:00:00:01,-68
BLE,1705098020425582008,D3:F4:55:AB:96:20,-76
BLE,1705098020615722146,D3:F4:55:AB:96:20,-71
BLE,1705098020648031300,DF:DF:EE:00:00:04,-39
BLE,1705098021007590950,D3:F4:55:AB:96:20,-61
BLE,1705098021106589305,DF:DF:EE:00:00:04,-38
BLE,1705098021396141794,D3:F4:55:AB:96:20,-75
BLE,1705098021545276756,DF:A6:DC:DC:2E:81,-71
BLE,1705098021545296423,DF:DF:EE:00:00:01,-71
BLE,1705098021645394640,DF:DF:EE:00:00:04,-39
BLE,1705098021784238893,D3:F4:55:AB:96:20,-88
BLE,1705098021979359763,D3:F4:55:AB:96:20,-76
BLE,1705098022559850431,D3:F4:55:AB:96:20,-75
BLE,1705098023111289948,DF:DF:EE:00:00:04,-38
BLE,1705098023327615272,D3:F4:55:AB:96:20,-75
BLE,1705098023513456170,D3:F4:55:AB:96:20,-71
BLE,1705098023650196240,DF:DF:EE:00:00:04,-50
BLE,1705098023910568036,D3:F4:55:AB:96:20,-76
BLE,1705098024087540874,DF:A6:DC:DC:2E:81,-73
BLE,1705098024087576457,DF:DF:EE:00:00:01,-73
BLE,1705098024107574176,DF:DF:EE:00:00:04,-39
BLE,1705098024488785024,D3:F4:55:AB:96:20,-67
BLE,1705098024867452361,D3:F4:55:AB:96:20,-71
BLE,1705098025057907829,D3:F4:55:AB:96:20,-93
BLE,1705098025106329165,DF:DF:EE:00:00:04,-52
BLE,1705098025253881772,D3:F4:55:AB:96:20,-69
BLE,1705098025443006714,D3:F4:55:AB:96:20,-77
BLE,1705098025629397522,D3:F4:55:AB:96:20,-72
BLE,1705098025647432806,DF:DF:EE:00:00:04,-24
BLE,1705098025824604058,D3:F4:55:AB:96:20,-61
BLE,1705098026018282653,D3:F4:55:AB:96:20,-68
BLE,1705098026105260028,DF:DF:EE:00:00:04,-38
BLE,1705098026208150628,D3:F4:55:AB:96:20,-75
BLE,1705098026397249820,D3:F4:55:AB:96:20,-70
BLE,1705098026644227486,DF:DF:EE:00:00:04,-38
BLE,1705098026781440508,D3:F4:55:AB:96:20,-71
BLE,1705098026973243168,D3:F4:55:AB:96:20,-76
BLE,1705098027108146884,DF:DF:EE:00:00:04,-40
BLE,1705098027163269265,D3:F4:55:AB:96:20,-72
BLE,1705098027358695465,D3:F4:55:AB:96:20,-77
BLE,1705098027648552367,DF:DF:EE:00:00:04,-40
BLE,1705098027744777547,D3:F4:55:AB:96:20,-70
BLE,1705098027941107652,D3:F4:55:AB:96:20,-76
BLE,1705098028127913331,D3:F4:55:AB:96:20,-70
BLE,1705098028324286311,D3:F4:55:AB:96:20,-76
BLE,1705098028511829188,D3:F4:55:AB:96:20,-70
BLE,1705098028648083139,DF:DF:EE:00:00:04,-38
BLE,1705098028905566345,D3:F4:55:AB:96:20,-75
BLE,1705098029109232237,DF:DF:EE:00:00:04,-40
BLE,1705098029185585531,DF:A6:DC:DC:2E:81,-68
BLE,1705098029185631113,DF:DF:EE:00:00:01,-68
BLE,1705098029282189206,D3:F4:55:AB:96:20,-69
BLE,1705098029475551806,D3:F4:55:AB:96:20,-84
BLE,1705098029649173850,DF:DF:EE:00:00:04,-40
BLE,1705098029673044272,D3:F4:55:AB:96:20,-76
BLE,1705098030063315471,D3:F4:55:AB:96:20,-70
BLE,1705098030257074149,D3:F4:55:AB:96:20,-75
BLE,1705098030443773078,D3:F4:55:AB:96:20,-71
BLE,1705098030831396849,D3:F4:55:AB:96:20,-70
BLE,1705098031022998220,D3:F4:55:AB:96:20,-78
BLE,1705098031111737032,DF:DF:EE:00:00:04,-40
BLE,1705098031218438211,D3:F4:55:AB:96:20,-67
BLE,1705098031805423052,D3:F4:55:AB:96:20,-69
BLE,1705098032381285234,D3:F4:55:AB:96:20,-71
BLE,1705098032576395063,D3:F4:55:AB:96:20,-76
BLE,1705098032643255345,DF:DF:EE:00:00:04,-40
BLE,1705098032762251127,D3:F4:55:AB:96:20,-70
BLE,1705098032959252933,D3:F4:55:AB:96:20,-76
BLE,1705098033529756138,D3:F4:55:AB:96:20,-70
BLE,1705098033721372800,D3:F4:55:AB:96:20,-77
BLE,1705098033910489284,D3:F4:55:AB:96:20,-70
BLE,1705098034102943936,D3:F4:55:AB:96:20,-76
BLE,1705098034488398400,D3:F4:55:AB:96:20,-75
BLE,1705098034642794883,DF:DF:EE:00:00:04,-41
BLE,1705098034676719268,D3:F4:55:AB:96:20,-70
BLE,1705098035059620013,D3:F4:55:AB:96:20,-70
BLE,1705098035440741821,D3:F4:55:AB:96:20,-70
BLE,1705098035641693121,DF:DF:EE:00:00:04,-38
BLE,1705098035820501437,D3:F4:55:AB:96:20,-56
BLE,1705098036107479414,DF:DF:EE:00:00:04,-52
BLE,1705098036588183237,D3:F4:55:AB:96:20,-70
BLE,1705098036648644387,DF:DF:EE:00:00:04,-40
BLE,1705098036781453379,D3:F4:55:AB:96:20,-94
BLE,1705098036973535619,D3:F4:55:AB:96:20,-71
BLE,1705098037363428613,D3:F4:55:AB:96:20,-68
BLE,1705098037939614125,D3:F4:55:AB:96:20,-70
BLE,1705098038096308456,DF:A6:DC:DC:2E:81,-68
BLE,1705098038096350122,DF:DF:EE:00:00:01,-68
BLE,1705098038111619439,DF:DF:EE:00:00:04,-39
BLE,1705098038135038033,D3:F4:55:AB:96:20,-94
BLE,1705098038321551673,D3:F4:55:AB:96:20,-56
BLE,1705098038516979081,D3:F4:55:AB:96:20,-75
BLE,1705098038642101040,DF:DF:EE:00:00:04,-39
BLE,1705098038713477685,D3:F4:55:AB:96:20,-68
BLE,1705098038903114829,D3:F4:55:AB:96:20,-70
BLE,1705098039095241485,D3:F4:55:AB:96:20,-67
BLE,1705098039108264120,DF:DF:EE:00:00:04,-51
BLE,1705098039290117941,D3:F4:55:AB:96:20,-70
BLE,1705098039683230605,D3:F4:55:AB:96:20,-76
BLE,1705098040066737426,D3:F4:55:AB:96:20,-75
BLE,1705098040644595626,DF:DF:EE:00:00:04,-39
BLE,1705098040840560528,D3:F4:55:AB:96:20,-70
BLE,1705098041029724177,D3:F4:55:AB:96:20,-69
BLE,1705098041110143297,DF:DF:EE:00:00:04,-38
BLE,1705098041220274352,D3:F4:55:AB:96:20,-71
BLE,1705098041419286342,D3:F4:55:AB:96:20,-76
BLE,1705098041610302762,D3:F4:55:AB:96:20,-68
BLE,1705098042001008580,D3:F4:55:AB:96:20,-76
BLE,1705098042103161814,DF:DF:EE:00:00:04,-39
BLE,1705098042188496291,D3:F4:55:AB:96:20,-70
BLE,1705098042383832659,D3:F4:55:AB:96:20,-76
BLE,1705098042767829140,D3:F4:55:AB:96:20,-75
BLE,1705098043338959463,D3:F4:55:AB:96:20,-70
BLE,1705098043536889091,D3:F4:55:AB:96:20,-77
BLE,1705098043924704902,D3:F4:55:AB:96:20,-70
BLE,1705098044650361747,DF:DF:EE:00:00:04,-39
BLE,1705098044704709763,D3:F4:55:AB:96:20,-75
BLE,1705098044897336121,D3:F4:55:AB:96:20,-58
BLE,1705098045091004550,D3:F4:55:AB:96:20,-70
BLE,1705098045101463591,DF:DF:EE:00:00:04,-38
BLE,1705098045288755055,D3:F4:55:AB:96:20,-76
BLE,1705098045478449157,D3:F4:55:AB:96:20,-87
BLE,1705098045648392704,DF:DF:EE:00:00:04,-40
BLE,1705098045669272204,D3:F4:55:AB:96:20,-76
BLE,1705098046054450504,D3:F4:55:AB:96:20,-76
BLE,1705098046108066862,DF:DF:EE:00:00:04,-39
BLE,1705098046241088518,D3:F4:55:AB:96:20,-72
BLE,1705098046438457319,D3:F4:55:AB:96:20,-61
BLE,1705098046632273705,D3:F4:55:AB:96:20,-69
BLE,1705098046643258115,DF:DF:EE:00:00:04,-51
BLE,1705098046828074025,D3:F4:55:AB:96:20,-70
BLE,1705098047103349476,DF:DF:EE:00:00:04,-37
BLE,1705098047223228290,D3:F4:55:AB:96:20,-77
BLE,1705098047411354744,D3:F4:55:AB:96:20,-70
BLE,1705098047606857068,D3:F4:55:AB:96:20,-75
BLE,1705098047650638709,DF:DF:EE:00:00:04,-39
BLE,1705098047792413927,D3:F4:55:AB:96:20,-70
BLE,1705098047988761866,D3:F4:55:AB:96:20,-76
BLE,1705098048182089674,D3:F4:55:AB:96:20,-68
BLE,1705098048560165310,D3:F4:55:AB:96:20,-71
BLE,1705098048753871739,D3:F4:55:AB:96:20,-75
BLE,1705098049112249611,DF:DF:EE:00:00:04,-40
BLE,1705098049141222680,D3:F4:55:AB:96:20,-71
BLE,1705098049338093238,D3:F4:55:AB:96:20,-76
BLE,1705098049526994099,D3:F4:55:AB:96:20,-70
BLE,1705098049641361353,DF:DF:EE:00:00:04,-38
BLE,1705098049642970334,DF:DF:EE:00:00:04,-39
BLE,1705098049723517160,D3:F4:55:AB:96:20,-62
BLE,1705098049918492782,D3:F4:55:AB:96:20,-58
BLE,1705098050294293820,D3:F4:55:AB:96:20,-71
BLE,1705098050295614221,D3:F4:55:AB:96:20,-68
BLE,1705098050643383387,DF:DF:EE:00:00:04,-39
BLE,1705098050678763588,D3:F4:55:AB:96:20,-68
BLE,1705098050871128658,D3:F4:55:AB:96:20,-76
BLE,1705098051108898392,DF:DF:EE:00:00:04,-38
BLE,1705098051250402196,D3:F4:55:AB:96:20,-75
BLE,1705098051446338265,D3:F4:55:AB:96:20,-67
BLE,1705098051642587455,DF:DF:EE:00:00:04,-39
BLE,1705098051837329162,D3:F4:55:AB:96:20,-75
BLE,1705098052033168524,D3:F4:55:AB:96:20,-67
BLE,1705098052098876445,DF:A6:DC:DC:2E:81,-62
BLE,1705098052098912236,DF:DF:EE:00:00:01,-62
BLE,1705098052107746255,DF:DF:EE:00:00:04,-39
BLE,1705098052803766498,D3:F4:55:AB:96:20,-76
BLE,1705098052989504730,D3:F4:55:AB:96:20,-72
BLE,1705098053106174415,DF:DF:EE:00:00:04,-38
BLE,1705098053368108651,D3:F4:55:AB:96:20,-75
BLE,1705098053374839696,DF:A6:DC:DC:2E:81,-84
BLE,1705098053374853446,DF:DF:EE:00:00:01,-84
BLE,1705098053561331711,D3:F4:55:AB:96:20,-68
BLE,1705098053644340758,DF:DF:EE:00:00:04,-39
BLE,1705098053943547422,D3:F4:55:AB:96:20,-68
BLE,1705098054132336826,D3:F4:55:AB:96:20,-76
BLE,1705098054324618897,D3:F4:55:AB:96:20,-58
BLE,1705098054520189762,D3:F4:55:AB:96:20,-56
BLE,1705098054649244424,DF:DF:EE:00:00:04,-39
BLE,1705098054713990814,D3:F4:55:AB:96:20,-75
BLE,1705098054909261016,D3:F4:55:AB:96:20,-68
BLE,1705098055098917702,D3:F4:55:AB:96:20,-76
BLE,1705098055107299351,DF:DF:EE:00:00:04,-38
BLE,1705098055286376663,D3:F4:55:AB:96:20,-70
BLE,1705098055865861719,D3:F4:55:AB:96:20,-75
BLE,1705098056059804395,D3:F4:55:AB:96:20,-68
BLE,1705098056101373938,DF:DF:EE:00:00:04,-51
BLE,1705098056256334956,D3:F4:55:AB:96:20,-85
BLE,1705098056448533362,D3:F4:55:AB:96:20,-75
BLE,1705098056635168458,D3:F4:55:AB:96:20,-70
BLE,1705098056643479859,DF:DF:EE:00:00:04,-39
BLE,1705098056831093902,D3:F4:55:AB:96:20,-77
BLE,1705098057410244003,D3:F4:55:AB:96:20,-58
BLE,1705098057648893977,DF:DF:EE:00:00:04,-38
BLE,1705098057988478616,D3:F4:55:AB:96:20,-71
BLE,1705098058641155503,DF:DF:EE:00:00:04,-56
BLE,1705098058952463814,D3:F4:55:AB:96:20,-88
BLE,1705098059150264485,D3:F4:55:AB:96:20,-76
BLE,1705098059646259083,DF:DF:EE:00:00:04,-40
BLE,1705098059731196773,D3:F4:55:AB:96:20,-92
BLE,1705098060116041786,D3:F4:55:AB:96:20,-89
BLE,1705098060304119282,D3:F4:55:AB:96:20,-72
BLE,1705098060642336354,DF:DF:EE:00:00:04,-39
BLE,1705098060685507170,D3:F4:55:AB:96:20,-70
BLE,1705098060882384394,D3:F4:55:AB:96:20,-76
BLE,1705098061263377329,D3:F4:55:AB:96:20,-75
BLE,1705098061643463732,DF:DF:EE:00:00:04,-39
BLE,1705098061648348007,D3:F4:55:AB:96:20,-76
BLE,1705098061845996722,D3:F4:55:AB:96:20,-75
BLE,1705098062033431809,D3:F4:55:AB:96:20,-87
BLE,1705098062106195062,DF:DF:EE:00:00:04,-39
BLE,1705098062228864134,D3:F4:55:AB:96:20,-76
BLE,1705098062288780207,DF:A6:DC:DC:2E:81,-72
BLE,1705098062288813040,DF:DF:EE:00:00:01,-72
BLE,1705098063104313351,DF:DF:EE:00:00:04,-39
BLE,1705098063105808583,DF:DF:EE:00:00:04,-39
BLE,1705098063190803898,D3:F4:55:AB:96:20,-69
BLE,1705098063386403970,D3:F4:55:AB:96:20,-86
BLE,1705098063565245535,DF:A6:DC:DC:2E:81,-70
BLE,1705098063565295785,DF:DF:EE:00:00:01,-70
BLE,1705098063582686201,D3:F4:55:AB:96:20,-76
BLE,1705098063650056019,DF:DF:EE:00:00:04,-40
BLE,1705098063774391029,D3:F4:55:AB:96:20,-68
BLE,1705098064106716005,DF:DF:EE:00:00:04,-39
BLE,1705098064729745497,D3:F4:55:AB:96:20,-76
BLE,1705098064916271512,D3:F4:55:AB:96:20,-71
BLE,1705098065105372246,DF:DF:EE:00:00:04,-37
BLE,1705098065109368406,D3:F4:55:AB:96:20,-61
BLE,1705098065298029854,D3:F4:55:AB:96:20,-70
BLE,1705098065496408560,D3:F4:55:AB:96:20,-76
BLE,1705098065648407071,DF:DF:EE:00:00:04,-39
BLE,1705098065689091751,D3:F4:55:AB:96:20,-67
BLE,1705098066117865196,DF:A6:DC:DC:2E:81,-73
BLE,1705098066117905362,DF:DF:EE:00:00:01,-73
BLE,1705098066273771827,D3:F4:55:AB:96:20,-69
BLE,1705098066466425685,D3:F4:55:AB:96:20,-71
BLE,1705098066643739644,DF:DF:EE:00:00:04,-40
BLE,1705098066656315701,D3:F4:55:AB:96:20,-69
BLE,1705098066851559028,D3:F4:55:AB:96:20,-72
BLE,1705098067049557864,D3:F4:55:AB:96:20,-75
BLE,1705098067107142757,DF:DF:EE:00:00:04,-39
BLE,1705098068102365206,DF:DF:EE:00:00:04,-51
BLE,1705098068203758824,D3:F4:55:AB:96:20,-70
BLE,1705098068396243892,D3:F4:55:AB:96:20,-75
BLE,1705098068591049516,D3:F4:55:AB:96:20,-58
BLE,1705098068645569946,DF:DF:EE:00:00:04,-40
BLE,1705098068658661622,DF:A6:DC:DC:2E:81,-59
BLE,1705098068658671747,DF:DF:EE:00:00:01,-59
BLE,1705098068980097687,D3:F4:55:AB:96:20,-76
BLE,1705098069100293372,DF:DF:EE:00:00:04,-38
BLE,1705098069166019167,D3:F4:55:AB:96:20,-70
BLE,1705098069551558589,D3:F4:55:AB:96:20,-70
BLE,1705098069640678979,DF:DF:EE:00:00:04,-39
BLE,1705098069931517327,D3:F4:55:AB:96:20,-71
BLE,1705098070127460562,D3:F4:55:AB:96:20,-78
BLE,1705098070510297183,D3:F4:55:AB:96:20,-79
BLE,1705098070646222054,DF:DF:EE:00:00:04,-40
BLE,1705098070700545903,D3:F4:55:AB:96:20,-70
BLE,1705098071106698411,DF:DF:EE:00:00:04,-38
BLE,1705098071278554518,D3:F4:55:AB:96:20,-75
BLE,1705098071660390859,D3:F4:55:AB:96:20,-76
BLE,1705098072106867884,DF:DF:EE:00:00:04,-39
BLE,1705098072244035115,D3:F4:55:AB:96:20,-75
BLE,1705098072431430327,D3:F4:55:AB:96:20,-71
BLE,1705098072477806855,DF:A6:DC:DC:2E:81,-69
BLE,1705098072477831105,DF:DF:EE:00:00:01,-69
BLE,1705098072640459656,DF:DF:EE:00:00:04,-39
BLE,1705098072820051254,D3:F4:55:AB:96:20,-69
BLE,1705098073106536029,DF:DF:EE:00:00:04,-39
BLE,1705098073591475259,D3:F4:55:AB:96:20,-76
BLE,1705098073644480207,DF:DF:EE:00:00:04,-39
BLE,1705098074105919053,DF:DF:EE:00:00:04,-37
BLE,1705098074165380507,D3:F4:55:AB:96:20,-72
BLE,1705098074360023216,D3:F4:55:AB:96:20,-88
BLE,1705098074743330956,D3:F4:55:AB:96:20,-75
BLE,1705098075023597097,DF:A6:DC:DC:2E:81,-62
BLE,1705098075023629930,DF:DF:EE:00:00:01,-62
BLE,1705098075125776664,D3:F4:55:AB:96:20,-89
BLE,1705098075318044027,D3:F4:55:AB:96:20,-58
BLE,1705098075642136101,DF:DF:EE:00:00:04,-39
BLE,1705098075699308875,D3:F4:55:AB:96:20,-68
BLE,1705098076089668947,D3:F4:55:AB:96:20,-76
BLE,1705098076277480363,D3:F4:55:AB:96:20,-71
BLE,1705098076467646250,D3:F4:55:AB:96:20,-67
BLE,1705098076639879561,DF:DF:EE:00:00:04,-39
BLE,1705098077108852566,DF:DF:EE:00:00:04,-39
BLE,1705098077439914432,D3:F4:55:AB:96:20,-61
BLE,1705098077630565314,D3:F4:55:AB:96:20,-71
BLE,1705098077827421039,D3:F4:55:AB:96:20,-75
BLE,1705098078109152246,DF:DF:EE:00:00:04,-38
BLE,1705098078589331575,D3:F4:55:AB:96:20,-69
BLE,1705098078640244965,DF:DF:EE:00:00:04,-38
BLE,1705098078779930499,D3:F4:55:AB:96:20,-71
BLE,1705098078973279640,D3:F4:55:AB:96:20,-75
BLE,1705098079159605574,D3:F4:55:AB:96:20,-56
BLE,1705098079349001263,D3:F4:55:AB:96:20,-68
BLE,1705098079729315164,D3:F4:55:AB:96:20,-68
BLE,1705098079923584502,D3:F4:55:AB:96:20,-70
BLE,1705098080104470168,DF:DF:EE:00:00:04,-38
BLE,1705098080112561279,D3:F4:55:AB:96:20,-69
BLE,1705098080308214185,D3:F4:55:AB:96:20,-56
BLE,1705098080500680003,D3:F4:55:AB:96:20,-75
BLE,1705098080641778479,DF:DF:EE:00:00:04,-39
BLE,1705098080879240008,D3:F4:55:AB:96:20,-67
BLE,1705098081259305370,D3:F4:55:AB:96:20,-69
BLE,1705098081649474778,D3:F4:55:AB:96:20,-76
BLE,1705098082029079229,D3:F4:55:AB:96:20,-79
BLE,1705098082107409499,DF:DF:EE:00:00:04,-55
BLE,1705098082642241964,DF:DF:EE:00:00:04,-46
BLE,1705098082667931031,DF:A6:DC:DC:2E:81,-68
BLE,1705098082668057447,DF:DF:EE:00:00:01,-68
BLE,1705098082984456447,D3:F4:55:AB:96:20,-70
BLE,1705098083109708404,DF:DF:EE:00:00:04,-39
BLE,1705098083379100259,D3:F4:55:AB:96:20,-75
BLE,1705098083570579339,D3:F4:55:AB:96:20,-70
BLE,1705098083639693803,DF:DF:EE:00:00:04,-38
BLE,1705098083641270076,DF:DF:EE:00:00:04,-38
BLE,1705098083764660847,D3:F4:55:AB:96:20,-75
BLE,1705098084151856332,D3:F4:55:AB:96:20,-87
BLE,1705098084347890983,D3:F4:55:AB:96:20,-92
BLE,1705098084538131245,D3:F4:55:AB:96:20,-71
BLE,1705098084734116479,D3:F4:55:AB:96:20,-76
BLE,1705098084927156374,D3:F4:55:AB:96:20,-68
BLE,1705098085100814668,DF:DF:EE:00:00:04,-39
BLE,1705098085314135862,D3:F4:55:AB:96:20,-76
BLE,1705098085641284566,DF:DF:EE:00:00:04,-39
BLE,1705098085698778252,D3:F4:55:AB:96:20,-77
BLE,1705098086087021058,D3:F4:55:AB:96:20,-56
BLE,1705098086645186036,DF:DF:EE:00:00:04,-40
BLE,1705098086661159553,D3:F4:55:AB:96:20,-67
BLE,1705098086856081592,D3:F4:55:AB:96:20,-70
BLE,1705098087104537448,DF:DF:EE:00:00:04,-50
BLE,1705098087629385742,D3:F4:55:AB:96:20,-68
BLE,1705098087646345122,DF:DF:EE:00:00:04,-39
BLE,1705098088102558488,DF:DF:EE:00:00:04,-51
BLE,1705098088398104404,D3:F4:55:AB:96:20,-76
BLE,1705098088585829696,D3:F4:55:AB:96:20,-70
BLE,1705098088781346145,D3:F4:55:AB:96:20,-76
BLE,1705098089748116018,D3:F4:55:AB:96:20,-77
BLE,1705098089941661949,D3:F4:55:AB:96:20,-69
BLE,1705098090137069315,D3:F4:55:AB:96:20,-57
BLE,1705098090515419323,D3:F4:55:AB:96:20,-75
BLE,1705098090639468503,DF:DF:EE:00:00:04,-39
BLE,1705098090709310083,D3:F4:55:AB:96:20,-68
BLE,1705098090899410263,D3:F4:55:AB:96:20,-75
BLE,1705098091108077887,DF:DF:EE:00:00:04,-38
BLE,1705098091476834385,D3:F4:55:AB:96:20,-67
BLE,1705098091858979680,D3:F4:55:AB:96:20,-69
BLE,1705098092106379049,DF:DF:EE:00:00:04,-39
BLE,1705098092439478932,D3:F4:55:AB:96:20,-58
BLE,1705098092638287508,DF:DF:EE:00:00:04,-38
BLE,1705098092830814909,D3:F4:55:AB:96:20,-65
BLE,1705098093644842862,DF:DF:EE:00:00:04,-40
BLE,1705098093993204354,D3:F4:55:AB:96:20,-68
BLE,1705098094123287921,DF:A6:DC:DC:2E:81,-67
BLE,1705098094123304795,DF:DF:EE:00:00:01,-67
BLE,1705098094370891328,D3:F4:55:AB:96:20,-71
BLE,1705098094562886611,D3:F4:55:AB:96:20,-75
BLE,1705098094750749943,D3:F4:55:AB:96:20,-70
BLE,1705098094944417455,D3:F4:55:AB:96:20,-75
BLE,1705098095329604964,D3:F4:55:AB:96:20,-65
BLE,1705098095402182595,DF:A6:DC:DC:2E:81,-69
BLE,1705098095402219094,DF:DF:EE:00:00:01,-69
BLE,1705098095643145124,DF:DF:EE:00:00:04,-51
BLE,1705098095717496608,D3:F4:55:AB:96:20,-72
BLE,1705098095914245458,D3:F4:55:AB:96:20,-75
BLE,1705098096100503726,DF:DF:EE:00:00:04,-50
BLE,1705098096491910202,D3:F4:55:AB:96:20,-58
BLE,1705098096641056207,DF:DF:EE:00:00:04,-38
BLE,1705098096673053032,DF:A6:DC:DC:2E:81,-71
BLE,1705098096673067198,DF:DF:EE:00:00:01,-71
BLE,1705098096680439443,D3:F4:55:AB:96:20,-76
BLE,1705098096869461678,D3:F4:55:AB:96:20,-71
BLE,1705098097063401604,D3:F4:55:AB:96:20,-61
BLE,1705098097106551087,DF:DF:EE:00:00:04,-24
BLE,1705098097249746287,D3:F4:55:AB:96:20,-70
BLE,1705098097446998382,D3:F4:55:AB:96:20,-77
BLE,1705098097644041812,D3:F4:55:AB:96:20,-76
BLE,1705098097646580824,DF:DF:EE:00:00:04,-39
BLE,1705098097835899430,D3:F4:55:AB:96:20,-72
BLE,1705098098031522461,D3:F4:55:AB:96:20,-76
BLE,1705098098218647676,D3:F4:55:AB:96:20,-70
BLE,1705098098413351385,D3:F4:55:AB:96:20,-77
BLE,1705098098601779502,D3:F4:55:AB:96:20,-70
BLE,1705098098796629375,D3:F4:55:AB:96:20,-75
BLE,1705098098985173616,D3:F4:55:AB:96:20,-72
BLE,1705098099106870574,DF:DF:EE:00:00:04,-37
BLE,1705098099368235483,D3:F4:55:AB:96:20,-71
BLE,1705098099562335699,D3:F4:55:AB:96:20,-75
BLE,1705098099647043434,DF:DF:EE:00:00:04,-39
BLE,1705098099748500468,D3:F4:55:AB:96:20,-87
BLE,1705098099945455025,D3:F4:55:AB:96:20,-76
BLE,1705098100102940512,DF:DF:EE:00:00:04,-41
BLE,1705098100134609799,D3:F4:55:AB:96:20,-58
BLE,1705098100330404286,D3:F4:55:AB:96:20,-69
BLE,1705098100490362328,DF:A6:DC:DC:2E:81,-85
BLE,1705098100490398702,DF:DF:EE:00:00:01,-85
BLE,1705098100522077531,D3:F4:55:AB:96:20,-69
BLE,1705098101095113789,D3:F4:55:AB:96:20,-71
BLE,1705098101287618524,D3:F4:55:AB:96:20,-58
BLE,1705098101477904994,D3:F4:55:AB:96:20,-57
BLE,1705098101640464712,DF:DF:EE:00:00:04,-38
BLE,1705098102239253411,D3:F4:55:AB:96:20,-75
BLE,1705098102433456001,D3:F4:55:AB:96:20,-69
BLE,1705098102624148549,D3:F4:55:AB:96:20,-72
BLE,1705098102642025043,DF:DF:EE:00:00:04,-39
BLE,1705098102822570796,D3:F4:55:AB:96:20,-76
BLE,1705098103031068381,DF:A6:DC:DC:2E:81,-68
BLE,1705098103031100089,DF:DF:EE:00:00:01,-68
BLE,1705098103405859390,D3:F4:55:AB:96:20,-92
BLE,1705098103597475885,D3:F4:55:AB:96:20,-70
BLE,1705098103640490578,DF:DF:EE:00:00:04,-39
BLE,1705098103978769899,D3:F4:55:AB:96:20,-71
BLE,1705098104102082046,DF:DF:EE:00:00:04,-39
BLE,1705098104361834975,D3:F4:55:AB:96:20,-70
BLE,1705098104642226865,DF:DF:EE:00:00:04,-40
BLE,1705098104748387384,D3:F4:55:AB:96:20,-68
BLE,1705098105108918022,DF:DF:EE:00:00:04,-38
BLE,1705098105325315096,D3:F4:55:AB:96:20,-71
BLE,1705098105574744815,DF:A6:DC:DC:2E:81,-69
BLE,1705098105574799939,DF:DF:EE:00:00:01,-69
BLE,1705098105897363949,D3:F4:55:AB:96:20,-58
BLE,1705098106107619929,DF:DF:EE:00:00:04,-39
BLE,1705098106274601386,D3:F4:55:AB:96:20,-70
BLE,1705098106666950060,D3:F4:55:AB:96:20,-76
BLE,1705098106854781559,D3:F4:55:AB:96:20,-70
BLE,1705098107053906381,D3:F4:55:AB:96:20,-76
BLE,1705098107637062726,D3:F4:55:AB:96:20,-76
BLE,1705098107640025982,DF:DF:EE:00:00:04,-39
BLE,1705098107826729244,D3:F4:55:AB:96:20,-71
BLE,1705098108103715050,DF:DF:EE:00:00:04,-39
BLE,1705098108117118181,DF:A6:DC:DC:2E:81,-69
BLE,1705098108117173931,DF:DF:EE:00:00:01,-69
BLE,1705098108647628365,DF:DF:EE:00:00:04,-40
BLE,1705098108986457680,D3:F4:55:AB:96:20,-76
BLE,1705098109105215674,DF:DF:EE:00:00:04,-38
BLE,1705098109179300536,D3:F4:55:AB:96:20,-58
BLE,1705098109646147483,DF:DF:EE:00:00:04,-39
BLE,1705098109754893763,D3:F4:55:AB:96:20,-75
BLE,1705098110135207414,D3:F4:55:AB:96:20,-75
BLE,1705098110325343510,D3:F4:55:AB:96:20,-71
BLE,1705098110518629402,D3:F4:55:AB:96:20,-76
BLE,1705098110640590857,DF:DF:EE:00:00:04,-39
BLE,1705098110669449720,DF:A6:DC:DC:2E:81,-72
BLE,1705098110669461428,DF:DF:EE:00:00:01,-72
BLE,1705098110709366991,D3:F4:55:AB:96:20,-67
BLE,1705098110904935398,D3:F4:55:AB:96:20,-71
BLE,1705098111100748260,D3:F4:55:AB:96:20,-76
BLE,1705098111287622187,D3:F4:55:AB:96:20,-61
BLE,1705098111484179790,D3:F4:55:AB:96:20,-78
BLE,1705098111675187501,D3:F4:55:AB:96:20,-72
BLE,1705098111869062302,D3:F4:55:AB:96:20,-76
BLE,1705098112060093138,D3:F4:55:AB:96:20,-68
BLE,1705098112099424417,DF:DF:EE:00:00:04,-39
BLE,1705098112249991279,D3:F4:55:AB:96:20,-76
BLE,1705098112438370313,D3:F4:55:AB:96:20,-70
BLE,1705098112643306982,DF:DF:EE:00:00:04,-38
BLE,1705098112644372178,DF:DF:EE:00:00:04,-38
BLE,1705098112833552119,D3:F4:55:AB:96:20,-76
BLE,1705098113023651758,D3:F4:55:AB:96:20,-70
BLE,1705098113218411466,D3:F4:55:AB:96:20,-76
BLE,1705098113413480211,D3:F4:55:AB:96:20,-58
BLE,1705098113601924370,D3:F4:55:AB:96:20,-76
BLE,1705098113643418747,DF:DF:EE:00:00:04,-28
BLE,1705098114100913848,DF:DF:EE:00:00:04,-38
BLE,1705098114184998632,D3:F4:55:AB:96:20,-76
BLE,1705098114944358616,D3:F4:55:AB:96:20,-69
BLE,1705098115108637730,DF:DF:EE:00:00:04,-39
BLE,1705098115138209001,D3:F4:55:AB:96:20,-89
BLE,1705098115335060850,D3:F4:55:AB:96:20,-77
BLE,1705098115911552775,D3:F4:55:AB:96:20,-68
BLE,1705098116102495404,DF:DF:EE:00:00:04,-27
BLE,1705098116298628928,D3:F4:55:AB:96:20,-92
BLE,1705098116487355250,D3:F4:55:AB:96:20,-71
BLE,1705098116639212388,DF:DF:EE:00:00:04,-39
BLE,1705098116680187647,D3:F4:55:AB:96:20,-76
BLE,1705098116873020587,D3:F4:55:AB:96:20,-70
BLE,1705098117049067727,DF:A6:DC:DC:2E:81,-68
BLE,1705098117049117976,DF:DF:EE:00:00:01,-68
BLE,1705098117641451920,DF:DF:EE:00:00:04,-38
BLE,1705098118018869647,D3:F4:55:AB:96:20,-57
BLE,1705098118211574837,D3:F4:55:AB:96:20,-76
BLE,1705098118408123190,D3:F4:55:AB:96:20,-68
BLE,1705098118600471635,D3:F4:55:AB:96:20,-57
BLE,1705098118639625916,DF:DF:EE:00:00:04,-39
BLE,1705098119365929837,D3:F4:55:AB:96:20,-71
BLE,1705098119637805204,DF:DF:EE:00:00:04,-39
BLE,1705098119748571585,D3:F4:55:AB:96:20,-89
BLE,1705098120134787457,D3:F4:55:AB:96:20,-70
BLE,1705098120329045379,D3:F4:55:AB:96:20,-76
BLE,1705098120639835571,DF:DF:EE:00:00:04,-40
BLE,1705098120715160710,D3:F4:55:AB:96:20,-70
BLE,1705098120904066363,D3:F4:55:AB:96:20,-69
BLE,1705098121098426159,DF:DF:EE:00:00:04,-39
BLE,1705098121290553607,D3:F4:55:AB:96:20,-69
BLE,1705098121637638697,DF:DF:EE:00:00:04,-39
BLE,1705098122100262153,DF:DF:EE:00:00:04,-39
BLE,1705098122629997138,D3:F4:55:AB:96:20,-70
BLE,1705098122638422037,DF:DF:EE:00:00:04,-38
BLE,1705098123015229772,D3:F4:55:AB:96:20,-71
BLE,1705098123102708515,DF:DF:EE:00:00:04,-39
BLE,1705098123210274393,D3:F4:55:AB:96:20,-92
BLE,1705098123417560992,DF:A6:DC:DC:2E:81,-67
BLE,1705098123417593658,DF:DF:EE:00:00:01,-67
BLE,1705098123645181348,DF:DF:EE:00:00:04,-38
BLE,1705098124108914790,DF:DF:EE:00:00:04,-40
BLE,1705098124376100130,D3:F4:55:AB:96:20,-75
BLE,1705098124563688299,D3:F4:55:AB:96:20,-70
BLE,1705098125105966259,DF:DF:EE:00:00:04,-39
BLE,1705098125145019291,D3:F4:55:AB:96:20,-75
BLE,1705098125330583359,D3:F4:55:AB:96:20,-71
BLE,1705098125527780204,D3:F4:55:AB:96:20,-76
BLE,1705098125720994097,D3:F4:55:AB:96:20,-67
BLE,1705098125961410757,DF:A6:DC:DC:2E:81,-68
BLE,1705098125961446174,DF:DF:EE:00:00:01,-68
BLE,1705098126098266576,DF:DF:EE:00:00:04,-39
BLE,1705098126101647744,D3:F4:55:AB:96:20,-69
BLE,1705098126295893999,D3:F4:55:AB:96:20,-70
BLE,1705098126486438049,D3:F4:55:AB:96:20,-68
BLE,1705098126641612023,DF:DF:EE:00:00:04,-39
BLE,1705098126865582422,D3:F4:55:AB:96:20,-67
BLE,1705098127103082159,DF:DF:EE:00:00:04,-39
BLE,1705098127833903318,D3:F4:55:AB:96:20,-68
BLE,1705098128106345637,DF:DF:EE:00:00:04,-38
BLE,1705098128216392276,D3:F4:55:AB:96:20,-68
BLE,1705098128411619937,D3:F4:55:AB:96:20,-70
BLE,1705098128794049395,D3:F4:55:AB:96:20,-70
BLE,1705098128991057368,D3:F4:55:AB:96:20,-76
BLE,1705098129382395720,D3:F4:55:AB:96:20,-69
BLE,1705098129639790760,DF:DF:EE:00:00:04,-40
BLE,1705098129762934618,D3:F4:55:AB:96:20,-71
BLE,1705098129785851427,DF:A6:DC:DC:2E:81,-67
BLE,1705098129785871093,DF:DF:EE:00:00:01,-67
BLE,1705098130103150332,DF:DF:EE:00:00:04,-39
BLE,1705098130140919796,D3:F4:55:AB:96:20,-75
BLE,1705098130326663696,D3:F4:55:AB:96:20,-89
BLE,1705098130520875327,D3:F4:55:AB:96:20,-76
BLE,1705098130909853915,D3:F4:55:AB:96:20,-71
BLE,1705098131099074648,DF:DF:EE:00:00:04,-37
BLE,1705098131871899886,D3:F4:55:AB:96:20,-75
BLE,1705098132059010894,D3:F4:55:AB:96:20,-71
BLE,1705098132101646925,DF:DF:EE:00:00:04,-38
BLE,1705098132329095074,DF:A6:DC:DC:2E:81,-67
BLE,1705098132329111199,DF:DF:EE:00:00:01,-67
BLE,1705098132446218337,D3:F4:55:AB:96:20,-69
BLE,1705098132641491122,D3:F4:55:AB:96:20,-70
BLE,1705098132644078424,DF:DF:EE:00:00:04,-39
BLE,1705098132835361965,D3:F4:55:AB:96:20,-76
BLE,1705098133027363956,D3:F4:55:AB:96:20,-71
BLE,1705098133108656857,DF:DF:EE:00:00:04,-39
BLE,1705098133221845001,D3:F4:55:AB:96:20,-74
BLE,1705098133609105276,D3:F4:55:AB:96:20,-57
BLE,1705098133639883324,DF:DF:EE:00:00:04,-38
BLE,1705098133803718903,D3:F4:55:AB:96:20,-92
BLE,1705098133994233536,D3:F4:55:AB:96:20,-70
BLE,1705098134099560607,DF:DF:EE:00:00:04,-39
BLE,1705098134383072043,D3:F4:55:AB:96:20,-68
BLE,1705098134638996976,DF:DF:EE:00:00:04,-39
BLE,1705098134870200622,DF:A6:DC:DC:2E:81,-69
BLE,1705098134870260205,DF:DF:EE:00:00:01,-69
BLE,1705098134957737240,D3:F4:55:AB:96:20,-70
BLE,1705098135097002321,DF:DF:EE:00:00:04,-39
BLE,1705098135147836378,D3:F4:55:AB:96:20,-69
BLE,1705098135528601815,D3:F4:55:AB:96:20,-68
BLE,1705098135636488523,DF:DF:EE:00:00:04,-38
BLE,1705098135914067363,D3:F4:55:AB:96:20,-58
BLE,1705098136106258643,DF:DF:EE:00:00:04,-39
BLE,1705098136294510179,D3:F4:55:AB:96:20,-68
BLE,1705098136485946676,D3:F4:55:AB:96:20,-76
BLE,1705098136645157685,DF:DF:EE:00:00:04,-51
BLE,1705098136867086734,D3:F4:55:AB:96:20,-76
BLE,1705098137061855816,D3:F4:55:AB:96:20,-67
BLE,1705098137102818409,DF:DF:EE:00:00:04,-49
BLE,1705098137254286427,D3:F4:55:AB:96:20,-71
BLE,1705098137643740218,D3:F4:55:AB:96:20,-69
BLE,1705098137834810804,D3:F4:55:AB:96:20,-75
BLE,1705098138021523941,D3:F4:55:AB:96:20,-70
BLE,1705098138101180695,DF:DF:EE:00:00:04,-39
BLE,1705098138218231084,D3:F4:55:AB:96:20,-75
BLE,1705098138603547091,D3:F4:55:AB:96:20,-71
BLE,1705098138640862227,DF:DF:EE:00:00:04,-41
BLE,1705098138801656884,D3:F4:55:AB:96:20,-77
BLE,1705098139102781109,DF:DF:EE:00:00:04,-39
BLE,1705098139189039783,D3:F4:55:AB:96:20,-88
BLE,1705098139383302164,D3:F4:55:AB:96:20,-60
BLE,1705098139575496027,D3:F4:55:AB:96:20,-71
BLE,1705098139962034145,D3:F4:55:AB:96:20,-67
BLE,1705098140104581520,DF:DF:EE:00:00:04,-51
BLE,1705098140157921506,D3:F4:55:AB:96:20,-71
BLE,1705098140543000141,D3:F4:55:AB:96:20,-56
BLE,1705098140737501935,D3:F4:55:AB:96:20,-93
BLE,1705098140932999884,D3:F4:55:AB:96:20,-68
BLE,1705098141104404747,DF:DF:EE:00:00:04,-38
BLE,1705098141125194831,D3:F4:55:AB:96:20,-71
BLE,1705098141238927301,DF:A6:DC:DC:2E:81,-67
BLE,1705098141238957093,DF:DF:EE:00:00:01,-67
BLE,1705098141322525633,D3:F4:55:AB:96:20,-76
BLE,1705098141518126872,D3:F4:55:AB:96:20,-69
BLE,1705098141638477555,DF:DF:EE:00:00:04,-39
BLE,1705098141713896526,D3:F4:55:AB:96:20,-70
BLE,1705098141910890999,D3:F4:55:AB:96:20,-87
BLE,1705098143058060585,D3:F4:55:AB:96:20,-87
BLE,1705098143100018457,DF:DF:EE:00:00:04,-39
BLE,1705098143256614914,D3:F4:55:AB:96:20,-75
BLE,1705098143446308265,D3:F4:55:AB:96:20,-71
BLE,1705098143640742102,DF:DF:EE:00:00:04,-45
BLE,1705098143838254777,D3:F4:55:AB:96:20,-76
BLE,1705098144028977533,D3:F4:55:AB:96:20,-71
BLE,1705098144105776654,DF:DF:EE:00:00:04,-39
BLE,1705098144223287246,D3:F4:55:AB:96:20,-76
BLE,1705098144412671268,D3:F4:55:AB:96:20,-70
BLE,1705098144605757704,D3:F4:55:AB:96:20,-61
BLE,1705098144800411080,D3:F4:55:AB:96:20,-67
BLE,1705098145183885068,D3:F4:55:AB:96:20,-63
BLE,1705098145760368618,D3:F4:55:AB:96:20,-70
BLE,1705098146105676396,DF:DF:EE:00:00:04,-36
BLE,1705098146143146781,D3:F4:55:AB:96:20,-71
BLE,1705098146335784181,D3:F4:55:AB:96:20,-75
BLE,1705098146524244839,D3:F4:55:AB:96:20,-71
BLE,1705098146638259889,DF:DF:EE:00:00:04,-39
BLE,1705098146723148830,D3:F4:55:AB:96:20,-75
BLE,1705098146919071024,D3:F4:55:AB:96:20,-67
BLE,1705098147101060843,DF:DF:EE:00:00:04,-39
BLE,1705098147112357749,D3:F4:55:AB:96:20,-70
BLE,1705098147607538607,DF:A6:DC:DC:2E:81,-68
BLE,1705098147607577023,DF:DF:EE:00:00:01,-68
BLE,1705098147638405570,DF:DF:EE:00:00:04,-39
BLE,1705098147883380426,D3:F4:55:AB:96:20,-58
BLE,1705098148079387494,D3:F4:55:AB:96:20,-71
BLE,1705098148105744428,DF:DF:EE:00:00:04,-39
BLE,1705098148272859301,D3:F4:55:AB:96:20,-76
BLE,1705098148850451921,D3:F4:55:AB:96:20,-70
BLE,1705098148885437668,DF:A6:DC:DC:2E:81,-69
BLE,1705098148885466626,DF:DF:EE:00:00:01,-69
BLE,1705098149232343594,D3:F4:55:AB:96:20,-68
BLE,1705098149646970917,DF:DF:EE:00:00:04,-39
BLE,1705098149993679595,D3:F4:55:AB:96:20,-84
BLE,1705098150642263323,DF:DF:EE:00:00:04,-39
BLE,1705098151338538562,D3:F4:55:AB:96:20,-70
BLE,1705098151646834326,DF:DF:EE:00:00:04,-53
BLE,1705098151918866941,D3:F4:55:AB:96:20,-75
BLE,1705098152105822534,DF:DF:EE:00:00:04,-38
BLE,1705098152299537421,D3:F4:55:AB:96:20,-73
BLE,1705098152485995853,D3:F4:55:AB:96:20,-70
BLE,1705098153056476434,D3:F4:55:AB:96:20,-68
BLE,1705098153101011900,DF:DF:EE:00:00:04,-39
BLE,1705098153246860527,D3:F4:55:AB:96:20,-76
BLE,1705098153433336667,D3:F4:55:AB:96:20,-70
BLE,1705098153623114768,D3:F4:55:AB:96:20,-58
BLE,1705098153642293747,DF:DF:EE:00:00:04,-50
BLE,1705098153816731865,D3:F4:55:AB:96:20,-70
BLE,1705098154013833836,D3:F4:55:AB:96:20,-78
BLE,1705098154101158998,DF:DF:EE:00:00:04,-40
BLE,1705098154201284173,D3:F4:55:AB:96:20,-71
BLE,1705098154639764085,DF:DF:EE:00:00:04,-41
BLE,1705098154976034013,D3:F4:55:AB:96:20,-61
BLE,1705098155098034801,DF:DF:EE:00:00:04,-39
BLE,1705098155259097871,DF:A6:DC:DC:2E:81,-68
BLE,1705098155259114663,DF:DF:EE:00:00:01,-68
BLE,1705098155635314821,DF:DF:EE:00:00:04,-40
BLE,1705098156325525008,D3:F4:55:AB:96:20,-76
BLE,1705098156644479811,DF:DF:EE:00:00:04,-39
BLE,1705098156712837325,D3:F4:55:AB:96:20,-94
BLE,1705098157099464525,DF:DF:EE:00:00:04,-39
BLE,1705098157101456960,D3:F4:55:AB:96:20,-70
BLE,1705098157297519110,D3:F4:55:AB:96:20,-76
BLE,1705098157485019613,D3:F4:55:AB:96:20,-70
BLE,1705098157800682205,DF:A6:DC:DC:2E:81,-68
BLE,1705098157800741371,DF:DF:EE:00:00:01,-68
BLE,1705098158061039210,D3:F4:55:AB:96:20,-92
BLE,1705098158103107956,DF:DF:EE:00:00:04,-41
BLE,1705098158248425798,D3:F4:55:AB:96:20,-92
BLE,1705098158643676395,DF:DF:EE:00:00:04,-39
BLE,1705098159214796551,D3:F4:55:AB:96:20,-71
BLE,1705098159785439046,D3:F4:55:AB:96:20,-58
BLE,1705098160368776055,D3:F4:55:AB:96:20,-69
BLE,1705098160560880378,D3:F4:55:AB:96:20,-76
BLE,1705098160643659136,DF:DF:EE:00:00:04,-38
BLE,1705098160747483350,D3:F4:55:AB:96:20,-70
BLE,1705098161130621550,D3:F4:55:AB:96:20,-70
BLE,1705098161641102266,DF:DF:EE:00:00:04,-39
BLE,1705098161711336925,D3:F4:55:AB:96:20,-57
BLE,1705098161910629995,D3:F4:55:AB:96:20,-76
BLE,1705098162097238800,D3:F4:55:AB:96:20,-70
BLE,1705098162293181785,D3:F4:55:AB:96:20,-76
BLE,1705098162486419011,D3:F4:55:AB:96:20,-69
BLE,1705098162636801918,DF:DF:EE:00:00:04,-39
BLE,1705098162678520918,D3:F4:55:AB:96:20,-70
BLE,1705098163062571232,D3:F4:55:AB:96:20,-74
BLE,1705098163098620550,DF:DF:EE:00:00:04,-39
BLE,1705098163633600847,D3:F4:55:AB:96:20,-68
BLE,1705098163641260130,DF:DF:EE:00:00:04,-39
BLE,1705098163829776496,D3:F4:55:AB:96:20,-70
BLE,1705098164166850040,DF:A6:DC:DC:2E:81,-70
BLE,1705098164166864957,DF:DF:EE:00:00:01,-70
BLE,1705098164798024476,D3:F4:55:AB:96:20,-70
BLE,1705098165191611135,D3:F4:55:AB:96:20,-76
BLE,1705098165764911473,D3:F4:55:AB:96:20,-70
BLE,1705098166155225379,D3:F4:55:AB:96:20,-68
BLE,1705098166923835001,D3:F4:55:AB:96:20,-75
BLE,1705098167101182293,DF:DF:EE:00:00:04,-39
BLE,1705098167112198161,D3:F4:55:AB:96:20,-70
BLE,1705098167310339745,D3:F4:55:AB:96:20,-94
BLE,1705098167502005031,D3:F4:55:AB:96:20,-67
BLE,1705098167640964283,DF:DF:EE:00:00:04,-37
BLE,1705098167696086955,D3:F4:55:AB:96:20,-72
BLE,1705098167888082488,D3:F4:55:AB:96:20,-58
BLE,1705098168098676672,DF:DF:EE:00:00:04,-39
BLE,1705098168267253152,D3:F4:55:AB:96:20,-68
BLE,1705098168457641329,D3:F4:55:AB:96:20,-77
BLE,1705098168639822854,DF:DF:EE:00:00:04,-40
BLE,1705098169105846853,DF:DF:EE:00:00:04,-24
BLE,1705098169209590860,D3:F4:55:AB:96:20,-72
BLE,1705098169594407915,D3:F4:55:AB:96:20,-69
BLE,1705098170173556766,D3:F4:55:AB:96:20,-87
BLE,1705098170539866001,DF:A6:DC:DC:2E:81,-58
BLE,1705098170539900959,DF:DF:EE:00:00:01,-58
BLE,1705098170640140008,DF:DF:EE:00:00:04,-23
BLE,1705098170753311777,D3:F4:55:AB:96:20,-75
BLE,1705098171101421897,DF:DF:EE:00:00:04,-37
BLE,1705098171339255130,D3:F4:55:AB:96:20,-75
BLE,1705098171637616096,DF:DF:EE:00:00:04,-39
BLE,1705098171914404154,D3:F4:55:AB:96:20,-68
BLE,1705098172297585896,D3:F4:55:AB:96:20,-69
BLE,1705098172635848342,DF:DF:EE:00:00:04,-39
BLE,1705098172684818255,D3:F4:55:AB:96:20,-76
BLE,1705098172873624076,D3:F4:55:AB:96:20,-71
BLE,1705098173067792541,D3:F4:55:AB:96:20,-76
BLE,1705098173097700182,DF:DF:EE:00:00:04,-38
BLE,1705098173258418881,D3:F4:55:AB:96:20,-70
BLE,1705098173449880754,D3:F4:55:AB:96:20,-76
BLE,1705098173641266377,DF:DF:EE:00:00:04,-50
BLE,1705098173644262674,D3:F4:55:AB:96:20,-58
BLE,1705098173838924508,D3:F4:55:AB:96:20,-88
BLE,1705098174028394488,D3:F4:55:AB:96:20,-67
BLE,1705098174102020314,DF:DF:EE:00:00:04,-39
BLE,1705098174223056696,D3:F4:55:AB:96:20,-71
BLE,1705098174420333249,D3:F4:55:AB:96:20,-75
BLE,1705098174799182459,D3:F4:55:AB:96:20,-76
BLE,1705098175101761833,DF:DF:EE:00:00:04,-22
BLE,1705098175383814578,D3:F4:55:AB:96:20,-61
BLE,1705098175643673047,DF:DF:EE:00:00:04,-38
BLE,1705098176100374074,DF:DF:EE:00:00:04,-39
BLE,1705098176156147906,D3:F4:55:AB:96:20,-71
BLE,1705098176352478262,D3:F4:55:AB:96:20,-76
BLE,1705098176548217166,D3:F4:55:AB:96:20,-68
BLE,1705098176643887436,DF:DF:EE:00:00:04,-56
BLE,1705098177124730174,D3:F4:55:AB:96:20,-70
BLE,1705098177321442191,D3:F4:55:AB:96:20,-76
BLE,1705098177507368213,D3:F4:55:AB:96:20,-72
BLE,1705098177637395530,DF:DF:EE:00:00:04,-39
BLE,1705098177696762360,D3:F4:55:AB:96:20,-67
BLE,1705098177889513467,D3:F4:55:AB:96:20,-70
BLE,1705098178081828579,D3:F4:55:AB:96:20,-69
BLE,1705098178102691454,DF:DF:EE:00:00:04,-39
BLE,1705098178181358386,DF:A6:DC:DC:2E:81,-69
BLE,1705098178181371011,DF:DF:EE:00:00:01,-69
BLE,1705098178272206714,D3:F4:55:AB:96:20,-92
BLE,1705098178466577468,D3:F4:55:AB:96:20,-76
BLE,1705098178640982670,DF:DF:EE:00:00:04,-51
BLE,1705098178854072575,D3:F4:55:AB:96:20,-76
BLE,1705098179040486716,D3:F4:55:AB:96:20,-70
BLE,1705098179101370903,DF:DF:EE:00:00:04,-39
BLE,1705098179229113039,D3:F4:55:AB:96:20,-68
BLE,1705098179420893907,D3:F4:55:AB:96:20,-87
BLE,1705098179616225775,D3:F4:55:AB:96:20,-75
BLE,1705098179803104994,D3:F4:55:AB:96:20,-72
BLE,1705098179992724180,D3:F4:55:AB:96:20,-68
BLE,1705098180101692040,DF:DF:EE:00:00:04,-39
BLE,1705098180185311163,D3:F4:55:AB:96:20,-70
BLE,1705098180379125966,D3:F4:55:AB:96:20,-76
BLE,1705098180571521243,D3:F4:55:AB:96:20,-57
BLE,1705098180638112654,DF:DF:EE:00:00:04,-38
BLE,1705098180724752949,DF:A6:DC:DC:2E:81,-68
BLE,1705098180724792323,DF:DF:EE:00:00:01,-68
BLE,1705098180765001592,D3:F4:55:AB:96:20,-75
BLE,1705098180952010059,D3:F4:55:AB:96:20,-78
BLE,1705098181141476830,D3:F4:55:AB:96:20,-58
BLE,1705098181530232963,D3:F4:55:AB:96:20,-76
BLE,1705098181640027772,DF:DF:EE:00:00:04,-41
BLE,1705098182104048711,D3:F4:55:AB:96:20,-68
BLE,1705098182293463442,D3:F4:55:AB:96:20,-75
BLE,1705098182642161221,DF:DF:EE:00:00:04,-23
BLE,1705098182879305546,D3:F4:55:AB:96:20,-75
BLE,1705098183101963128,DF:DF:EE:00:00:04,-40
BLE,1705098183271073810,DF:A6:DC:DC:2E:81,-68
BLE,1705098183271093518,DF:DF:EE:00:00:01,-68
BLE,1705098183636664803,DF:DF:EE:00:00:04,-38
BLE,1705098183643928550,D3:F4:55:AB:96:20,-76
BLE,1705098184033954126,D3:F4:55:AB:96:20,-83
BLE,1705098184103579208,DF:DF:EE:00:00:04,-39
BLE,1705098184226106948,D3:F4:55:AB:96:20,-76
BLE,1705098184414317193,D3:F4:55:AB:96:20,-71
BLE,1705098184605107490,D3:F4:55:AB:96:20,-69
BLE,1705098184642009964,DF:DF:EE:00:00:04,-38
BLE,1705098185099519190,DF:DF:EE:00:00:04,-38
BLE,1705098186103531366,DF:DF:EE:00:00:04,-38
BLE,1705098186514127862,D3:F4:55:AB:96:20,-69
BLE,1705098186639476610,DF:DF:EE:00:00:04,-39
BLE,1705098186703906963,D3:F4:55:AB:96:20,-90
BLE,1705098186892367913,D3:F4:55:AB:96:20,-70
BLE,1705098187087843529,D3:F4:55:AB:96:20,-76
BLE,1705098187102500770,DF:DF:EE:00:00:04,-51
BLE,1705098187470543234,D3:F4:55:AB:96:20,-76
BLE,1705098187638910633,DF:DF:EE:00:00:04,-39
BLE,1705098187658062487,D3:F4:55:AB:96:20,-70
BLE,1705098188045587552,D3:F4:55:AB:96:20,-68
BLE,1705098188098438335,DF:DF:EE:00:00:04,-40
BLE,1705098188235847480,D3:F4:55:AB:96:20,-77
BLE,1705098188424327846,D3:F4:55:AB:96:20,-71
BLE,1705098188811381833,D3:F4:55:AB:96:20,-68
BLE,1705098189000321735,D3:F4:55:AB:96:20,-89
BLE,1705098189380514804,D3:F4:55:AB:96:20,-61
BLE,1705098189571054979,D3:F4:55:AB:96:20,-72
BLE,1705098189635370833,DF:A6:DC:DC:2E:81,-69
BLE,1705098189635388917,DF:DF:EE:00:00:01,-69
BLE,1705098189644915761,DF:DF:EE:00:00:04,-39
BLE,1705098189767457084,D3:F4:55:AB:96:20,-77
BLE,1705098189961879837,D3:F4:55:AB:96:20,-69
BLE,1705098190099196775,DF:DF:EE:00:00:04,-40
BLE,1705098190152664134,D3:F4:55:AB:96:20,-70
BLE,1705098190643922122,DF:DF:EE:00:00:04,-39
BLE,1705098190724249910,D3:F4:55:AB:96:20,-58
BLE,1705098191104542519,D3:F4:55:AB:96:20,-58
BLE,1705098191871913240,D3:F4:55:AB:96:20,-58
BLE,1705098192065357880,D3:F4:55:AB:96:20,-70
BLE,1705098192105816187,DF:DF:EE:00:00:04,-39
BLE,1705098192261800901,D3:F4:55:AB:96:20,-75
BLE,1705098192447757006,D3:F4:55:AB:96:20,-72
BLE,1705098192634996470,DF:DF:EE:00:00:04,-39
BLE,1705098192644605355,D3:F4:55:AB:96:20,-76
BLE,1705098192837978329,D3:F4:55:AB:96:20,-68
BLE,1705098193027146896,D3:F4:55:AB:96:20,-76
BLE,1705098193100951886,DF:DF:EE:00:00:04,-39
BLE,1705098193214595941,D3:F4:55:AB:96:20,-56
BLE,1705098193639474974,DF:DF:EE:00:00:04,-38
BLE,1705098194640101108,DF:DF:EE:00:00:04,-39
BLE,1705098194743064874,D3:F4:55:AB:96:20,-71
BLE,1705098194939401897,D3:F4:55:AB:96:20,-75
BLE,1705098195097683750,DF:DF:EE:00:00:04,-40
BLE,1705098195131659009,D3:F4:55:AB:96:20,-69
BLE,1705098195327514704,D3:F4:55:AB:96:20,-56
BLE,1705098195519332905,D3:F4:55:AB:96:20,-69
BLE,1705098195710595613,D3:F4:55:AB:96:20,-71
BLE,1705098195908103788,D3:F4:55:AB:96:20,-76
BLE,1705098196096556530,DF:DF:EE:00:00:04,-38
BLE,1705098196860726330,D3:F4:55:AB:96:20,-70
BLE,1705098197056811397,D3:F4:55:AB:96:20,-75
BLE,1705098197098103486,DF:DF:EE:00:00:04,-39
BLE,1705098197820217624,D3:F4:55:AB:96:20,-77
BLE,1705098198005542153,D3:F4:55:AB:96:20,-70
BLE,1705098198591930251,D3:F4:55:AB:96:20,-71
BLE,1705098198635386938,DF:DF:EE:00:00:04,-39
BLE,1705098198787249160,D3:F4:55:AB:96:20,-61
BLE,1705098198973906048,D3:F4:55:AB:96:20,-70
BLE,1705098199101505311,DF:DF:EE:00:00:04,-39
BLE,1705098199163885397,D3:F4:55:AB:96:20,-58
BLE,1705098199356142093,D3:F4:55:AB:96:20,-72
BLE,1705098199635500953,DF:DF:EE:00:00:04,-39
BLE,1705098199737902809,D3:F4:55:AB:96:20,-56
BLE,1705098199826888660,DF:A6:DC:DC:2E:81,-53
BLE,1705098199826909868,DF:DF:EE:00:00:01,-53
BLE,1705098199935395026,D3:F4:55:AB:96:20,-75
BLE,1705098200101102957,DF:DF:EE:00:00:04,-38
BLE,1705098200126854773,D3:F4:55:AB:96:20,-67
BLE,1705098200516813559,D3:F4:55:AB:96:20,-78
BLE,1705098200639082302,DF:DF:EE:00:00:04,-38
BLE,1705098200900674625,D3:F4:55:AB:96:20,-75
BLE,1705098201291681440,D3:F4:55:AB:96:20,-71
BLE,1705098201677664397,D3:F4:55:AB:96:20,-57
BLE,1705098201870352880,D3:F4:55:AB:96:20,-76
BLE,1705098202055660826,D3:F4:55:AB:96:20,-71
BLE,1705098202099487884,DF:DF:EE:00:00:04,-39
BLE,1705098202252080347,D3:F4:55:AB:96:20,-75
BLE,1705098202634382766,D3:F4:55:AB:96:20,-76
BLE,1705098202641560721,DF:DF:EE:00:00:04,-38
BLE,1705098202823692747,D3:F4:55:AB:96:20,-87
BLE,1705098203204742472,D3:F4:55:AB:96:20,-71
BLE,1705098203599872404,D3:F4:55:AB:96:20,-76
BLE,1705098203984643876,D3:F4:55:AB:96:20,-76
BLE,1705098204097261777,DF:DF:EE:00:00:04,-40
BLE,1705098204376452723,D3:F4:55:AB:96:20,-71
BLE,1705098204569785489,D3:F4:55:AB:96:20,-76
BLE,1705098204638254419,DF:DF:EE:00:00:04,-40
BLE,1705098204760064334,D3:F4:55:AB:96:20,-87
BLE,1705098204953962218,D3:F4:55:AB:96:20,-75
BLE,1705098205100141800,DF:DF:EE:00:00:04,-39
BLE,1705098205537110105,D3:F4:55:AB:96:20,-76
BLE,1705098205642317094,DF:DF:EE:00:00:04,-39
BLE,1705098205723681119,D3:F4:55:AB:96:20,-70
BLE,1705098205913993255,D3:F4:55:AB:96:20,-58
BLE,1705098206102826201,DF:DF:EE:00:00:04,-39
BLE,1705098206109552079,D3:F4:55:AB:96:20,-71
BLE,1705098206198354139,DF:A6:DC:DC:2E:81,-68
BLE,1705098206198381181,DF:DF:EE:00:00:01,-68
BLE,1705098206490932633,D3:F4:55:AB:96:20,-71
BLE,1705098206639797474,DF:DF:EE:00:00:04,-40
BLE,1705098206684591854,D3:F4:55:AB:96:20,-76
BLE,1705098207069178120,D3:F4:55:AB:96:20,-61
BLE,1705098207099129345,DF:DF:EE:00:00:04,-38
BLE,1705098207260152582,D3:F4:55:AB:96:20,-68
BLE,1705098207454852582,D3:F4:55:AB:96:20,-71
BLE,1705098207645503422,D3:F4:55:AB:96:20,-67
BLE,1705098208104040802,DF:DF:EE:00:00:04,-39
BLE,1705098208639508635,DF:DF:EE:00:00:04,-51
BLE,1705098208798340149,D3:F4:55:AB:96:20,-77
BLE,1705098208984539667,D3:F4:55:AB:96:20,-70
BLE,1705098209184053526,D3:F4:55:AB:96:20,-69
BLE,1705098209379046523,D3:F4:55:AB:96:20,-69
BLE,1705098209571756505,D3:F4:55:AB:96:20,-71
BLE,1705098210104498996,DF:DF:EE:00:00:04,-40
BLE,1705098210152306882,D3:F4:55:AB:96:20,-76
BLE,1705098210345070280,D3:F4:55:AB:96:20,-68
BLE,1705098210915972647,D3:F4:55:AB:96:20,-76
BLE,1705098211096330485,DF:DF:EE:00:00:04,-39
BLE,1705098211497702342,D3:F4:55:AB:96:20,-76
BLE,1705098212266320756,D3:F4:55:AB:96:20,-62
BLE,1705098212566758281,DF:A6:DC:DC:2E:81,-67
BLE,1705098212566789739,DF:DF:EE:00:00:01,-67
BLE,1705098212647225692,D3:F4:55:AB:96:20,-76
BLE,1705098213097033509,DF:DF:EE:00:00:04,-40
BLE,1705098213226296377,D3:F4:55:AB:96:20,-69
BLE,1705098213796791290,D3:F4:55:AB:96:20,-76
BLE,1705098213984925911,D3:F4:55:AB:96:20,-69
BLE,1705098214104533894,DF:DF:EE:00:00:04,-39
BLE,1705098214179715660,D3:F4:55:AB:96:20,-75
BLE,1705098214566748397,D3:F4:55:AB:96:20,-71
BLE,1705098214633387598,DF:DF:EE:00:00:04,-39
BLE,1705098214944813533,D3:F4:55:AB:96:20,-76
BLE,1705098215097908782,DF:DF:EE:00:00:04,-40
BLE,1705098215135449790,D3:F4:55:AB:96:20,-68
BLE,1705098215327597279,D3:F4:55:AB:96:20,-75
BLE,1705098215637170653,DF:DF:EE:00:00:04,-46
BLE,1705098216293853575,D3:F4:55:AB:96:20,-77
BLE,1705098216488204329,D3:F4:55:AB:96:20,-67
BLE,1705098216637686413,DF:DF:EE:00:00:04,-39
BLE,1705098216684379895,D3:F4:55:AB:96:20,-75
BLE,1705098216874850654,D3:F4:55:AB:96:20,-76
BLE,1705098217063818598,D3:F4:55:AB:96:20,-71
BLE,1705098217096401957,DF:DF:EE:00:00:04,-38
BLE,1705098217257370737,D3:F4:55:AB:96:20,-75
BLE,1705098217450193593,D3:F4:55:AB:96:20,-72
BLE,1705098217642009836,DF:DF:EE:00:00:04,-39
BLE,1705098217670230622,DF:A6:DC:DC:2E:81,-53
BLE,1705098217670243622,DF:DF:EE:00:00:01,-53
BLE,1705098218098664071,DF:DF:EE:00:00:04,-51
BLE,1705098218222554670,D3:F4:55:AB:96:20,-69
BLE,1705098218416821509,D3:F4:55:AB:96:20,-56
BLE,1705098218640289081,DF:DF:EE:00:00:04,-38
BLE,1705098218810554124,D3:F4:55:AB:96:20,-61
BLE,1705098219007146435,D3:F4:55:AB:96:20,-58
BLE,1705098219103748777,DF:DF:EE:00:00:04,-40
BLE,1705098219390053304,D3:F4:55:AB:96:20,-70
BLE,1705098219580815685,D3:F4:55:AB:96:20,-75
BLE,1705098219644460922,DF:DF:EE:00:00:04,-57
BLE,1705098219767386949,D3:F4:55:AB:96:20,-70
BLE,1705098219961926576,D3:F4:55:AB:96:20,-76
BLE,1705098220152270295,D3:F4:55:AB:96:20,-68
BLE,1705098220725246970,D3:F4:55:AB:96:20,-76
BLE,1705098220913423090,D3:F4:55:AB:96:20,-71
BLE,1705098221102371118,DF:DF:EE:00:00:04,-39
BLE,1705098221643165762,DF:DF:EE:00:00:04,-39
BLE,1705098221644282124,DF:DF:EE:00:00:04,-38
BLE,1705098221679901530,D3:F4:55:AB:96:20,-71
BLE,1705098222061319584,D3:F4:55:AB:96:20,-70
BLE,1705098222097489526,DF:DF:EE:00:00:04,-56
BLE,1705098222255252760,D3:F4:55:AB:96:20,-76
BLE,1705098222638389960,D3:F4:55:AB:96:20,-75
BLE,1705098222640859056,DF:DF:EE:00:00:04,-40
BLE,1705098222827782691,D3:F4:55:AB:96:20,-72
BLE,1705098223020630338,D3:F4:55:AB:96:20,-92
BLE,1705098223096069309,DF:DF:EE:00:00:04,-40
BLE,1705098223407334329,D3:F4:55:AB:96:20,-71
BLE,1705098223632537214,DF:DF:EE:00:00:04,-39
BLE,1705098223789432750,D3:F4:55:AB:96:20,-70
BLE,1705098223982433896,D3:F4:55:AB:96:20,-69
BLE,1705098224094526094,DF:DF:EE:00:00:04,-39
BLE,1705098224179800072,D3:F4:55:AB:96:20,-67
BLE,1705098224369925335,D3:F4:55:AB:96:20,-76
BLE,1705098224555642026,D3:F4:55:AB:96:20,-70
BLE,1705098224639448522,DF:DF:EE:00:00:04,-40
BLE,1705098224945910141,D3:F4:55:AB:96:20,-68
BLE,1705098225098877600,DF:DF:EE:00:00:04,-39
BLE,1705098225140451227,D3:F4:55:AB:96:20,-57
BLE,1705098225300674765,DF:A6:DC:DC:2E:81,-68
BLE,1705098225300699056,DF:DF:EE:00:00:01,-68
BLE,1705098225337022871,D3:F4:55:AB:96:20,-75
BLE,1705098225635726000,DF:DF:EE:00:00:04,-39
BLE,1705098226108318711,D3:F4:55:AB:96:20,-89
BLE,1705098226643533006,DF:DF:EE:00:00:04,-40
BLE,1705098226875787222,D3:F4:55:AB:96:20,-70
BLE,1705098227065058329,D3:F4:55:AB:96:20,-68
BLE,1705098227102686045,DF:DF:EE:00:00:04,-55
BLE,1705098227255371840,D3:F4:55:AB:96:20,-86
BLE,1705098227834741106,D3:F4:55:AB:96:20,-60
BLE,1705098228217568893,D3:F4:55:AB:96:20,-76
BLE,1705098228602066244,D3:F4:55:AB:96:20,-92
BLE,1705098228640504575,DF:DF:EE:00:00:04,-38
BLE,1705098229568031918,D3:F4:55:AB:96:20,-76
BLE,1705098229762417463,D3:F4:55:AB:96:20,-68
BLE,1705098230093965324,DF:DF:EE:00:00:04,-51
BLE,1705098230346783044,D3:F4:55:AB:96:20,-68
BLE,1705098230404733349,DF:A6:DC:DC:2E:81,-68
BLE,1705098230404767807,DF:DF:EE:00:00:01,-68
BLE,1705098231095797443,DF:DF:EE:00:00:04,-40
BLE,1705098231504675501,D3:F4:55:AB:96:20,-75
BLE,1705098231894231333,D3:F4:55:AB:96:20,-69
BLE,1705098232085298835,D3:F4:55:AB:96:20,-76
BLE,1705098232092973285,DF:DF:EE:00:00:04,-39
BLE,1705098232272992127,D3:F4:55:AB:96:20,-70
BLE,1705098232465645277,D3:F4:55:AB:96:20,-68
BLE,1705098232633639431,DF:DF:EE:00:00:04,-28
BLE,1705098233237809440,D3:F4:55:AB:96:20,-76
BLE,1705098233434616749,D3:F4:55:AB:96:20,-75
BLE,1705098233633857778,DF:DF:EE:00:00:04,-39
BLE,1705098234098899413,DF:DF:EE:00:00:04,-39
BLE,1705098234200502070,D3:F4:55:AB:96:20,-76
BLE,1705098234634695825,DF:DF:EE:00:00:04,-38
BLE,1705098234774864729,D3:F4:55:AB:96:20,-56
BLE,1705098235100313121,DF:DF:EE:00:00:04,-40
BLE,1705098235351569401,D3:F4:55:AB:96:20,-76
BLE,1705098235632866905,DF:DF:EE:00:00:04,-39
BLE,1705098236125852248,D3:F4:55:AB:96:20,-70
BLE,1705098236318930517,D3:F4:55:AB:96:20,-76
BLE,1705098236512731361,D3:F4:55:AB:96:20,-68
BLE,1705098236785281137,DF:A6:DC:DC:2E:81,-71
BLE,1705098236785312303,DF:DF:EE:00:00:01,-71
BLE,1705098236890960245,D3:F4:55:AB:96:20,-69
BLE,1705098237098689131,DF:DF:EE:00:00:04,-39
BLE,1705098237280210872,D3:F4:55:AB:96:20,-69
BLE,1705098237474164132,D3:F4:55:AB:96:20,-70
BLE,1705098237642785361,DF:DF:EE:00:00:04,-53
BLE,1705098237869231564,D3:F4:55:AB:96:20,-78
BLE,1705098238056407946,D3:F4:55:AB:96:20,-70
BLE,1705098238440640716,D3:F4:55:AB:96:20,-70
BLE,1705098238635788878,DF:DF:EE:00:00:04,-39
BLE,1705098238836380765,D3:F4:55:AB:96:20,-76
BLE,1705098239028764543,D3:F4:55:AB:96:20,-70
BLE,1705098239105106837,DF:DF:EE:00:00:04,-40
BLE,1705098239223025965,D3:F4:55:AB:96:20,-76
BLE,1705098239609029131,D3:F4:55:AB:96:20,-70
BLE,1705098239641105914,DF:DF:EE:00:00:04,-37
BLE,1705098239798908939,D3:F4:55:AB:96:20,-68
BLE,1705098239990199772,D3:F4:55:AB:96:20,-70
BLE,1705098240189584757,D3:F4:55:AB:96:20,-76
BLE,1705098240376878013,D3:F4:55:AB:96:20,-70
BLE,1705098240639831862,DF:DF:EE:00:00:04,-40
BLE,1705098240758782395,D3:F4:55:AB:96:20,-71
BLE,1705098240953260231,D3:F4:55:AB:96:20,-76
BLE,1705098241139852745,D3:F4:55:AB:96:20,-70
BLE,1705098241334450621,D3:F4:55:AB:96:20,-76
BLE,1705098241523105860,D3:F4:55:AB:96:20,-70
BLE,1705098241720641785,D3:F4:55:AB:96:20,-76
BLE,1705098242096272867,DF:DF:EE:00:00:04,-38
BLE,1705098242105748711,D3:F4:55:AB:96:20,-72
BLE,1705098242301713530,D3:F4:55:AB:96:20,-75
BLE,1705098242487715467,D3:F4:55:AB:96:20,-72
BLE,1705098242640221973,DF:DF:EE:00:00:04,-52
BLE,1705098242872837102,D3:F4:55:AB:96:20,-70
BLE,1705098243149345914,DF:A6:DC:DC:2E:81,-73
BLE,1705098243149380455,DF:DF:EE:00:00:01,-73
BLE,1705098243456145737,D3:F4:55:AB:96:20,-56
BLE,1705098243637880684,DF:DF:EE:00:00:04,-39
BLE,1705098243647295321,D3:F4:55:AB:96:20,-69
BLE,1705098244101685001,DF:DF:EE:00:00:04,-39
BLE,1705098244405915314,D3:F4:55:AB:96:20,-71
BLE,1705098244599290080,D3:F4:55:AB:96:20,-75
BLE,1705098244641151328,DF:DF:EE:00:00:04,-40
BLE,1705098244982347906,D3:F4:55:AB:96:20,-76
BLE,1705098245098990591,DF:DF:EE:00:00:04,-50
BLE,1705098245167995806,D3:F4:55:AB:96:20,-57
BLE,1705098245357287829,D3:F4:55:AB:96:20,-58
BLE,1705098245633969764,DF:DF:EE:00:00:04,-40
BLE,1705098245732953119,D3:F4:55:AB:96:20,-69
BLE,1705098246096432263,DF:DF:EE:00:00:04,-39
BLE,1705098246125507373,D3:F4:55:AB:96:20,-76
BLE,1705098246320492620,D3:F4:55:AB:96:20,-69
BLE,1705098246515646323,D3:F4:55:AB:96:20,-71
BLE,1705098246900978580,D3:F4:55:AB:96:20,-56
BLE,1705098247089976440,D3:F4:55:AB:96:20,-69
BLE,1705098247099978404,DF:DF:EE:00:00:04,-23
BLE,1705098247282829587,D3:F4:55:AB:96:20,-72
BLE,1705098247479157651,D3:F4:55:AB:96:20,-75
BLE,1705098247867903910,D3:F4:55:AB:96:20,-70
BLE,1705098248100630537,DF:DF:EE:00:00:04,-39
BLE,1705098248252074764,D3:F4:55:AB:96:20,-70
BLE,1705098248643338034,D3:F4:55:AB:96:20,-68
BLE,1705098248833096301,D3:F4:55:AB:96:20,-71
BLE,1705098249028213963,D3:F4:55:AB:96:20,-75
BLE,1705098249412477650,D3:F4:55:AB:96:20,-76
BLE,1705098249796916793,D3:F4:55:AB:96:20,-89
BLE,1705098249983929885,D3:F4:55:AB:96:20,-87
BLE,1705098250102854127,DF:DF:EE:00:00:04,-39
BLE,1705098250566004660,D3:F4:55:AB:96:20,-70
BLE,1705098250641628920,DF:DF:EE:00:00:04,-39
BLE,1705098250761233445,D3:F4:55:AB:96:20,-92
BLE,1705098250955149330,D3:F4:55:AB:96:20,-67
BLE,1705098251148059059,D3:F4:55:AB:96:20,-75
BLE,1705098251334155038,D3:F4:55:AB:96:20,-87
BLE,1705098251530014107,D3:F4:55:AB:96:20,-76
BLE,1705098251639582628,DF:DF:EE:00:00:04,-40
BLE,1705098251725910801,D3:F4:55:AB:96:20,-67
BLE,1705098251727263993,D3:F4:55:AB:96:20,-78
BLE,1705098252493660059,D3:F4:55:AB:96:20,-77
BLE,1705098252881500911,D3:F4:55:AB:96:20,-75
BLE,1705098253074497224,D3:F4:55:AB:96:20,-59
BLE,1705098253097982109,DF:DF:EE:00:00:04,-39
BLE,1705098253335832384,DF:A6:DC:DC:2E:81,-68
BLE,1705098253335879050,DF:DF:EE:00:00:01,-68
BLE,1705098253640296902,DF:DF:EE:00:00:04,-39
BLE,1705098253653468619,D3:F4:55:AB:96:20,-70
BLE,1705098254228152982,D3:F4:55:AB:96:20,-75
BLE,1705098254605808540,DF:A6:DC:DC:2E:81,-62
BLE,1705098254605845122,DF:DF:EE:00:00:01,-62
BLE,1705098254608801379,D3:F4:55:AB:96:20,-76
BLE,1705098254640492041,DF:DF:EE:00:00:04,-39
BLE,1705098254800536414,D3:F4:55:AB:96:20,-70
BLE,1705098254991384544,D3:F4:55:AB:96:20,-76
BLE,1705098255183403201,D3:F4:55:AB:96:20,-71
BLE,1705098255380570088,D3:F4:55:AB:96:20,-70
BLE,1705098255575642292,D3:F4:55:AB:96:20,-75
BLE,1705098255953975759,D3:F4:55:AB:96:20,-69
BLE,1705098256143181283,D3:F4:55:AB:96:20,-73
BLE,1705098256634468812,DF:DF:EE:00:00:04,-41
BLE,1705098256725266974,D3:F4:55:AB:96:20,-75
BLE,1705098256919177692,D3:F4:55:AB:96:20,-69
BLE,1705098257094669589,DF:DF:EE:00:00:04,-51
BLE,1705098257309506848,D3:F4:55:AB:96:20,-75
BLE,1705098257497024975,D3:F4:55:AB:96:20,-70
BLE,1705098257641625368,DF:DF:EE:00:00:04,-39
BLE,1705098257886998552,D3:F4:55:AB:96:20,-68
BLE,1705098258075369961,D3:F4:55:AB:96:20,-76
BLE,1705098258097196491,DF:DF:EE:00:00:04,-52
BLE,1705098258269138723,D3:F4:55:AB:96:20,-68
BLE,1705098258458564369,D3:F4:55:AB:96:20,-75
BLE,1705098258636100033,DF:DF:EE:00:00:04,-56
BLE,1705098258653402284,D3:F4:55:AB:96:20,-69
BLE,1705098258843486548,D3:F4:55:AB:96:20,-93
BLE,1705098259041443218,D3:F4:55:AB:96:20,-75
BLE,1705098259093900256,DF:DF:EE:00:00:04,-23
BLE,1705098259237720990,D3:F4:55:AB:96:20,-68
BLE,1705098259427711422,D3:F4:55:AB:96:20,-76
BLE,1705098259623538159,D3:F4:55:AB:96:20,-69
BLE,1705098260009417868,D3:F4:55:AB:96:20,-76
BLE,1705098260103359367,DF:DF:EE:00:00:04,-39
BLE,1705098260196762206,D3:F4:55:AB:96:20,-71
BLE,1705098260640527638,DF:DF:EE:00:00:04,-40
BLE,1705098260768339940,D3:F4:55:AB:96:20,-68
BLE,1705098260963177188,D3:F4:55:AB:96:20,-70
BLE,1705098260968735913,DF:A6:DC:DC:2E:81,-72
BLE,1705098260968745705,DF:DF:EE:00:00:01,-72
BLE,1705098261346905006,D3:F4:55:AB:96:20,-71
BLE,1705098261633630279,DF:DF:EE:00:00:04,-40
BLE,1705098261926850348,D3:F4:55:AB:96:20,-76
BLE,1705098262102665116,DF:DF:EE:00:00:04,-39
BLE,1705098262242983935,DF:A6:DC:DC:2E:81,-69
BLE,1705098262243017684,DF:DF:EE:00:00:01,-69
BLE,1705098262314901906,D3:F4:55:AB:96:20,-72
BLE,1705098262709017850,D3:F4:55:AB:96:20,-75
BLE,1705098263097905690,DF:DF:EE:00:00:04,-36
BLE,1705098263295986316,D3:F4:55:AB:96:20,-75
BLE,1705098263481963837,D3:F4:55:AB:96:20,-70
BLE,1705098263635200709,DF:DF:EE:00:00:04,-40
BLE,1705098263865376076,D3:F4:55:AB:96:20,-70
BLE,1705098264058327763,D3:F4:55:AB:96:20,-75
BLE,1705098264095684441,DF:DF:EE:00:00:04,-37
BLE,1705098264253375093,D3:F4:55:AB:96:20,-69
BLE,1705098264444665884,D3:F4:55:AB:96:20,-76
BLE,1705098264788530846,DF:A6:DC:DC:2E:81,-67
BLE,1705098264788592304,DF:DF:EE:00:00:01,-67
BLE,1705098264828047248,D3:F4:55:AB:96:20,-76
BLE,1705098265018695796,D3:F4:55:AB:96:20,-58
BLE,1705098265209630800,D3:F4:55:AB:96:20,-76
BLE,1705098265584645806,D3:F4:55:AB:96:20,-69
BLE,1705098266096729586,DF:DF:EE:00:00:04,-39
BLE,1705098266348464236,D3:F4:55:AB:96:20,-68
BLE,1705098266543773604,D3:F4:55:AB:96:20,-70
BLE,1705098266634710472,DF:DF:EE:00:00:04,-39
BLE,1705098266733383373,D3:F4:55:AB:96:20,-68
BLE,1705098267099384570,DF:DF:EE:00:00:04,-39
BLE,1705098267310906702,D3:F4:55:AB:96:20,-87
BLE,1705098267502905318,D3:F4:55:AB:96:20,-76
BLE,1705098267636781464,DF:DF:EE:00:00:04,-39
BLE,1705098268095933503,DF:DF:EE:00:00:04,-38
BLE,1705098268265415472,D3:F4:55:AB:96:20,-76
BLE,1705098268614409206,DF:A6:DC:DC:2E:81,-67
BLE,1705098268614447206,DF:DF:EE:00:00:01,-67
BLE,1705098268636054072,DF:DF:EE:00:00:04,-38
BLE,1705098269030630594,D3:F4:55:AB:96:20,-61
BLE,1705098269413514922,D3:F4:55:AB:96:20,-76
BLE,1705098269603238357,D3:F4:55:AB:96:20,-71
BLE,1705098269640143123,DF:DF:EE:00:00:04,-40
BLE,1705098269801236942,D3:F4:55:AB:96:20,-75
BLE,1705098270099066332,DF:DF:EE:00:00:04,-38
BLE,1705098270637172883,DF:DF:EE:00:00:04,-38
BLE,1705098270763633701,D3:F4:55:AB:96:20,-75
BLE,1705098270953459093,D3:F4:55:AB:96:20,-71
BLE,1705098271142969947,D3:F4:55:AB:96:20,-68
BLE,1705098271159122545,DF:A6:DC:DC:2E:81,-68
BLE,1705098271159138503,DF:DF:EE:00:00:01,-68
BLE,1705098271630731435,DF:DF:EE:00:00:04,-39
BLE,1705098271916887756,D3:F4:55:AB:96:20,-76
BLE,1705098272437663556,DF:A6:DC:DC:2E:81,-68
BLE,1705098272437695181,DF:DF:EE:00:00:01,-68
BLE,1705098272489847056,D3:F4:55:AB:96:20,-67
BLE,1705098272636242468,DF:DF:EE:00:00:04,-23
BLE,1705098272683717066,D3:F4:55:AB:96:20,-71
BLE,1705098272873686998,D3:F4:55:AB:96:20,-69
BLE,1705098273101143481,DF:DF:EE:00:00:04,-39
BLE,1705098273254960387,D3:F4:55:AB:96:20,-58
BLE,1705098273449034770,D3:F4:55:AB:96:20,-70
BLE,1705098273631086880,DF:DF:EE:00:00:04,-40
BLE,1705098274026158645,D3:F4:55:AB:96:20,-77
BLE,1705098274097997076,DF:DF:EE:00:00:04,-40
BLE,1705098274213434318,D3:F4:55:AB:96:20,-71
BLE,1705098274638614181,DF:DF:EE:00:00:04,-40
BLE,1705098274981757027,DF:A6:DC:DC:2E:81,-68
BLE,1705098274981803402,DF:DF:EE:00:00:01,-68
BLE,1705098274995200574,D3:F4:55:AB:96:20,-75
BLE,1705098275100052985,DF:DF:EE:00:00:04,-39
BLE,1705098275376490380,D3:F4:55:AB:96:20,-76
BLE,1705098275565070287,D3:F4:55:AB:96:20,-70
BLE,1705098275633802130,DF:DF:EE:00:00:04,-39
BLE,1705098275763920654,D3:F4:55:AB:96:20,-93
BLE,1705098276148618419,D3:F4:55:AB:96:20,-70
BLE,1705098276345564267,D3:F4:55:AB:96:20,-76
BLE,1705098276532608526,D3:F4:55:AB:96:20,-71
BLE,1705098276639865032,DF:DF:EE:00:00:04,-40
BLE,1705098276918236529,D3:F4:55:AB:96:20,-87
BLE,1705098277098846740,DF:DF:EE:00:00:04,-38
BLE,1705098277488253990,D3:F4:55:AB:96:20,-69
BLE,1705098277525053257,DF:A6:DC:DC:2E:81,-68
BLE,1705098277525096757,DF:DF:EE:00:00:01,-68
BLE,1705098277684467722,D3:F4:55:AB:96:20,-70
BLE,1705098277874871149,D3:F4:55:AB:96:20,-75
BLE,1705098278098469219,DF:DF:EE:00:00:04,-40
BLE,1705098278260088907,D3:F4:55:AB:96:20,-76
BLE,1705098278644511342,D3:F4:55:AB:96:20,-77
BLE,1705098278830805401,D3:F4:55:AB:96:20,-70
BLE,1705098279093892874,DF:DF:EE:00:00:04,-39
BLE,1705098279212583285,D3:F4:55:AB:96:20,-71
BLE,1705098279593919131,D3:F4:55:AB:96:20,-71
BLE,1705098279637158738,DF:DF:EE:00:00:04,-38
BLE,1705098279783523734,D3:F4:55:AB:96:20,-68
BLE,1705098279978991517,D3:F4:55:AB:96:20,-70
BLE,1705098280068169448,DF:A6:DC:DC:2E:81,-68
BLE,1705098280068203656,DF:DF:EE:00:00:01,-68
BLE,1705098280091408920,DF:DF:EE:00:00:04,-38
BLE,1705098280361314102,D3:F4:55:AB:96:20,-71
BLE,1705098280749881362,D3:F4:55:AB:96:20,-68
BLE,1705098281137789797,D3:F4:55:AB:96:20,-76
BLE,1705098281328361430,D3:F4:55:AB:96:20,-70
BLE,1705098282093739508,DF:DF:EE:00:00:04,-39
BLE,1705098282638918099,DF:DF:EE:00:00:04,-39
BLE,1705098283065979648,D3:F4:55:AB:96:20,-68
BLE,1705098283454247495,D3:F4:55:AB:96:20,-78
BLE,1705098283634693416,DF:DF:EE:00:00:04,-40
BLE,1705098283891494339,DF:A6:DC:DC:2E:81,-68
BLE,1705098283891537297,DF:DF:EE:00:00:01,-68
BLE,1705098284099931841,DF:DF:EE:00:00:04,-36
BLE,1705098284223632109,D3:F4:55:AB:96:20,-75
BLE,1705098284608709536,D3:F4:55:AB:96:20,-70
BLE,1705098284634366520,DF:DF:EE:00:00:04,-52
BLE,1705098285100689098,DF:DF:EE:00:00:04,-39
BLE,1705098285375918425,D3:F4:55:AB:96:20,-71
BLE,1705098285571306125,D3:F4:55:AB:96:20,-93
BLE,1705098285638529361,DF:DF:EE:00:00:04,-39
BLE,1705098285760080196,D3:F4:55:AB:96:20,-71
BLE,1705098285954976944,D3:F4:55:AB:96:20,-76
BLE,1705098286531437161,D3:F4:55:AB:96:20,-69
BLE,1705098286634827672,DF:DF:EE:00:00:04,-39
BLE,1705098286724984467,D3:F4:55:AB:96:20,-72
BLE,1705098286922964802,D3:F4:55:AB:96:20,-75
BLE,1705098287102441610,DF:DF:EE:00:00:04,-41
BLE,1705098287109868438,D3:F4:55:AB:96:20,-70
BLE,1705098287302501629,D3:F4:55:AB:96:20,-76
BLE,1705098287634943812,DF:DF:EE:00:00:04,-38
BLE,1705098287718536602,DF:A6:DC:DC:2E:81,-69
BLE,1705098287718572810,DF:DF:EE:00:00:01,-69
BLE,1705098288084552674,D3:F4:55:AB:96:20,-67
BLE,1705098288097250563,DF:DF:EE:00:00:04,-39
BLE,1705098288276482082,D3:F4:55:AB:96:20,-70
BLE,1705098288472988602,D3:F4:55:AB:96:20,-76
BLE,1705098288633940799,DF:DF:EE:00:00:04,-29
BLE,1705098288663309697,D3:F4:55:AB:96:20,-70
BLE,1705098289056377195,D3:F4:55:AB:96:20,-76
BLE,1705098289091183111,DF:DF:EE:00:00:04,-39
BLE,1705098289251650396,D3:F4:55:AB:96:20,-67
BLE,1705098289441281374,D3:F4:55:AB:96:20,-75
BLE,1705098289626644611,D3:F4:55:AB:96:20,-70
BLE,1705098289636245746,DF:DF:EE:00:00:04,-38
BLE,1705098289820834284,D3:F4:55:AB:96:20,-77
BLE,1705098290014589045,D3:F4:55:AB:96:20,-72
BLE,1705098290096728602,DF:DF:EE:00:00:04,-39
BLE,1705098290407145132,D3:F4:55:AB:96:20,-75
BLE,1705098290594013976,D3:F4:55:AB:96:20,-70
BLE,1705098290978737408,D3:F4:55:AB:96:20,-72
BLE,1705098291101380771,DF:DF:EE:00:00:04,-39
BLE,1705098291365993642,D3:F4:55:AB:96:20,-68
BLE,1705098291558853206,D3:F4:55:AB:96:20,-76
BLE,1705098291745017433,D3:F4:55:AB:96:20,-70
BLE,1705098291934842117,D3:F4:55:AB:96:20,-58
BLE,1705098292097917121,DF:DF:EE:00:00:04,-40
BLE,1705098292128177675,D3:F4:55:AB:96:20,-71
BLE,1705098292320225373,D3:F4:55:AB:96:20,-75
BLE,1705098293095173587,D3:F4:55:AB:96:20,-70
BLE,1705098293289587132,D3:F4:55:AB:96:20,-77
BLE,1705098293478626450,D3:F4:55:AB:96:20,-72
BLE,1705098293635533194,DF:DF:EE:00:00:04,-40
BLE,1705098293872623937,D3:F4:55:AB:96:20,-76
BLE,1705098294063126404,D3:F4:55:AB:96:20,-71
BLE,1705098294092337679,DF:A6:DC:DC:2E:81,-71
BLE,1705098294092347512,DF:DF:EE:00:00:01,-71
BLE,1705098294099784423,DF:DF:EE:00:00:04,-41
BLE,1705098294253533663,D3:F4:55:AB:96:20,-76
BLE,1705098294441979030,D3:F4:55:AB:96:20,-70
BLE,1705098295021024549,D3:F4:55:AB:96:20,-75
BLE,1705098295094792207,DF:DF:EE:00:00:04,-38
BLE,1705098295207721770,D3:F4:55:AB:96:20,-70
BLE,1705098295371398226,DF:A6:DC:DC:2E:81,-71
BLE,1705098295371412309,DF:DF:EE:00:00:01,-71
BLE,1705098295404736951,D3:F4:55:AB:96:20,-76
BLE,1705098295590700889,D3:F4:55:AB:96:20,-70
BLE,1705098295637590036,DF:DF:EE:00:00:04,-39
BLE,1705098295784113113,D3:F4:55:AB:96:20,-75
BLE,1705098295972515522,D3:F4:55:AB:96:20,-71
BLE,1705098296092649666,DF:DF:EE:00:00:04,-39
BLE,1705098296168917460,D3:F4:55:AB:96:20,-75
BLE,1705098296357590741,D3:F4:55:AB:96:20,-56
BLE,1705098296549095738,D3:F4:55:AB:96:20,-75
BLE,1705098296640416393,DF:DF:EE:00:00:04,-40
BLE,1705098297121636626,D3:F4:55:AB:96:20,-70
BLE,1705098297317607736,D3:F4:55:AB:96:20,-75
BLE,1705098297634721478,DF:DF:EE:00:00:04,-39
BLE,1705098297899457555,D3:F4:55:AB:96:20,-76
BLE,1705098298092542866,DF:DF:EE:00:00:04,-39
BLE,1705098298093895142,DF:DF:EE:00:00:04,-39
BLE,1705098298289780169,D3:F4:55:AB:96:20,-70
BLE,1705098298638220494,DF:DF:EE:00:00:04,-39
BLE,1705098298687124783,D3:F4:55:AB:96:20,-75
BLE,1705098298876989091,D3:F4:55:AB:96:20,-70
BLE,1705098299261840395,D3:F4:55:AB:96:20,-56
BLE,1705098299452646734,D3:F4:55:AB:96:20,-78
BLE,1705098300091195332,DF:DF:EE:00:00:04,-39
BLE,1705098300223794618,D3:F4:55:AB:96:20,-71
BLE,1705098300633103754,DF:DF:EE:00:00:04,-39
BLE,1705098300801628985,D3:F4:55:AB:96:20,-75
BLE,1705098301099911285,DF:DF:EE:00:00:04,-40
BLE,1705098301191645394,D3:F4:55:AB:96:20,-70
BLE,1705098301385211408,D3:F4:55:AB:96:20,-69
BLE,1705098301576372326,D3:F4:55:AB:96:20,-71
BLE,1705098301636956849,DF:DF:EE:00:00:04,-40
BLE,1705098301769657926,D3:F4:55:AB:96:20,-75
BLE,1705098301959509692,D3:F4:55:AB:96:20,-72
BLE,1705098302091814482,DF:DF:EE:00:00:04,-52
BLE,1705098302340402545,D3:F4:55:AB:96:20,-71
BLE,1705098302535414916,D3:F4:55:AB:96:20,-76
BLE,1705098302635224512,DF:DF:EE:00:00:04,-38
BLE,1705098302723660077,D3:F4:55:AB:96:20,-57
BLE,1705098302918315494,D3:F4:55:AB:96:20,-75
BLE,1705098303092819611,DF:DF:EE:00:00:04,-51
BLE,1705098303112528875,D3:F4:55:AB:96:20,-68
BLE,1705098303308494902,D3:F4:55:AB:96:20,-71
BLE,1705098303637162171,DF:DF:EE:00:00:04,-57
BLE,1705098304079097542,D3:F4:55:AB:96:20,-67
BLE,1705098304096268336,DF:DF:EE:00:00:04,-39
BLE,1705098304458532787,D3:F4:55:AB:96:20,-70
BLE,1705098305097441922,DF:DF:EE:00:00:04,-39
BLE,1705098305423704929,D3:F4:55:AB:96:20,-70
BLE,1705098305561889523,DF:A6:DC:DC:2E:81,-68
BLE,1705098305561947855,DF:DF:EE:00:00:01,-68
BLE,1705098305616808031,D3:F4:55:AB:96:20,-75
BLE,1705098305634537277,DF:DF:EE:00:00:04,-39
BLE,1705098305810069715,D3:F4:55:AB:96:20,-71
BLE,1705098305999698359,D3:F4:55:AB:96:20,-75
BLE,1705098306189342587,D3:F4:55:AB:96:20,-70
BLE,1705098306384449249,D3:F4:55:AB:96:20,-75
BLE,1705098306576885651,D3:F4:55:AB:96:20,-69
BLE,1705098307096709963,DF:DF:EE:00:00:04,-51
BLE,1705098307154370814,D3:F4:55:AB:96:20,-71
BLE,1705098307631331431,DF:DF:EE:00:00:04,-55
BLE,1705098307731261901,D3:F4:55:AB:96:20,-76
BLE,1705098307921313873,D3:F4:55:AB:96:20,-56
BLE,1705098308099135159,DF:DF:EE:00:00:04,-38
BLE,1705098308105270544,DF:A6:DC:DC:2E:81,-68
BLE,1705098308105297627,DF:DF:EE:00:00:01,-68
BLE,1705098308489956725,D3:F4:55:AB:96:20,-68
BLE,1705098308882164525,D3:F4:55:AB:96:20,-76
BLE,1705098309068260253,D3:F4:55:AB:96:20,-70
BLE,1705098309258114270,D3:F4:55:AB:96:20,-69
BLE,1705098309647209607,D3:F4:55:AB:96:20,-76
BLE,1705098310096222810,DF:DF:EE:00:00:04,-39
BLE,1705098310230418118,D3:F4:55:AB:96:20,-76
BLE,1705098310419568726,D3:F4:55:AB:96:20,-71
BLE,1705098310616109079,D3:F4:55:AB:96:20,-75
BLE,1705098310636893955,DF:DF:EE:00:00:04,-23
BLE,1705098310653158635,DF:A6:DC:DC:2E:81,-72
BLE,1705098310653172302,DF:DF:EE:00:00:01,-72
BLE,1705098310801472316,D3:F4:55:AB:96:20,-72
BLE,1705098310995460658,D3:F4:55:AB:96:20,-76
BLE,1705098311185591130,D3:F4:55:AB:96:20,-70
BLE,1705098311379780928,D3:F4:55:AB:96:20,-75
BLE,1705098311565924614,D3:F4:55:AB:96:20,-56
BLE,1705098312098474024,DF:DF:EE:00:00:04,-52
BLE,1705098312150368152,D3:F4:55:AB:96:20,-71
BLE,1705098312720769941,D3:F4:55:AB:96:20,-67
BLE,1705098313094414380,DF:DF:EE:00:00:04,-56
BLE,1705098313875639935,D3:F4:55:AB:96:20,-75
BLE,1705098314092495045,DF:DF:EE:00:00:04,-39
BLE,1705098314260809194,D3:F4:55:AB:96:20,-76
BLE,1705098314629397902,DF:DF:EE:00:00:04,-39
BLE,1705098314838217983,D3:F4:55:AB:96:20,-68
BLE,1705098315214515849,D3:F4:55:AB:96:20,-70
BLE,1705098315607067936,D3:F4:55:AB:96:20,-77
BLE,1705098315795892173,D3:F4:55:AB:96:20,-86
BLE,1705098316096388072,DF:DF:EE:00:00:04,-29
BLE,1705098316368419104,D3:F4:55:AB:96:20,-67
BLE,1705098316561455249,D3:F4:55:AB:96:20,-70
BLE,1705098316946204597,D3:F4:55:AB:96:20,-70
BLE,1705098317335700596,D3:F4:55:AB:96:20,-68
BLE,1705098317527916084,D3:F4:55:AB:96:20,-70
BLE,1705098317633357445,DF:DF:EE:00:00:04,-40
BLE,1705098317908983476,D3:F4:55:AB:96:20,-70
BLE,1705098318091997782,DF:DF:EE:00:00:04,-38
BLE,1705098318108215921,D3:F4:55:AB:96:20,-75
BLE,1705098318292226008,DF:A6:DC:DC:2E:81,-84
BLE,1705098318292276966,DF:DF:EE:00:00:01,-84
BLE,1705098318634657154,DF:DF:EE:00:00:04,-39
BLE,1705098318877104707,D3:F4:55:AB:96:20,-70
BLE,1705098319068304291,D3:F4:55:AB:96:20,-68
BLE,1705098319099806413,DF:DF:EE:00:00:04,-40
BLE,1705098319448206613,D3:F4:55:AB:96:20,-67
BLE,1705098319637430429,DF:DF:EE:00:00:04,-40
BLE,1705098319639502279,D3:F4:55:AB:96:20,-61
BLE,1705098320019631141,D3:F4:55:AB:96:20,-77
BLE,1705098320209452032,D3:F4:55:AB:96:20,-70
BLE,1705098320406923666,D3:F4:55:AB:96:20,-57
BLE,1705098320603305563,D3:F4:55:AB:96:20,-76
BLE,1705098320633362452,DF:DF:EE:00:00:04,-39
BLE,1705098320797086699,D3:F4:55:AB:96:20,-69
BLE,1705098320839463566,DF:A6:DC:DC:2E:81,-69
BLE,1705098320839474941,DF:DF:EE:00:00:01,-69
BLE,1705098320993062267,D3:F4:55:AB:96:20,-70
BLE,1705098321099811321,DF:DF:EE:00:00:04,-40
BLE,1705098321188106055,D3:F4:55:AB:96:20,-75
BLE,1705098321572392449,D3:F4:55:AB:96:20,-76
BLE,1705098321956927883,D3:F4:55:AB:96:20,-74
BLE,1705098322149733697,D3:F4:55:AB:96:20,-68
BLE,1705098322925029281,D3:F4:55:AB:96:20,-89
BLE,1705098323092438775,DF:DF:EE:00:00:04,-44
BLE,1705098323121919714,D3:F4:55:AB:96:20,-76
BLE,1705098323389079387,DF:A6:DC:DC:2E:81,-73
BLE,1705098323389116220,DF:DF:EE:00:00:01,-73
BLE,1705098323506339732,D3:F4:55:AB:96:20,-76
BLE,1705098323634637653,DF:DF:EE:00:00:04,-37
BLE,1705098323692210213,D3:F4:55:AB:96:20,-56
BLE,1705098324070677552,D3:F4:55:AB:96:20,-76
BLE,1705098324257747436,D3:F4:55:AB:96:20,-70
BLE,1705098324449798676,D3:F4:55:AB:96:20,-75
BLE,1705098324830368532,D3:F4:55:AB:96:20,-68
BLE,1705098325096161305,DF:DF:EE:00:00:04,-31
BLE,1705098325216633486,D3:F4:55:AB:96:20,-75
BLE,1705098325404547776,D3:F4:55:AB:96:20,-70
BLE,1705098325599297776,D3:F4:55:AB:96:20,-77
BLE,1705098325789619120,D3:F4:55:AB:96:20,-70
BLE,1705098326176132655,D3:F4:55:AB:96:20,-68
BLE,1705098326365140431,D3:F4:55:AB:96:20,-75
BLE,1705098326557355253,D3:F4:55:AB:96:20,-67
BLE,1705098326634675035,DF:DF:EE:00:00:04,-40
BLE,1705098326753222906,D3:F4:55:AB:96:20,-72
BLE,1705098326947799407,D3:F4:55:AB:96:20,-75
BLE,1705098327094725480,DF:DF:EE:00:00:04,-39
BLE,1705098327135647239,D3:F4:55:AB:96:20,-70
BLE,1705098327206808595,DF:A6:DC:DC:2E:81,-68
BLE,1705098327206863219,DF:DF:EE:00:00:01,-68
BLE,1705098327519822177,D3:F4:55:AB:96:20,-72
BLE,1705098327632855781,DF:DF:EE:00:00:04,-38
BLE,1705098327910637077,D3:F4:55:AB:96:20,-58
BLE,1705098328096616890,DF:DF:EE:00:00:04,-41
BLE,1705098328104950707,D3:F4:55:AB:96:20,-71
BLE,1705098328298909674,D3:F4:55:AB:96:20,-75
BLE,1705098328488158906,D3:F4:55:AB:96:20,-70
BLE,1705098328637208328,DF:DF:EE:00:00:04,-39
BLE,1705098328681893793,D3:F4:55:AB:96:20,-77
BLE,1705098328870120579,D3:F4:55:AB:96:20,-71
BLE,1705098329258777213,D3:F4:55:AB:96:20,-68
BLE,1705098329448527023,D3:F4:55:AB:96:20,-75
BLE,1705098330602771065,D3:F4:55:AB:96:20,-70
BLE,1705098330639227670,DF:DF:EE:00:00:04,-40
BLE,1705098331096328609,DF:DF:EE:00:00:04,-39
BLE,1705098331635121861,DF:DF:EE:00:00:04,-26
BLE,1705098331751885670,D3:F4:55:AB:96:20,-70
BLE,1705098331943740537,D3:F4:55:AB:96:20,-76
BLE,1705098332095079974,DF:DF:EE:00:00:04,-39
BLE,1705098332131161083,D3:F4:55:AB:96:20,-70
BLE,1705098332326223120,D3:F4:55:AB:96:20,-76
BLE,1705098332711174966,D3:F4:55:AB:96:20,-75
BLE,1705098332898874383,D3:F4:55:AB:96:20,-72
BLE,1705098333290803978,D3:F4:55:AB:96:20,-68
BLE,1705098333484150703,D3:F4:55:AB:96:20,-70
BLE,1705098333575292027,DF:A6:DC:DC:2E:81,-67
BLE,1705098333575326360,DF:DF:EE:00:00:01,-67
BLE,1705098333631090567,DF:DF:EE:00:00:04,-39
BLE,1705098333675324745,D3:F4:55:AB:96:20,-76
BLE,1705098333865667422,D3:F4:55:AB:96:20,-71
BLE,1705098334091397009,DF:DF:EE:00:00:04,-39
BLE,1705098334259992738,D3:F4:55:AB:96:20,-98
BLE,1705098334631254873,DF:DF:EE:00:00:04,-39
BLE,1705098334843289915,D3:F4:55:AB:96:20,-68
BLE,1705098334844486109,D3:F4:55:AB:96:20,-76
BLE,1705098335036014605,D3:F4:55:AB:96:20,-71
BLE,1705098335632815579,DF:DF:EE:00:00:04,-52
BLE,1705098336098309250,DF:DF:EE:00:00:04,-38
BLE,1705098336181002593,D3:F4:55:AB:96:20,-70
BLE,1705098336566892468,D3:F4:55:AB:96:20,-70
BLE,1705098336956160845,D3:F4:55:AB:96:20,-68
BLE,1705098337090847648,DF:DF:EE:00:00:04,-39
BLE,1705098337150248227,D3:F4:55:AB:96:20,-70
BLE,1705098337343276498,D3:F4:55:AB:96:20,-94
BLE,1705098337534760453,D3:F4:55:AB:96:20,-72
BLE,1705098337636401152,DF:DF:EE:00:00:04,-40
BLE,1705098337724819300,D3:F4:55:AB:96:20,-75
BLE,1705098338097118755,DF:DF:EE:00:00:04,-39
BLE,1705098338099901680,D3:F4:55:AB:96:20,-59
BLE,1705098338291288054,D3:F4:55:AB:96:20,-76
BLE,1705098338486263009,D3:F4:55:AB:96:20,-67
BLE,1705098338634888394,DF:DF:EE:00:00:04,-38
BLE,1705098339093939310,DF:DF:EE:00:00:04,-38
BLE,1705098339436381289,D3:F4:55:AB:96:20,-76
BLE,1705098339623564963,D3:F4:55:AB:96:20,-71
BLE,1705098339945286608,DF:A6:DC:DC:2E:81,-72
BLE,1705098339945323899,DF:DF:EE:00:00:01,-72
BLE,1705098340091581563,DF:DF:EE:00:00:04,-39
BLE,1705098340205830277,D3:F4:55:AB:96:20,-76
BLE,1705098340402005718,D3:F4:55:AB:96:20,-60
BLE,1705098340636286077,DF:DF:EE:00:00:04,-40
BLE,1705098340790095984,D3:F4:55:AB:96:20,-76
BLE,1705098340982787216,D3:F4:55:AB:96:20,-68
BLE,1705098341089050734,DF:DF:EE:00:00:04,-38
BLE,1705098341749193282,D3:F4:55:AB:96:20,-58
BLE,1705098342136972718,D3:F4:55:AB:96:20,-76
BLE,1705098342326230367,D3:F4:55:AB:96:20,-72
BLE,1705098342515699513,D3:F4:55:AB:96:20,-69
BLE,1705098342517127537,D3:F4:55:AB:96:20,-76
BLE,1705098342632090035,DF:DF:EE:00:00:04,-40
BLE,1705098343092721681,DF:DF:EE:00:00:04,-24
BLE,1705098343104315584,D3:F4:55:AB:96:20,-93
BLE,1705098343631136438,DF:DF:EE:00:00:04,-38
BLE,1705098343677674713,D3:F4:55:AB:96:20,-70
BLE,1705098343867891267,D3:F4:55:AB:96:20,-79
BLE,1705098344064263122,D3:F4:55:AB:96:20,-67
BLE,1705098344095891660,DF:DF:EE:00:00:04,-39
BLE,1705098344637802499,DF:DF:EE:00:00:04,-23
BLE,1705098344838907756,D3:F4:55:AB:96:20,-75
BLE,1705098345029869259,D3:F4:55:AB:96:20,-68
BLE,1705098345092626757,DF:DF:EE:00:00:04,-38
BLE,1705098345222676323,D3:F4:55:AB:96:20,-75
BLE,1705098345416465043,D3:F4:55:AB:96:20,-58
BLE,1705098345637661059,DF:DF:EE:00:00:04,-51
BLE,1705098345984627067,D3:F4:55:AB:96:20,-77
BLE,1705098346096189855,DF:DF:EE:00:00:04,-28
BLE,1705098346175601904,D3:F4:55:AB:96:20,-56
BLE,1705098346629760836,DF:DF:EE:00:00:04,-39
BLE,1705098346750946759,D3:F4:55:AB:96:20,-76
BLE,1705098346942316132,D3:F4:55:AB:96:20,-68
BLE,1705098347090962434,DF:DF:EE:00:00:04,-40
BLE,1705098347132076608,D3:F4:55:AB:96:20,-76
BLE,1705098347328992207,D3:F4:55:AB:96:20,-69
BLE,1705098347517327867,D3:F4:55:AB:96:20,-76
BLE,1705098347632276406,DF:DF:EE:00:00:04,-36
BLE,1705098347903429406,D3:F4:55:AB:96:20,-69
BLE,1705098348098578818,DF:DF:EE:00:00:04,-39
BLE,1705098348634004901,DF:DF:EE:00:00:04,-39
BLE,1705098349068873815,D3:F4:55:AB:96:20,-75
BLE,1705098349093317897,DF:DF:EE:00:00:04,-39
BLE,1705098349459259512,D3:F4:55:AB:96:20,-71
BLE,1705098349841314225,D3:F4:55:AB:96:20,-70
BLE,1705098350088951632,DF:DF:EE:00:00:04,-39
BLE,1705098350130472010,DF:A6:DC:DC:2E:81,-53
BLE,1705098350130499884,DF:DF:EE:00:00:01,-53
BLE,1705098350423004213,D3:F4:55:AB:96:20,-70
BLE,1705098351097192258,DF:DF:EE:00:00:04,-38
BLE,1705098351183727055,D3:F4:55:AB:96:20,-96
BLE,1705098351372556542,D3:F4:55:AB:96:20,-71
BLE,1705098351759444280,D3:F4:55:AB:96:20,-67
BLE,1705098351950496533,D3:F4:55:AB:96:20,-76
BLE,1705098352089207954,DF:DF:EE:00:00:04,-39
BLE,1705098352523801162,D3:F4:55:AB:96:20,-68
BLE,1705098352628430283,DF:DF:EE:00:00:04,-38
BLE,1705098353101968317,D3:F4:55:AB:96:20,-70
BLE,1705098353292019123,D3:F4:55:AB:96:20,-69
BLE,1705098353634510560,DF:DF:EE:00:00:04,-23
BLE,1705098353682271613,D3:F4:55:AB:96:20,-76
BLE,1705098353868596630,D3:F4:55:AB:96:20,-70
BLE,1705098353945571083,DF:A6:DC:DC:2E:81,-73
BLE,1705098353945605207,DF:DF:EE:00:00:01,-73
BLE,1705098354062694679,D3:F4:55:AB:96:20,-75
BLE,1705098354452934669,D3:F4:55:AB:96:20,-71
BLE,1705098354631634986,DF:DF:EE:00:00:04,-23
BLE,1705098354646899678,D3:F4:55:AB:96:20,-75
BLE,1705098355090272281,DF:DF:EE:00:00:04,-39
BLE,1705098355218686534,D3:F4:55:AB:96:20,-71
BLE,1705098355412694709,D3:F4:55:AB:96:20,-76
BLE,1705098355635534914,DF:DF:EE:00:00:04,-39
BLE,1705098355797958634,D3:F4:55:AB:96:20,-76
BLE,1705098355989392257,D3:F4:55:AB:96:20,-68
BLE,1705098356184539543,D3:F4:55:AB:96:20,-56
BLE,1705098356383682532,D3:F4:55:AB:96:20,-76
BLE,1705098356497852247,DF:A6:DC:DC:2E:81,-67
BLE,1705098356497916288,DF:DF:EE:00:00:01,-67
BLE,1705098356578140993,D3:F4:55:AB:96:20,-67
BLE,1705098356772972033,D3:F4:55:AB:96:20,-70
BLE,1705098357099127166,DF:DF:EE:00:00:04,-53
BLE,1705098357629914264,DF:DF:EE:00:00:04,-50
BLE,1705098357735439083,D3:F4:55:AB:96:20,-71
BLE,1705098357927079119,D3:F4:55:AB:96:20,-67
BLE,1705098358121907243,D3:F4:55:AB:96:20,-72
BLE,1705098358315616797,D3:F4:55:AB:96:20,-61
BLE,1705098358629902822,DF:DF:EE:00:00:04,-39
BLE,1705098358894404319,D3:F4:55:AB:96:20,-68
BLE,1705098359095068914,DF:DF:EE:00:00:04,-39
BLE,1705098359636945712,DF:DF:EE:00:00:04,-38
BLE,1705098359860571657,D3:F4:55:AB:96:20,-67
BLE,1705098360095053681,DF:DF:EE:00:00:04,-52
BLE,1705098360622748190,D3:F4:55:AB:96:20,-68
BLE,1705098360812827787,D3:F4:55:AB:96:20,-78
BLE,1705098361088868521,DF:DF:EE:00:00:04,-33
BLE,1705098361198001547,D3:F4:55:AB:96:20,-74
BLE,1705098361385536133,D3:F4:55:AB:96:20,-71
BLE,1705098361582898142,D3:F4:55:AB:96:20,-72
BLE,1705098361773079905,D3:F4:55:AB:96:20,-68
BLE,1705098361963915701,D3:F4:55:AB:96:20,-76
BLE,1705098362149783182,D3:F4:55:AB:96:20,-71
BLE,1705098362342109836,D3:F4:55:AB:96:20,-76
BLE,1705098362538390109,D3:F4:55:AB:96:20,-53
BLE,1705098362867181169,DF:A6:DC:DC:2E:81,-69
BLE,1705098362867243751,DF:DF:EE:00:00:01,-69
BLE,1705098363097550491,DF:DF:EE:00:00:04,-39
BLE,1705098363308776918,D3:F4:55:AB:96:20,-76
BLE,1705098363505343188,D3:F4:55:AB:96:20,-67
BLE,1705098364866020090,D3:F4:55:AB:96:20,-76
BLE,1705098365058315452,D3:F4:55:AB:96:20,-67
BLE,1705098365093514031,DF:DF:EE:00:00:04,-38
BLE,1705098365252411460,D3:F4:55:AB:96:20,-72
BLE,1705098365443519711,D3:F4:55:AB:96:20,-68
BLE,1705098365637096975,D3:F4:55:AB:96:20,-70
BLE,1705098366024723205,D3:F4:55:AB:96:20,-67
BLE,1705098366095314317,DF:DF:EE:00:00:04,-36
BLE,1705098366214367015,D3:F4:55:AB:96:20,-76
BLE,1705098366401383608,D3:F4:55:AB:96:20,-70
BLE,1705098366597600923,D3:F4:55:AB:96:20,-75
BLE,1705098366695455167,DF:A6:DC:DC:2E:81,-73
BLE,1705098366695487083,DF:DF:EE:00:00:01,-73
BLE,1705098366791349726,D3:F4:55:AB:96:20,-69
BLE,1705098366987246170,D3:F4:55:AB:96:20,-71
BLE,1705098367632642519,DF:DF:EE:00:00:04,-40
BLE,1705098367974297258,DF:A6:DC:DC:2E:81,-68
BLE,1705098367974345883,DF:DF:EE:00:00:01,-68
BLE,1705098368087739607,DF:DF:EE:00:00:04,-38
BLE,1705098368347839198,D3:F4:55:AB:96:20,-76
BLE,1705098368630465228,DF:DF:EE:00:00:04,-39
BLE,1705098368736136545,D3:F4:55:AB:96:20,-76
BLE,1705098368922257190,D3:F4:55:AB:96:20,-71
BLE,1705098369092699231,DF:DF:EE:00:00:04,-40
BLE,1705098369118611045,D3:F4:55:AB:96:20,-75
BLE,1705098369316008888,D3:F4:55:AB:96:20,-76
BLE,1705098369634890233,DF:DF:EE:00:00:04,-40
BLE,1705098369894903034,D3:F4:55:AB:96:20,-69
BLE,1705098370472237990,D3:F4:55:AB:96:20,-70
BLE,1705098370520091167,DF:A6:DC:DC:2E:81,-68
BLE,1705098370520110208,DF:DF:EE:00:00:01,-68
BLE,1705098370633632681,DF:DF:EE:00:00:04,-39
BLE,1705098370635224787,DF:DF:EE:00:00:04,-39
BLE,1705098370663969818,D3:F4:55:AB:96:20,-69
BLE,1705098370665248552,D3:F4:55:AB:96:20,-76
BLE,1705098371237389571,D3:F4:55:AB:96:20,-56
BLE,1705098371427143630,D3:F4:55:AB:96:20,-68
BLE,1705098371631754387,DF:DF:EE:00:00:04,-39
BLE,1705098371994778536,D3:F4:55:AB:96:20,-76
BLE,1705098372091152923,DF:DF:EE:00:00:04,-39
BLE,1705098372380021586,D3:F4:55:AB:96:20,-75
BLE,1705098372569207194,D3:F4:55:AB:96:20,-70
BLE,1705098372631361449,DF:DF:EE:00:00:04,-39
BLE,1705098372759636121,D3:F4:55:AB:96:20,-76
BLE,1705098372950181212,D3:F4:55:AB:96:20,-70
BLE,1705098373097823609,DF:DF:EE:00:00:04,-40
BLE,1705098373145241833,D3:F4:55:AB:96:20,-76
BLE,1705098373335347513,D3:F4:55:AB:96:20,-67
BLE,1705098373530932753,D3:F4:55:AB:96:20,-75
BLE,1705098373914180035,D3:F4:55:AB:96:20,-70
BLE,1705098374111845124,D3:F4:55:AB:96:20,-75
BLE,1705098374307498738,D3:F4:55:AB:96:20,-68
BLE,1705098374344572794,DF:A6:DC:DC:2E:81,-70
BLE,1705098374344583835,DF:DF:EE:00:00:01,-70
BLE,1705098374628844929,DF:DF:EE:00:00:04,-40
BLE,1705098374696108248,D3:F4:55:AB:96:20,-75
BLE,1705098374882368599,D3:F4:55:AB:96:20,-70
BLE,1705098375079193365,D3:F4:55:AB:96:20,-75
BLE,1705098375098430843,DF:DF:EE:00:00:04,-53
BLE,1705098375273791283,D3:F4:55:AB:96:20,-53
BLE,1705098375462805143,D3:F4:55:AB:96:20,-76
BLE,1705098375632277404,DF:DF:EE:00:00:04,-38
BLE,1705098375650605268,D3:F4:55:AB:96:20,-70
BLE,1705098376038528619,D3:F4:55:AB:96:20,-69
BLE,1705098376232112882,D3:F4:55:AB:96:20,-70
BLE,1705098376429244562,D3:F4:55:AB:96:20,-61
BLE,1705098376615441705,D3:F4:55:AB:96:20,-70
BLE,1705098376813280376,D3:F4:55:AB:96:20,-75
BLE,1705098376885363512,DF:A6:DC:DC:2E:81,-67
BLE,1705098376885374429,DF:DF:EE:00:00:01,-67
BLE,1705098377398147534,D3:F4:55:AB:96:20,-77
BLE,1705098377779798502,D3:F4:55:AB:96:20,-75
BLE,1705098377968392325,D3:F4:55:AB:96:20,-69
BLE,1705098378091020898,DF:DF:EE:00:00:04,-40
BLE,1705098378351141155,D3:F4:55:AB:96:20,-71
BLE,1705098378634353011,DF:DF:EE:00:00:04,-39
BLE,1705098378740428782,D3:F4:55:AB:96:20,-70
BLE,1705098379129237123,D3:F4:55:AB:96:20,-92
BLE,1705098379512949691,D3:F4:55:AB:96:20,-92
BLE,1705098380083037442,D3:F4:55:AB:96:20,-70
BLE,1705098380089678363,DF:DF:EE:00:00:04,-28
BLE,1705098380273693991,D3:F4:55:AB:96:20,-75
BLE,1705098380462293731,D3:F4:55:AB:96:20,-70
BLE,1705098380634800789,DF:DF:EE:00:00:04,-23
BLE,1705098380661394512,D3:F4:55:AB:96:20,-76
BLE,1705098380857035750,D3:F4:55:AB:96:20,-69
BLE,1705098381048283875,D3:F4:55:AB:96:20,-70
BLE,1705098381625530791,D3:F4:55:AB:96:20,-76
BLE,1705098381631727508,DF:DF:EE:00:00:04,-39
BLE,1705098381820451539,D3:F4:55:AB:96:20,-69
BLE,1705098381969786207,DF:A6:DC:DC:2E:81,-80
BLE,1705098381969800499,DF:DF:EE:00:00:01,-80
BLE,1705098382014760752,D3:F4:55:AB:96:20,-70
BLE,1705098382098279251,DF:DF:EE:00:00:04,-39
BLE,1705098382209585167,D3:F4:55:AB:96:20,-75
BLE,1705098382595505917,D3:F4:55:AB:96:20,-76
BLE,1705098382636141889,DF:DF:EE:00:00:04,-40
BLE,1705098382977053386,D3:F4:55:AB:96:20,-76
BLE,1705098383166201245,D3:F4:55:AB:96:20,-70
BLE,1705098383363815002,D3:F4:55:AB:96:20,-57
BLE,1705098383561120721,D3:F4:55:AB:96:20,-76
BLE,1705098383630568722,DF:DF:EE:00:00:04,-41
BLE,1705098383751352649,D3:F4:55:AB:96:20,-56
BLE,1705098384092295522,DF:DF:EE:00:00:04,-38
BLE,1705098384128877875,D3:F4:55:AB:96:20,-70
BLE,1705098384318812849,D3:F4:55:AB:96:20,-69
BLE,1705098384627111196,DF:DF:EE:00:00:04,-38
BLE,1705098384700353110,D3:F4:55:AB:96:20,-68
BLE,1705098384896226638,D3:F4:55:AB:96:20,-70
BLE,1705098385467374127,D3:F4:55:AB:96:20,-67
BLE,1705098385631778323,DF:DF:EE:00:00:04,-40
BLE,1705098385796045563,DF:A6:DC:DC:2E:81,-69
BLE,1705098385796065438,DF:DF:EE:00:00:01,-69
BLE,1705098385849507214,D3:F4:55:AB:96:20,-58
BLE,1705098386091321816,DF:DF:EE:00:00:04,-38
BLE,1705098386439823473,D3:F4:55:AB:96:20,-71
BLE,1705098386630456730,DF:DF:EE:00:00:04,-56
BLE,1705098386824923066,D3:F4:55:AB:96:20,-76
BLE,1705098387211708640,D3:F4:55:AB:96:20,-70
BLE,1705098387409943556,D3:F4:55:AB:96:20,-76
BLE,1705098387599719865,D3:F4:55:AB:96:20,-71
BLE,1705098387627314909,DF:DF:EE:00:00:04,-39
BLE,1705098387792969299,D3:F4:55:AB:96:20,-75
BLE,1705098388175161177,D3:F4:55:AB:96:20,-90
BLE,1705098388348972594,DF:A6:DC:DC:2E:81,-72
BLE,1705098388349032594,DF:DF:EE:00:00:01,-72
BLE,1705098388566007243,D3:F4:55:AB:96:20,-71
BLE,1705098388629780563,DF:DF:EE:00:00:04,-38
BLE,1705098389090510916,DF:DF:EE:00:00:04,-39
BLE,1705098389147375277,D3:F4:55:AB:96:20,-71
BLE,1705098389344412790,D3:F4:55:AB:96:20,-75
BLE,1705098389619809907,DF:A6:DC:DC:2E:81,-69
BLE,1705098389619851198,DF:DF:EE:00:00:01,-69
BLE,1705098389732152269,D3:F4:55:AB:96:20,-70
BLE,1705098389921304544,D3:F4:55:AB:96:20,-69
BLE,1705098390111553222,D3:F4:55:AB:96:20,-77
BLE,1705098390301671694,D3:F4:55:AB:96:20,-67
BLE,1705098390494420967,D3:F4:55:AB:96:20,-76
BLE,1705098390684067736,D3:F4:55:AB:96:20,-68
BLE,1705098391073509694,D3:F4:55:AB:96:20,-76
BLE,1705098391098602310,DF:DF:EE:00:00:04,-40
BLE,1705098391263925329,D3:F4:55:AB:96:20,-71
BLE,1705098391461325672,D3:F4:55:AB:96:20,-76
BLE,1705098391628991038,DF:DF:EE:00:00:04,-39
BLE,1705098391648138850,D3:F4:55:AB:96:20,-70
BLE,1705098392226233880,D3:F4:55:AB:96:20,-60
BLE,1705098392991329503,D3:F4:55:AB:96:20,-76
BLE,1705098393093536779,DF:DF:EE:00:00:04,-44
BLE,1705098393378366157,D3:F4:55:AB:96:20,-71
BLE,1705098393573369904,D3:F4:55:AB:96:20,-77
BLE,1705098393635336453,DF:DF:EE:00:00:04,-39
BLE,1705098393759468257,D3:F4:55:AB:96:20,-70
BLE,1705098393954197131,D3:F4:55:AB:96:20,-61
BLE,1705098394092175186,DF:DF:EE:00:00:04,-37
BLE,1705098394336094430,D3:F4:55:AB:96:20,-75
BLE,1705098394528778204,D3:F4:55:AB:96:20,-70
BLE,1705098394631231310,DF:DF:EE:00:00:04,-40
BLE,1705098395095668244,DF:DF:EE:00:00:04,-39
BLE,1705098395109245081,D3:F4:55:AB:96:20,-71
BLE,1705098395627496371,DF:DF:EE:00:00:04,-38
BLE,1705098395679780369,D3:F4:55:AB:96:20,-69
BLE,1705098395874961530,D3:F4:55:AB:96:20,-71
BLE,1705098396258727015,D3:F4:55:AB:96:20,-70
BLE,1705098396639828739,D3:F4:55:AB:96:20,-71
BLE,1705098396828827974,D3:F4:55:AB:96:20,-69
BLE,1705098397096359393,DF:DF:EE:00:00:04,-50
BLE,1705098397207202190,D3:F4:55:AB:96:20,-71
BLE,1705098397268885409,DF:A6:DC:DC:2E:81,-68
BLE,1705098397268940909,DF:DF:EE:00:00:01,-68
BLE,1705098397598906163,D3:F4:55:AB:96:20,-61
BLE,1705098397633206043,DF:DF:EE:00:00:04,-38
BLE,1705098398091804756,DF:DF:EE:00:00:04,-39
BLE,1705098398555483324,D3:F4:55:AB:96:20,-71
BLE,1705098398633477598,DF:DF:EE:00:00:04,-39
BLE,1705098398750901149,D3:F4:55:AB:96:20,-78
BLE,1705098399094702071,DF:DF:EE:00:00:04,-39
BLE,1705098399137731597,D3:F4:55:AB:96:20,-71
BLE,1705098399523861428,D3:F4:55:AB:96:20,-69
BLE,1705098399718954090,D3:F4:55:AB:96:20,-75
BLE,1705098399910890498,D3:F4:55:AB:96:20,-53
BLE,1705098400094222176,DF:DF:EE:00:00:04,-38
BLE,1705098400296299421,D3:F4:55:AB:96:20,-68
BLE,1705098400492204365,D3:F4:55:AB:96:20,-70
BLE,1705098400682979037,D3:F4:55:AB:96:20,-76
BLE,1705098400871165449,D3:F4:55:AB:96:20,-70
BLE,1705098401260916987,D3:F4:55:AB:96:20,-68
BLE,1705098401451656368,D3:F4:55:AB:96:20,-76
BLE,1705098401647130483,D3:F4:55:AB:96:20,-68
BLE,1705098401840294710,D3:F4:55:AB:96:20,-71
BLE,1705098402094825285,DF:DF:EE:00:00:04,-39
BLE,1705098402417310295,D3:F4:55:AB:96:20,-76
BLE,1705098403088728083,DF:DF:EE:00:00:04,-41
BLE,1705098403183382657,D3:F4:55:AB:96:20,-75
BLE,1705098403377967492,D3:F4:55:AB:96:20,-68
BLE,1705098403647533386,DF:A6:DC:DC:2E:81,-72
BLE,1705098403647591469,DF:DF:EE:00:00:01,-72
BLE,1705098403766140798,D3:F4:55:AB:96:20,-76
BLE,1705098403956206437,D3:F4:55:AB:96:20,-70
BLE,1705098404089859044,DF:DF:EE:00:00:04,-38
BLE,1705098404152125131,D3:F4:55:AB:96:20,-76
BLE,1705098404337818989,D3:F4:55:AB:96:20,-88
BLE,1705098404531383836,D3:F4:55:AB:96:20,-80
BLE,1705098404626571404,DF:DF:EE:00:00:04,-39
BLE,1705098404725449844,D3:F4:55:AB:96:20,-68
BLE,1705098405087487964,DF:DF:EE:00:00:04,-38
BLE,1705098405118443176,D3:F4:55:AB:96:20,-76
BLE,1705098405304144075,D3:F4:55:AB:96:20,-71
BLE,1705098405501380462,D3:F4:55:AB:96:20,-76
BLE,1705098405629182305,DF:DF:EE:00:00:04,-39
BLE,1705098405696442916,D3:F4:55:AB:96:20,-68
BLE,1705098405891611827,D3:F4:55:AB:96:20,-70
BLE,1705098406087287524,D3:F4:55:AB:96:20,-76
BLE,1705098406629899813,DF:DF:EE:00:00:04,-38
BLE,1705098406669298924,D3:F4:55:AB:96:20,-75
BLE,1705098406856424140,D3:F4:55:AB:96:20,-70
BLE,1705098407052424333,D3:F4:55:AB:96:20,-76
BLE,1705098407095545775,DF:DF:EE:00:00:04,-41
BLE,1705098407242323849,D3:F4:55:AB:96:20,-70
BLE,1705098407432960439,D3:F4:55:AB:96:20,-75
BLE,1705098407628314598,DF:DF:EE:00:00:04,-38
BLE,1705098407821774405,D3:F4:55:AB:96:20,-71
BLE,1705098408020558023,D3:F4:55:AB:96:20,-77
BLE,1705098408092225747,DF:DF:EE:00:00:04,-39
BLE,1705098408598024436,D3:F4:55:AB:96:20,-68
BLE,1705098408749007627,DF:A6:DC:DC:2E:81,-70
BLE,1705098408749040376,DF:DF:EE:00:00:01,-70
BLE,1705098409355682148,D3:F4:55:AB:96:20,-70
BLE,1705098409625763328,DF:DF:EE:00:00:04,-38
BLE,1705098410126073041,D3:F4:55:AB:96:20,-67
BLE,1705098410316045973,D3:F4:55:AB:96:20,-75
BLE,1705098410702861879,D3:F4:55:AB:96:20,-86
BLE,1705098411095052012,DF:DF:EE:00:00:04,-38
BLE,1705098411283327173,D3:F4:55:AB:96:20,-76
BLE,1705098411478126880,D3:F4:55:AB:96:20,-68
BLE,1705098411629600440,DF:DF:EE:00:00:04,-38
BLE,1705098411631168129,DF:DF:EE:00:00:04,-38
BLE,1705098411667024616,D3:F4:55:AB:96:20,-76
BLE,1705098412050016360,D3:F4:55:AB:96:20,-74
BLE,1705098412093111010,DF:DF:EE:00:00:04,-40
BLE,1705098412433963676,D3:F4:55:AB:96:20,-87
BLE,1705098412573538295,DF:A6:DC:DC:2E:81,-68
BLE,1705098412573586711,DF:DF:EE:00:00:01,-68
BLE,1705098412629346543,DF:DF:EE:00:00:04,-40
BLE,1705098412816987836,D3:F4:55:AB:96:20,-72
BLE,1705098413006026945,D3:F4:55:AB:96:20,-53
BLE,1705098413088095170,DF:DF:EE:00:00:04,-38
BLE,1705098413199641250,D3:F4:55:AB:96:20,-56
BLE,1705098413630079258,DF:DF:EE:00:00:04,-39
BLE,1705098413965604654,D3:F4:55:AB:96:20,-75
BLE,1705098414161707429,D3:F4:55:AB:96:20,-75
BLE,1705098414631644298,DF:DF:EE:00:00:04,-39
BLE,1705098414746560504,D3:F4:55:AB:96:20,-76
BLE,1705098414942834860,D3:F4:55:AB:96:20,-67
BLE,1705098415120649854,DF:A6:DC:DC:2E:81,-71
BLE,1705098415120703479,DF:DF:EE:00:00:01,-71
BLE,1705098415332067904,D3:F4:55:AB:96:20,-76
BLE,1705098415519709780,D3:F4:55:AB:96:20,-70
BLE,1705098415906769767,D3:F4:55:AB:96:20,-53
BLE,1705098416093768568,DF:DF:EE:00:00:04,-39
BLE,1705098416290492627,D3:F4:55:AB:96:20,-68
BLE,1705098416629078944,DF:DF:EE:00:00:04,-39
BLE,1705098416676602166,D3:F4:55:AB:96:20,-68
BLE,1705098416871780286,D3:F4:55:AB:96:20,-72
BLE,1705098417064625308,D3:F4:55:AB:96:20,-76
BLE,1705098417647922568,D3:F4:55:AB:96:20,-76
BLE,1705098417835689193,D3:F4:55:AB:96:20,-71
BLE,1705098418025658125,D3:F4:55:AB:96:20,-67
BLE,1705098418090864802,DF:DF:EE:00:00:04,-39
BLE,1705098418218404232,D3:F4:55:AB:96:20,-56
BLE,1705098418412148077,D3:F4:55:AB:96:20,-81
BLE,1705098418608457641,D3:F4:55:AB:96:20,-67
BLE,1705098418625719684,DF:DF:EE:00:00:04,-38
BLE,1705098418803024809,D3:F4:55:AB:96:20,-70
BLE,1705098418993138614,D3:F4:55:AB:96:20,-68
BLE,1705098419090895693,DF:DF:EE:00:00:04,-23
BLE,1705098419374494002,D3:F4:55:AB:96:20,-68
BLE,1705098419566250579,D3:F4:55:AB:96:20,-56
BLE,1705098419630187188,DF:DF:EE:00:00:04,-39
BLE,1705098419759370474,D3:F4:55:AB:96:20,-67
BLE,1705098419951771001,D3:F4:55:AB:96:20,-70
BLE,1705098420088822150,DF:DF:EE:00:00:04,-39
BLE,1705098420144689689,D3:F4:55:AB:96:20,-76
BLE,1705098420625499427,DF:DF:EE:00:00:04,-38
BLE,1705098420903920549,D3:F4:55:AB:96:20,-68
BLE,1705098421092036128,D3:F4:55:AB:96:20,-91
BLE,1705098421288326276,D3:F4:55:AB:96:20,-69
BLE,1705098421484325427,D3:F4:55:AB:96:20,-70
BLE,1705098421678777347,D3:F4:55:AB:96:20,-80
BLE,1705098422058826168,D3:F4:55:AB:96:20,-75
BLE,1705098422092469848,DF:DF:EE:00:00:04,-38
BLE,1705098422093849956,DF:DF:EE:00:00:04,-39
BLE,1705098422248543977,D3:F4:55:AB:96:20,-71
BLE,1705098422441137961,D3:F4:55:AB:96:20,-74
BLE,1705098422629597828,DF:DF:EE:00:00:04,-38
BLE,1705098422635524465,D3:F4:55:AB:96:20,-68
BLE,1705098422748038617,DF:A6:DC:DC:2E:81,-71
BLE,1705098422748052033,DF:DF:EE:00:00:01,-71
BLE,1705098422831678448,D3:F4:55:AB:96:20,-71
BLE,1705098423028964500,D3:F4:55:AB:96:20,-61
BLE,1705098423414420214,D3:F4:55:AB:96:20,-70
BLE,1705098423635831144,DF:DF:EE:00:00:04,-40
BLE,1705098423800424005,D3:F4:55:AB:96:20,-70
BLE,1705098424376473894,D3:F4:55:AB:96:20,-75
BLE,1705098424570848898,D3:F4:55:AB:96:20,-69
BLE,1705098424630382892,DF:DF:EE:00:00:04,-38
BLE,1705098425096459432,DF:DF:EE:00:00:04,-23
BLE,1705098425142697795,D3:F4:55:AB:96:20,-76
BLE,1705098425635877801,DF:DF:EE:00:00:04,-35
BLE,1705098425725853181,D3:F4:55:AB:96:20,-69
BLE,1705098426298370362,D3:F4:55:AB:96:20,-70
BLE,1705098426492222247,D3:F4:55:AB:96:20,-76
BLE,1705098426627202588,DF:DF:EE:00:00:04,-40
BLE,1705098426680799113,D3:F4:55:AB:96:20,-57
BLE,1705098427060934891,D3:F4:55:AB:96:20,-70
BLE,1705098427087006161,DF:DF:EE:00:00:04,-39
BLE,1705098427259439470,D3:F4:55:AB:96:20,-76
BLE,1705098427447450967,D3:F4:55:AB:96:20,-87
BLE,1705098427625941078,DF:DF:EE:00:00:04,-39
BLE,1705098427835621274,DF:A6:DC:DC:2E:81,-71
BLE,1705098427835678398,DF:DF:EE:00:00:01,-71
BLE,1705098427842259444,D3:F4:55:AB:96:20,-76
BLE,1705098428027394225,D3:F4:55:AB:96:20,-71
BLE,1705098428090736883,DF:DF:EE:00:00:04,-57
BLE,1705098428221709105,D3:F4:55:AB:96:20,-96
BLE,1705098428608048100,D3:F4:55:AB:96:20,-75
BLE,1705098428632250185,DF:DF:EE:00:00:04,-40
BLE,1705098429086878696,DF:DF:EE:00:00:04,-77
BLE,1705098429190873408,D3:F4:55:AB:96:20,-97
BLE,1705098429380963380,D3:F4:55:AB:96:20,-71
BLE,1705098429571655428,D3:F4:55:AB:96:20,-75
BLE,1705098429624636501,DF:DF:EE:00:00:04,-39
BLE,1705098429767823494,D3:F4:55:AB:96:20,-67
BLE,1705098429962908197,D3:F4:55:AB:96:20,-70
BLE,1705098430086927461,DF:DF:EE:00:00:04,-39
BLE,1705098430158649893,D3:F4:55:AB:96:20,-76
BLE,1705098430351914661,D3:F4:55:AB:96:20,-68
BLE,1705098430541772594,D3:F4:55:AB:96:20,-75
BLE,1705098430629621291,DF:DF:EE:00:00:04,-39
BLE,1705098430728876560,D3:F4:55:AB:96:20,-56
BLE,1705098431090002066,DF:DF:EE:00:00:04,-38
BLE,1705098431112137092,D3:F4:55:AB:96:20,-70
BLE,1705098431496392737,D3:F4:55:AB:96:20,-57
BLE,1705098431658128257,DF:A6:DC:DC:2E:81,-72
BLE,1705098431658175757,DF:DF:EE:00:00:01,-72
BLE,1705098431687037369,D3:F4:55:AB:96:20,-76
BLE,1705098432064575095,D3:F4:55:AB:96:20,-53
BLE,1705098432088825138,DF:DF:EE:00:00:04,-39
BLE,1705098432253577122,D3:F4:55:AB:96:20,-75
BLE,1705098432445587904,D3:F4:55:AB:96:20,-69
BLE,1705098432632535789,DF:DF:EE:00:00:04,-53
BLE,1705098432830618040,D3:F4:55:AB:96:20,-68
BLE,1705098433019237738,D3:F4:55:AB:96:20,-75
BLE,1705098433086979843,DF:DF:EE:00:00:04,-23
BLE,1705098433409662643,D3:F4:55:AB:96:20,-56
BLE,1705098433627054996,DF:DF:EE:00:00:04,-40
BLE,1705098433804996780,D3:F4:55:AB:96:20,-76
BLE,1705098433990615972,D3:F4:55:AB:96:20,-70
BLE,1705098434094644226,DF:DF:EE:00:00:04,-33
BLE,1705098434184891853,D3:F4:55:AB:96:20,-76
BLE,1705098434202219020,DF:A6:DC:DC:2E:81,-73
BLE,1705098434202233145,DF:DF:EE:00:00:01,-73
BLE,1705098434375049407,D3:F4:55:AB:96:20,-70
BLE,1705098434629565357,DF:DF:EE:00:00:04,-39
BLE,1705098434769288433,D3:F4:55:AB:96:20,-89
BLE,1705098434960624140,D3:F4:55:AB:96:20,-70
BLE,1705098435089746467,DF:DF:EE:00:00:04,-40
BLE,1705098435157877359,D3:F4:55:AB:96:20,-76
BLE,1705098435731689733,D3:F4:55:AB:96:20,-58
BLE,1705098436092094497,DF:DF:EE:00:00:04,-39
BLE,1705098436312392024,D3:F4:55:AB:96:20,-75
BLE,1705098436624968361,DF:DF:EE:00:00:04,-38
BLE,1705098436698634937,D3:F4:55:AB:96:20,-69
BLE,1705098437091598311,DF:DF:EE:00:00:04,-40
BLE,1705098437271262658,D3:F4:55:AB:96:20,-76
BLE,1705098437628925164,DF:DF:EE:00:00:04,-40
BLE,1705098437656969244,D3:F4:55:AB:96:20,-70
BLE,1705098438041240306,D3:F4:55:AB:96:20,-70
BLE,1705098438087125173,DF:DF:EE:00:00:04,-38
BLE,1705098438235031734,D3:F4:55:AB:96:20,-76
BLE,1705098438427732383,D3:F4:55:AB:96:20,-70
BLE,1705098438429269073,D3:F4:55:AB:96:20,-68
BLE,1705098438618949341,D3:F4:55:AB:96:20,-76
BLE,1705098438808586735,D3:F4:55:AB:96:20,-70
BLE,1705098439204744446,D3:F4:55:AB:96:20,-77
BLE,1705098439394320591,D3:F4:55:AB:96:20,-70
BLE,1705098439584505645,D3:F4:55:AB:96:20,-66
BLE,1705098439775753228,D3:F4:55:AB:96:20,-71
BLE,1705098439967141018,D3:F4:55:AB:96:20,-75
BLE,1705098440087652866,DF:DF:EE:00:00:04,-39
BLE,1705098440354243504,D3:F4:55:AB:96:20,-76
BLE,1705098440930269101,D3:F4:55:AB:96:20,-68
BLE,1705098441094110013,DF:DF:EE:00:00:04,-39
BLE,1705098441693971033,D3:F4:55:AB:96:20,-53
BLE,1705098441847797231,DF:A6:DC:DC:2E:81,-55
BLE,1705098441847814356,DF:DF:EE:00:00:01,-55
BLE,1705098442078830046,D3:F4:55:AB:96:20,-58
BLE,1705098442274284078,D3:F4:55:AB:96:20,-71
BLE,1705098442466916353,D3:F4:55:AB:96:20,-77
BLE,1705098442626273235,DF:DF:EE:00:00:04,-41
BLE,1705098442655010349,D3:F4:55:AB:96:20,-70
BLE,1705098442844114666,D3:F4:55:AB:96:20,-68
BLE,1705098443085222694,DF:DF:EE:00:00:04,-38
BLE,1705098443124912510,DF:A6:DC:DC:2E:81,-68
BLE,1705098443124937259,DF:DF:EE:00:00:01,-68
BLE,1705098443230829574,D3:F4:55:AB:96:20,-75
BLE,1705098443617234818,D3:F4:55:AB:96:20,-75
BLE,1705098443629991624,DF:DF:EE:00:00:04,-38
BLE,1705098444089516034,DF:DF:EE:00:00:04,-51
BLE,1705098444200470287,D3:F4:55:AB:96:20,-76
BLE,1705098444581607512,D3:F4:55:AB:96:20,-78
BLE,1705098444629966599,DF:DF:EE:00:00:04,-40
BLE,1705098444766968290,D3:F4:55:AB:96:20,-71
BLE,1705098445084782398,DF:DF:EE:00:00:04,-39
BLE,1705098445147983849,D3:F4:55:AB:96:20,-80
BLE,1705098445532594740,D3:F4:55:AB:96:20,-57
BLE,1705098445632705040,DF:DF:EE:00:00:04,-38
BLE,1705098445731863936,D3:F4:55:AB:96:20,-75
BLE,1705098445918196536,D3:F4:55:AB:96:20,-70
BLE,1705098446087886627,DF:DF:EE:00:00:04,-40
BLE,1705098446109983613,D3:F4:55:AB:96:20,-76
BLE,1705098446299579299,D3:F4:55:AB:96:20,-70
BLE,1705098446497451636,D3:F4:55:AB:96:20,-76
BLE,1705098446684626685,D3:F4:55:AB:96:20,-90
BLE,1705098446950055795,DF:A6:DC:DC:2E:81,-70
BLE,1705098446950123545,DF:DF:EE:00:00:01,-70
BLE,1705098447460005601,D3:F4:55:AB:96:20,-76
BLE,1705098447838356025,D3:F4:55:AB:96:20,-69
BLE,1705098448027881004,D3:F4:55:AB:96:20,-76
BLE,1705098448094541914,DF:DF:EE:00:00:04,-41
BLE,1705098448215902543,D3:F4:55:AB:96:20,-70
BLE,1705098448409233101,D3:F4:55:AB:96:20,-76
BLE,1705098448629526419,DF:DF:EE:00:00:04,-52
BLE,1705098448797927943,D3:F4:55:AB:96:20,-71
BLE,1705098448993906386,D3:F4:55:AB:96:20,-75
BLE,1705098449186681742,D3:F4:55:AB:96:20,-68
BLE,1705098449377617329,D3:F4:55:AB:96:20,-77
BLE,1705098449494694885,DF:A6:DC:DC:2E:81,-67
BLE,1705098449494734592,DF:DF:EE:00:00:01,-67
BLE,1705098449563759890,D3:F4:55:AB:96:20,-70
BLE,1705098449630982460,DF:DF:EE:00:00:04,-38
BLE,1705098449961171294,D3:F4:55:AB:96:20,-76
BLE,1705098450095144439,DF:DF:EE:00:00:04,-57
BLE,1705098450927730670,D3:F4:55:AB:96:20,-61
BLE,1705098451690885816,D3:F4:55:AB:96:20,-76
BLE,1705098451881337825,D3:F4:55:AB:96:20,-70
BLE,1705098452085602253,DF:DF:EE:00:00:04,-38
BLE,1705098452276054179,D3:F4:55:AB:96:20,-76
BLE,1705098452463219852,D3:F4:55:AB:96:20,-70
BLE,1705098452846207179,D3:F4:55:AB:96:20,-57
BLE,1705098453036447525,D3:F4:55:AB:96:20,-68
BLE,1705098453225534259,D3:F4:55:AB:96:20,-75
BLE,1705098453807153330,D3:F4:55:AB:96:20,-76
BLE,1705098454003670475,D3:F4:55:AB:96:20,-69
BLE,1705098454085922573,DF:DF:EE:00:00:04,-38
BLE,1705098454193333536,D3:F4:55:AB:96:20,-76
BLE,1705098454387643416,D3:F4:55:AB:96:20,-68
BLE,1705098454777160039,D3:F4:55:AB:96:20,-76
BLE,1705098454965324243,D3:F4:55:AB:96:20,-70
BLE,1705098455630559313,DF:DF:EE:00:00:04,-40
BLE,1705098455742423764,D3:F4:55:AB:96:20,-76
BLE,1705098455931214835,D3:F4:55:AB:96:20,-56
BLE,1705098456086402933,DF:DF:EE:00:00:04,-39
BLE,1705098456310098669,D3:F4:55:AB:96:20,-70
BLE,1705098456693472742,D3:F4:55:AB:96:20,-71
BLE,1705098457073505396,D3:F4:55:AB:96:20,-76
BLE,1705098457458540740,D3:F4:55:AB:96:20,-71
BLE,1705098457632205409,DF:DF:EE:00:00:04,-40
BLE,1705098457648440256,D3:F4:55:AB:96:20,-69
BLE,1705098457841442026,D3:F4:55:AB:96:20,-71
BLE,1705098458092321895,DF:DF:EE:00:00:04,-39
BLE,1705098458230607613,D3:F4:55:AB:96:20,-68
BLE,1705098458421636448,D3:F4:55:AB:96:20,-76
BLE,1705098458615448251,D3:F4:55:AB:96:20,-69
BLE,1705098458809992170,D3:F4:55:AB:96:20,-70
BLE,1705098459008094587,D3:F4:55:AB:96:20,-75
BLE,1705098459194336397,D3:F4:55:AB:96:20,-71
BLE,1705098459384955696,D3:F4:55:AB:96:20,-74
BLE,1705098459573127566,D3:F4:55:AB:96:20,-70
BLE,1705098459958917276,D3:F4:55:AB:96:20,-72
BLE,1705098460154804720,D3:F4:55:AB:96:20,-76
BLE,1705098460626616775,DF:DF:EE:00:00:04,-40
BLE,1705098460723462781,D3:F4:55:AB:96:20,-72
BLE,1705098460920376171,D3:F4:55:AB:96:20,-75
BLE,1705098461086985133,DF:DF:EE:00:00:04,-37
BLE,1705098461107233265,D3:F4:55:AB:96:20,-70
BLE,1705098461302814505,D3:F4:55:AB:96:20,-76
BLE,1705098461884389535,D3:F4:55:AB:96:20,-75
BLE,1705098462086213200,DF:DF:EE:00:00:04,-40
BLE,1705098462265789340,D3:F4:55:AB:96:20,-76
BLE,1705098462457782289,D3:F4:55:AB:96:20,-71
BLE,1705098462631047838,DF:DF:EE:00:00:04,-23
BLE,1705098462648191215,D3:F4:55:AB:96:20,-76
BLE,1705098462838498435,D3:F4:55:AB:96:20,-70
BLE,1705098463033895677,D3:F4:55:AB:96:20,-76
BLE,1705098463226338412,D3:F4:55:AB:96:20,-67
BLE,1705098463420106173,D3:F4:55:AB:96:20,-56
BLE,1705098463619214621,D3:F4:55:AB:96:20,-76
BLE,1705098463625357130,DF:DF:EE:00:00:04,-40
BLE,1705098463807602071,D3:F4:55:AB:96:20,-70
BLE,1705098464003658222,D3:F4:55:AB:96:20,-76
BLE,1705098464194975388,D3:F4:55:AB:96:20,-69
BLE,1705098464578053672,D3:F4:55:AB:96:20,-67
BLE,1705098464750696061,DF:A6:DC:DC:2E:81,-67
BLE,1705098464750753019,DF:DF:EE:00:00:01,-67
BLE,1705098464773285999,D3:F4:55:AB:96:20,-72
BLE,1705098465087387193,DF:DF:EE:00:00:04,-38
BLE,1705098465162859372,D3:F4:55:AB:96:20,-67
BLE,1705098465355154234,D3:F4:55:AB:96:20,-56
BLE,1705098465551745295,D3:F4:55:AB:96:20,-76
BLE,1705098465627117017,DF:DF:EE:00:00:04,-39
BLE,1705098465746617418,D3:F4:55:AB:96:20,-53
BLE,1705098465935631070,D3:F4:55:AB:96:20,-76
BLE,1705098466094172711,DF:DF:EE:00:00:04,-39
BLE,1705098466318984726,D3:F4:55:AB:96:20,-75
BLE,1705098466708136812,D3:F4:55:AB:96:20,-71
BLE,1705098466900720129,D3:F4:55:AB:96:20,-75
BLE,1705098467088191299,D3:F4:55:AB:96:20,-70
BLE,1705098467091720549,DF:DF:EE:00:00:04,-38
BLE,1705098467284276491,D3:F4:55:AB:96:20,-77
BLE,1705098467471498289,D3:F4:55:AB:96:20,-72
BLE,1705098467628137371,DF:DF:EE:00:00:04,-39
BLE,1705098467662339461,D3:F4:55:AB:96:20,-69
BLE,1705098468239222173,D3:F4:55:AB:96:20,-70
BLE,1705098468626832486,D3:F4:55:AB:96:20,-68
BLE,1705098468631201100,DF:DF:EE:00:00:04,-39
BLE,1705098468817316162,D3:F4:55:AB:96:20,-75
BLE,1705098469003129101,D3:F4:55:AB:96:20,-70
BLE,1705098469390620791,D3:F4:55:AB:96:20,-59
BLE,1705098469582593282,D3:F4:55:AB:96:20,-76
BLE,1705098469625352145,DF:DF:EE:00:00:04,-39
BLE,1705098469777516530,D3:F4:55:AB:96:20,-69
BLE,1705098469837195398,DF:A6:DC:DC:2E:81,-70
BLE,1705098469837213523,DF:DF:EE:00:00:01,-70
BLE,1705098470088723634,DF:DF:EE:00:00:04,-39
BLE,1705098470155766580,D3:F4:55:AB:96:20,-53
BLE,1705098470539707771,D3:F4:55:AB:96:20,-69
BLE,1705098470622935399,DF:DF:EE:00:00:04,-39
BLE,1705098471498133452,D3:F4:55:AB:96:20,-70
BLE,1705098471627543568,DF:DF:EE:00:00:04,-39
BLE,1705098471694111562,D3:F4:55:AB:96:20,-76
BLE,1705098472084631799,D3:F4:55:AB:96:20,-83
BLE,1705098472278066481,D3:F4:55:AB:96:20,-75
BLE,1705098472377535955,DF:A6:DC:DC:2E:81,-70
BLE,1705098472377568288,DF:DF:EE:00:00:01,-70
BLE,1705098472470067930,D3:F4:55:AB:96:20,-71
BLE,1705098472626255558,DF:DF:EE:00:00:04,-39
BLE,1705098472665555004,D3:F4:55:AB:96:20,-78
BLE,1705098472856757754,D3:F4:55:AB:96:20,-67
BLE,1705098473051283048,D3:F4:55:AB:96:20,-89
BLE,1705098473085543096,DF:DF:EE:00:00:04,-39
BLE,1705098473240504739,D3:F4:55:AB:96:20,-68
BLE,1705098473430686418,D3:F4:55:AB:96:20,-75
BLE,1705098473628652421,DF:DF:EE:00:00:04,-40
BLE,1705098474006612225,D3:F4:55:AB:96:20,-68
BLE,1705098474195349213,D3:F4:55:AB:96:20,-76
BLE,1705098474382813216,D3:F4:55:AB:96:20,-71
BLE,1705098474577074513,D3:F4:55:AB:96:20,-75
BLE,1705098474627921154,DF:DF:EE:00:00:04,-40
BLE,1705098474763299657,D3:F4:55:AB:96:20,-72
BLE,1705098474957721493,D3:F4:55:AB:96:20,-76
BLE,1705098475544540503,D3:F4:55:AB:96:20,-65
BLE,1705098475735511631,D3:F4:55:AB:96:20,-69
BLE,1705098475924355993,D3:F4:55:AB:96:20,-75
BLE,1705098476086063930,DF:DF:EE:00:00:04,-40
BLE,1705098476508075248,D3:F4:55:AB:96:20,-75
BLE,1705098476701101393,D3:F4:55:AB:96:20,-71
BLE,1705098476894029873,D3:F4:55:AB:96:20,-76
BLE,1705098477089634945,D3:F4:55:AB:96:20,-67
BLE,1705098477477640295,D3:F4:55:AB:96:20,-76
BLE,1705098477631000374,DF:DF:EE:00:00:04,-39
BLE,1705098477665549585,D3:F4:55:AB:96:20,-70
BLE,1705098478049237862,D3:F4:55:AB:96:20,-70
BLE,1705098478086489124,DF:DF:EE:00:00:04,-24
BLE,1705098478244501064,D3:F4:55:AB:96:20,-75
BLE,1705098478628259298,DF:DF:EE:00:00:04,-39
BLE,1705098479012643275,D3:F4:55:AB:96:20,-70
BLE,1705098479395747684,D3:F4:55:AB:96:20,-71
BLE,1705098479623843201,DF:DF:EE:00:00:04,-39
BLE,1705098479980969338,D3:F4:55:AB:96:20,-71
BLE,1705098480364334244,D3:F4:55:AB:96:20,-72
BLE,1705098480561634629,D3:F4:55:AB:96:20,-76
BLE,1705098480630702343,DF:DF:EE:00:00:04,-40
BLE,1705098480746968450,D3:F4:55:AB:96:20,-87
BLE,1705098480941005458,D3:F4:55:AB:96:20,-76
BLE,1705098481129276994,D3:F4:55:AB:96:20,-89
BLE,1705098481311070857,DF:A6:DC:DC:2E:81,-68
BLE,1705098481311101273,DF:DF:EE:00:00:01,-68
BLE,1705098481515653947,D3:F4:55:AB:96:20,-71
BLE,1705098481627767103,DF:DF:EE:00:00:04,-39
BLE,1705098481911004167,D3:F4:55:AB:96:20,-76
BLE,1705098482085876113,DF:DF:EE:00:00:04,-39
BLE,1705098482097248936,D3:F4:55:AB:96:20,-70
BLE,1705098482477981956,D3:F4:55:AB:96:20,-71
BLE,1705098482633950171,DF:DF:EE:00:00:04,-40
BLE,1705098482864434533,D3:F4:55:AB:96:20,-70
BLE,1705098483086629621,DF:DF:EE:00:00:04,-38
BLE,1705098483245859421,D3:F4:55:AB:96:20,-70
BLE,1705098483629418074,DF:DF:EE:00:00:04,-39
BLE,1705098483811541142,D3:F4:55:AB:96:20,-70
BLE,1705098484204032439,D3:F4:55:AB:96:20,-75
BLE,1705098484390813450,D3:F4:55:AB:96:20,-71
BLE,1705098484584176008,D3:F4:55:AB:96:20,-69
BLE,1705098484585428076,D3:F4:55:AB:96:20,-76
BLE,1705098484630901615,DF:DF:EE:00:00:04,-39
BLE,1705098485088545714,DF:DF:EE:00:00:04,-38
BLE,1705098485168481506,D3:F4:55:AB:96:20,-68
BLE,1705098485364370575,D3:F4:55:AB:96:20,-70
BLE,1705098485365636768,D3:F4:55:AB:96:20,-67
BLE,1705098485556967434,D3:F4:55:AB:96:20,-77
BLE,1705098485630146598,DF:DF:EE:00:00:04,-46
BLE,1705098485742426711,D3:F4:55:AB:96:20,-56
BLE,1705098486319623294,D3:F4:55:AB:96:20,-76
BLE,1705098486396183002,DF:A6:DC:DC:2E:81,-69
BLE,1705098486396195627,DF:DF:EE:00:00:01,-69
BLE,1705098486513536720,D3:F4:55:AB:96:20,-68
BLE,1705098486632839832,DF:DF:EE:00:00:04,-40
BLE,1705098486703804524,D3:F4:55:AB:96:20,-75
BLE,1705098486890949614,D3:F4:55:AB:96:20,-71
BLE,1705098487088377040,DF:DF:EE:00:00:04,-39
BLE,1705098487278694718,D3:F4:55:AB:96:20,-68
BLE,1705098487626788921,DF:DF:EE:00:00:04,-39
BLE,1705098487664621551,D3:F4:55:AB:96:20,-67
BLE,1705098487853749410,D3:F4:55:AB:96:20,-76
BLE,1705098488234911342,D3:F4:55:AB:96:20,-77
BLE,1705098488423586498,D3:F4:55:AB:96:20,-56
BLE,1705098488615724737,D3:F4:55:AB:96:20,-76
BLE,1705098488624769712,DF:DF:EE:00:00:04,-38
BLE,1705098489001172743,D3:F4:55:AB:96:20,-76
BLE,1705098489188576539,D3:F4:55:AB:96:20,-70
BLE,1705098489626007088,DF:DF:EE:00:00:04,-39
BLE,1705098489773038076,D3:F4:55:AB:96:20,-70
BLE,1705098489964814320,D3:F4:55:AB:96:20,-76
BLE,1705098490155661033,D3:F4:55:AB:96:20,-70
BLE,1705098490352945419,D3:F4:55:AB:96:20,-56
BLE,1705098490733618732,D3:F4:55:AB:96:20,-76
BLE,1705098490923790328,D3:F4:55:AB:96:20,-69
BLE,1705098491093785874,DF:DF:EE:00:00:04,-40
BLE,1705098491114651415,D3:F4:55:AB:96:20,-76
BLE,1705098491309784119,D3:F4:55:AB:96:20,-69
BLE,1705098491501625486,D3:F4:55:AB:96:20,-70
BLE,1705098491633328825,DF:DF:EE:00:00:04,-40
BLE,1705098491695707119,D3:F4:55:AB:96:20,-75
BLE,1705098491885202681,D3:F4:55:AB:96:20,-57
BLE,1705098492091379794,DF:DF:EE:00:00:04,-38
BLE,1705098492458527686,D3:F4:55:AB:96:20,-68
BLE,1705098492627404120,DF:DF:EE:00:00:04,-39
BLE,1705098492653620515,D3:F4:55:AB:96:20,-70
BLE,1705098492844426020,D3:F4:55:AB:96:20,-75
BLE,1705098493033911624,D3:F4:55:AB:96:20,-70
BLE,1705098493230370520,D3:F4:55:AB:96:20,-62
BLE,1705098493425902885,D3:F4:55:AB:96:20,-69
BLE,1705098493625344536,DF:DF:EE:00:00:04,-39
BLE,1705098493812460627,D3:F4:55:AB:96:20,-76
BLE,1705098494026733268,DF:A6:DC:DC:2E:81,-70
BLE,1705098494026786101,DF:DF:EE:00:00:01,-70
BLE,1705098494390273786,D3:F4:55:AB:96:20,-69
BLE,1705098494578930734,D3:F4:55:AB:96:20,-76
BLE,1705098494629780083,DF:DF:EE:00:00:04,-38
BLE,1705098495094156101,DF:DF:EE:00:00:04,-40
BLE,1705098495148556116,D3:F4:55:AB:96:20,-85
BLE,1705098495531973230,D3:F4:55:AB:96:20,-69
BLE,1705098495623574965,DF:DF:EE:00:00:04,-38
BLE,1705098495915228262,D3:F4:55:AB:96:20,-69
BLE,1705098496090772700,DF:DF:EE:00:00:04,-54
BLE,1705098496109618182,D3:F4:55:AB:96:20,-76
BLE,1705098496301992835,D3:F4:55:AB:96:20,-68
BLE,1705098496625183504,DF:DF:EE:00:00:04,-39
BLE,1705098496685187243,D3:F4:55:AB:96:20,-68
BLE,1705098496880171782,D3:F4:55:AB:96:20,-70
BLE,1705098497088603325,DF:DF:EE:00:00:04,-39
BLE,1705098497263700227,D3:F4:55:AB:96:20,-70
BLE,1705098497456979036,D3:F4:55:AB:96:20,-76
BLE,1705098497623405500,DF:DF:EE:00:00:04,-40
BLE,1705098497644368832,D3:F4:55:AB:96:20,-71
BLE,1705098497838381424,D3:F4:55:AB:96:20,-75
BLE,1705098497848561093,DF:A6:DC:DC:2E:81,-69
BLE,1705098497848573677,DF:DF:EE:00:00:01,-69
BLE,1705098498026119174,D3:F4:55:AB:96:20,-70
BLE,1705098498085693418,DF:DF:EE:00:00:04,-37
BLE,1705098498218151498,D3:F4:55:AB:96:20,-67
BLE,1705098498409835409,D3:F4:55:AB:96:20,-71
BLE,1705098498795197916,D3:F4:55:AB:96:20,-70
BLE,1705098498990545783,D3:F4:55:AB:96:20,-76
BLE,1705098499085745684,DF:DF:EE:00:00:04,-38
BLE,1705098499180664338,D3:F4:55:AB:96:20,-68
BLE,1705098499371335220,D3:F4:55:AB:96:20,-75
BLE,1705098499623614947,DF:DF:EE:00:00:04,-39
BLE,1705098499956310043,D3:F4:55:AB:96:20,-76
BLE,1705098500523554537,D3:F4:55:AB:96:20,-70
BLE,1705098500632091486,DF:DF:EE:00:00:04,-40
BLE,1705098501089922458,DF:DF:EE:00:00:04,-38
BLE,1705098501103180758,D3:F4:55:AB:96:20,-76
BLE,1705098501483734656,D3:F4:55:AB:96:20,-76
BLE,1705098501671164493,D3:F4:55:AB:96:20,-56
BLE,1705098502083910255,DF:DF:EE:00:00:04,-39
BLE,1705098502257099929,D3:F4:55:AB:96:20,-70
BLE,1705098502455094848,D3:F4:55:AB:96:20,-78
BLE,1705098502626181382,DF:DF:EE:00:00:04,-38
BLE,1705098502647509834,D3:F4:55:AB:96:20,-53
BLE,1705098503036963292,D3:F4:55:AB:96:20,-75
BLE,1705098503084809510,DF:DF:EE:00:00:04,-40
BLE,1705098503419128796,D3:F4:55:AB:96:20,-75
BLE,1705098503608323778,D3:F4:55:AB:96:20,-70
BLE,1705098503625317158,DF:DF:EE:00:00:04,-40
BLE,1705098503802408953,D3:F4:55:AB:96:20,-76
BLE,1705098503996261380,D3:F4:55:AB:96:20,-68
BLE,1705098504087622868,DF:DF:EE:00:00:04,-39
BLE,1705098504186550224,D3:F4:55:AB:96:20,-76
BLE,1705098504215175381,DF:A6:DC:DC:2E:81,-69
BLE,1705098504215220881,DF:DF:EE:00:00:01,-69
BLE,1705098504573363380,D3:F4:55:AB:96:20,-57
BLE,1705098504624493309,DF:DF:EE:00:00:04,-39
BLE,1705098504768248087,D3:F4:55:AB:96:20,-77
BLE,1705098504958398641,D3:F4:55:AB:96:20,-70
BLE,1705098505148621195,D3:F4:55:AB:96:20,-69
BLE,1705098505534661194,D3:F4:55:AB:96:20,-80
BLE,1705098505627898243,DF:DF:EE:00:00:04,-40
BLE,1705098506092133097,DF:DF:EE:00:00:04,-39
BLE,1705098506106947044,D3:F4:55:AB:96:20,-72
BLE,1705098506625791035,DF:DF:EE:00:00:04,-38
BLE,1705098506690435427,D3:F4:55:AB:96:20,-71
BLE,1705098507073911498,D3:F4:55:AB:96:20,-72
BLE,1705098507268974952,D3:F4:55:AB:96:20,-61
BLE,1705098507457420777,D3:F4:55:AB:96:20,-57
BLE,1705098507652788853,D3:F4:55:AB:96:20,-75
BLE,1705098508034045325,D3:F4:55:AB:96:20,-75
BLE,1705098508089341329,DF:DF:EE:00:00:04,-39
BLE,1705098508090973018,DF:DF:EE:00:00:04,-38
BLE,1705098508230486013,D3:F4:55:AB:96:20,-67
BLE,1705098508426634871,D3:F4:55:AB:96:20,-70
BLE,1705098508812738952,D3:F4:55:AB:96:20,-69
BLE,1705098509008502231,D3:F4:55:AB:96:20,-71
BLE,1705098509085997011,DF:DF:EE:00:00:04,-50
BLE,1705098509307149444,DF:A6:DC:DC:2E:81,-58
BLE,1705098509307183652,DF:DF:EE:00:00:01,-58
BLE,1705098509624283602,DF:DF:EE:00:00:04,-39
BLE,1705098509786163245,D3:F4:55:AB:96:20,-77
BLE,1705098509975579600,D3:F4:55:AB:96:20,-71
BLE,1705098510084276214,DF:DF:EE:00:00:04,-41
BLE,1705098510170982134,D3:F4:55:AB:96:20,-75
BLE,1705098510356500369,D3:F4:55:AB:96:20,-71
BLE,1705098510553109471,D3:F4:55:AB:96:20,-78
BLE,1705098510624463699,DF:DF:EE:00:00:04,-39
BLE,1705098510742695032,D3:F4:55:AB:96:20,-71
BLE,1705098510933648244,D3:F4:55:AB:96:20,-76
BLE,1705098511087635815,DF:DF:EE:00:00:04,-39
BLE,1705098511126412767,D3:F4:55:AB:96:20,-72
BLE,1705098511316432115,D3:F4:55:AB:96:20,-76
BLE,1705098511505487266,D3:F4:55:AB:96:20,-70
BLE,1705098511704166719,D3:F4:55:AB:96:20,-77
BLE,1705098511854160880,DF:A6:DC:DC:2E:81,-72
BLE,1705098511854228004,DF:DF:EE:00:00:01,-72
BLE,1705098512091541577,D3:F4:55:AB:96:20,-70
BLE,1705098512287683559,D3:F4:55:AB:96:20,-77
BLE,1705098512475045522,D3:F4:55:AB:96:20,-70
BLE,1705098512623738574,DF:DF:EE:00:00:04,-39
BLE,1705098512857420524,D3:F4:55:AB:96:20,-89
BLE,1705098513050934080,D3:F4:55:AB:96:20,-94
BLE,1705098513241090467,D3:F4:55:AB:96:20,-70
BLE,1705098513435298598,D3:F4:55:AB:96:20,-78
BLE,1705098513621636699,D3:F4:55:AB:96:20,-70
BLE,1705098514017511580,D3:F4:55:AB:96:20,-76
BLE,1705098514409263385,D3:F4:55:AB:96:20,-87
BLE,1705098514801243854,D3:F4:55:AB:96:20,-68
BLE,1705098515089550191,DF:DF:EE:00:00:04,-39
BLE,1705098515566373477,D3:F4:55:AB:96:20,-69
BLE,1705098515668535003,DF:A6:DC:DC:2E:81,-70
BLE,1705098515668547544,DF:DF:EE:00:00:01,-70
BLE,1705098516336149169,D3:F4:55:AB:96:20,-75
BLE,1705098516629041034,DF:DF:EE:00:00:04,-39
BLE,1705098516716572485,D3:F4:55:AB:96:20,-76
BLE,1705098517091832905,D3:F4:55:AB:96:20,-58
BLE,1705098517626728786,DF:DF:EE:00:00:04,-38
BLE,1705098517672621445,D3:F4:55:AB:96:20,-70
BLE,1705098518058935732,D3:F4:55:AB:96:20,-68
BLE,1705098518082126162,DF:DF:EE:00:00:04,-39
BLE,1705098518209125599,DF:A6:DC:DC:2E:81,-67
BLE,1705098518209157765,DF:DF:EE:00:00:01,-67
BLE,1705098518435370221,D3:F4:55:AB:96:20,-70
BLE,1705098518625537692,D3:F4:55:AB:96:20,-67
BLE,1705098518632537691,DF:DF:EE:00:00:04,-52
BLE,1705098518817646806,D3:F4:55:AB:96:20,-72
BLE,1705098519203211894,D3:F4:55:AB:96:20,-70
BLE,1705098519590347797,D3:F4:55:AB:96:20,-69
BLE,1705098519623630689,DF:DF:EE:00:00:04,-40
BLE,1705098519969875998,D3:F4:55:AB:96:20,-57
BLE,1705098520357592477,D3:F4:55:AB:96:20,-69
BLE,1705098520547092581,D3:F4:55:AB:96:20,-76
BLE,1705098521090641734,DF:DF:EE:00:00:04,-38
BLE,1705098521317359392,D3:F4:55:AB:96:20,-57
BLE,1705098521624024092,DF:DF:EE:00:00:04,-39
BLE,1705098521696815470,D3:F4:55:AB:96:20,-55
BLE,1705098522037971423,DF:A6:DC:DC:2E:81,-69
BLE,1705098522038013839,DF:DF:EE:00:00:01,-69
BLE,1705098522082512973,D3:F4:55:AB:96:20,-70
BLE,1705098522276711489,D3:F4:55:AB:96:20,-75
BLE,1705098522849500389,D3:F4:55:AB:96:20,-70
BLE,1705098523433662154,D3:F4:55:AB:96:20,-70
BLE,1705098523626748318,DF:DF:EE:00:00:04,-40
BLE,1705098524009391353,D3:F4:55:AB:96:20,-77
BLE,1705098524084356795,DF:DF:EE:00:00:04,-39
BLE,1705098524199682800,D3:F4:55:AB:96:20,-70
BLE,1705098524578980708,DF:A6:DC:DC:2E:81,-59
BLE,1705098524579015791,DF:DF:EE:00:00:01,-59
BLE,1705098524591713307,D3:F4:55:AB:96:20,-77
BLE,1705098524622098196,DF:DF:EE:00:00:04,-38
BLE,1705098524783324529,D3:F4:55:AB:96:20,-58
BLE,1705098524978608167,D3:F4:55:AB:96:20,-76
BLE,1705098525164458291,D3:F4:55:AB:96:20,-71
BLE,1705098525548118314,D3:F4:55:AB:96:20,-70
BLE,1705098525627119417,DF:DF:EE:00:00:04,-39
BLE,1705098525745090223,D3:F4:55:AB:96:20,-76
BLE,1705098525937861223,D3:F4:55:AB:96:20,-58
BLE,1705098526508358026,D3:F4:55:AB:96:20,-76
BLE,1705098526694548188,D3:F4:55:AB:96:20,-70
BLE,1705098526884240517,D3:F4:55:AB:96:20,-69
BLE,1705098527078497499,D3:F4:55:AB:96:20,-71
BLE,1705098527092845204,DF:DF:EE:00:00:04,-39
BLE,1705098527123806878,DF:A6:DC:DC:2E:81,-67
BLE,1705098527123816752,DF:DF:EE:00:00:01,-67
BLE,1705098527272671817,D3:F4:55:AB:96:20,-75
BLE,1705098527462185147,D3:F4:55:AB:96:20,-70
BLE,1705098527463691838,D3:F4:55:AB:96:20,-68
BLE,1705098527631726674,DF:DF:EE:00:00:04,-39
BLE,1705098528089016030,DF:DF:EE:00:00:04,-23
BLE,1705098528233685228,D3:F4:55:AB:96:20,-53
BLE,1705098528614221496,D3:F4:55:AB:96:20,-67
BLE,1705098528628275913,DF:DF:EE:00:00:04,-38
BLE,1705098528804535776,D3:F4:55:AB:96:20,-89
BLE,1705098528990792562,D3:F4:55:AB:96:20,-57
BLE,1705098529185333000,D3:F4:55:AB:96:20,-82
BLE,1705098529376692392,D3:F4:55:AB:96:20,-67
BLE,1705098529569337102,D3:F4:55:AB:96:20,-75
BLE,1705098529666133494,DF:A6:DC:DC:2E:81,-69
BLE,1705098529666209701,DF:DF:EE:00:00:01,-69
BLE,1705098529959142761,D3:F4:55:AB:96:20,-56
BLE,1705098530155042433,D3:F4:55:AB:96:20,-76
BLE,1705098530539353698,D3:F4:55:AB:96:20,-72
BLE,1705098530737687424,D3:F4:55:AB:96:20,-75
BLE,1705098530924482954,D3:F4:55:AB:96:20,-71
BLE,1705098531311512979,D3:F4:55:AB:96:20,-53
BLE,1705098531501078142,D3:F4:55:AB:96:20,-76
BLE,1705098531688087461,D3:F4:55:AB:96:20,-70
BLE,1705098531886253314,D3:F4:55:AB:96:20,-75
BLE,1705098532084206711,D3:F4:55:AB:96:20,-76
BLE,1705098532650861143,D3:F4:55:AB:96:20,-75
BLE,1705098533033213390,D3:F4:55:AB:96:20,-92
BLE,1705098533218647478,D3:F4:55:AB:96:20,-70
BLE,1705098533413219540,D3:F4:55:AB:96:20,-76
BLE,1705098533489491758,DF:A6:DC:DC:2E:81,-53
BLE,1705098533489504425,DF:DF:EE:00:00:01,-53
BLE,1705098533797053145,D3:F4:55:AB:96:20,-76
BLE,1705098534176666966,D3:F4:55:AB:96:20,-75
BLE,1705098534364422651,D3:F4:55:AB:96:20,-70
BLE,1705098534563230663,D3:F4:55:AB:96:20,-76
BLE,1705098534621567136,DF:DF:EE:00:00:04,-39
BLE,1705098534951028970,D3:F4:55:AB:96:20,-70
BLE,1705098535147107223,D3:F4:55:AB:96:20,-61
BLE,1705098535627209892,DF:DF:EE:00:00:04,-55
BLE,1705098535727836237,D3:F4:55:AB:96:20,-69
BLE,1705098535922662047,D3:F4:55:AB:96:20,-71
BLE,1705098536092200323,DF:DF:EE:00:00:04,-39
BLE,1705098536112804870,D3:F4:55:AB:96:20,-75
BLE,1705098536299438610,D3:F4:55:AB:96:20,-70
BLE,1705098537084116409,DF:DF:EE:00:00:04,-40
BLE,1705098537260693018,D3:F4:55:AB:96:20,-76
BLE,1705098537454388174,D3:F4:55:AB:96:20,-68
BLE,1705098537651043670,D3:F4:55:AB:96:20,-72
BLE,1705098538034179575,D3:F4:55:AB:96:20,-72
BLE,1705098538425043138,D3:F4:55:AB:96:20,-53
BLE,1705098538625154342,DF:DF:EE:00:00:04,-38
BLE,1705098539008163707,D3:F4:55:AB:96:20,-68
BLE,1705098539199553182,D3:F4:55:AB:96:20,-77
BLE,1705098539629046952,DF:DF:EE:00:00:04,-38
BLE,1705098540088493658,DF:DF:EE:00:00:04,-39
BLE,1705098540553492881,D3:F4:55:AB:96:20,-70
BLE,1705098540746952540,D3:F4:55:AB:96:20,-81
BLE,1705098541131246139,D3:F4:55:AB:96:20,-75
BLE,1705098541136656908,DF:A6:DC:DC:2E:81,-68
BLE,1705098541136688616,DF:DF:EE:00:00:01,-68
BLE,1705098541326217738,D3:F4:55:AB:96:20,-69
BLE,1705098541626769999,DF:DF:EE:00:00:04,-40
BLE,1705098541708667859,D3:F4:55:AB:96:20,-69
BLE,1705098541900567328,D3:F4:55:AB:96:20,-76
BLE,1705098542087324109,D3:F4:55:AB:96:20,-71
BLE,1705098542090650819,DF:DF:EE:00:00:04,-39
BLE,1705098542468355663,D3:F4:55:AB:96:20,-70
BLE,1705098542626549325,DF:DF:EE:00:00:04,-39
BLE,1705098542662311858,D3:F4:55:AB:96:20,-76
BLE,1705098542850985532,D3:F4:55:AB:96:20,-70
BLE,1705098543043389578,D3:F4:55:AB:96:20,-77
BLE,1705098543088609791,DF:DF:EE:00:00:04,-39
BLE,1705098543432902949,D3:F4:55:AB:96:20,-70
BLE,1705098543630998428,DF:DF:EE:00:00:04,-55
BLE,1705098544016821634,D3:F4:55:AB:96:20,-70
BLE,1705098544086390765,DF:DF:EE:00:00:04,-39
BLE,1705098544777342219,D3:F4:55:AB:96:20,-75
BLE,1705098545086986956,DF:DF:EE:00:00:04,-39
BLE,1705098545158703436,D3:F4:55:AB:96:20,-76
BLE,1705098545545213592,D3:F4:55:AB:96:20,-76
BLE,1705098545626075881,DF:DF:EE:00:00:04,-39
BLE,1705098545731145799,D3:F4:55:AB:96:20,-70
BLE,1705098545923314723,D3:F4:55:AB:96:20,-96
BLE,1705098546084222144,DF:DF:EE:00:00:04,-40
BLE,1705098546300057079,D3:F4:55:AB:96:20,-68
BLE,1705098546688229257,D3:F4:55:AB:96:20,-76
BLE,1705098546882340658,D3:F4:55:AB:96:20,-53
BLE,1705098547074607581,D3:F4:55:AB:96:20,-76
BLE,1705098547091872209,DF:DF:EE:00:00:04,-40
BLE,1705098547260198292,D3:F4:55:AB:96:20,-57
BLE,1705098547508495174,DF:A6:DC:DC:2E:81,-69
BLE,1705098547508525715,DF:DF:EE:00:00:01,-69
BLE,1705098547621161877,DF:DF:EE:00:00:04,-39
BLE,1705098547652433547,D3:F4:55:AB:96:20,-68
BLE,1705098547845517877,D3:F4:55:AB:96:20,-71
BLE,1705098548229145775,D3:F4:55:AB:96:20,-70
BLE,1705098548421094744,D3:F4:55:AB:96:20,-76
BLE,1705098548613179502,D3:F4:55:AB:96:20,-70
BLE,1705098548806602578,D3:F4:55:AB:96:20,-76
BLE,1705098549002017881,D3:F4:55:AB:96:20,-69
BLE,1705098549087321825,DF:DF:EE:00:00:04,-39
BLE,1705098549191779125,D3:F4:55:AB:96:20,-70
BLE,1705098549381008835,D3:F4:55:AB:96:20,-67
BLE,1705098549623705908,DF:DF:EE:00:00:04,-39
BLE,1705098550088915587,DF:DF:EE:00:00:04,-40
BLE,1705098550624925633,DF:DF:EE:00:00:04,-51
BLE,1705098550732278524,D3:F4:55:AB:96:20,-68
BLE,1705098550928536233,D3:F4:55:AB:96:20,-71
BLE,1705098551087826465,DF:DF:EE:00:00:04,-39
BLE,1705098551089410154,DF:DF:EE:00:00:04,-38
BLE,1705098551332912926,DF:A6:DC:DC:2E:81,-69
BLE,1705098551332975467,DF:DF:EE:00:00:01,-69
BLE,1705098551507115939,D3:F4:55:AB:96:20,-76
BLE,1705098551625182828,DF:DF:EE:00:00:04,-38
BLE,1705098551700221561,D3:F4:55:AB:96:20,-53
BLE,1705098551896155815,D3:F4:55:AB:96:20,-70
BLE,1705098552089321603,DF:DF:EE:00:00:04,-39
BLE,1705098552478777349,D3:F4:55:AB:96:20,-70
BLE,1705098552623380505,DF:DF:EE:00:00:04,-39
BLE,1705098552677131533,D3:F4:55:AB:96:20,-77
BLE,1705098553065086963,D3:F4:55:AB:96:20,-83
BLE,1705098553261779292,D3:F4:55:AB:96:20,-61
BLE,1705098553449997763,D3:F4:55:AB:96:20,-70
BLE,1705098553621181645,DF:DF:EE:00:00:04,-39
BLE,1705098553647588623,D3:F4:55:AB:96:20,-70
BLE,1705098553877769596,DF:A6:DC:DC:2E:81,-70
BLE,1705098553877830470,DF:DF:EE:00:00:01,-70
BLE,1705098554090034531,DF:DF:EE:00:00:04,-39
BLE,1705098554605181200,D3:F4:55:AB:96:20,-69
BLE,1705098554606591308,D3:F4:55:AB:96:20,-61
BLE,1705098555083528723,DF:DF:EE:00:00:04,-39
BLE,1705098555368683083,D3:F4:55:AB:96:20,-68
BLE,1705098555557030553,D3:F4:55:AB:96:20,-75
BLE,1705098555751107955,D3:F4:55:AB:96:20,-68
BLE,1705098555942417431,D3:F4:55:AB:96:20,-70
BLE,1705098556086845339,DF:DF:EE:00:00:04,-39
BLE,1705098556329977908,D3:F4:55:AB:96:20,-70
BLE,1705098556417693324,DF:A6:DC:DC:2E:81,-67
BLE,1705098556417746823,DF:DF:EE:00:00:01,-67
BLE,1705098556527211438,D3:F4:55:AB:96:20,-70
BLE,1705098556718853077,D3:F4:55:AB:96:20,-69
BLE,1705098557099778091,D3:F4:55:AB:96:20,-53
BLE,1705098557288695596,D3:F4:55:AB:96:20,-93
BLE,1705098557476085160,D3:F4:55:AB:96:20,-70
BLE,1705098557619571955,DF:DF:EE:00:00:04,-38
BLE,1705098557870350308,D3:F4:55:AB:96:20,-75
BLE,1705098558254133996,D3:F4:55:AB:96:20,-76
BLE,1705098558449512632,D3:F4:55:AB:96:20,-68
BLE,1705098558842956956,D3:F4:55:AB:96:20,-76
BLE,1705098558959033243,DF:A6:DC:DC:2E:81,-69
BLE,1705098558959072951,DF:DF:EE:00:00:01,-69
BLE,1705098559036534322,D3:F4:55:AB:96:20,-67
BLE,1705098559082890437,DF:DF:EE:00:00:04,-39
BLE,1705098559423144977,D3:F4:55:AB:96:20,-61
BLE,1705098559625132617,DF:DF:EE:00:00:04,-52
BLE,1705098559814234245,D3:F4:55:AB:96:20,-56
BLE,1705098560389916819,D3:F4:55:AB:96:20,-75
BLE,1705098561083261328,DF:DF:EE:00:00:04,-39
BLE,1705098561550174654,D3:F4:55:AB:96:20,-87
BLE,1705098561740088355,D3:F4:55:AB:96:20,-80
BLE,1705098562122465935,D3:F4:55:AB:96:20,-78
BLE,1705098562315072854,D3:F4:55:AB:96:20,-70
BLE,1705098562508024977,D3:F4:55:AB:96:20,-76
BLE,1705098562625961700,DF:DF:EE:00:00:04,-38
BLE,1705098562695077671,D3:F4:55:AB:96:20,-70
BLE,1705098562787386615,DF:A6:DC:DC:2E:81,-68
BLE,1705098562787453239,DF:DF:EE:00:00:01,-68
BLE,1705098562888944908,D3:F4:55:AB:96:20,-76
BLE,1705098563080882585,D3:F4:55:AB:96:20,-57
BLE,1705098563087518423,DF:DF:EE:00:00:04,-39
BLE,1705098563653604819,D3:F4:55:AB:96:20,-75
BLE,1705098564040168058,D3:F4:55:AB:96:20,-75
BLE,1705098564424903735,D3:F4:55:AB:96:20,-71
BLE,1705098564624262866,DF:DF:EE:00:00:04,-56
BLE,1705098565080228696,DF:DF:EE:00:00:04,-24
BLE,1705098565628487638,DF:DF:EE:00:00:04,-38
BLE,1705098565970605905,D3:F4:55:AB:96:20,-76
BLE,1705098566162862328,D3:F4:55:AB:96:20,-70
BLE,1705098566557818426,D3:F4:55:AB:96:20,-76
BLE,1705098566623445104,DF:DF:EE:00:00:04,-39
BLE,1705098566744393958,D3:F4:55:AB:96:20,-71
BLE,1705098567126306544,D3:F4:55:AB:96:20,-70
BLE,1705098567316453325,D3:F4:55:AB:96:20,-69
BLE,1705098567508986870,D3:F4:55:AB:96:20,-71
BLE,1705098567624613329,DF:DF:EE:00:00:04,-38
BLE,1705098567895171239,D3:F4:55:AB:96:20,-70
BLE,1705098568087161707,DF:DF:EE:00:00:04,-39
BLE,1705098568288035278,D3:F4:55:AB:96:20,-62
BLE,1705098568479006466,D3:F4:55:AB:96:20,-70
BLE,1705098568626607003,DF:DF:EE:00:00:04,-40
BLE,1705098568861439587,D3:F4:55:AB:96:20,-70
BLE,1705098569058327705,D3:F4:55:AB:96:20,-75
BLE,1705098569155035389,DF:A6:DC:DC:2E:81,-54
BLE,1705098569155090639,DF:DF:EE:00:00:01,-54
BLE,1705098569624168063,DF:DF:EE:00:00:04,-38
BLE,1705098569628402680,D3:F4:55:AB:96:20,-70
BLE,1705098569820978182,D3:F4:55:AB:96:20,-75
BLE,1705098570017482555,D3:F4:55:AB:96:20,-53
BLE,1705098570786566747,D3:F4:55:AB:96:20,-69
BLE,1705098570981679137,D3:F4:55:AB:96:20,-69
BLE,1705098571087529004,DF:DF:EE:00:00:04,-22
BLE,1705098571364905498,D3:F4:55:AB:96:20,-67
BLE,1705098571555031072,D3:F4:55:AB:96:20,-76
BLE,1705098571623011639,DF:DF:EE:00:00:04,-39
BLE,1705098571741479731,D3:F4:55:AB:96:20,-70
BLE,1705098572133809276,D3:F4:55:AB:96:20,-53
BLE,1705098572520552054,D3:F4:55:AB:96:20,-61
BLE,1705098572706521052,D3:F4:55:AB:96:20,-70
BLE,1705098572977947910,DF:A6:DC:DC:2E:81,-68
BLE,1705098572977968993,DF:DF:EE:00:00:01,-68
BLE,1705098573091341603,D3:F4:55:AB:96:20,-57
BLE,1705098573482018168,D3:F4:55:AB:96:20,-69
BLE,1705098573678665706,D3:F4:55:AB:96:20,-73
BLE,1705098574072059697,D3:F4:55:AB:96:20,-76
BLE,1705098574089763111,DF:DF:EE:00:00:04,-38
BLE,1705098574257780323,D3:F4:55:AB:96:20,-71
BLE,1705098574453701411,D3:F4:55:AB:96:20,-75
BLE,1705098574839203912,D3:F4:55:AB:96:20,-76
BLE,1705098575035319664,D3:F4:55:AB:96:20,-67
BLE,1705098575087011633,DF:DF:EE:00:00:04,-40
BLE,1705098575418447736,D3:F4:55:AB:96:20,-68
BLE,1705098575804429940,D3:F4:55:AB:96:20,-76
BLE,1705098575992480205,D3:F4:55:AB:96:20,-70
BLE,1705098576090013670,DF:DF:EE:00:00:04,-39
BLE,1705098576188706331,D3:F4:55:AB:96:20,-76
BLE,1705098576384041426,D3:F4:55:AB:96:20,-58
BLE,1705098576624099447,DF:DF:EE:00:00:04,-51
BLE,1705098576772505975,D3:F4:55:AB:96:20,-76
BLE,1705098576962423968,D3:F4:55:AB:96:20,-70
BLE,1705098577621154930,DF:DF:EE:00:00:04,-38
BLE,1705098577926369802,D3:F4:55:AB:96:20,-75
BLE,1705098578086000238,DF:DF:EE:00:00:04,-39
BLE,1705098578116365294,D3:F4:55:AB:96:20,-67
BLE,1705098578505456128,D3:F4:55:AB:96:20,-72
BLE,1705098578890873713,D3:F4:55:AB:96:20,-76
BLE,1705098579269007511,D3:F4:55:AB:96:20,-80
BLE,1705098579353688379,DF:A6:DC:DC:2E:81,-72
BLE,1705098579353702212,DF:DF:EE:00:00:01,-72
BLE,1705098579627462334,DF:DF:EE:00:00:04,-40
BLE,1705098580042137446,D3:F4:55:AB:96:20,-70
BLE,1705098580425447891,D3:F4:55:AB:96:20,-57
BLE,1705098580620188993,D3:F4:55:AB:96:20,-77
BLE,1705098580621235605,DF:DF:EE:00:00:04,-40
BLE,1705098580813040450,D3:F4:55:AB:96:20,-68
BLE,1705098581084598139,DF:DF:EE:00:00:04,-39
BLE,1705098581390183549,D3:F4:55:AB:96:20,-70
BLE,1705098581626409700,DF:DF:EE:00:00:04,-38
BLE,1705098581773647533,D3:F4:55:AB:96:20,-71
BLE,1705098582082891066,DF:DF:EE:00:00:04,-46
BLE,1705098582158991453,D3:F4:55:AB:96:20,-71
BLE,1705098582352080366,D3:F4:55:AB:96:20,-95
BLE,1705098582543223011,D3:F4:55:AB:96:20,-70
BLE,1705098582622915397,DF:DF:EE:00:00:04,-40
BLE,1705098582738108611,D3:F4:55:AB:96:20,-76
BLE,1705098583124998471,D3:F4:55:AB:96:20,-70
BLE,1705098583622578765,DF:DF:EE:00:00:04,-22
BLE,1705098583896842089,D3:F4:55:AB:96:20,-68
BLE,1705098584080188285,DF:DF:EE:00:00:04,-39
BLE,1705098584275845084,D3:F4:55:AB:96:20,-71
BLE,1705098584657669588,D3:F4:55:AB:96:20,-70
BLE,1705098585039309176,D3:F4:55:AB:96:20,-70
BLE,1705098585435182055,D3:F4:55:AB:96:20,-76
BLE,1705098585624628428,DF:DF:EE:00:00:04,-38
BLE,1705098586012280404,D3:F4:55:AB:96:20,-68
BLE,1705098586083682013,DF:DF:EE:00:00:04,-39
BLE,1705098586208187742,D3:F4:55:AB:96:20,-70
BLE,1705098586404371660,D3:F4:55:AB:96:20,-76
BLE,1705098586625415824,DF:DF:EE:00:00:04,-39
BLE,1705098586979851403,D3:F4:55:AB:96:20,-67
BLE,1705098587083609170,DF:DF:EE:00:00:04,-38
BLE,1705098587560400753,D3:F4:55:AB:96:20,-70
BLE,1705098588088036773,DF:DF:EE:00:00:04,-40
BLE,1705098588143059661,D3:F4:55:AB:96:20,-56
BLE,1705098588258021795,DF:A6:DC:DC:2E:81,-68
BLE,1705098588258052919,DF:DF:EE:00:00:01,-68
BLE,1705098588335391750,D3:F4:55:AB:96:20,-97
BLE,1705098588719444810,D3:F4:55:AB:96:20,-75
BLE,1705098588908044694,D3:F4:55:AB:96:20,-70
BLE,1705098589083583316,DF:DF:EE:00:00:04,-40
BLE,1705098589622965571,DF:DF:EE:00:00:04,-40
BLE,1705098589685236956,D3:F4:55:AB:96:20,-76
BLE,1705098589876971677,D3:F4:55:AB:96:20,-70
BLE,1705098590068187571,D3:F4:55:AB:96:20,-93
BLE,1705098590624256879,DF:DF:EE:00:00:04,-40
BLE,1705098590657078030,D3:F4:55:AB:96:20,-77
BLE,1705098590853460363,D3:F4:55:AB:96:20,-68
BLE,1705098591047737637,D3:F4:55:AB:96:20,-70
BLE,1705098591082160561,DF:DF:EE:00:00:04,-39
BLE,1705098591242650154,D3:F4:55:AB:96:20,-76
BLE,1705098591428888607,D3:F4:55:AB:96:20,-70
BLE,1705098591621678440,D3:F4:55:AB:96:20,-76
BLE,1705098591623769374,DF:DF:EE:00:00:04,-40
BLE,1705098592079387500,DF:DF:EE:00:00:04,-39
BLE,1705098592208391592,D3:F4:55:AB:96:20,-75
BLE,1705098592395837780,D3:F4:55:AB:96:20,-56
BLE,1705098592618266220,DF:DF:EE:00:00:04,-39
BLE,1705098593160770855,D3:F4:55:AB:96:20,-70
BLE,1705098593349872899,D3:F4:55:AB:96:20,-69
BLE,1705098593544428254,D3:F4:55:AB:96:20,-71
BLE,1705098593619183448,DF:DF:EE:00:00:04,-37
BLE,1705098593739521976,D3:F4:55:AB:96:20,-76
BLE,1705098593925739055,D3:F4:55:AB:96:20,-75
BLE,1705098594119336754,D3:F4:55:AB:96:20,-76
BLE,1705098594625163658,DF:A6:DC:DC:2E:81,-70
BLE,1705098594625223574,DF:DF:EE:00:00:01,-70
BLE,1705098594691929531,D3:F4:55:AB:96:20,-71
BLE,1705098595268594969,D3:F4:55:AB:96:20,-74
BLE,1705098595456209906,D3:F4:55:AB:96:20,-70
BLE,1705098595618821598,DF:DF:EE:00:00:04,-39
BLE,1705098595646529852,D3:F4:55:AB:96:20,-69
BLE,1705098596023758452,D3:F4:55:AB:96:20,-68
BLE,1705098596215243134,D3:F4:55:AB:96:20,-76
BLE,1705098596600574887,D3:F4:55:AB:96:20,-70
BLE,1705098596620039114,DF:DF:EE:00:00:04,-39
BLE,1705098596792888060,D3:F4:55:AB:96:20,-69
BLE,1705098596984898736,D3:F4:55:AB:96:20,-56
BLE,1705098597082457368,DF:DF:EE:00:00:04,-50
BLE,1705098597376685663,D3:F4:55:AB:96:20,-68
BLE,1705098597564872593,D3:F4:55:AB:96:20,-61
BLE,1705098597617852880,DF:DF:EE:00:00:04,-39
BLE,1705098597751518083,D3:F4:55:AB:96:20,-70
BLE,1705098597949170067,D3:F4:55:AB:96:20,-76
BLE,1705098598080720003,DF:DF:EE:00:00:04,-41
BLE,1705098598136787337,D3:F4:55:AB:96:20,-89
BLE,1705098598526531329,D3:F4:55:AB:96:20,-68
BLE,1705098598528135019,D3:F4:55:AB:96:20,-76
BLE,1705098598622036236,DF:DF:EE:00:00:04,-40
BLE,1705098598723689319,D3:F4:55:AB:96:20,-67
BLE,1705098598916097699,D3:F4:55:AB:96:20,-76
BLE,1705098599087801533,DF:DF:EE:00:00:04,-37
BLE,1705098599110452264,D3:F4:55:AB:96:20,-69
BLE,1705098599491931772,D3:F4:55:AB:96:20,-68
BLE,1705098599619708169,DF:DF:EE:00:00:04,-39
BLE,1705098599683763783,D3:F4:55:AB:96:20,-57
BLE,1705098599880470778,D3:F4:55:AB:96:20,-88
BLE,1705098600068294421,D3:F4:55:AB:96:20,-56
BLE,1705098600258446703,D3:F4:55:AB:96:20,-69
BLE,1705098600621425055,DF:DF:EE:00:00:04,-56
BLE,1705098600635735427,D3:F4:55:AB:96:20,-67
BLE,1705098600826008665,D3:F4:55:AB:96:20,-77
BLE,1705098601016172655,D3:F4:55:AB:96:20,-71
BLE,1705098601080851844,DF:DF:EE:00:00:04,-40
BLE,1705098601206189188,D3:F4:55:AB:96:20,-75
BLE,1705098601621104173,DF:DF:EE:00:00:04,-38
BLE,1705098601982358504,D3:F4:55:AB:96:20,-70
BLE,1705098602271734273,DF:A6:DC:DC:2E:81,-68
BLE,1705098602271766565,DF:DF:EE:00:00:01,-68
BLE,1705098602558557489,D3:F4:55:AB:96:20,-75
BLE,1705098602620431962,DF:DF:EE:00:00:04,-39
BLE,1705098602941400397,D3:F4:55:AB:96:20,-76
BLE,1705098603082401430,DF:DF:EE:00:00:04,-38
BLE,1705098603322651824,D3:F4:55:AB:96:20,-76
BLE,1705098603713172016,D3:F4:55:AB:96:20,-71
BLE,1705098603902595139,D3:F4:55:AB:96:20,-68
BLE,1705098604473620519,D3:F4:55:AB:96:20,-76
BLE,1705098604670883966,D3:F4:55:AB:96:20,-76
BLE,1705098604821730090,DF:A6:DC:DC:2E:81,-71
BLE,1705098604821748089,DF:DF:EE:00:00:01,-71
BLE,1705098604866073646,D3:F4:55:AB:96:20,-69
BLE,1705098605062123316,D3:F4:55:AB:96:20,-72
BLE,1705098605655070518,D3:F4:55:AB:96:20,-68
BLE,1705098606044767803,D3:F4:55:AB:96:20,-75
BLE,1705098606077695203,DF:DF:EE:00:00:04,-39
BLE,1705098606232136826,D3:F4:55:AB:96:20,-70
BLE,1705098606610723243,D3:F4:55:AB:96:20,-75
BLE,1705098606625632232,DF:DF:EE:00:00:04,-39
BLE,1705098607083778412,DF:DF:EE:00:00:04,-39
BLE,1705098607364930070,DF:A6:DC:DC:2E:81,-71
BLE,1705098607365005569,DF:DF:EE:00:00:01,-71
BLE,1705098607775895727,D3:F4:55:AB:96:20,-77
BLE,1705098607965486016,D3:F4:55:AB:96:20,-70
BLE,1705098608160787486,D3:F4:55:AB:96:20,-61
BLE,1705098608350611771,D3:F4:55:AB:96:20,-57
BLE,1705098608546044657,D3:F4:55:AB:96:20,-76
BLE,1705098608932149943,D3:F4:55:AB:96:20,-70
BLE,1705098609083589893,DF:DF:EE:00:00:04,-40
BLE,1705098609128275903,D3:F4:55:AB:96:20,-76
BLE,1705098609313667033,D3:F4:55:AB:96:20,-72
BLE,1705098609509905326,D3:F4:55:AB:96:20,-77
BLE,1705098609621663581,DF:DF:EE:00:00:04,-40
BLE,1705098609704473513,D3:F4:55:AB:96:20,-68
BLE,1705098609898317126,D3:F4:55:AB:96:20,-70
BLE,1705098610083245594,DF:DF:EE:00:00:04,-32
BLE,1705098610478002277,D3:F4:55:AB:96:20,-75
BLE,1705098610618898936,DF:DF:EE:00:00:04,-38
BLE,1705098611058318422,D3:F4:55:AB:96:20,-69
BLE,1705098611087461742,DF:DF:EE:00:00:04,-40
BLE,1705098611183583641,DF:A6:DC:DC:2E:81,-69
BLE,1705098611183610349,DF:DF:EE:00:00:01,-69
BLE,1705098611248167540,D3:F4:55:AB:96:20,-91
BLE,1705098611445057200,D3:F4:55:AB:96:20,-76
BLE,1705098611621950389,DF:DF:EE:00:00:04,-38
BLE,1705098611828686724,D3:F4:55:AB:96:20,-76
BLE,1705098612403920178,D3:F4:55:AB:96:20,-68
BLE,1705098612783801413,D3:F4:55:AB:96:20,-71
BLE,1705098613166657904,D3:F4:55:AB:96:20,-70
BLE,1705098613168165761,D3:F4:55:AB:96:20,-53
BLE,1705098613358808787,D3:F4:55:AB:96:20,-62
BLE,1705098613627510177,DF:DF:EE:00:00:04,-40
BLE,1705098613747217754,D3:F4:55:AB:96:20,-88
BLE,1705098614086272641,DF:DF:EE:00:00:04,-38
BLE,1705098614130021871,D3:F4:55:AB:96:20,-84
BLE,1705098614515702328,D3:F4:55:AB:96:20,-71
BLE,1705098614625787978,DF:DF:EE:00:00:04,-38
BLE,1705098614709673356,D3:F4:55:AB:96:20,-76
BLE,1705098614894795989,D3:F4:55:AB:96:20,-70
BLE,1705098615077928479,DF:DF:EE:00:00:04,-38
BLE,1705098615092720345,D3:F4:55:AB:96:20,-76
BLE,1705098615478926380,D3:F4:55:AB:96:20,-72
BLE,1705098616058014497,D3:F4:55:AB:96:20,-91
BLE,1705098616080030818,DF:DF:EE:00:00:04,-39
BLE,1705098616243806622,D3:F4:55:AB:96:20,-70
BLE,1705098616626184952,DF:DF:EE:00:00:04,-38
BLE,1705098616636226249,D3:F4:55:AB:96:20,-69
BLE,1705098617079279775,DF:DF:EE:00:00:04,-39
BLE,1705098617212713106,D3:F4:55:AB:96:20,-72
BLE,1705098617408085158,D3:F4:55:AB:96:20,-76
BLE,1705098617593812618,D3:F4:55:AB:96:20,-70
BLE,1705098617619254982,DF:DF:EE:00:00:04,-38
BLE,1705098618171405669,D3:F4:55:AB:96:20,-75
BLE,1705098618367678670,D3:F4:55:AB:96:20,-53
BLE,1705098618562725643,D3:F4:55:AB:96:20,-69
BLE,1705098618621479153,DF:DF:EE:00:00:04,-39
BLE,1705098618753417668,D3:F4:55:AB:96:20,-69
BLE,1705098618946363792,D3:F4:55:AB:96:20,-70
BLE,1705098619334139933,D3:F4:55:AB:96:20,-67
BLE,1705098619714300289,D3:F4:55:AB:96:20,-69
BLE,1705098620293729152,D3:F4:55:AB:96:20,-93
BLE,1705098620627586934,DF:DF:EE:00:00:04,-40
BLE,1705098621078335326,D3:F4:55:AB:96:20,-75
BLE,1705098621085200662,DF:DF:EE:00:00:04,-39
BLE,1705098621621226332,DF:DF:EE:00:00:04,-38
BLE,1705098622087164961,DF:DF:EE:00:00:04,-39
BLE,1705098622237676255,D3:F4:55:AB:96:20,-69
BLE,1705098622615602222,D3:F4:55:AB:96:20,-71
BLE,1705098622643729179,DF:A6:DC:DC:2E:81,-71
BLE,1705098622643758554,DF:DF:EE:00:00:01,-71
BLE,1705098623008725841,D3:F4:55:AB:96:20,-76
BLE,1705098623081764139,DF:DF:EE:00:00:04,-57
BLE,1705098623392552945,D3:F4:55:AB:96:20,-76
BLE,1705098624081895335,DF:DF:EE:00:00:04,-39
BLE,1705098624360283235,D3:F4:55:AB:96:20,-77
BLE,1705098624556546152,D3:F4:55:AB:96:20,-67
BLE,1705098624617697384,DF:DF:EE:00:00:04,-39
BLE,1705098624938887108,D3:F4:55:AB:96:20,-68
BLE,1705098625128202857,D3:F4:55:AB:96:20,-76
BLE,1705098625510537646,D3:F4:55:AB:96:20,-77
BLE,1705098626077087996,DF:DF:EE:00:00:04,-39
BLE,1705098626092928558,D3:F4:55:AB:96:20,-76
BLE,1705098626459462618,DF:A6:DC:DC:2E:81,-69
BLE,1705098626459530617,DF:DF:EE:00:00:01,-69
BLE,1705098626478784138,D3:F4:55:AB:96:20,-76
BLE,1705098627086356333,DF:DF:EE:00:00:04,-52
BLE,1705098627441596778,D3:F4:55:AB:96:20,-76
BLE,1705098627629943498,D3:F4:55:AB:96:20,-71
BLE,1705098628080371894,DF:DF:EE:00:00:04,-23
BLE,1705098628394528243,D3:F4:55:AB:96:20,-70
BLE,1705098628589868380,D3:F4:55:AB:96:20,-76
BLE,1705098628623023527,DF:DF:EE:00:00:04,-38
BLE,1705098629085085119,DF:DF:EE:00:00:04,-39
BLE,1705098629363159439,D3:F4:55:AB:96:20,-70
BLE,1705098629557885624,D3:F4:55:AB:96:20,-75
BLE,1705098629625361072,DF:DF:EE:00:00:04,-40
BLE,1705098629748084239,D3:F4:55:AB:96:20,-70
BLE,1705098630079367426,DF:DF:EE:00:00:04,-45
BLE,1705098630330814146,D3:F4:55:AB:96:20,-70
BLE,1705098631292896419,D3:F4:55:AB:96:20,-76
BLE,1705098631549529869,DF:A6:DC:DC:2E:81,-68
BLE,1705098631549583035,DF:DF:EE:00:00:01,-68
BLE,1705098631616937651,DF:DF:EE:00:00:04,-39
BLE,1705098631679540073,D3:F4:55:AB:96:20,-71
BLE,1705098631876922144,D3:F4:55:AB:96:20,-76
BLE,1705098632070995837,D3:F4:55:AB:96:20,-69
BLE,1705098632080146354,DF:DF:EE:00:00:04,-40
BLE,1705098632260565584,D3:F4:55:AB:96:20,-75
BLE,1705098632625541871,DF:DF:EE:00:00:04,-38
BLE,1705098632827001560,DF:A6:DC:DC:2E:81,-68
BLE,1705098632827028935,DF:DF:EE:00:00:01,-68
BLE,1705098632835548333,D3:F4:55:AB:96:20,-53
BLE,1705098633223545805,D3:F4:55:AB:96:20,-76
BLE,1705098633415802978,D3:F4:55:AB:96:20,-70
BLE,1705098633608317315,D3:F4:55:AB:96:20,-77
BLE,1705098633615664978,DF:DF:EE:00:00:04,-39
BLE,1705098634194018812,D3:F4:55:AB:96:20,-75
BLE,1705098634575656693,D3:F4:55:AB:96:20,-75
BLE,1705098634768961228,D3:F4:55:AB:96:20,-68
BLE,1705098635081175018,DF:DF:EE:00:00:04,-38
BLE,1705098635153170328,D3:F4:55:AB:96:20,-68
BLE,1705098635349531495,D3:F4:55:AB:96:20,-70
BLE,1705098635547198603,D3:F4:55:AB:96:20,-76
BLE,1705098635742714571,D3:F4:55:AB:96:20,-67
BLE,1705098635936775181,D3:F4:55:AB:96:20,-70
BLE,1705098636086258155,DF:DF:EE:00:00:04,-24
BLE,1705098636332462395,D3:F4:55:AB:96:20,-77
BLE,1705098637282951764,D3:F4:55:AB:96:20,-70
BLE,1705098637481502030,D3:F4:55:AB:96:20,-77
BLE,1705098637868350890,D3:F4:55:AB:96:20,-70
BLE,1705098637915572745,DF:A6:DC:DC:2E:81,-68
BLE,1705098637915600162,DF:DF:EE:00:00:01,-68
BLE,1705098638084207741,DF:DF:EE:00:00:04,-39
BLE,1705098638624201656,D3:F4:55:AB:96:20,-77
BLE,1705098638819470543,D3:F4:55:AB:96:20,-67
BLE,1705098639084109065,DF:DF:EE:00:00:04,-39
BLE,1705098639199533609,D3:F4:55:AB:96:20,-70
BLE,1705098639390754878,D3:F4:55:AB:96:20,-81
BLE,1705098639578895142,D3:F4:55:AB:96:20,-71
BLE,1705098639775929259,D3:F4:55:AB:96:20,-77
BLE,1705098640079357069,DF:DF:EE:00:00:04,-39
BLE,1705098640163070574,D3:F4:55:AB:96:20,-71
BLE,1705098640358203505,D3:F4:55:AB:96:20,-76
BLE,1705098640741569781,D3:F4:55:AB:96:20,-75
BLE,1705098640934492988,D3:F4:55:AB:96:20,-68
BLE,1705098641081458325,DF:DF:EE:00:00:04,-24
BLE,1705098641123720281,D3:F4:55:AB:96:20,-61
BLE,1705098641309748861,D3:F4:55:AB:96:20,-73
BLE,1705098641504763335,D3:F4:55:AB:96:20,-75
BLE,1705098641618683064,DF:DF:EE:00:00:04,-40
BLE,1705098641695393486,D3:F4:55:AB:96:20,-75
BLE,1705098642079920124,DF:DF:EE:00:00:04,-39
BLE,1705098642083331875,D3:F4:55:AB:96:20,-68
BLE,1705098642272744332,D3:F4:55:AB:96:20,-77
BLE,1705098642461354549,D3:F4:55:AB:96:20,-70
BLE,1705098642616918450,DF:DF:EE:00:00:04,-40
BLE,1705098643231447104,D3:F4:55:AB:96:20,-68
BLE,1705098643421730051,D3:F4:55:AB:96:20,-75
BLE,1705098643620295982,DF:DF:EE:00:00:04,-39
BLE,1705098643807169428,D3:F4:55:AB:96:20,-71
BLE,1705098643997418375,D3:F4:55:AB:96:20,-69
BLE,1705098644078928781,DF:DF:EE:00:00:04,-39
BLE,1705098644189035931,D3:F4:55:AB:96:20,-70
BLE,1705098644384825979,D3:F4:55:AB:96:20,-76
BLE,1705098644576683073,D3:F4:55:AB:96:20,-70
BLE,1705098644624940166,DF:DF:EE:00:00:04,-39
BLE,1705098644965069540,D3:F4:55:AB:96:20,-70
BLE,1705098645087146798,DF:DF:EE:00:00:04,-40
BLE,1705098645625136237,DF:DF:EE:00:00:04,-52
BLE,1705098645726668238,D3:F4:55:AB:96:20,-58
BLE,1705098645922433703,D3:F4:55:AB:96:20,-70
BLE,1705098646079995705,DF:DF:EE:00:00:04,-38
BLE,1705098646112012116,D3:F4:55:AB:96:20,-68
BLE,1705098646499041308,D3:F4:55:AB:96:20,-76
BLE,1705098646690525865,D3:F4:55:AB:96:20,-70
BLE,1705098646847125671,DF:A6:DC:DC:2E:81,-70
BLE,1705098646847162170,DF:DF:EE:00:00:01,-70
BLE,1705098646881948173,D3:F4:55:AB:96:20,-61
BLE,1705098647071531212,D3:F4:55:AB:96:20,-71
BLE,1705098647087702061,DF:DF:EE:00:00:04,-41
BLE,1705098647851630981,D3:F4:55:AB:96:20,-76
BLE,1705098648042377673,D3:F4:55:AB:96:20,-70
BLE,1705098648235499419,D3:F4:55:AB:96:20,-77
BLE,1705098648423314520,D3:F4:55:AB:96:20,-72
BLE,1705098648619130901,D3:F4:55:AB:96:20,-61
BLE,1705098648624298048,DF:DF:EE:00:00:04,-40
BLE,1705098648814119666,D3:F4:55:AB:96:20,-68
BLE,1705098649080414460,DF:DF:EE:00:00:04,-39
BLE,1705098649386301407,D3:F4:55:AB:96:20,-56
BLE,1705098649398519595,DF:A6:DC:DC:2E:81,-71
BLE,1705098649398532554,DF:DF:EE:00:00:01,-71
BLE,1705098649575568866,D3:F4:55:AB:96:20,-53
BLE,1705098649623611212,DF:DF:EE:00:00:04,-39
BLE,1705098649763747379,D3:F4:55:AB:96:20,-76
BLE,1705098650080695404,DF:DF:EE:00:00:04,-40
BLE,1705098650147801148,D3:F4:55:AB:96:20,-76
BLE,1705098650536293239,D3:F4:55:AB:96:20,-56
BLE,1705098650729722231,D3:F4:55:AB:96:20,-76
BLE,1705098651080635686,DF:DF:EE:00:00:04,-39
BLE,1705098651119888719,D3:F4:55:AB:96:20,-70
BLE,1705098651513280377,D3:F4:55:AB:96:20,-53
BLE,1705098651617101934,DF:DF:EE:00:00:04,-39
BLE,1705098651901992673,D3:F4:55:AB:96:20,-61
BLE,1705098652079648853,DF:DF:EE:00:00:04,-41
BLE,1705098652090633806,D3:F4:55:AB:96:20,-57
BLE,1705098652474685366,D3:F4:55:AB:96:20,-57
BLE,1705098652621049752,DF:DF:EE:00:00:04,-39
BLE,1705098652664869314,D3:F4:55:AB:96:20,-76
BLE,1705098652860918359,D3:F4:55:AB:96:20,-68
BLE,1705098653055916875,D3:F4:55:AB:96:20,-71
BLE,1705098653077179289,DF:DF:EE:00:00:04,-27
BLE,1705098653435130992,D3:F4:55:AB:96:20,-77
BLE,1705098653620018045,DF:DF:EE:00:00:04,-39
BLE,1705098653626764881,D3:F4:55:AB:96:20,-67
BLE,1705098654086700290,DF:DF:EE:00:00:04,-39
BLE,1705098654396558107,D3:F4:55:AB:96:20,-97
BLE,1705098654588214620,D3:F4:55:AB:96:20,-70
BLE,1705098654624724645,DF:DF:EE:00:00:04,-40
BLE,1705098654783884545,D3:F4:55:AB:96:20,-75
BLE,1705098654971676021,D3:F4:55:AB:96:20,-87
BLE,1705098655166701745,D3:F4:55:AB:96:20,-88
BLE,1705098655359525995,D3:F4:55:AB:96:20,-69
BLE,1705098655756595150,DF:A6:DC:DC:2E:81,-68
BLE,1705098655756625650,DF:DF:EE:00:00:01,-68
BLE,1705098655938755985,D3:F4:55:AB:96:20,-56
BLE,1705098656087265553,DF:DF:EE:00:00:04,-39
BLE,1705098656130922326,D3:F4:55:AB:96:20,-76
BLE,1705098656322603381,D3:F4:55:AB:96:20,-71
BLE,1705098656904004054,D3:F4:55:AB:96:20,-73
BLE,1705098657098640157,D3:F4:55:AB:96:20,-76
BLE,1705098657285858099,D3:F4:55:AB:96:20,-70
BLE,1705098657679443087,D3:F4:55:AB:96:20,-67
BLE,1705098657869887574,D3:F4:55:AB:96:20,-70
BLE,1705098658301600318,DF:A6:DC:DC:2E:81,-69
BLE,1705098658301636317,DF:DF:EE:00:00:01,-69
BLE,1705098658441784985,D3:F4:55:AB:96:20,-68
BLE,1705098658623996444,DF:DF:EE:00:00:04,-39
BLE,1705098658631357273,D3:F4:55:AB:96:20,-76
BLE,1705098658819330456,D3:F4:55:AB:96:20,-70
BLE,1705098659013531397,D3:F4:55:AB:96:20,-76
BLE,1705098659079888275,DF:DF:EE:00:00:04,-39
BLE,1705098659205561032,D3:F4:55:AB:96:20,-53
BLE,1705098659977569231,D3:F4:55:AB:96:20,-76
BLE,1705098660168746125,D3:F4:55:AB:96:20,-69
BLE,1705098660364389675,D3:F4:55:AB:96:20,-94
BLE,1705098660618913525,DF:DF:EE:00:00:04,-39
BLE,1705098660941849436,D3:F4:55:AB:96:20,-69
BLE,1705098661082517306,DF:DF:EE:00:00:04,-40
BLE,1705098661136876077,D3:F4:55:AB:96:20,-70
BLE,1705098661533028701,D3:F4:55:AB:96:20,-75
BLE,1705098661728224465,D3:F4:55:AB:96:20,-69
BLE,1705098661922240409,D3:F4:55:AB:96:20,-70
BLE,1705098662078627050,DF:DF:EE:00:00:04,-38
BLE,1705098662119262400,D3:F4:55:AB:96:20,-75
BLE,1705098662313989127,D3:F4:55:AB:96:20,-68
BLE,1705098662693687489,D3:F4:55:AB:96:20,-53
BLE,1705098662888554173,D3:F4:55:AB:96:20,-70
BLE,1705098663271418539,D3:F4:55:AB:96:20,-72
BLE,1705098663466508387,D3:F4:55:AB:96:20,-76
BLE,1705098663618029711,DF:DF:EE:00:00:04,-39
BLE,1705098663657849571,D3:F4:55:AB:96:20,-71
BLE,1705098664083736718,DF:DF:EE:00:00:04,-38
BLE,1705098664238811374,D3:F4:55:AB:96:20,-71
BLE,1705098664430174683,D3:F4:55:AB:96:20,-69
BLE,1705098664620883875,D3:F4:55:AB:96:20,-69
BLE,1705098664668682640,DF:A6:DC:DC:2E:81,-68
BLE,1705098664668700265,DF:DF:EE:00:00:01,-68
BLE,1705098665007586820,D3:F4:55:AB:96:20,-56
BLE,1705098665201166936,D3:F4:55:AB:96:20,-77
BLE,1705098665389457157,D3:F4:55:AB:96:20,-57
BLE,1705098665585573034,D3:F4:55:AB:96:20,-77
BLE,1705098665776324558,D3:F4:55:AB:96:20,-68
BLE,1705098666544449595,D3:F4:55:AB:96:20,-67
BLE,1705098666619118374,DF:DF:EE:00:00:04,-23
BLE,1705098666930165094,D3:F4:55:AB:96:20,-75
BLE,1705098667076864392,DF:DF:EE:00:00:04,-39
BLE,1705098667117483201,D3:F4:55:AB:96:20,-70
BLE,1705098668080422756,D3:F4:55:AB:96:20,-76
BLE,1705098668461679808,D3:F4:55:AB:96:20,-76
BLE,1705098668494097214,DF:A6:DC:DC:2E:81,-69
BLE,1705098668494109464,DF:DF:EE:00:00:01,-69
BLE,1705098668650282191,D3:F4:55:AB:96:20,-57
BLE,1705098668840223517,D3:F4:55:AB:96:20,-53
BLE,1705098669079082386,DF:DF:EE:00:00:04,-39
BLE,1705098669223402046,D3:F4:55:AB:96:20,-68
BLE,1705098669224719697,D3:F4:55:AB:96:20,-76
BLE,1705098669413332580,D3:F4:55:AB:96:20,-71
BLE,1705098669607516688,D3:F4:55:AB:96:20,-75
BLE,1705098669618994760,DF:DF:EE:00:00:04,-39
BLE,1705098669794668172,D3:F4:55:AB:96:20,-70
BLE,1705098669987522963,D3:F4:55:AB:96:20,-69
BLE,1705098670180080633,D3:F4:55:AB:96:20,-69
BLE,1705098670561262477,D3:F4:55:AB:96:20,-72
BLE,1705098670624186896,DF:DF:EE:00:00:04,-40
BLE,1705098670750764058,D3:F4:55:AB:96:20,-69
BLE,1705098671080331558,DF:DF:EE:00:00:04,-39
BLE,1705098671137914749,D3:F4:55:AB:96:20,-76
BLE,1705098671328811063,D3:F4:55:AB:96:20,-89
BLE,1705098671623335896,DF:DF:EE:00:00:04,-38
BLE,1705098671712316630,D3:F4:55:AB:96:20,-57
BLE,1705098672079046646,DF:DF:EE:00:00:04,-39
BLE,1705098672294797331,D3:F4:55:AB:96:20,-70
BLE,1705098672680999908,D3:F4:55:AB:96:20,-70
BLE,1705098672682318517,D3:F4:55:AB:96:20,-67
BLE,1705098672874033822,D3:F4:55:AB:96:20,-76
BLE,1705098673063365280,D3:F4:55:AB:96:20,-70
BLE,1705098673449532732,D3:F4:55:AB:96:20,-67
BLE,1705098673645529860,D3:F4:55:AB:96:20,-71
BLE,1705098673840439919,D3:F4:55:AB:96:20,-76
BLE,1705098674030512743,D3:F4:55:AB:96:20,-70
BLE,1705098674413301693,D3:F4:55:AB:96:20,-57
BLE,1705098674604733751,D3:F4:55:AB:96:20,-76
BLE,1705098674989882298,D3:F4:55:AB:96:20,-61
BLE,1705098675082290950,DF:DF:EE:00:00:04,-22
BLE,1705098675176130293,D3:F4:55:AB:96:20,-71
BLE,1705098675371119101,D3:F4:55:AB:96:20,-76
BLE,1705098675556459439,D3:F4:55:AB:96:20,-57
BLE,1705098675754423003,D3:F4:55:AB:96:20,-76
BLE,1705098676083236845,DF:DF:EE:00:00:04,-38
BLE,1705098676335532679,D3:F4:55:AB:96:20,-76
BLE,1705098676526511993,D3:F4:55:AB:96:20,-70
BLE,1705098676620011715,DF:DF:EE:00:00:04,-39
BLE,1705098676715282999,D3:F4:55:AB:96:20,-53
BLE,1705098676905040660,D3:F4:55:AB:96:20,-72
BLE,1705098677103177847,D3:F4:55:AB:96:20,-75
BLE,1705098677290377664,D3:F4:55:AB:96:20,-70
BLE,1705098677402974075,DF:A6:DC:DC:2E:81,-54
BLE,1705098677403033908,DF:DF:EE:00:00:01,-54
BLE,1705098677685309886,D3:F4:55:AB:96:20,-80
BLE,1705098678077845846,DF:DF:EE:00:00:04,-39
BLE,1705098678258992193,D3:F4:55:AB:96:20,-70
BLE,1705098678453767294,D3:F4:55:AB:96:20,-76
BLE,1705098678619201786,DF:DF:EE:00:00:04,-38
BLE,1705098678640532283,D3:F4:55:AB:96:20,-61
BLE,1705098678832325670,D3:F4:55:AB:96:20,-76
BLE,1705098679082371323,DF:DF:EE:00:00:04,-41
BLE,1705098679217787588,D3:F4:55:AB:96:20,-77
BLE,1705098679594961397,D3:F4:55:AB:96:20,-69
BLE,1705098679625145205,DF:DF:EE:00:00:04,-41
BLE,1705098679945031361,DF:A6:DC:DC:2E:81,-68
BLE,1705098679945067027,DF:DF:EE:00:00:01,-68
BLE,1705098679975475833,D3:F4:55:AB:96:20,-68
BLE,1705098680360148636,D3:F4:55:AB:96:20,-69
BLE,1705098680621991148,DF:DF:EE:00:00:04,-40
BLE,1705098680933694402,D3:F4:55:AB:96:20,-56
BLE,1705098681082716589,DF:DF:EE:00:00:04,-40
BLE,1705098681128465004,D3:F4:55:AB:96:20,-76
BLE,1705098681625273057,DF:DF:EE:00:00:04,-45
BLE,1705098681902397097,D3:F4:55:AB:96:20,-71
BLE,1705098682078053509,DF:DF:EE:00:00:04,-23
BLE,1705098682285256421,D3:F4:55:AB:96:20,-70
BLE,1705098682481899000,D3:F4:55:AB:96:20,-75
BLE,1705098682488462922,DF:A6:DC:DC:2E:81,-68
BLE,1705098682488473589,DF:DF:EE:00:00:01,-68
BLE,1705098682668888570,D3:F4:55:AB:96:20,-88
BLE,1705098683050446534,D3:F4:55:AB:96:20,-70
BLE,1705098683080695550,DF:DF:EE:00:00:04,-37
BLE,1705098683614116002,DF:DF:EE:00:00:04,-38
BLE,1705098683618561532,D3:F4:55:AB:96:20,-53
BLE,1705098683813686754,D3:F4:55:AB:96:20,-87
BLE,1705098684010376083,D3:F4:55:AB:96:20,-75
BLE,1705098684199516294,D3:F4:55:AB:96:20,-70
BLE,1705098684593107449,D3:F4:55:AB:96:20,-76
BLE,1705098684616772834,DF:DF:EE:00:00:04,-42
BLE,1705098684782554030,D3:F4:55:AB:96:20,-71
BLE,1705098685080350158,DF:DF:EE:00:00:04,-39
BLE,1705098685172580353,D3:F4:55:AB:96:20,-58
BLE,1705098685368678731,D3:F4:55:AB:96:20,-70
BLE,1705098685565558224,D3:F4:55:AB:96:20,-76
BLE,1705098685616829781,DF:DF:EE:00:00:04,-40
BLE,1705098686081687964,DF:DF:EE:00:00:04,-41
BLE,1705098686334990995,D3:F4:55:AB:96:20,-70
BLE,1705098686620467352,DF:DF:EE:00:00:04,-40
BLE,1705098686714859522,D3:F4:55:AB:96:20,-70
BLE,1705098687094738007,D3:F4:55:AB:96:20,-77
BLE,1705098687280274385,D3:F4:55:AB:96:20,-70
BLE,1705098687475145277,D3:F4:55:AB:96:20,-76
BLE,1705098687618326367,DF:DF:EE:00:00:04,-39
BLE,1705098687664508443,D3:F4:55:AB:96:20,-70
BLE,1705098688235269742,D3:F4:55:AB:96:20,-53
BLE,1705098688618286732,DF:DF:EE:00:00:04,-37
BLE,1705098688621727524,D3:F4:55:AB:96:20,-75
BLE,1705098688808334431,D3:F4:55:AB:96:20,-70
BLE,1705098688861190428,DF:A6:DC:DC:2E:81,-71
BLE,1705098688861204719,DF:DF:EE:00:00:01,-71
BLE,1705098688999101372,D3:F4:55:AB:96:20,-68
BLE,1705098689079460042,DF:DF:EE:00:00:04,-38
BLE,1705098689388132123,D3:F4:55:AB:96:20,-76
BLE,1705098689773068340,D3:F4:55:AB:96:20,-76
BLE,1705098690086502156,DF:DF:EE:00:00:04,-24
BLE,1705098690135078787,DF:A6:DC:DC:2E:81,-67
BLE,1705098690135092120,DF:DF:EE:00:00:01,-67
BLE,1705098690618297002,DF:DF:EE:00:00:04,-51
BLE,1705098690737042924,D3:F4:55:AB:96:20,-76
BLE,1705098690933335549,D3:F4:55:AB:96:20,-69
BLE,1705098691078455199,DF:DF:EE:00:00:04,-40
BLE,1705098691310498024,D3:F4:55:AB:96:20,-70
BLE,1705098691618144868,DF:DF:EE:00:00:04,-40
BLE,1705098691696847557,D3:F4:55:AB:96:20,-53
BLE,1705098691892985684,D3:F4:55:AB:96:20,-70
BLE,1705098692088320071,D3:F4:55:AB:96:20,-76
BLE,1705098692276061006,D3:F4:55:AB:96:20,-69
BLE,1705098692473203080,D3:F4:55:AB:96:20,-76
BLE,1705098692618651101,DF:DF:EE:00:00:04,-39
BLE,1705098693083007249,DF:DF:EE:00:00:04,-39
BLE,1705098693243364634,D3:F4:55:AB:96:20,-71
BLE,1705098693617799267,DF:DF:EE:00:00:04,-40
BLE,1705098693822678957,D3:F4:55:AB:96:20,-79
BLE,1705098694010920845,D3:F4:55:AB:96:20,-70
BLE,1705098694075733991,DF:DF:EE:00:00:04,-38
BLE,1705098694397827329,D3:F4:55:AB:96:20,-69
BLE,1705098694786305337,D3:F4:55:AB:96:20,-76
BLE,1705098694972922494,D3:F4:55:AB:96:20,-69
BLE,1705098695079749807,DF:DF:EE:00:00:04,-40
BLE,1705098695163923724,D3:F4:55:AB:96:20,-68
BLE,1705098695621737366,DF:DF:EE:00:00:04,-40
BLE,1705098696085189857,DF:DF:EE:00:00:04,-39
BLE,1705098696133385493,D3:F4:55:AB:96:20,-69
BLE,1705098696707099674,D3:F4:55:AB:96:20,-70
BLE,1705098697077115401,DF:DF:EE:00:00:04,-37
BLE,1705098697093783536,D3:F4:55:AB:96:20,-70
BLE,1705098697288575137,D3:F4:55:AB:96:20,-75
BLE,1705098697478192759,D3:F4:55:AB:96:20,-53
BLE,1705098697616783195,DF:DF:EE:00:00:04,-38
BLE,1705098697671376004,D3:F4:55:AB:96:20,-74
BLE,1705098698053936499,D3:F4:55:AB:96:20,-75
BLE,1705098698622588532,DF:DF:EE:00:00:04,-23
BLE,1705098698635531086,D3:F4:55:AB:96:20,-75
BLE,1705098698827663511,D3:F4:55:AB:96:20,-68
BLE,1705098699018151455,D3:F4:55:AB:96:20,-76
BLE,1705098699050671443,DF:A6:DC:DC:2E:81,-67
BLE,1705098699050687110,DF:DF:EE:00:00:01,-67
BLE,1705098699083040267,DF:DF:EE:00:00:04,-52
BLE,1705098699212663851,D3:F4:55:AB:96:20,-69
BLE,1705098699615384273,DF:DF:EE:00:00:04,-39
BLE,1705098699789024501,D3:F4:55:AB:96:20,-70
BLE,1705098700077796610,DF:DF:EE:00:00:04,-47
BLE,1705098700173587013,D3:F4:55:AB:96:20,-70
BLE,1705098700369521976,D3:F4:55:AB:96:20,-76
BLE,1705098700951681432,D3:F4:55:AB:96:20,-75
BLE,1705098701137770053,D3:F4:55:AB:96:20,-56
BLE,1705098702100885106,D3:F4:55:AB:96:20,-75
BLE,1705098702286633482,D3:F4:55:AB:96:20,-70
BLE,1705098702477170967,D3:F4:55:AB:96:20,-53
BLE,1705098702669741928,D3:F4:55:AB:96:20,-71
BLE,1705098702859425674,D3:F4:55:AB:96:20,-69
BLE,1705098702873855252,DF:A6:DC:DC:2E:81,-69
BLE,1705098702873883294,DF:DF:EE:00:00:01,-69
BLE,1705098703074941862,DF:DF:EE:00:00:04,-39
BLE,1705098703433139646,D3:F4:55:AB:96:20,-70
BLE,1705098704078293812,DF:DF:EE:00:00:04,-40
BLE,1705098704578712697,D3:F4:55:AB:96:20,-76
BLE,1705098704619398797,DF:DF:EE:00:00:04,-40
BLE,1705098704776798676,D3:F4:55:AB:96:20,-75
BLE,1705098705081136225,DF:DF:EE:00:00:04,-23
BLE,1705098705161763434,D3:F4:55:AB:96:20,-76
BLE,1705098705549819738,D3:F4:55:AB:96:20,-70
BLE,1705098705617039647,DF:DF:EE:00:00:04,-39
BLE,1705098706075189369,DF:DF:EE:00:00:04,-39
BLE,1705098706623762140,DF:DF:EE:00:00:04,-39
BLE,1705098706713643614,D3:F4:55:AB:96:20,-76
BLE,1705098706899213158,D3:F4:55:AB:96:20,-70
BLE,1705098707075848308,DF:DF:EE:00:00:04,-41
BLE,1705098707097213555,D3:F4:55:AB:96:20,-76
BLE,1705098707622132107,DF:DF:EE:00:00:04,-38
BLE,1705098707966741886,DF:A6:DC:DC:2E:81,-73
BLE,1705098707966782177,DF:DF:EE:00:00:01,-73
BLE,1705098708057118354,D3:F4:55:AB:96:20,-67
BLE,1705098708249673690,D3:F4:55:AB:96:20,-71
BLE,1705098708441162622,D3:F4:55:AB:96:20,-67
BLE,1705098708614065442,DF:DF:EE:00:00:04,-50
BLE,1705098708631920147,D3:F4:55:AB:96:20,-56
BLE,1705098708823434829,D3:F4:55:AB:96:20,-68
BLE,1705098709018511052,D3:F4:55:AB:96:20,-70
BLE,1705098709076256990,DF:DF:EE:00:00:04,-40
BLE,1705098709400343055,D3:F4:55:AB:96:20,-70
BLE,1705098709595555027,D3:F4:55:AB:96:20,-75
BLE,1705098709621064307,DF:DF:EE:00:00:04,-38
BLE,1705098709973236704,D3:F4:55:AB:96:20,-77
BLE,1705098710166112037,D3:F4:55:AB:96:20,-70
BLE,1705098710748706529,D3:F4:55:AB:96:20,-57
BLE,1705098711333497953,D3:F4:55:AB:96:20,-71
BLE,1705098711618015780,DF:DF:EE:00:00:04,-40
BLE,1705098711715437747,D3:F4:55:AB:96:20,-70
BLE,1705098711781786083,DF:A6:DC:DC:2E:81,-69
BLE,1705098711781800500,DF:DF:EE:00:00:01,-69
BLE,1705098711905330490,D3:F4:55:AB:96:20,-67
BLE,1705098712075027681,DF:DF:EE:00:00:04,-39
BLE,1705098712097469415,D3:F4:55:AB:96:20,-70
BLE,1705098712294121577,D3:F4:55:AB:96:20,-75
BLE,1705098712683234619,D3:F4:55:AB:96:20,-70
BLE,1705098712881777301,D3:F4:55:AB:96:20,-76
BLE,1705098713264292963,D3:F4:55:AB:96:20,-77
BLE,1705098713453466756,D3:F4:55:AB:96:20,-67
BLE,1705098713622939575,DF:DF:EE:00:00:04,-23
BLE,1705098713646742542,D3:F4:55:AB:96:20,-76
BLE,1705098714080374721,DF:DF:EE:00:00:04,-38
BLE,1705098714221795999,D3:F4:55:AB:96:20,-69
BLE,1705098714411177039,D3:F4:55:AB:96:20,-78
BLE,1705098714619790477,DF:DF:EE:00:00:04,-38
BLE,1705098715075119523,DF:DF:EE:00:00:04,-37
BLE,1705098715376423817,D3:F4:55:AB:96:20,-76
BLE,1705098715608480059,DF:A6:DC:DC:2E:81,-87
BLE,1705098715608529016,DF:DF:EE:00:00:01,-87
BLE,1705098715616938208,DF:DF:EE:00:00:04,-39
BLE,1705098715764474580,D3:F4:55:AB:96:20,-70
BLE,1705098715963893626,D3:F4:55:AB:96:20,-69
BLE,1705098716080990984,DF:DF:EE:00:00:04,-39
BLE,1705098716149711209,D3:F4:55:AB:96:20,-71
BLE,1705098716907393328,D3:F4:55:AB:96:20,-76
BLE,1705098717283544649,D3:F4:55:AB:96:20,-68
BLE,1705098717474969624,D3:F4:55:AB:96:20,-70
BLE,1705098717666172185,D3:F4:55:AB:96:20,-58
BLE,1705098717860404293,D3:F4:55:AB:96:20,-71
BLE,1705098718052072181,D3:F4:55:AB:96:20,-77
BLE,1705098718076017814,DF:DF:EE:00:00:04,-39
BLE,1705098718152158200,DF:A6:DC:DC:2E:81,-68
BLE,1705098718152202241,DF:DF:EE:00:00:01,-68
BLE,1705098718437185271,D3:F4:55:AB:96:20,-76
BLE,1705098718621145043,DF:DF:EE:00:00:04,-39
BLE,1705098718624815916,D3:F4:55:AB:96:20,-56
BLE,1705098718816985132,D3:F4:55:AB:96:20,-76
BLE,1705098719395060844,D3:F4:55:AB:96:20,-69
BLE,1705098719585091710,D3:F4:55:AB:96:20,-76
BLE,1705098719616126800,DF:DF:EE:00:00:04,-39
BLE,1705098719774024965,D3:F4:55:AB:96:20,-70
BLE,1705098719964103706,D3:F4:55:AB:96:20,-75
BLE,1705098720075589630,DF:DF:EE:00:00:04,-39
BLE,1705098720536668984,D3:F4:55:AB:96:20,-70
BLE,1705098720616221913,DF:DF:EE:00:00:04,-40
BLE,1705098720703285045,DF:A6:DC:DC:2E:81,-71
BLE,1705098720703318503,DF:DF:EE:00:00:01,-71
BLE,1705098720728227082,D3:F4:55:AB:96:20,-76
BLE,1705098720919493225,D3:F4:55:AB:96:20,-71
BLE,1705098721082382497,DF:DF:EE:00:00:04,-39
BLE,1705098721496182787,D3:F4:55:AB:96:20,-76
BLE,1705098721690657601,D3:F4:55:AB:96:20,-69
BLE,1705098721881442875,D3:F4:55:AB:96:20,-75
BLE,1705098721976414871,DF:A6:DC:DC:2E:81,-54
BLE,1705098721976445412,DF:DF:EE:00:00:01,-54
BLE,1705098722067114501,D3:F4:55:AB:96:20,-70
BLE,1705098722083389600,DF:DF:EE:00:00:04,-40
BLE,1705098722262882841,D3:F4:55:AB:96:20,-93
BLE,1705098722652348920,D3:F4:55:AB:96:20,-71
BLE,1705098722843664105,D3:F4:55:AB:96:20,-76
BLE,1705098723076713710,DF:DF:EE:00:00:04,-39
BLE,1705098723246619690,DF:A6:DC:DC:2E:81,-73
BLE,1705098723246648607,DF:DF:EE:00:00:01,-73
BLE,1705098723617718780,DF:DF:EE:00:00:04,-38
BLE,1705098723620900367,D3:F4:55:AB:96:20,-70
BLE,1705098723811112023,D3:F4:55:AB:96:20,-76
BLE,1705098723998620669,D3:F4:55:AB:96:20,-92
BLE,1705098724188586244,D3:F4:55:AB:96:20,-68
BLE,1705098724384758746,D3:F4:55:AB:96:20,-70
BLE,1705098724517827540,DF:A6:DC:DC:2E:81,-69
BLE,1705098724517869206,DF:DF:EE:00:00:01,-69
BLE,1705098724577841410,D3:F4:55:AB:96:20,-76
BLE,1705098724611986754,DF:DF:EE:00:00:04,-38
BLE,1705098725080036649,DF:DF:EE:00:00:04,-39
BLE,1705098725153985187,D3:F4:55:AB:96:20,-69
BLE,1705098725345183247,D3:F4:55:AB:96:20,-76
BLE,1705098725727793617,D3:F4:55:AB:96:20,-76
BLE,1705098726081731660,DF:DF:EE:00:00:04,-38
BLE,1705098726497182763,D3:F4:55:AB:96:20,-70
BLE,1705098726616315556,DF:DF:EE:00:00:04,-38
BLE,1705098726883431631,D3:F4:55:AB:96:20,-70
BLE,1705098727064108525,DF:A6:DC:DC:2E:81,-69
BLE,1705098727064168274,DF:DF:EE:00:00:01,-69
BLE,1705098727081663816,DF:DF:EE:00:00:04,-39
BLE,1705098727269357961,D3:F4:55:AB:96:20,-67
BLE,1705098727460049861,D3:F4:55:AB:96:20,-75
BLE,1705098727619457299,DF:DF:EE:00:00:04,-40
BLE,1705098728035548021,D3:F4:55:AB:96:20,-69
BLE,1705098728074590307,DF:DF:EE:00:00:04,-38
BLE,1705098728619030585,DF:DF:EE:00:00:04,-39
BLE,1705098729079845525,DF:DF:EE:00:00:04,-41
BLE,1705098729190053923,D3:F4:55:AB:96:20,-75
BLE,1705098729576997658,D3:F4:55:AB:96:20,-77
BLE,1705098729619828232,DF:DF:EE:00:00:04,-40
BLE,1705098729770249861,D3:F4:55:AB:96:20,-68
BLE,1705098730078956066,DF:DF:EE:00:00:04,-39
BLE,1705098730616215972,DF:DF:EE:00:00:04,-38
BLE,1705098730728030018,D3:F4:55:AB:96:20,-70
BLE,1705098730921386845,D3:F4:55:AB:96:20,-76
BLE,1705098731082249975,DF:DF:EE:00:00:04,-40
BLE,1705098731300852543,D3:F4:55:AB:96:20,-68
BLE,1705098731618879555,DF:DF:EE:00:00:04,-40
BLE,1705098731675868961,D3:F4:55:AB:96:20,-74
BLE,1705098731866822816,D3:F4:55:AB:96:20,-76
BLE,1705098732055159495,D3:F4:55:AB:96:20,-56
BLE,1705098732167147330,DF:A6:DC:DC:2E:81,-68
BLE,1705098732167160497,DF:DF:EE:00:00:01,-68
BLE,1705098732248724069,D3:F4:55:AB:96:20,-76
BLE,1705098732436647419,D3:F4:55:AB:96:20,-70
BLE,1705098733011039925,D3:F4:55:AB:96:20,-68
BLE,1705098733074931790,DF:DF:EE:00:00:04,-39
BLE,1705098733396631550,D3:F4:55:AB:96:20,-76
BLE,1705098733584075322,D3:F4:55:AB:96:20,-87
BLE,1705098733772762746,D3:F4:55:AB:96:20,-53
BLE,1705098734546095596,D3:F4:55:AB:96:20,-75
BLE,1705098734619044813,DF:DF:EE:00:00:04,-40
BLE,1705098734936790328,D3:F4:55:AB:96:20,-71
BLE,1705098735080680617,DF:DF:EE:00:00:04,-39
BLE,1705098735125473252,D3:F4:55:AB:96:20,-69
BLE,1705098735314701336,D3:F4:55:AB:96:20,-76
BLE,1705098735505123573,D3:F4:55:AB:96:20,-69
BLE,1705098736078733213,DF:DF:EE:00:00:04,-40
BLE,1705098736460883338,D3:F4:55:AB:96:20,-76
BLE,1705098736613808353,DF:DF:EE:00:00:04,-39
BLE,1705098736652771265,D3:F4:55:AB:96:20,-53
BLE,1705098737037172238,D3:F4:55:AB:96:20,-69
BLE,1705098737230736687,D3:F4:55:AB:96:20,-72
BLE,1705098737255665224,DF:A6:DC:DC:2E:81,-67
BLE,1705098737255688182,DF:DF:EE:00:00:01,-67
BLE,1705098737429485450,D3:F4:55:AB:96:20,-61
BLE,1705098737614882205,DF:DF:EE:00:00:04,-38
BLE,1705098738014195334,D3:F4:55:AB:96:20,-75
BLE,1705098738076778840,DF:DF:EE:00:00:04,-40
BLE,1705098738395893714,D3:F4:55:AB:96:20,-80
BLE,1705098738980092187,D3:F4:55:AB:96:20,-76
BLE,1705098739073870030,DF:DF:EE:00:00:04,-38
BLE,1705098739361778192,D3:F4:55:AB:96:20,-78
BLE,1705098739617884856,DF:DF:EE:00:00:04,-39
BLE,1705098739742797038,D3:F4:55:AB:96:20,-77
BLE,1705098739805437794,DF:A6:DC:DC:2E:81,-73
BLE,1705098739805452335,DF:DF:EE:00:00:01,-73
BLE,1705098739929052199,D3:F4:55:AB:96:20,-57
BLE,1705098740614577093,DF:DF:EE:00:00:04,-39
BLE,1705098740885538789,D3:F4:55:AB:96:20,-53
BLE,1705098741074587042,D3:F4:55:AB:96:20,-76
BLE,1705098741266855715,D3:F4:55:AB:96:20,-69
BLE,1705098741460059835,D3:F4:55:AB:96:20,-70
BLE,1705098741613510387,DF:DF:EE:00:00:04,-40
BLE,1705098741655030976,D3:F4:55:AB:96:20,-76
BLE,1705098741844732513,D3:F4:55:AB:96:20,-57
BLE,1705098742228110498,D3:F4:55:AB:96:20,-70
BLE,1705098742420256756,D3:F4:55:AB:96:20,-76
BLE,1705098742608249938,D3:F4:55:AB:96:20,-70
BLE,1705098742615804557,DF:DF:EE:00:00:04,-39
BLE,1705098742804187235,D3:F4:55:AB:96:20,-76
BLE,1705098743384330172,D3:F4:55:AB:96:20,-68
BLE,1705098743575406693,D3:F4:55:AB:96:20,-72
BLE,1705098743773813501,D3:F4:55:AB:96:20,-77
BLE,1705098743959274380,D3:F4:55:AB:96:20,-70
BLE,1705098744080442274,DF:DF:EE:00:00:04,-37
BLE,1705098744612669323,DF:DF:EE:00:00:04,-38
BLE,1705098744727019505,D3:F4:55:AB:96:20,-70
BLE,1705098745078175123,DF:DF:EE:00:00:04,-40
BLE,1705098745113022417,D3:F4:55:AB:96:20,-69
BLE,1705098745886784846,D3:F4:55:AB:96:20,-77
BLE,1705098746076160720,DF:DF:EE:00:00:04,-39
BLE,1705098746164800666,DF:A6:DC:DC:2E:81,-85
BLE,1705098746164835874,DF:DF:EE:00:00:01,-85
BLE,1705098746267308656,D3:F4:55:AB:96:20,-76
BLE,1705098746455538627,D3:F4:55:AB:96:20,-71
BLE,1705098746648866954,D3:F4:55:AB:96:20,-76
BLE,1705098746841160836,D3:F4:55:AB:96:20,-57
BLE,1705098747034070793,D3:F4:55:AB:96:20,-80
BLE,1705098747078907926,DF:DF:EE:00:00:04,-40
BLE,1705098747220605284,D3:F4:55:AB:96:20,-70
BLE,1705098747411110270,D3:F4:55:AB:96:20,-53
BLE,1705098747603145070,D3:F4:55:AB:96:20,-71
BLE,1705098747621875848,DF:DF:EE:00:00:04,-52
BLE,1705098747990962628,D3:F4:55:AB:96:20,-53
BLE,1705098748379400011,D3:F4:55:AB:96:20,-67
BLE,1705098748769535457,D3:F4:55:AB:96:20,-61
BLE,1705098748963214030,D3:F4:55:AB:96:20,-53
BLE,1705098749077017011,DF:DF:EE:00:00:04,-39
BLE,1705098749078715282,DF:DF:EE:00:00:04,-37
BLE,1705098749152114243,D3:F4:55:AB:96:20,-75
BLE,1705098749619806601,DF:DF:EE:00:00:04,-51
BLE,1705098749735715640,D3:F4:55:AB:96:20,-94
BLE,1705098750119359747,D3:F4:55:AB:96:20,-77
BLE,1705098750305905279,D3:F4:55:AB:96:20,-56
BLE,1705098750498289118,D3:F4:55:AB:96:20,-76
BLE,1705098750877513152,D3:F4:55:AB:96:20,-68
BLE,1705098751254523754,D3:F4:55:AB:96:20,-68
BLE,1705098751256787228,DF:A6:DC:DC:2E:81,-72
BLE,1705098751256797686,DF:DF:EE:00:00:01,-72
BLE,1705098752075536413,DF:DF:EE:00:00:04,-40
BLE,1705098752217075689,D3:F4:55:AB:96:20,-56
BLE,1705098752410954218,D3:F4:55:AB:96:20,-60
BLE,1705098752533154515,DF:A6:DC:DC:2E:81,-68
BLE,1705098752533177890,DF:DF:EE:00:00:01,-68
BLE,1705098752600818503,D3:F4:55:AB:96:20,-72
BLE,1705098752613998221,DF:DF:EE:00:00:04,-41
BLE,1705098752791558444,D3:F4:55:AB:96:20,-75
BLE,1705098753557224760,D3:F4:55:AB:96:20,-76
BLE,1705098753612224565,DF:DF:EE:00:00:04,-39
BLE,1705098753941917938,D3:F4:55:AB:96:20,-76
BLE,1705098754078413566,DF:DF:EE:00:00:04,-41
BLE,1705098754134460524,D3:F4:55:AB:96:20,-67
BLE,1705098754518104548,D3:F4:55:AB:96:20,-68
BLE,1705098754615669972,DF:DF:EE:00:00:04,-40
BLE,1705098754714154301,D3:F4:55:AB:96:20,-71
BLE,1705098754903468592,D3:F4:55:AB:96:20,-68
BLE,1705098755071783300,DF:DF:EE:00:00:04,-39
BLE,1705098755095096231,D3:F4:55:AB:96:20,-70
BLE,1705098755613930273,DF:DF:EE:00:00:04,-39
BLE,1705098756249696258,D3:F4:55:AB:96:20,-63
BLE,1705098756357729224,DF:A6:DC:DC:2E:81,-54
BLE,1705098756357762474,DF:DF:EE:00:00:01,-54
BLE,1705098756621082552,DF:DF:EE:00:00:04,-34
BLE,1705098757026941812,D3:F4:55:AB:96:20,-77
BLE,1705098757415641233,D3:F4:55:AB:96:20,-71
BLE,1705098757614052375,DF:DF:EE:00:00:04,-37
BLE,1705098757798907386,D3:F4:55:AB:96:20,-72
BLE,1705098757989365873,D3:F4:55:AB:96:20,-81
BLE,1705098758075768596,DF:DF:EE:00:00:04,-39
BLE,1705098758559536804,D3:F4:55:AB:96:20,-70
BLE,1705098758749924750,D3:F4:55:AB:96:20,-68
BLE,1705098758942776541,D3:F4:55:AB:96:20,-71
BLE,1705098759077223901,DF:DF:EE:00:00:04,-38
BLE,1705098759328466540,D3:F4:55:AB:96:20,-71
BLE,1705098759519687892,D3:F4:55:AB:96:20,-76
BLE,1705098759613280905,DF:DF:EE:00:00:04,-40
BLE,1705098759910842243,D3:F4:55:AB:96:20,-70
BLE,1705098760109612339,D3:F4:55:AB:96:20,-76
BLE,1705098760186674631,DF:A6:DC:DC:2E:81,-71
BLE,1705098760186692714,DF:DF:EE:00:00:01,-71
BLE,1705098760615858072,DF:DF:EE:00:00:04,-38
BLE,1705098760689661236,D3:F4:55:AB:96:20,-76
BLE,1705098761076874134,DF:DF:EE:00:00:04,-40
BLE,1705098761081654535,D3:F4:55:AB:96:20,-71
BLE,1705098761279230145,D3:F4:55:AB:96:20,-75
BLE,1705098761470442248,D3:F4:55:AB:96:20,-68
BLE,1705098762050604894,D3:F4:55:AB:96:20,-75
BLE,1705098762074960104,DF:DF:EE:00:00:04,-38
BLE,1705098762612709379,DF:DF:EE:00:00:04,-22
BLE,1705098762632108649,D3:F4:55:AB:96:20,-70
BLE,1705098763203771396,D3:F4:55:AB:96:20,-68
BLE,1705098763399591735,D3:F4:55:AB:96:20,-70
BLE,1705098763592295444,D3:F4:55:AB:96:20,-78
BLE,1705098763612273207,DF:DF:EE:00:00:04,-37
BLE,1705098763784281246,D3:F4:55:AB:96:20,-70
BLE,1705098764174384901,D3:F4:55:AB:96:20,-68
BLE,1705098764364516391,D3:F4:55:AB:96:20,-70
BLE,1705098764560422896,D3:F4:55:AB:96:20,-75
BLE,1705098764748158248,D3:F4:55:AB:96:20,-70
BLE,1705098764944636288,D3:F4:55:AB:96:20,-76
BLE,1705098765073458965,DF:DF:EE:00:00:04,-39
BLE,1705098765131609357,D3:F4:55:AB:96:20,-70
BLE,1705098765328595599,D3:F4:55:AB:96:20,-76
BLE,1705098765615213192,DF:DF:EE:00:00:04,-39
BLE,1705098765722187504,D3:F4:55:AB:96:20,-68
BLE,1705098765917965177,D3:F4:55:AB:96:20,-71
BLE,1705098766080512953,DF:DF:EE:00:00:04,-39
BLE,1705098766108444788,D3:F4:55:AB:96:20,-69
BLE,1705098766304060046,D3:F4:55:AB:96:20,-71
BLE,1705098766498532568,D3:F4:55:AB:96:20,-76
BLE,1705098766552074099,DF:A6:DC:DC:2E:81,-69
BLE,1705098766552101182,DF:DF:EE:00:00:01,-69
BLE,1705098766619787502,DF:DF:EE:00:00:04,-39
BLE,1705098766880792983,D3:F4:55:AB:96:20,-76
BLE,1705098767264607463,D3:F4:55:AB:96:20,-76
BLE,1705098767456704888,D3:F4:55:AB:96:20,-67
BLE,1705098767650907163,D3:F4:55:AB:96:20,-70
BLE,1705098767844481112,D3:F4:55:AB:96:20,-76
BLE,1705098768220226646,D3:F4:55:AB:96:20,-68
BLE,1705098768414574378,D3:F4:55:AB:96:20,-71
BLE,1705098768613722011,DF:DF:EE:00:00:04,-41
BLE,1705098768988954885,D3:F4:55:AB:96:20,-53
BLE,1705098769099807484,DF:A6:DC:DC:2E:81,-72
BLE,1705098769099844900,DF:DF:EE:00:00:01,-72
BLE,1705098769751827942,D3:F4:55:AB:96:20,-67
BLE,1705098770139225379,D3:F4:55:AB:96:20,-75
BLE,1705098770714353669,D3:F4:55:AB:96:20,-56
BLE,1705098771104735779,D3:F4:55:AB:96:20,-68
BLE,1705098771296104671,D3:F4:55:AB:96:20,-56
BLE,1705098771491142853,D3:F4:55:AB:96:20,-77
BLE,1705098771687391437,D3:F4:55:AB:96:20,-68
BLE,1705098772067711750,D3:F4:55:AB:96:20,-68
BLE,1705098772078806159,DF:DF:EE:00:00:04,-40
BLE,1705098772260698248,D3:F4:55:AB:96:20,-76
BLE,1705098772612031280,DF:DF:EE:00:00:04,-39
BLE,1705098772641867384,D3:F4:55:AB:96:20,-76
BLE,1705098772828092837,D3:F4:55:AB:96:20,-71
BLE,1705098773079771221,DF:DF:EE:00:00:04,-39
BLE,1705098773402681258,D3:F4:55:AB:96:20,-76
BLE,1705098773594660726,D3:F4:55:AB:96:20,-72
BLE,1705098773619595513,DF:DF:EE:00:00:04,-38
BLE,1705098773787813847,D3:F4:55:AB:96:20,-76
BLE,1705098774175565488,D3:F4:55:AB:96:20,-88
BLE,1705098774617008116,DF:DF:EE:00:00:04,-38
BLE,1705098774761448608,D3:F4:55:AB:96:20,-72
BLE,1705098774958445016,D3:F4:55:AB:96:20,-76
BLE,1705098775076519279,DF:DF:EE:00:00:04,-38
BLE,1705098775143529650,D3:F4:55:AB:96:20,-56
BLE,1705098775336995683,D3:F4:55:AB:96:20,-75
BLE,1705098775467273260,DF:A6:DC:DC:2E:81,-72
BLE,1705098775467292385,DF:DF:EE:00:00:01,-72
BLE,1705098775533076061,D3:F4:55:AB:96:20,-68
BLE,1705098775618523129,DF:DF:EE:00:00:04,-38
BLE,1705098775727244295,D3:F4:55:AB:96:20,-70
BLE,1705098775926174347,D3:F4:55:AB:96:20,-76
BLE,1705098776081230213,DF:DF:EE:00:00:04,-39
BLE,1705098776499778196,D3:F4:55:AB:96:20,-68
BLE,1705098776691312086,D3:F4:55:AB:96:20,-76
BLE,1705098776882822435,D3:F4:55:AB:96:20,-67
BLE,1705098777262180593,D3:F4:55:AB:96:20,-57
BLE,1705098777613780372,DF:DF:EE:00:00:04,-40
BLE,1705098777643131690,D3:F4:55:AB:96:20,-70
BLE,1705098777834980826,D3:F4:55:AB:96:20,-78
BLE,1705098778009049549,DF:A6:DC:DC:2E:81,-72
BLE,1705098778009062049,DF:DF:EE:00:00:01,-72
BLE,1705098778408725924,D3:F4:55:AB:96:20,-70
BLE,1705098778598165922,D3:F4:55:AB:96:20,-58
BLE,1705098778617602358,DF:DF:EE:00:00:04,-39
BLE,1705098778982309940,D3:F4:55:AB:96:20,-76
BLE,1705098780132770349,D3:F4:55:AB:96:20,-80
BLE,1705098780322848715,D3:F4:55:AB:96:20,-69
BLE,1705098780516482538,D3:F4:55:AB:96:20,-76
BLE,1705098780613930088,DF:DF:EE:00:00:04,-38
BLE,1705098780704010934,D3:F4:55:AB:96:20,-88
BLE,1705098781282961553,D3:F4:55:AB:96:20,-74
BLE,1705098781476207173,D3:F4:55:AB:96:20,-69
BLE,1705098781672057845,D3:F4:55:AB:96:20,-69
BLE,1705098781826248221,DF:A6:DC:DC:2E:81,-68
BLE,1705098781826287512,DF:DF:EE:00:00:01,-68
BLE,1705098781867019111,D3:F4:55:AB:96:20,-93
BLE,1705098782074371438,DF:DF:EE:00:00:04,-38
BLE,1705098782255855073,D3:F4:55:AB:96:20,-71
BLE,1705098782447067467,D3:F4:55:AB:96:20,-77
BLE,1705098782616307539,DF:DF:EE:00:00:04,-38
BLE,1705098782642906847,D3:F4:55:AB:96:20,-67
BLE,1705098783034104614,D3:F4:55:AB:96:20,-76
BLE,1705098783082621288,DF:DF:EE:00:00:04,-39
BLE,1705098783222261503,D3:F4:55:AB:96:20,-56
BLE,1705098783419006498,D3:F4:55:AB:96:20,-76
BLE,1705098783617561763,DF:DF:EE:00:00:04,-39
BLE,1705098783993393546,D3:F4:55:AB:96:20,-69
BLE,1705098784568462044,D3:F4:55:AB:96:20,-76
BLE,1705098785075923971,DF:DF:EE:00:00:04,-38
BLE,1705098785150928954,D3:F4:55:AB:96:20,-76
BLE,1705098785621142324,DF:DF:EE:00:00:04,-40
BLE,1705098785721546172,D3:F4:55:AB:96:20,-70
BLE,1705098786307171628,D3:F4:55:AB:96:20,-70
BLE,1705098786501893272,D3:F4:55:AB:96:20,-76
BLE,1705098786613446738,DF:DF:EE:00:00:04,-57
BLE,1705098786889667205,D3:F4:55:AB:96:20,-71
BLE,1705098787080121941,DF:DF:EE:00:00:04,-22
BLE,1705098787085713541,D3:F4:55:AB:96:20,-81
BLE,1705098787475064497,D3:F4:55:AB:96:20,-70
BLE,1705098787618787914,DF:DF:EE:00:00:04,-28
BLE,1705098787668201701,D3:F4:55:AB:96:20,-76
BLE,1705098787860507666,D3:F4:55:AB:96:20,-71
BLE,1705098788055171060,D3:F4:55:AB:96:20,-76
BLE,1705098788075038949,DF:DF:EE:00:00:04,-41
BLE,1705098788616790552,DF:DF:EE:00:00:04,-40
BLE,1705098789018970272,D3:F4:55:AB:96:20,-75
BLE,1705098789399715996,D3:F4:55:AB:96:20,-74
BLE,1705098789464539184,DF:A6:DC:DC:2E:81,-71
BLE,1705098789464549434,DF:DF:EE:00:00:01,-71
BLE,1705098789590129441,D3:F4:55:AB:96:20,-72
BLE,1705098789619125472,DF:DF:EE:00:00:04,-39
BLE,1705098790076157581,DF:DF:EE:00:00:04,-39
BLE,1705098790555095430,D3:F4:55:AB:96:20,-70
BLE,1705098790617170526,DF:DF:EE:00:00:04,-40
BLE,1705098790746025744,D3:F4:55:AB:96:20,-69
BLE,1705098791075107958,DF:DF:EE:00:00:04,-39
BLE,1705098791136146482,D3:F4:55:AB:96:20,-76
BLE,1705098791328772401,D3:F4:55:AB:96:20,-68
BLE,1705098791520167793,D3:F4:55:AB:96:20,-76
BLE,1705098791620408435,DF:DF:EE:00:00:04,-39
BLE,1705098791708522346,D3:F4:55:AB:96:20,-70
BLE,1705098791899210746,D3:F4:55:AB:96:20,-76
BLE,1705098792088857784,D3:F4:55:AB:96:20,-71
BLE,1705098792283513220,D3:F4:55:AB:96:20,-76
BLE,1705098792469870255,D3:F4:55:AB:96:20,-70
BLE,1705098792611700611,DF:DF:EE:00:00:04,-39
BLE,1705098792660771111,D3:F4:55:AB:96:20,-69
BLE,1705098792850464148,D3:F4:55:AB:96:20,-57
BLE,1705098793039521068,D3:F4:55:AB:96:20,-67
BLE,1705098793228624445,D3:F4:55:AB:96:20,-76
BLE,1705098793615268725,DF:DF:EE:00:00:04,-39
BLE,1705098793799867947,D3:F4:55:AB:96:20,-70
BLE,1705098793997715262,D3:F4:55:AB:96:20,-71
BLE,1705098794078352387,DF:DF:EE:00:00:04,-37
BLE,1705098794194154011,D3:F4:55:AB:96:20,-76
BLE,1705098794385700359,D3:F4:55:AB:96:20,-70
BLE,1705098795078071380,DF:DF:EE:00:00:04,-40
BLE,1705098795162712665,D3:F4:55:AB:96:20,-76
BLE,1705098795614391130,DF:DF:EE:00:00:04,-40
BLE,1705098795745765569,D3:F4:55:AB:96:20,-75
BLE,1705098795932618098,D3:F4:55:AB:96:20,-73
BLE,1705098796071573155,DF:DF:EE:00:00:04,-38
BLE,1705098796127278493,D3:F4:55:AB:96:20,-76
BLE,1705098796509944153,D3:F4:55:AB:96:20,-76
BLE,1705098796611176324,DF:DF:EE:00:00:04,-39
BLE,1705098796697661130,D3:F4:55:AB:96:20,-61
BLE,1705098796893609801,D3:F4:55:AB:96:20,-61
BLE,1705098797080338873,D3:F4:55:AB:96:20,-72
BLE,1705098797610583737,DF:DF:EE:00:00:04,-39
BLE,1705098797653143731,D3:F4:55:AB:96:20,-68
BLE,1705098797842869518,D3:F4:55:AB:96:20,-76
BLE,1705098798030576995,D3:F4:55:AB:96:20,-70
BLE,1705098798075524420,DF:DF:EE:00:00:04,-39
BLE,1705098798424235941,D3:F4:55:AB:96:20,-76
BLE,1705098798614343640,DF:DF:EE:00:00:04,-39
BLE,1705098798815166920,D3:F4:55:AB:96:20,-71
BLE,1705098799071727912,DF:DF:EE:00:00:04,-39
BLE,1705098799198282158,D3:F4:55:AB:96:20,-66
BLE,1705098799392354768,D3:F4:55:AB:96:20,-76
BLE,1705098799577950145,D3:F4:55:AB:96:20,-71
BLE,1705098799617893879,DF:DF:EE:00:00:04,-24
BLE,1705098799770016113,D3:F4:55:AB:96:20,-69
BLE,1705098800160930800,D3:F4:55:AB:96:20,-76
BLE,1705098800348329156,D3:F4:55:AB:96:20,-71
BLE,1705098800540879159,D3:F4:55:AB:96:20,-76
BLE,1705098800616643800,DF:DF:EE:00:00:04,-39
BLE,1705098800726753366,D3:F4:55:AB:96:20,-70
BLE,1705098800912982444,DF:A6:DC:DC:2E:81,-57
BLE,1705098800913016194,DF:DF:EE:00:00:01,-57
BLE,1705098800923157907,D3:F4:55:AB:96:20,-76
BLE,1705098801120047275,D3:F4:55:AB:96:20,-68
BLE,1705098801311988368,D3:F4:55:AB:96:20,-70
BLE,1705098801508728238,D3:F4:55:AB:96:20,-75
BLE,1705098801620648200,DF:DF:EE:00:00:04,-40
BLE,1705098802072706118,DF:DF:EE:00:00:04,-40
BLE,1705098802274486303,D3:F4:55:AB:96:20,-76
BLE,1705098802465206912,D3:F4:55:AB:96:20,-53
BLE,1705098802655828813,D3:F4:55:AB:96:20,-77
BLE,1705098803039701917,D3:F4:55:AB:96:20,-76
BLE,1705098803076310482,DF:DF:EE:00:00:04,-39
BLE,1705098803622477032,D3:F4:55:AB:96:20,-75
BLE,1705098804593720571,D3:F4:55:AB:96:20,-76
BLE,1705098804618093740,DF:DF:EE:00:00:04,-38
BLE,1705098804785517041,D3:F4:55:AB:96:20,-67
BLE,1705098804980135312,D3:F4:55:AB:96:20,-70
BLE,1705098805071302603,DF:DF:EE:00:00:04,-39
BLE,1705098805172562941,D3:F4:55:AB:96:20,-76
BLE,1705098805551125358,D3:F4:55:AB:96:20,-67
BLE,1705098805617842524,DF:DF:EE:00:00:04,-38
BLE,1705098805747508607,D3:F4:55:AB:96:20,-71
BLE,1705098805941527385,D3:F4:55:AB:96:20,-61
BLE,1705098806137783219,D3:F4:55:AB:96:20,-69
BLE,1705098806706510876,D3:F4:55:AB:96:20,-76
BLE,1705098806902001510,D3:F4:55:AB:96:20,-69
BLE,1705098807074236088,DF:DF:EE:00:00:04,-39
BLE,1705098807095774291,D3:F4:55:AB:96:20,-71
BLE,1705098807288364835,D3:F4:55:AB:96:20,-75
BLE,1705098807478309702,D3:F4:55:AB:96:20,-71
BLE,1705098807668991019,D3:F4:55:AB:96:20,-69
BLE,1705098807859659878,D3:F4:55:AB:96:20,-56
BLE,1705098808075297232,DF:DF:EE:00:00:04,-40
BLE,1705098808545359728,DF:A6:DC:DC:2E:81,-71
BLE,1705098808545395769,DF:DF:EE:00:00:01,-71
BLE,1705098808618918270,DF:DF:EE:00:00:04,-39
BLE,1705098808829836097,D3:F4:55:AB:96:20,-56
BLE,1705098809078275394,DF:DF:EE:00:00:04,-51
BLE,1705098809414086652,D3:F4:55:AB:96:20,-71
BLE,1705098809798907204,D3:F4:55:AB:96:20,-70
BLE,1705098809820612237,DF:A6:DC:DC:2E:81,-53
BLE,1705098809820673070,DF:DF:EE:00:00:01,-53
BLE,1705098810081081683,DF:DF:EE:00:00:04,-40
BLE,1705098810176125095,D3:F4:55:AB:96:20,-57
BLE,1705098810562495711,D3:F4:55:AB:96:20,-56
BLE,1705098810753105237,D3:F4:55:AB:96:20,-76
BLE,1705098810949349988,D3:F4:55:AB:96:20,-67
BLE,1705098811075607737,DF:DF:EE:00:00:04,-55
BLE,1705098811098229885,DF:A6:DC:DC:2E:81,-67
BLE,1705098811098247593,DF:DF:EE:00:00:01,-67
BLE,1705098811526888707,D3:F4:55:AB:96:20,-70
BLE,1705098811720759611,D3:F4:55:AB:96:20,-75
BLE,1705098811908513421,D3:F4:55:AB:96:20,-70
BLE,1705098812077263749,DF:DF:EE:00:00:04,-39
BLE,1705098812293925799,D3:F4:55:AB:96:20,-70
BLE,1705098812610740408,DF:DF:EE:00:00:04,-38
BLE,1705098812677655988,D3:F4:55:AB:96:20,-71
BLE,1705098812872793543,D3:F4:55:AB:96:20,-76
BLE,1705098813252304407,D3:F4:55:AB:96:20,-76
BLE,1705098813439751346,D3:F4:55:AB:96:20,-72
BLE,1705098813615248635,DF:DF:EE:00:00:04,-40
BLE,1705098813632854759,D3:F4:55:AB:96:20,-76
BLE,1705098814075551831,DF:DF:EE:00:00:04,-38
BLE,1705098814400400553,D3:F4:55:AB:96:20,-76
BLE,1705098814585900432,D3:F4:55:AB:96:20,-72
BLE,1705098814617178643,DF:DF:EE:00:00:04,-39
BLE,1705098814784766193,D3:F4:55:AB:96:20,-75
BLE,1705098815070995666,DF:DF:EE:00:00:04,-39
BLE,1705098815163515025,D3:F4:55:AB:96:20,-76
BLE,1705098815616449641,DF:DF:EE:00:00:04,-40
BLE,1705098815924798643,D3:F4:55:AB:96:20,-69
BLE,1705098816070343205,DF:DF:EE:00:00:04,-40
BLE,1705098816306897601,D3:F4:55:AB:96:20,-68
BLE,1705098817070915437,DF:DF:EE:00:00:04,-39
BLE,1705098817073223660,D3:F4:55:AB:96:20,-68
BLE,1705098817262921488,D3:F4:55:AB:96:20,-70
BLE,1705098817457583716,D3:F4:55:AB:96:20,-77
BLE,1705098817620025161,DF:DF:EE:00:00:04,-40
BLE,1705098817651299456,D3:F4:55:AB:96:20,-71
BLE,1705098817846067057,D3:F4:55:AB:96:20,-76
BLE,1705098818071846499,DF:DF:EE:00:00:04,-39
BLE,1705098818233150831,D3:F4:55:AB:96:20,-71
BLE,1705098818610817593,DF:DF:EE:00:00:04,-39
BLE,1705098818801995445,D3:F4:55:AB:96:20,-68
BLE,1705098818992107727,D3:F4:55:AB:96:20,-76
BLE,1705098819079467981,DF:DF:EE:00:00:04,-40
BLE,1705098819181338228,D3:F4:55:AB:96:20,-70
BLE,1705098819375337839,D3:F4:55:AB:96:20,-76
BLE,1705098819563559060,D3:F4:55:AB:96:20,-70
BLE,1705098819614680203,DF:DF:EE:00:00:04,-39
BLE,1705098819760789799,D3:F4:55:AB:96:20,-56
BLE,1705098819952290607,D3:F4:55:AB:96:20,-69
BLE,1705098820017598289,DF:A6:DC:DC:2E:81,-71
BLE,1705098820017611872,DF:DF:EE:00:00:01,-71
BLE,1705098820077013916,DF:DF:EE:00:00:04,-38
BLE,1705098820141359443,D3:F4:55:AB:96:20,-76
BLE,1705098820527502478,D3:F4:55:AB:96:20,-75
BLE,1705098820611484688,DF:DF:EE:00:00:04,-39
BLE,1705098820725522166,D3:F4:55:AB:96:20,-76
BLE,1705098820912396362,D3:F4:55:AB:96:20,-71
BLE,1705098821292388179,D3:F4:55:AB:96:20,-70
BLE,1705098821490418158,D3:F4:55:AB:96:20,-76
BLE,1705098821616935113,DF:DF:EE:00:00:04,-28
BLE,1705098821681948465,D3:F4:55:AB:96:20,-50
BLE,1705098821877030063,D3:F4:55:AB:96:20,-71
BLE,1705098822071108548,D3:F4:55:AB:96:20,-93
BLE,1705098822075717201,DF:DF:EE:00:00:04,-40
BLE,1705098822263278222,D3:F4:55:AB:96:20,-70
BLE,1705098822453543752,D3:F4:55:AB:96:20,-74
BLE,1705098822642227676,D3:F4:55:AB:96:20,-70
BLE,1705098822839756204,D3:F4:55:AB:96:20,-75
BLE,1705098823031185095,D3:F4:55:AB:96:20,-68
BLE,1705098823071185703,DF:DF:EE:00:00:04,-39
BLE,1705098823416556848,D3:F4:55:AB:96:20,-68
BLE,1705098823608776522,DF:DF:EE:00:00:04,-40
BLE,1705098823611325658,D3:F4:55:AB:96:20,-56
BLE,1705098824002907962,D3:F4:55:AB:96:20,-69
BLE,1705098824074242198,DF:DF:EE:00:00:04,-40
BLE,1705098824191857425,D3:F4:55:AB:96:20,-76
BLE,1705098824573406598,D3:F4:55:AB:96:20,-76
BLE,1705098824615826760,DF:DF:EE:00:00:04,-45
BLE,1705098824760602665,D3:F4:55:AB:96:20,-70
BLE,1705098825340716395,D3:F4:55:AB:96:20,-72
BLE,1705098825724651873,D3:F4:55:AB:96:20,-70
BLE,1705098825918150073,D3:F4:55:AB:96:20,-75
BLE,1705098826072551363,DF:DF:EE:00:00:04,-39
BLE,1705098826109397008,D3:F4:55:AB:96:20,-70
BLE,1705098826306710246,D3:F4:55:AB:96:20,-76
BLE,1705098826498997794,D3:F4:55:AB:96:20,-68
BLE,1705098826617636717,DF:DF:EE:00:00:04,-40
BLE,1705098826882160073,D3:F4:55:AB:96:20,-67
BLE,1705098827077421419,DF:DF:EE:00:00:04,-38
BLE,1705098827258943387,D3:F4:55:AB:96:20,-71
BLE,1705098827451517973,D3:F4:55:AB:96:20,-80
BLE,1705098827613697837,DF:DF:EE:00:00:04,-39
BLE,1705098827640771765,D3:F4:55:AB:96:20,-71
BLE,1705098827835559783,D3:F4:55:AB:96:20,-79
BLE,1705098828023353884,D3:F4:55:AB:96:20,-70
BLE,1705098828596934525,D3:F4:55:AB:96:20,-76
BLE,1705098828612389383,DF:DF:EE:00:00:04,-39
BLE,1705098828783597140,D3:F4:55:AB:96:20,-70
BLE,1705098828919785521,DF:A6:DC:DC:2E:81,-53
BLE,1705098828919848646,DF:DF:EE:00:00:01,-53
BLE,1705098828974890575,D3:F4:55:AB:96:20,-68
BLE,1705098829076283578,DF:DF:EE:00:00:04,-38
BLE,1705098829361006985,D3:F4:55:AB:96:20,-81
BLE,1705098829548252177,D3:F4:55:AB:96:20,-70
BLE,1705098829613092739,DF:DF:EE:00:00:04,-40
BLE,1705098829744924506,D3:F4:55:AB:96:20,-76
BLE,1705098830068837489,DF:DF:EE:00:00:04,-39
BLE,1705098830135789902,D3:F4:55:AB:96:20,-71
BLE,1705098830333232388,D3:F4:55:AB:96:20,-76
BLE,1705098830526794296,D3:F4:55:AB:96:20,-68
BLE,1705098830611474414,DF:DF:EE:00:00:04,-55
BLE,1705098830718175730,D3:F4:55:AB:96:20,-70
BLE,1705098831071348532,DF:DF:EE:00:00:04,-39
BLE,1705098831105592166,D3:F4:55:AB:96:20,-71
BLE,1705098831614896321,DF:DF:EE:00:00:04,-45
BLE,1705098831872991795,D3:F4:55:AB:96:20,-53
BLE,1705098832069021090,D3:F4:55:AB:96:20,-72
BLE,1705098832079176178,DF:DF:EE:00:00:04,-39
BLE,1705098832455605037,D3:F4:55:AB:96:20,-70
BLE,1705098832646012566,D3:F4:55:AB:96:20,-76
BLE,1705098832746294499,DF:A6:DC:DC:2E:81,-58
BLE,1705098832746309915,DF:DF:EE:00:00:01,-58
BLE,1705098833032796010,D3:F4:55:AB:96:20,-76
BLE,1705098833069478949,DF:DF:EE:00:00:04,-39
BLE,1705098833219442834,D3:F4:55:AB:96:20,-70
BLE,1705098833616200743,D3:F4:55:AB:96:20,-76
BLE,1705098833804460963,D3:F4:55:AB:96:20,-70
BLE,1705098834195341526,D3:F4:55:AB:96:20,-69
BLE,1705098834581397062,D3:F4:55:AB:96:20,-76
BLE,1705098834612751315,DF:DF:EE:00:00:04,-38
BLE,1705098835349708639,D3:F4:55:AB:96:20,-77
BLE,1705098835538660851,D3:F4:55:AB:96:20,-72
BLE,1705098835609605633,DF:DF:EE:00:00:04,-31
BLE,1705098835730002702,D3:F4:55:AB:96:20,-87
BLE,1705098835918490253,D3:F4:55:AB:96:20,-71
BLE,1705098836077851776,DF:DF:EE:00:00:04,-39
BLE,1705098836111061840,D3:F4:55:AB:96:20,-76
BLE,1705098836496096555,D3:F4:55:AB:96:20,-97
BLE,1705098836570868583,DF:A6:DC:DC:2E:81,-67
BLE,1705098836570897332,DF:DF:EE:00:00:01,-67
BLE,1705098836611075730,DF:DF:EE:00:00:04,-40
BLE,1705098836687158701,D3:F4:55:AB:96:20,-71
BLE,1705098837607649551,DF:DF:EE:00:00:04,-39
BLE,1705098838032827373,D3:F4:55:AB:96:20,-70
BLE,1705098838223209152,D3:F4:55:AB:96:20,-68
BLE,1705098838411465164,D3:F4:55:AB:96:20,-76
BLE,1705098838606349431,D3:F4:55:AB:96:20,-53
BLE,1705098838614289212,DF:DF:EE:00:00:04,-56
BLE,1705098838802028647,D3:F4:55:AB:96:20,-70
BLE,1705098838992113929,D3:F4:55:AB:96:20,-76
BLE,1705098839112641164,DF:A6:DC:DC:2E:81,-72
BLE,1705098839112675747,DF:DF:EE:00:00:01,-72
BLE,1705098839187689772,D3:F4:55:AB:96:20,-67
BLE,1705098839380964058,D3:F4:55:AB:96:20,-70
BLE,1705098839614859403,DF:DF:EE:00:00:04,-38
BLE,1705098839949245887,D3:F4:55:AB:96:20,-70
BLE,1705098839950782702,D3:F4:55:AB:96:20,-68
BLE,1705098840072456214,DF:DF:EE:00:00:04,-40
BLE,1705098840141431894,D3:F4:55:AB:96:20,-61
BLE,1705098840614098193,DF:DF:EE:00:00:04,-40
BLE,1705098840713889298,D3:F4:55:AB:96:20,-57
BLE,1705098840908509568,D3:F4:55:AB:96:20,-76
BLE,1705098841072913198,DF:DF:EE:00:00:04,-38
BLE,1705098841094227861,D3:F4:55:AB:96:20,-71
BLE,1705098841476356069,D3:F4:55:AB:96:20,-70
BLE,1705098841610526641,DF:DF:EE:00:00:04,-38
BLE,1705098841859007771,D3:F4:55:AB:96:20,-70
BLE,1705098842055318896,D3:F4:55:AB:96:20,-76
BLE,1705098842078503412,DF:DF:EE:00:00:04,-40
BLE,1705098842250412119,D3:F4:55:AB:96:20,-68
BLE,1705098842444964723,D3:F4:55:AB:96:20,-70
BLE,1705098842614093630,DF:DF:EE:00:00:04,-39
BLE,1705098843020602881,D3:F4:55:AB:96:20,-76
BLE,1705098843073947247,DF:DF:EE:00:00:04,-38
BLE,1705098843215291776,D3:F4:55:AB:96:20,-68
BLE,1705098843605942257,D3:F4:55:AB:96:20,-77
BLE,1705098843611873687,DF:DF:EE:00:00:04,-55
BLE,1705098843792163211,D3:F4:55:AB:96:20,-71
BLE,1705098844078891469,DF:DF:EE:00:00:04,-24
BLE,1705098844363487795,D3:F4:55:AB:96:20,-53
BLE,1705098844552958293,D3:F4:55:AB:96:20,-76
BLE,1705098844618486889,DF:DF:EE:00:00:04,-41
BLE,1705098845483083071,DF:A6:DC:DC:2E:81,-67
BLE,1705098845483119363,DF:DF:EE:00:00:01,-67
BLE,1705098845510420205,D3:F4:55:AB:96:20,-69
BLE,1705098845610955301,DF:DF:EE:00:00:04,-41
BLE,1705098846473045305,D3:F4:55:AB:96:20,-71
BLE,1705098846664608736,D3:F4:55:AB:96:20,-75
BLE,1705098846854282524,D3:F4:55:AB:96:20,-70
BLE,1705098847048915544,D3:F4:55:AB:96:20,-75
BLE,1705098847074052828,DF:DF:EE:00:00:04,-40
BLE,1705098847239428071,D3:F4:55:AB:96:20,-71
BLE,1705098847436043734,D3:F4:55:AB:96:20,-70
BLE,1705098847609856835,DF:DF:EE:00:00:04,-39
BLE,1705098847632656522,D3:F4:55:AB:96:20,-76
BLE,1705098847821458778,D3:F4:55:AB:96:20,-71
BLE,1705098848014971978,D3:F4:55:AB:96:20,-76
BLE,1705098848070635608,DF:DF:EE:00:00:04,-39
BLE,1705098848204174062,D3:F4:55:AB:96:20,-70
BLE,1705098848398907123,D3:F4:55:AB:96:20,-76
BLE,1705098848588425120,D3:F4:55:AB:96:20,-70
BLE,1705098848606918567,DF:DF:EE:00:00:04,-38
BLE,1705098848782737769,D3:F4:55:AB:96:20,-76
BLE,1705098848975438270,D3:F4:55:AB:96:20,-69
BLE,1705098849075825077,DF:DF:EE:00:00:04,-40
BLE,1705098849169239342,D3:F4:55:AB:96:20,-56
BLE,1705098849359084377,D3:F4:55:AB:96:20,-53
BLE,1705098849615558745,DF:DF:EE:00:00:04,-40
BLE,1705098849740185723,D3:F4:55:AB:96:20,-68
BLE,1705098850074024671,DF:DF:EE:00:00:04,-38
BLE,1705098850124438905,D3:F4:55:AB:96:20,-69
BLE,1705098850513036703,D3:F4:55:AB:96:20,-75
BLE,1705098850612986557,DF:DF:EE:00:00:04,-38
BLE,1705098850700398101,D3:F4:55:AB:96:20,-56
BLE,1705098850895408075,D3:F4:55:AB:96:20,-76
BLE,1705098851079305598,DF:DF:EE:00:00:04,-39
BLE,1705098851277732239,D3:F4:55:AB:96:20,-76
BLE,1705098851467350527,D3:F4:55:AB:96:20,-70
BLE,1705098851611751644,DF:DF:EE:00:00:04,-39
BLE,1705098851664893929,D3:F4:55:AB:96:20,-75
BLE,1705098851851762625,D3:F4:55:AB:96:20,-70
BLE,1705098852045759819,D3:F4:55:AB:96:20,-76
BLE,1705098852075747671,DF:DF:EE:00:00:04,-38
BLE,1705098852426650667,D3:F4:55:AB:96:20,-76
BLE,1705098852621507018,D3:F4:55:AB:96:20,-69
BLE,1705098852811903421,D3:F4:55:AB:96:20,-76
BLE,1705098853070810636,DF:DF:EE:00:00:04,-27
BLE,1705098853388739523,D3:F4:55:AB:96:20,-67
BLE,1705098853584885359,D3:F4:55:AB:96:20,-83
BLE,1705098853779009302,D3:F4:55:AB:96:20,-61
BLE,1705098853976708952,D3:F4:55:AB:96:20,-82
BLE,1705098854071464075,DF:DF:EE:00:00:04,-39
BLE,1705098854172683622,D3:F4:55:AB:96:20,-68
BLE,1705098854369122954,D3:F4:55:AB:96:20,-70
BLE,1705098854393211043,DF:A6:DC:DC:2E:81,-69
BLE,1705098854393257001,DF:DF:EE:00:00:01,-69
BLE,1705098854614767701,DF:DF:EE:00:00:04,-39
BLE,1705098854756973178,D3:F4:55:AB:96:20,-68
BLE,1705098855068640515,DF:DF:EE:00:00:04,-38
BLE,1705098855134676188,D3:F4:55:AB:96:20,-71
BLE,1705098855323776566,D3:F4:55:AB:96:20,-53
BLE,1705098855612584758,DF:DF:EE:00:00:04,-38
BLE,1705098855705655152,D3:F4:55:AB:96:20,-69
BLE,1705098856073164742,DF:DF:EE:00:00:04,-40
BLE,1705098856092107309,D3:F4:55:AB:96:20,-75
BLE,1705098856284211775,D3:F4:55:AB:96:20,-56
BLE,1705098856476686196,D3:F4:55:AB:96:20,-76
BLE,1705098856614359851,DF:DF:EE:00:00:04,-40
BLE,1705098856664239175,D3:F4:55:AB:96:20,-70
BLE,1705098856860500009,D3:F4:55:AB:96:20,-76
BLE,1705098856934278840,DF:A6:DC:DC:2E:81,-67
BLE,1705098856934291340,DF:DF:EE:00:00:01,-67
BLE,1705098857048089279,D3:F4:55:AB:96:20,-87
BLE,1705098857070707011,DF:DF:EE:00:00:04,-38
BLE,1705098857239606253,D3:F4:55:AB:96:20,-76
BLE,1705098857607877793,DF:DF:EE:00:00:04,-38
BLE,1705098857622672075,D3:F4:55:AB:96:20,-76
BLE,1705098857811541955,D3:F4:55:AB:96:20,-71
BLE,1705098858199086224,D3:F4:55:AB:96:20,-58
BLE,1705098858585394216,D3:F4:55:AB:96:20,-69
BLE,1705098858781262096,D3:F4:55:AB:96:20,-70
BLE,1705098859163509844,D3:F4:55:AB:96:20,-69
BLE,1705098859545440555,D3:F4:55:AB:96:20,-71
BLE,1705098859613006210,DF:DF:EE:00:00:04,-38
BLE,1705098859928028841,D3:F4:55:AB:96:20,-70
BLE,1705098860069578242,DF:DF:EE:00:00:04,-39
BLE,1705098860124014595,D3:F4:55:AB:96:20,-76
BLE,1705098860316014813,D3:F4:55:AB:96:20,-69
BLE,1705098860708056986,D3:F4:55:AB:96:20,-75
BLE,1705098860900301493,D3:F4:55:AB:96:20,-53
BLE,1705098861071776705,DF:DF:EE:00:00:04,-39
BLE,1705098861289154371,D3:F4:55:AB:96:20,-76
BLE,1705098861485384956,D3:F4:55:AB:96:20,-67
BLE,1705098861872074401,D3:F4:55:AB:96:20,-69
BLE,1705098862028312753,DF:A6:DC:DC:2E:81,-71
BLE,1705098862028340794,DF:DF:EE:00:00:01,-71
BLE,1705098862064398990,D3:F4:55:AB:96:20,-71
BLE,1705098862075125613,DF:DF:EE:00:00:04,-38
BLE,1705098862076597512,DF:DF:EE:00:00:04,-39
BLE,1705098862261030112,D3:F4:55:AB:96:20,-76
BLE,1705098862447756517,D3:F4:55:AB:96:20,-70
BLE,1705098862641974292,D3:F4:55:AB:96:20,-76
BLE,1705098862828480950,D3:F4:55:AB:96:20,-70
BLE,1705098863022101941,D3:F4:55:AB:96:20,-76
BLE,1705098863209142051,D3:F4:55:AB:96:20,-56
BLE,1705098863970330254,D3:F4:55:AB:96:20,-76
BLE,1705098864072107211,DF:DF:EE:00:00:04,-39
BLE,1705098864159876667,D3:F4:55:AB:96:20,-70
BLE,1705098864350742274,D3:F4:55:AB:96:20,-76
BLE,1705098864581997609,DF:A6:DC:DC:2E:81,-67
BLE,1705098864582034233,DF:DF:EE:00:00:01,-67
BLE,1705098864608290879,DF:DF:EE:00:00:04,-39
BLE,1705098865071434583,DF:DF:EE:00:00:04,-55
BLE,1705098865310657698,D3:F4:55:AB:96:20,-67
BLE,1705098865609677727,DF:DF:EE:00:00:04,-40
BLE,1705098865853546495,DF:A6:DC:DC:2E:81,-72
BLE,1705098865853604911,DF:DF:EE:00:00:01,-72
BLE,1705098865889688191,D3:F4:55:AB:96:20,-72
BLE,1705098866070676706,DF:DF:EE:00:00:04,-39
BLE,1705098866081432828,D3:F4:55:AB:96:20,-76
BLE,1705098866271518527,D3:F4:55:AB:96:20,-70
BLE,1705098866656689033,D3:F4:55:AB:96:20,-70
BLE,1705098867045633993,D3:F4:55:AB:96:20,-58
BLE,1705098867073212540,DF:DF:EE:00:00:04,-40
BLE,1705098867124878926,DF:A6:DC:DC:2E:81,-67
BLE,1705098867124895051,DF:DF:EE:00:00:01,-67
BLE,1705098867237363131,D3:F4:55:AB:96:20,-70
BLE,1705098867615758050,DF:DF:EE:00:00:04,-40
BLE,1705098867996369860,D3:F4:55:AB:96:20,-76
BLE,1705098868074212101,DF:DF:EE:00:00:04,-55
BLE,1705098868184342584,D3:F4:55:AB:96:20,-70
BLE,1705098868764212191,D3:F4:55:AB:96:20,-75
BLE,1705098869147088849,D3:F4:55:AB:96:20,-76
BLE,1705098869344521544,D3:F4:55:AB:96:20,-76
BLE,1705098869535931686,D3:F4:55:AB:96:20,-71
BLE,1705098869615842486,DF:DF:EE:00:00:04,-40
BLE,1705098869730831827,D3:F4:55:AB:96:20,-75
BLE,1705098869916744951,D3:F4:55:AB:96:20,-70
BLE,1705098870069567176,DF:DF:EE:00:00:04,-40
BLE,1705098870114630599,D3:F4:55:AB:96:20,-76
BLE,1705098870300470682,D3:F4:55:AB:96:20,-57
BLE,1705098870612969176,DF:DF:EE:00:00:04,-39
BLE,1705098870883452419,D3:F4:55:AB:96:20,-71
BLE,1705098870955168900,DF:A6:DC:DC:2E:81,-54
BLE,1705098870955212358,DF:DF:EE:00:00:01,-54
BLE,1705098871070819234,DF:DF:EE:00:00:04,-39
BLE,1705098871453744141,D3:F4:55:AB:96:20,-69
BLE,1705098871607677270,DF:DF:EE:00:00:04,-39
BLE,1705098872029817836,D3:F4:55:AB:96:20,-92
BLE,1705098872224824226,D3:F4:55:AB:96:20,-60
BLE,1705098872412870408,D3:F4:55:AB:96:20,-70
BLE,1705098872609294532,DF:DF:EE:00:00:04,-56
BLE,1705098872798325826,D3:F4:55:AB:96:20,-71
BLE,1705098873075680530,DF:DF:EE:00:00:04,-39
BLE,1705098873189065724,D3:F4:55:AB:96:20,-68
BLE,1705098873381102275,D3:F4:55:AB:96:20,-71
BLE,1705098873579050047,D3:F4:55:AB:96:20,-76
BLE,1705098873612187695,DF:DF:EE:00:00:04,-39
BLE,1705098873764502384,D3:F4:55:AB:96:20,-56
BLE,1705098873956664142,D3:F4:55:AB:96:20,-61
BLE,1705098874073269631,DF:DF:EE:00:00:04,-40
BLE,1705098874146621509,D3:F4:55:AB:96:20,-70
BLE,1705098874343194840,D3:F4:55:AB:96:20,-75
BLE,1705098874614581572,DF:DF:EE:00:00:04,-40
BLE,1705098875067287191,DF:DF:EE:00:00:04,-39
BLE,1705098875303890629,D3:F4:55:AB:96:20,-67
BLE,1705098875615020598,DF:DF:EE:00:00:04,-39
BLE,1705098876073638314,DF:DF:EE:00:00:04,-40
BLE,1705098876463039810,D3:F4:55:AB:96:20,-71
BLE,1705098876613047902,DF:DF:EE:00:00:04,-24
BLE,1705098877042061470,D3:F4:55:AB:96:20,-78
BLE,1705098877612485607,D3:F4:55:AB:96:20,-71
BLE,1705098877801629234,D3:F4:55:AB:96:20,-68
BLE,1705098878068579811,DF:DF:EE:00:00:04,-38
BLE,1705098878190598860,D3:F4:55:AB:96:20,-61
BLE,1705098878608733640,DF:DF:EE:00:00:04,-40
BLE,1705098878775037664,D3:F4:55:AB:96:20,-76
BLE,1705098878962729058,D3:F4:55:AB:96:20,-72
BLE,1705098879072526086,DF:DF:EE:00:00:04,-38
BLE,1705098879160533832,D3:F4:55:AB:96:20,-61
BLE,1705098879357142162,D3:F4:55:AB:96:20,-61
BLE,1705098879548666510,D3:F4:55:AB:96:20,-72
BLE,1705098879741893130,D3:F4:55:AB:96:20,-75
BLE,1705098879928746368,D3:F4:55:AB:96:20,-56
BLE,1705098880075654580,DF:DF:EE:00:00:04,-39
BLE,1705098880077062022,DF:DF:EE:00:00:04,-40
BLE,1705098880499876330,D3:F4:55:AB:96:20,-68
BLE,1705098881071828365,D3:F4:55:AB:96:20,-75
BLE,1705098881144042215,DF:A6:DC:DC:2E:81,-69
BLE,1705098881144090548,DF:DF:EE:00:00:01,-69
BLE,1705098881262640389,D3:F4:55:AB:96:20,-68
BLE,1705098881647113485,D3:F4:55:AB:96:20,-68
BLE,1705098882066513501,DF:DF:EE:00:00:04,-38
BLE,1705098882412826801,D3:F4:55:AB:96:20,-67
BLE,1705098882607042243,D3:F4:55:AB:96:20,-71
BLE,1705098882796127454,D3:F4:55:AB:96:20,-68
BLE,1705098882990866222,D3:F4:55:AB:96:20,-70
BLE,1705098883182732400,D3:F4:55:AB:96:20,-75
BLE,1705098883378603739,D3:F4:55:AB:96:20,-68
BLE,1705098883568657480,D3:F4:55:AB:96:20,-93
BLE,1705098883950800313,D3:F4:55:AB:96:20,-76
BLE,1705098884075307000,DF:DF:EE:00:00:04,-40
BLE,1705098884142718823,D3:F4:55:AB:96:20,-67
BLE,1705098884607364176,DF:DF:EE:00:00:04,-57
BLE,1705098885104065564,D3:F4:55:AB:96:20,-56
BLE,1705098885293667185,D3:F4:55:AB:96:20,-69
BLE,1705098885608583109,DF:DF:EE:00:00:04,-39
BLE,1705098886060596903,D3:F4:55:AB:96:20,-69
BLE,1705098886071189819,DF:DF:EE:00:00:04,-39
BLE,1705098886251379969,D3:F4:55:AB:96:20,-75
BLE,1705098886635648735,D3:F4:55:AB:96:20,-71
BLE,1705098886831160828,D3:F4:55:AB:96:20,-93
BLE,1705098887403077363,D3:F4:55:AB:96:20,-70
BLE,1705098887404588679,D3:F4:55:AB:96:20,-67
BLE,1705098887608167176,DF:DF:EE:00:00:04,-39
BLE,1705098887796019235,D3:F4:55:AB:96:20,-76
BLE,1705098887987300753,D3:F4:55:AB:96:20,-70
BLE,1705098888178275983,D3:F4:55:AB:96:20,-77
BLE,1705098888365006805,D3:F4:55:AB:96:20,-70
BLE,1705098888752604990,D3:F4:55:AB:96:20,-72
BLE,1705098888947385091,D3:F4:55:AB:96:20,-81
BLE,1705098889066804339,DF:DF:EE:00:00:04,-39
BLE,1705098889333827957,D3:F4:55:AB:96:20,-70
BLE,1705098889532627344,D3:F4:55:AB:96:20,-76
BLE,1705098889613910961,DF:DF:EE:00:00:04,-39
BLE,1705098889730039331,D3:F4:55:AB:96:20,-76
BLE,1705098890068858762,DF:DF:EE:00:00:04,-22
BLE,1705098890112877280,D3:F4:55:AB:96:20,-76
BLE,1705098890610914444,DF:DF:EE:00:00:04,-39
BLE,1705098890695700853,D3:F4:55:AB:96:20,-68
BLE,1705098891087461863,D3:F4:55:AB:96:20,-70
BLE,1705098891609593116,DF:DF:EE:00:00:04,-23
BLE,1705098892434493520,D3:F4:55:AB:96:20,-76
BLE,1705098892599862679,DF:A6:DC:DC:2E:81,-68
BLE,1705098892599884304,DF:DF:EE:00:00:01,-68
BLE,1705098892820836219,D3:F4:55:AB:96:20,-72
BLE,1705098893069211184,DF:DF:EE:00:00:04,-40
BLE,1705098894352765053,D3:F4:55:AB:96:20,-71
BLE,1705098894548771307,D3:F4:55:AB:96:20,-77
BLE,1705098894616206213,DF:DF:EE:00:00:04,-40
BLE,1705098894736705073,D3:F4:55:AB:96:20,-70
BLE,1705098894928892455,D3:F4:55:AB:96:20,-76
BLE,1705098895124021886,D3:F4:55:AB:96:20,-67
BLE,1705098895312846100,D3:F4:55:AB:96:20,-75
BLE,1705098895506427966,D3:F4:55:AB:96:20,-53
BLE,1705098895699728877,D3:F4:55:AB:96:20,-71
BLE,1705098895889736160,D3:F4:55:AB:96:20,-69
BLE,1705098896082117207,D3:F4:55:AB:96:20,-72
BLE,1705098896280491640,D3:F4:55:AB:96:20,-77
BLE,1705098896427225855,DF:A6:DC:DC:2E:81,-71
BLE,1705098896427266479,DF:DF:EE:00:00:01,-71
BLE,1705098896473873675,D3:F4:55:AB:96:20,-53
BLE,1705098896663057885,D3:F4:55:AB:96:20,-75
BLE,1705098896849526127,D3:F4:55:AB:96:20,-70
BLE,1705098897047649106,D3:F4:55:AB:96:20,-76
BLE,1705098897245256257,D3:F4:55:AB:96:20,-76
BLE,1705098897436661065,D3:F4:55:AB:96:20,-71
BLE,1705098897627913042,D3:F4:55:AB:96:20,-75
BLE,1705098897817776285,D3:F4:55:AB:96:20,-75
BLE,1705098898206228002,D3:F4:55:AB:96:20,-67
BLE,1705098898395667000,D3:F4:55:AB:96:20,-76
BLE,1705098898977644708,D3:F4:55:AB:96:20,-75
BLE,1705098899069336826,DF:DF:EE:00:00:04,-40
BLE,1705098899558310265,D3:F4:55:AB:96:20,-69
BLE,1705098899611569090,DF:DF:EE:00:00:04,-41
BLE,1705098899941038174,D3:F4:55:AB:96:20,-68
BLE,1705098900067503629,DF:DF:EE:00:00:04,-38
BLE,1705098900246707124,DF:A6:DC:DC:2E:81,-68
BLE,1705098900246747332,DF:DF:EE:00:00:01,-68
BLE,1705098900323388338,D3:F4:55:AB:96:20,-68
BLE,1705098900615106579,DF:DF:EE:00:00:04,-38
BLE,1705098901072914929,DF:DF:EE:00:00:04,-52
BLE,1705098901095052041,D3:F4:55:AB:96:20,-75
BLE,1705098901285928189,D3:F4:55:AB:96:20,-71
BLE,1705098901483317343,D3:F4:55:AB:96:20,-70
BLE,1705098901679868715,D3:F4:55:AB:96:20,-78
BLE,1705098902063241992,D3:F4:55:AB:96:20,-91
BLE,1705098902071008649,DF:DF:EE:00:00:04,-39
BLE,1705098902251966082,D3:F4:55:AB:96:20,-70
BLE,1705098902447372176,D3:F4:55:AB:96:20,-76
BLE,1705098902634402786,D3:F4:55:AB:96:20,-56
BLE,1705098902827923194,D3:F4:55:AB:96:20,-75
BLE,1705098903022829003,D3:F4:55:AB:96:20,-68
BLE,1705098903211813215,D3:F4:55:AB:96:20,-75
BLE,1705098903398182708,D3:F4:55:AB:96:20,-66
BLE,1705098903614327889,DF:DF:EE:00:00:04,-39
BLE,1705098903783159591,D3:F4:55:AB:96:20,-71
BLE,1705098904071697161,DF:DF:EE:00:00:04,-39
BLE,1705098904360745226,D3:F4:55:AB:96:20,-76
BLE,1705098904546566434,D3:F4:55:AB:96:20,-70
BLE,1705098904608154118,DF:DF:EE:00:00:04,-39
BLE,1705098904941221535,D3:F4:55:AB:96:20,-95
BLE,1705098905072021105,DF:DF:EE:00:00:04,-39
BLE,1705098905132917465,D3:F4:55:AB:96:20,-70
BLE,1705098905324530854,D3:F4:55:AB:96:20,-76
BLE,1705098905511106428,D3:F4:55:AB:96:20,-70
BLE,1705098905613292338,DF:DF:EE:00:00:04,-38
BLE,1705098905614823237,DF:DF:EE:00:00:04,-23
BLE,1705098906074692688,DF:DF:EE:00:00:04,-38
BLE,1705098906612587586,DF:DF:EE:00:00:04,-39
BLE,1705098906653853637,D3:F4:55:AB:96:20,-76
BLE,1705098906840387212,D3:F4:55:AB:96:20,-70
BLE,1705098907066139862,DF:DF:EE:00:00:04,-39
BLE,1705098907233001295,D3:F4:55:AB:96:20,-68
BLE,1705098907430758736,D3:F4:55:AB:96:20,-68
BLE,1705098907613552480,DF:DF:EE:00:00:04,-39
BLE,1705098907814189929,D3:F4:55:AB:96:20,-69
BLE,1705098907876983641,DF:A6:DC:DC:2E:81,-53
BLE,1705098907877002849,DF:DF:EE:00:00:01,-53
BLE,1705098908005411031,D3:F4:55:AB:96:20,-76
BLE,1705098908391881063,D3:F4:55:AB:96:20,-75
BLE,1705098909068904891,DF:DF:EE:00:00:04,-38
BLE,1705098909149282894,D3:F4:55:AB:96:20,-75
BLE,1705098909343345754,D3:F4:55:AB:96:20,-68
BLE,1705098909532729378,D3:F4:55:AB:96:20,-76
BLE,1705098910072643794,DF:DF:EE:00:00:04,-39
BLE,1705098910299189560,D3:F4:55:AB:96:20,-76
BLE,1705098910484639022,D3:F4:55:AB:96:20,-56
BLE,1705098910871168803,D3:F4:55:AB:96:20,-70
BLE,1705098911072445619,DF:DF:EE:00:00:04,-39
BLE,1705098911251163411,D3:F4:55:AB:96:20,-71
BLE,1705098911445001316,D3:F4:55:AB:96:20,-76
BLE,1705098911635041599,D3:F4:55:AB:96:20,-56
BLE,1705098911824975883,D3:F4:55:AB:96:20,-75
BLE,1705098912073020185,DF:DF:EE:00:00:04,-40
BLE,1705098912616701639,DF:DF:EE:00:00:04,-39
BLE,1705098913071769397,DF:DF:EE:00:00:04,-39
BLE,1705098913379234284,D3:F4:55:AB:96:20,-76
BLE,1705098913760526211,D3:F4:55:AB:96:20,-75
BLE,1705098913949323884,D3:F4:55:AB:96:20,-71
BLE,1705098914070915480,DF:DF:EE:00:00:04,-38
BLE,1705098914241522744,DF:A6:DC:DC:2E:81,-67
BLE,1705098914241569077,DF:DF:EE:00:00:01,-67
BLE,1705098914614959722,DF:DF:EE:00:00:04,-38
BLE,1705098914714292666,D3:F4:55:AB:96:20,-56
BLE,1705098914913288426,D3:F4:55:AB:96:20,-61
BLE,1705098915495481840,D3:F4:55:AB:96:20,-76
BLE,1705098915610898385,DF:DF:EE:00:00:04,-39
BLE,1705098915872611857,D3:F4:55:AB:96:20,-68
BLE,1705098916062568641,D3:F4:55:AB:96:20,-71
BLE,1705098916073900340,DF:DF:EE:00:00:04,-38
BLE,1705098916261522401,D3:F4:55:AB:96:20,-61
BLE,1705098916448179933,D3:F4:55:AB:96:20,-71
BLE,1705098916637590598,D3:F4:55:AB:96:20,-67
BLE,1705098916790497531,DF:A6:DC:DC:2E:81,-71
BLE,1705098916790534864,DF:DF:EE:00:00:01,-71
BLE,1705098917013642129,D3:F4:55:AB:96:20,-71
BLE,1705098917069714420,DF:DF:EE:00:00:04,-39
BLE,1705098917392988870,D3:F4:55:AB:96:20,-70
BLE,1705098917784218470,D3:F4:55:AB:96:20,-67
BLE,1705098918076136042,DF:DF:EE:00:00:04,-38
BLE,1705098918173255262,D3:F4:55:AB:96:20,-77
BLE,1705098918367103375,D3:F4:55:AB:96:20,-68
BLE,1705098918557869108,D3:F4:55:AB:96:20,-76
BLE,1705098918613752527,DF:DF:EE:00:00:04,-39
BLE,1705098919143527397,D3:F4:55:AB:96:20,-76
BLE,1705098919614547465,DF:DF:EE:00:00:04,-56
BLE,1705098919719307553,D3:F4:55:AB:96:20,-68
BLE,1705098920072617687,DF:DF:EE:00:00:04,-39
BLE,1705098920489586439,D3:F4:55:AB:96:20,-78
BLE,1705098920605801516,DF:DF:EE:00:00:04,-24
BLE,1705098920678237947,D3:F4:55:AB:96:20,-70
BLE,1705098921058225222,D3:F4:55:AB:96:20,-92
BLE,1705098921075664598,DF:DF:EE:00:00:04,-41
BLE,1705098921255500794,D3:F4:55:AB:96:20,-76
BLE,1705098921445149374,D3:F4:55:AB:96:20,-70
BLE,1705098921610318369,DF:DF:EE:00:00:04,-39
BLE,1705098921637678960,D3:F4:55:AB:96:20,-61
BLE,1705098921891781065,DF:A6:DC:DC:2E:81,-68
BLE,1705098921891834606,DF:DF:EE:00:00:01,-68
BLE,1705098922027135290,D3:F4:55:AB:96:20,-57
BLE,1705098922217599067,D3:F4:55:AB:96:20,-53
BLE,1705098922604615259,D3:F4:55:AB:96:20,-75
BLE,1705098923162029717,DF:A6:DC:DC:2E:81,-71
BLE,1705098923162062675,DF:DF:EE:00:00:01,-71
BLE,1705098923559829864,D3:F4:55:AB:96:20,-71
BLE,1705098923605729402,DF:DF:EE:00:00:04,-38
BLE,1705098923750702095,D3:F4:55:AB:96:20,-77
BLE,1705098924438151925,DF:A6:DC:DC:2E:81,-67
BLE,1705098924438189841,DF:DF:EE:00:00:01,-67
BLE,1705098924515793210,D3:F4:55:AB:96:20,-76
BLE,1705098924607086708,DF:DF:EE:00:00:04,-40
BLE,1705098924707070603,D3:F4:55:AB:96:20,-70
BLE,1705098925075400392,DF:DF:EE:00:00:04,-50
BLE,1705098925291698988,D3:F4:55:AB:96:20,-71
BLE,1705098925487196539,D3:F4:55:AB:96:20,-76
BLE,1705098925604745809,DF:DF:EE:00:00:04,-40
BLE,1705098926068205883,DF:DF:EE:00:00:04,-40
BLE,1705098926609633740,DF:DF:EE:00:00:04,-39
BLE,1705098926654108961,D3:F4:55:AB:96:20,-76
BLE,1705098927036035005,D3:F4:55:AB:96:20,-61
BLE,1705098927225054258,D3:F4:55:AB:96:20,-70
BLE,1705098927424118392,D3:F4:55:AB:96:20,-76
BLE,1705098927612865982,DF:DF:EE:00:00:04,-52
BLE,1705098928003438298,D3:F4:55:AB:96:20,-76
BLE,1705098928066496466,DF:DF:EE:00:00:04,-39
BLE,1705098928263751163,DF:A6:DC:DC:2E:81,-67
BLE,1705098928263786246,DF:DF:EE:00:00:01,-67
BLE,1705098928768580163,D3:F4:55:AB:96:20,-77
BLE,1705098928956791967,D3:F4:55:AB:96:20,-70
BLE,1705098929069297797,DF:DF:EE:00:00:04,-56
BLE,1705098929609878121,DF:DF:EE:00:00:04,-40
BLE,1705098930066058658,DF:DF:EE:00:00:04,-39
BLE,1705098930299531133,D3:F4:55:AB:96:20,-60
BLE,1705098930607072644,DF:DF:EE:00:00:04,-38
BLE,1705098930883662648,D3:F4:55:AB:96:20,-76
BLE,1705098931070492594,DF:DF:EE:00:00:04,-38
BLE,1705098931073423726,D3:F4:55:AB:96:20,-70
BLE,1705098931265882855,D3:F4:55:AB:96:20,-76
BLE,1705098931648539057,D3:F4:55:AB:96:20,-76
BLE,1705098931840033906,D3:F4:55:AB:96:20,-56
BLE,1705098932228561830,D3:F4:55:AB:96:20,-68
BLE,1705098932613069676,D3:F4:55:AB:96:20,-68
BLE,1705098932999307127,D3:F4:55:AB:96:20,-76
BLE,1705098933186175698,D3:F4:55:AB:96:20,-71
BLE,1705098933368757486,DF:A6:DC:DC:2E:81,-84
BLE,1705098933368787694,DF:DF:EE:00:00:01,-84
BLE,1705098933377246469,D3:F4:55:AB:96:20,-69
BLE,1705098933571282662,D3:F4:55:AB:96:20,-70
BLE,1705098933607173527,DF:DF:EE:00:00:04,-39
BLE,1705098933765959807,D3:F4:55:AB:96:20,-77
BLE,1705098933961040071,D3:F4:55:AB:96:20,-69
BLE,1705098934066232988,DF:DF:EE:00:00:04,-39
BLE,1705098934155772924,D3:F4:55:AB:96:20,-70
BLE,1705098934349925408,D3:F4:55:AB:96:20,-76
BLE,1705098934543686855,D3:F4:55:AB:96:20,-69
BLE,1705098934607407056,DF:DF:EE:00:00:04,-39
BLE,1705098934734810583,D3:F4:55:AB:96:20,-75
BLE,1705098934922685850,D3:F4:55:AB:96:20,-87
BLE,1705098935065612359,DF:DF:EE:00:00:04,-39
BLE,1705098935306819951,D3:F4:55:AB:96:20,-70
BLE,1705098935613125060,DF:DF:EE:00:00:04,-40
BLE,1705098935692921237,D3:F4:55:AB:96:20,-69
BLE,1705098936068668271,DF:DF:EE:00:00:04,-39
BLE,1705098936077492207,D3:F4:55:AB:96:20,-59
BLE,1705098936610424123,DF:DF:EE:00:00:04,-38
BLE,1705098936651394553,D3:F4:55:AB:96:20,-71
BLE,1705098937433872294,D3:F4:55:AB:96:20,-76
BLE,1705098937615025058,DF:DF:EE:00:00:04,-40
BLE,1705098937816299665,D3:F4:55:AB:96:20,-75
BLE,1705098938068159755,DF:DF:EE:00:00:04,-56
BLE,1705098938450654251,DF:A6:DC:DC:2E:81,-70
BLE,1705098938450688542,DF:DF:EE:00:00:01,-70
BLE,1705098938580669997,D3:F4:55:AB:96:20,-75
BLE,1705098938609832067,DF:DF:EE:00:00:04,-39
BLE,1705098938767222655,D3:F4:55:AB:96:20,-72
BLE,1705098938959262247,D3:F4:55:AB:96:20,-68
BLE,1705098939148246543,D3:F4:55:AB:96:20,-70
BLE,1705098939611011376,DF:DF:EE:00:00:04,-39
BLE,1705098939728065818,D3:F4:55:AB:96:20,-76
BLE,1705098939915783628,D3:F4:55:AB:96:20,-70
BLE,1705098940069287054,DF:DF:EE:00:00:04,-40
BLE,1705098940110205651,D3:F4:55:AB:96:20,-76
BLE,1705098940296133608,D3:F4:55:AB:96:20,-70
BLE,1705098940484540410,D3:F4:55:AB:96:20,-67
BLE,1705098940679495009,D3:F4:55:AB:96:20,-70
BLE,1705098940873965698,D3:F4:55:AB:96:20,-76
BLE,1705098941062705413,D3:F4:55:AB:96:20,-70
BLE,1705098941069983368,DF:DF:EE:00:00:04,-37
BLE,1705098941640580919,D3:F4:55:AB:96:20,-76
BLE,1705098941830020210,D3:F4:55:AB:96:20,-83
BLE,1705098942023608409,D3:F4:55:AB:96:20,-76
BLE,1705098942210698518,D3:F4:55:AB:96:20,-72
BLE,1705098942400776926,D3:F4:55:AB:96:20,-68
BLE,1705098942606360357,DF:DF:EE:00:00:04,-39
BLE,1705098942973460827,D3:F4:55:AB:96:20,-56
BLE,1705098943066000144,DF:DF:EE:00:00:04,-39
BLE,1705098943365936371,D3:F4:55:AB:96:20,-68
BLE,1705098943555783989,D3:F4:55:AB:96:20,-61
BLE,1705098943611414120,DF:DF:EE:00:00:04,-38
BLE,1705098943742141858,D3:F4:55:AB:96:20,-70
BLE,1705098943938014571,D3:F4:55:AB:96:20,-92
BLE,1705098944698991318,D3:F4:55:AB:96:20,-75
BLE,1705098945065681751,DF:DF:EE:00:00:04,-36
BLE,1705098945084093241,D3:F4:55:AB:96:20,-76
BLE,1705098945273748528,D3:F4:55:AB:96:20,-57
BLE,1705098945611045519,DF:DF:EE:00:00:04,-39
BLE,1705098945655782571,D3:F4:55:AB:96:20,-71
BLE,1705098945850757337,D3:F4:55:AB:96:20,-77
BLE,1705098946044032873,D3:F4:55:AB:96:20,-69
BLE,1705098946074476261,DF:DF:EE:00:00:04,-40
BLE,1705098946436632040,D3:F4:55:AB:96:20,-61
BLE,1705098946606963682,DF:DF:EE:00:00:04,-39
BLE,1705098946815796992,D3:F4:55:AB:96:20,-76
BLE,1705098947001043831,D3:F4:55:AB:96:20,-70
BLE,1705098947365593749,DF:A6:DC:DC:2E:81,-68
BLE,1705098947365654706,DF:DF:EE:00:00:01,-68
BLE,1705098947385211599,D3:F4:55:AB:96:20,-87
BLE,1705098947574874678,D3:F4:55:AB:96:20,-68
BLE,1705098947769940234,D3:F4:55:AB:96:20,-70
BLE,1705098948152102692,D3:F4:55:AB:96:20,-70
BLE,1705098948348807646,D3:F4:55:AB:96:20,-61
BLE,1705098948536394458,D3:F4:55:AB:96:20,-71
BLE,1705098948610047332,DF:DF:EE:00:00:04,-37
BLE,1705098949068293969,DF:DF:EE:00:00:04,-40
BLE,1705098949118662037,D3:F4:55:AB:96:20,-89
BLE,1705098949502952220,D3:F4:55:AB:96:20,-70
BLE,1705098949693567162,D3:F4:55:AB:96:20,-76
BLE,1705098950069346987,DF:DF:EE:00:00:04,-39
BLE,1705098950072328869,D3:F4:55:AB:96:20,-67
BLE,1705098950264130881,D3:F4:55:AB:96:20,-70
BLE,1705098950609075406,DF:DF:EE:00:00:04,-39
BLE,1705098951190660910,DF:A6:DC:DC:2E:81,-67
BLE,1705098951190718492,DF:DF:EE:00:00:01,-67
BLE,1705098951216672184,D3:F4:55:AB:96:20,-69
BLE,1705098951409606307,D3:F4:55:AB:96:20,-76
BLE,1705098951595348933,D3:F4:55:AB:96:20,-70
BLE,1705098951610131382,DF:DF:EE:00:00:04,-39
BLE,1705098951790353282,D3:F4:55:AB:96:20,-77
BLE,1705098952065118475,DF:DF:EE:00:00:04,-23
BLE,1705098952373404519,D3:F4:55:AB:96:20,-92
BLE,1705098952558818440,D3:F4:55:AB:96:20,-87
BLE,1705098952606478248,DF:DF:EE:00:00:04,-40
BLE,1705098952753467668,D3:F4:55:AB:96:20,-61
BLE,1705098952941869554,D3:F4:55:AB:96:20,-70
BLE,1705098953071417139,DF:DF:EE:00:00:04,-40
BLE,1705098953327208932,D3:F4:55:AB:96:20,-70
BLE,1705098953610969893,DF:DF:EE:00:00:04,-51
BLE,1705098953722206071,D3:F4:55:AB:96:20,-89
BLE,1705098953730825676,DF:A6:DC:DC:2E:81,-58
BLE,1705098953730869218,DF:DF:EE:00:00:01,-58
BLE,1705098954066656227,DF:DF:EE:00:00:04,-39
BLE,1705098954486476195,D3:F4:55:AB:96:20,-75
BLE,1705098954674222255,D3:F4:55:AB:96:20,-70
BLE,1705098954868828067,D3:F4:55:AB:96:20,-76
BLE,1705098955065300649,DF:DF:EE:00:00:04,-39
BLE,1705098955608995311,DF:DF:EE:00:00:04,-39
BLE,1705098956016812131,D3:F4:55:AB:96:20,-79
BLE,1705098956068479392,DF:DF:EE:00:00:04,-23
BLE,1705098956403658908,D3:F4:55:AB:96:20,-75
BLE,1705098956591708256,D3:F4:55:AB:96:20,-87
BLE,1705098956783354728,D3:F4:55:AB:96:20,-75
BLE,1705098956969250560,D3:F4:55:AB:96:20,-70
BLE,1705098957069897114,DF:DF:EE:00:00:04,-39
BLE,1705098957160870700,D3:F4:55:AB:96:20,-68
BLE,1705098957555145430,DF:A6:DC:DC:2E:81,-68
BLE,1705098957555200929,DF:DF:EE:00:00:01,-68
BLE,1705098957604383761,DF:DF:EE:00:00:04,-39
BLE,1705098957931887910,D3:F4:55:AB:96:20,-75
BLE,1705098958123795338,D3:F4:55:AB:96:20,-68
BLE,1705098958609530856,DF:DF:EE:00:00:04,-52
BLE,1705098959068938104,DF:DF:EE:00:00:04,-39
BLE,1705098959080911878,D3:F4:55:AB:96:20,-76
BLE,1705098959273702629,D3:F4:55:AB:96:20,-68
BLE,1705098959468616562,D3:F4:55:AB:96:20,-70
BLE,1705098959853692485,D3:F4:55:AB:96:20,-71
BLE,1705098960045890201,D3:F4:55:AB:96:20,-94
BLE,1705098960103815262,DF:A6:DC:DC:2E:81,-72
BLE,1705098960103844637,DF:DF:EE:00:00:01,-72
BLE,1705098960428119658,D3:F4:55:AB:96:20,-77
BLE,1705098960610410616,DF:DF:EE:00:00:04,-40
BLE,1705098960616067840,D3:F4:55:AB:96:20,-70
BLE,1705098960814505440,D3:F4:55:AB:96:20,-75
BLE,1705098961001733590,D3:F4:55:AB:96:20,-56
BLE,1705098961073036742,DF:DF:EE:00:00:04,-39
BLE,1705098961582328814,D3:F4:55:AB:96:20,-70
BLE,1705098961971048069,D3:F4:55:AB:96:20,-68
BLE,1705098962164810641,D3:F4:55:AB:96:20,-76
BLE,1705098962350430435,D3:F4:55:AB:96:20,-70
BLE,1705098962546454188,D3:F4:55:AB:96:20,-75
BLE,1705098962611896993,DF:DF:EE:00:00:04,-40
BLE,1705098963117333736,D3:F4:55:AB:96:20,-70
BLE,1705098963118642054,D3:F4:55:AB:96:20,-58
BLE,1705098963501802166,D3:F4:55:AB:96:20,-58
BLE,1705098963607519118,DF:DF:EE:00:00:04,-27
BLE,1705098963924264478,DF:A6:DC:DC:2E:81,-67
BLE,1705098963924323561,DF:DF:EE:00:00:01,-67
BLE,1705098964068991550,DF:DF:EE:00:00:04,-39
BLE,1705098964275375680,D3:F4:55:AB:96:20,-77
BLE,1705098964470856690,D3:F4:55:AB:96:20,-68
BLE,1705098965071667132,DF:DF:EE:00:00:04,-38
BLE,1705098965605375122,DF:DF:EE:00:00:04,-39
BLE,1705098965624431937,D3:F4:55:AB:96:20,-76
BLE,1705098965814328555,D3:F4:55:AB:96:20,-70
BLE,1705098966063073682,DF:DF:EE:00:00:04,-38
BLE,1705098966205772778,D3:F4:55:AB:96:20,-58
BLE,1705098966465375484,DF:A6:DC:DC:2E:81,-69
BLE,1705098966465410567,DF:DF:EE:00:00:01,-69
BLE,1705098966604130293,DF:DF:EE:00:00:04,-38
BLE,1705098966970543854,D3:F4:55:AB:96:20,-58
BLE,1705098967540293249,D3:F4:55:AB:96:20,-76
BLE,1705098967725890627,D3:F4:55:AB:96:20,-71
BLE,1705098967922107919,D3:F4:55:AB:96:20,-74
BLE,1705098968070679820,DF:DF:EE:00:00:04,-39
BLE,1705098968107826962,D3:F4:55:AB:96:20,-70
BLE,1705098968307142510,D3:F4:55:AB:96:20,-76
BLE,1705098968496854463,D3:F4:55:AB:96:20,-67
BLE,1705098968887648318,D3:F4:55:AB:96:20,-76
BLE,1705098969007461436,DF:A6:DC:DC:2E:81,-69
BLE,1705098969007473227,DF:DF:EE:00:00:01,-69
BLE,1705098969074213392,D3:F4:55:AB:96:20,-71
BLE,1705098969462257614,D3:F4:55:AB:96:20,-84
BLE,1705098969855872644,D3:F4:55:AB:96:20,-79
BLE,1705098970044409569,D3:F4:55:AB:96:20,-71
BLE,1705098970064632954,DF:DF:EE:00:00:04,-51
BLE,1705098970236683242,D3:F4:55:AB:96:20,-92
BLE,1705098970431978713,D3:F4:55:AB:96:20,-68
BLE,1705098970609235981,DF:DF:EE:00:00:04,-39
BLE,1705098970825513244,D3:F4:55:AB:96:20,-75
BLE,1705098971021082044,D3:F4:55:AB:96:20,-58
BLE,1705098971069262055,DF:DF:EE:00:00:04,-53
BLE,1705098971212930597,D3:F4:55:AB:96:20,-70
BLE,1705098971403858411,D3:F4:55:AB:96:20,-68
BLE,1705098971555102114,DF:A6:DC:DC:2E:81,-68
BLE,1705098971555114863,DF:DF:EE:00:00:01,-68
BLE,1705098971594085484,D3:F4:55:AB:96:20,-56
BLE,1705098971614126704,DF:DF:EE:00:00:04,-23
BLE,1705098971789277164,D3:F4:55:AB:96:20,-69
BLE,1705098971979299280,D3:F4:55:AB:96:20,-71
BLE,1705098972066573159,DF:DF:EE:00:00:04,-39
BLE,1705098972175551156,D3:F4:55:AB:96:20,-76
BLE,1705098972362167604,D3:F4:55:AB:96:20,-70
BLE,1705098972749586750,D3:F4:55:AB:96:20,-68
BLE,1705098973606889727,DF:DF:EE:00:00:04,-39
BLE,1705098973893639652,D3:F4:55:AB:96:20,-71
BLE,1705098974088560377,D3:F4:55:AB:96:20,-75
BLE,1705098974284382424,D3:F4:55:AB:96:20,-58
BLE,1705098974606433680,DF:DF:EE:00:00:04,-40
BLE,1705098974670997246,D3:F4:55:AB:96:20,-76
BLE,1705098975609396092,DF:DF:EE:00:00:04,-39
BLE,1705098975633877093,D3:F4:55:AB:96:20,-69
BLE,1705098975828960482,D3:F4:55:AB:96:20,-70
BLE,1705098976605356129,DF:DF:EE:00:00:04,-39
BLE,1705098977072372787,DF:DF:EE:00:00:04,-38
BLE,1705098977605879362,DF:DF:EE:00:00:04,-51
BLE,1705098977756023244,D3:F4:55:AB:96:20,-76
BLE,1705098977920062670,DF:A6:DC:DC:2E:81,-68
BLE,1705098977920135669,DF:DF:EE:00:00:01,-68
BLE,1705098977941377541,D3:F4:55:AB:96:20,-70
BLE,1705098978064083500,DF:DF:EE:00:00:04,-39
BLE,1705098978326457881,D3:F4:55:AB:96:20,-70
BLE,1705098978908235466,D3:F4:55:AB:96:20,-70
BLE,1705098979189392916,DF:A6:DC:DC:2E:81,-71
BLE,1705098979189430666,DF:DF:EE:00:00:01,-71
BLE,1705098979478187692,D3:F4:55:AB:96:20,-68
BLE,1705098979609411966,DF:DF:EE:00:00:04,-39
BLE,1705098980057586555,D3:F4:55:AB:96:20,-71
BLE,1705098980066173912,DF:DF:EE:00:00:04,-39
BLE,1705098980610461692,DF:DF:EE:00:00:04,-39
BLE,1705098981607409801,DF:DF:EE:00:00:04,-39
BLE,1705098981789365014,D3:F4:55:AB:96:20,-87
BLE,1705098981984220698,D3:F4:55:AB:96:20,-76
BLE,1705098982066878215,DF:DF:EE:00:00:04,-37
BLE,1705098982369377995,D3:F4:55:AB:96:20,-76
BLE,1705098982944467909,D3:F4:55:AB:96:20,-58
BLE,1705098983069828711,DF:DF:EE:00:00:04,-39
BLE,1705098983327438858,D3:F4:55:AB:96:20,-69
BLE,1705098983523471111,D3:F4:55:AB:96:20,-70
BLE,1705098983717412722,D3:F4:55:AB:96:20,-77
BLE,1705098983911296835,D3:F4:55:AB:96:20,-58
BLE,1705098984100527169,D3:F4:55:AB:96:20,-75
BLE,1705098984610022238,DF:DF:EE:00:00:04,-39
BLE,1705098984680122530,D3:F4:55:AB:96:20,-69
BLE,1705098985066911724,DF:DF:EE:00:00:04,-40
BLE,1705098985252117481,D3:F4:55:AB:96:20,-70
BLE,1705098985443305084,D3:F4:55:AB:96:20,-68
BLE,1705098985608741201,DF:DF:EE:00:00:04,-40
BLE,1705098985634156149,D3:F4:55:AB:96:20,-71
BLE,1705098985822880031,D3:F4:55:AB:96:20,-67
BLE,1705098986014691209,D3:F4:55:AB:96:20,-77
BLE,1705098986067198502,DF:DF:EE:00:00:04,-38
BLE,1705098986400679705,D3:F4:55:AB:96:20,-71
BLE,1705098986589537210,D3:F4:55:AB:96:20,-58
BLE,1705098986611672030,DF:DF:EE:00:00:04,-39
BLE,1705098986785442548,D3:F4:55:AB:96:20,-70
BLE,1705098986829777896,DF:A6:DC:DC:2E:81,-68
BLE,1705098986829819979,DF:DF:EE:00:00:01,-68
BLE,1705098986974659091,D3:F4:55:AB:96:20,-68
BLE,1705098987067335906,DF:DF:EE:00:00:04,-52
BLE,1705098987164909913,D3:F4:55:AB:96:20,-70
BLE,1705098987551155947,D3:F4:55:AB:96:20,-70
BLE,1705098987747382490,D3:F4:55:AB:96:20,-75
BLE,1705098988333048779,D3:F4:55:AB:96:20,-76
BLE,1705098988524496545,D3:F4:55:AB:96:20,-69
BLE,1705098988902233180,D3:F4:55:AB:96:20,-71
BLE,1705098989063682345,DF:DF:EE:00:00:04,-38
BLE,1705098989093922735,D3:F4:55:AB:96:20,-75
BLE,1705098989283501399,D3:F4:55:AB:96:20,-70
BLE,1705098989670199386,D3:F4:55:AB:96:20,-67
BLE,1705098989865784186,D3:F4:55:AB:96:20,-71
BLE,1705098990060121918,D3:F4:55:AB:96:20,-76
BLE,1705098990070943748,DF:DF:EE:00:00:04,-75
BLE,1705098990249293503,D3:F4:55:AB:96:20,-70
BLE,1705098990633714767,D3:F4:55:AB:96:20,-71
BLE,1705098990826513851,D3:F4:55:AB:96:20,-76
BLE,1705098991015760726,D3:F4:55:AB:96:20,-70
BLE,1705098991397510356,D3:F4:55:AB:96:20,-71
BLE,1705098991592158834,D3:F4:55:AB:96:20,-76
BLE,1705098991601020353,DF:DF:EE:00:00:04,-40
BLE,1705098991919755065,DF:A6:DC:DC:2E:81,-71
BLE,1705098991919772273,DF:DF:EE:00:00:01,-71
BLE,1705098991980027099,D3:F4:55:AB:96:20,-71
BLE,1705098992065748705,DF:DF:EE:00:00:04,-56
BLE,1705098992560644823,D3:F4:55:AB:96:20,-76
BLE,1705098992747192272,D3:F4:55:AB:96:20,-70
BLE,1705098992944159764,D3:F4:55:AB:96:20,-75
BLE,1705098993070594303,DF:DF:EE:00:00:04,-39
BLE,1705098993139507442,D3:F4:55:AB:96:20,-69
BLE,1705098993333379305,D3:F4:55:AB:96:20,-70
BLE,1705098993899541825,D3:F4:55:AB:96:20,-68
BLE,1705098994069101227,DF:DF:EE:00:00:04,-52
BLE,1705098994094581591,D3:F4:55:AB:96:20,-70
BLE,1705098994293467477,D3:F4:55:AB:96:20,-76
BLE,1705098994486391809,D3:F4:55:AB:96:20,-68
BLE,1705098994607444828,DF:DF:EE:00:00:04,-39
BLE,1705098995064479271,DF:DF:EE:00:00:04,-39
BLE,1705098995257063357,D3:F4:55:AB:96:20,-77
BLE,1705098995453121193,D3:F4:55:AB:96:20,-68
BLE,1705098995602386919,DF:DF:EE:00:00:04,-39
BLE,1705098995643548097,D3:F4:55:AB:96:20,-61
BLE,1705098995831232574,D3:F4:55:AB:96:20,-56
BLE,1705098996069882696,DF:DF:EE:00:00:04,-40
BLE,1705098996218918133,D3:F4:55:AB:96:20,-68
BLE,1705098996409204996,D3:F4:55:AB:96:20,-90
BLE,1705098996594732208,D3:F4:55:AB:96:20,-70
BLE,1705098996608743625,DF:DF:EE:00:00:04,-39
BLE,1705098996792025029,D3:F4:55:AB:96:20,-75
BLE,1705098996977565074,D3:F4:55:AB:96:20,-71
BLE,1705098997066316061,DF:DF:EE:00:00:04,-38
BLE,1705098997542750107,D3:F4:55:AB:96:20,-71
BLE,1705098997606462849,DF:DF:EE:00:00:04,-39
BLE,1705098998284373042,DF:A6:DC:DC:2E:81,-69
BLE,1705098998284447458,DF:DF:EE:00:00:01,-69
BLE,1705098998315305132,D3:F4:55:AB:96:20,-58
BLE,1705098998506211447,D3:F4:55:AB:96:20,-70
BLE,1705098998696901430,D3:F4:55:AB:96:20,-69
BLE,1705098999067252528,DF:DF:EE:00:00:04,-39
BLE,1705098999467448147,D3:F4:55:AB:96:20,-77
BLE,1705098999608184682,DF:DF:EE:00:00:04,-40
BLE,1705098999855036873,D3:F4:55:AB:96:20,-69
BLE,1705099000046586263,D3:F4:55:AB:96:20,-69
BLE,1705099000069067746,DF:DF:EE:00:00:04,-39
BLE,1705099000434011367,D3:F4:55:AB:96:20,-76
BLE,1705099000601827247,DF:DF:EE:00:00:04,-38
BLE,1705099000622223755,D3:F4:55:AB:96:20,-70
BLE,1705099000818938208,D3:F4:55:AB:96:20,-76
BLE,1705099001198064827,D3:F4:55:AB:96:20,-77
BLE,1705099001385473850,D3:F4:55:AB:96:20,-70
BLE,1705099001582563424,D3:F4:55:AB:96:20,-75
BLE,1705099001772140796,D3:F4:55:AB:96:20,-71
BLE,1705099001966519610,D3:F4:55:AB:96:20,-89
BLE,1705099002063581582,DF:DF:EE:00:00:04,-39
BLE,1705099002109221956,DF:A6:DC:DC:2E:81,-68
BLE,1705099002109237122,DF:DF:EE:00:00:01,-68
BLE,1705099002153699427,D3:F4:55:AB:96:20,-71
BLE,1705099002610801869,DF:DF:EE:00:00:04,-38
BLE,1705099003497738702,D3:F4:55:AB:96:20,-76
BLE,1705099003608730883,DF:DF:EE:00:00:04,-40
BLE,1705099004070368771,DF:DF:EE:00:00:04,-36
BLE,1705099004464586710,D3:F4:55:AB:96:20,-76
BLE,1705099004610062690,DF:DF:EE:00:00:04,-38
BLE,1705099005064945075,DF:DF:EE:00:00:04,-39
BLE,1705099005408809488,D3:F4:55:AB:96:20,-94
BLE,1705099005796292424,D3:F4:55:AB:96:20,-70
BLE,1705099005935203939,DF:A6:DC:DC:2E:81,-67
BLE,1705099005935227897,DF:DF:EE:00:00:01,-67
BLE,1705099006190370157,D3:F4:55:AB:96:20,-58
BLE,1705099006576029198,D3:F4:55:AB:96:20,-89
BLE,1705099006606521377,DF:DF:EE:00:00:04,-22
BLE,1705099006955827267,D3:F4:55:AB:96:20,-69
BLE,1705099007149126886,D3:F4:55:AB:96:20,-70
BLE,1705099007337777186,D3:F4:55:AB:96:20,-68
BLE,1705099007725515577,D3:F4:55:AB:96:20,-75
BLE,1705099008301661562,D3:F4:55:AB:96:20,-68
BLE,1705099008494995515,D3:F4:55:AB:96:20,-71
BLE,1705099008609401446,DF:DF:EE:00:00:04,-38
BLE,1705099008693884526,D3:F4:55:AB:96:20,-76
BLE,1705099008879627526,D3:F4:55:AB:96:20,-70
BLE,1705099009074812623,D3:F4:55:AB:96:20,-76
BLE,1705099009264044999,D3:F4:55:AB:96:20,-70
BLE,1705099009459316386,D3:F4:55:AB:96:20,-76
BLE,1705099009607791788,DF:DF:EE:00:00:04,-39
BLE,1705099009647120404,D3:F4:55:AB:96:20,-57
BLE,1705099009754896373,DF:A6:DC:DC:2E:81,-68
BLE,1705099009754908956,DF:DF:EE:00:00:01,-68
BLE,1705099009838926083,D3:F4:55:AB:96:20,-77
BLE,1705099010025609697,D3:F4:55:AB:96:20,-70
BLE,1705099010215264776,D3:F4:55:AB:96:20,-69
BLE,1705099010610049792,DF:DF:EE:00:00:04,-38
BLE,1705099011063597526,DF:DF:EE:00:00:04,-38
BLE,1705099011364074705,D3:F4:55:AB:96:20,-67
BLE,1705099011552803795,D3:F4:55:AB:96:20,-76
BLE,1705099011608963169,DF:DF:EE:00:00:04,-52
BLE,1705099011946291618,D3:F4:55:AB:96:20,-67
BLE,1705099012302816464,DF:A6:DC:DC:2E:81,-69
BLE,1705099012302852422,DF:DF:EE:00:00:01,-69
BLE,1705099012606539771,DF:DF:EE:00:00:04,-40
BLE,1705099012901703638,D3:F4:55:AB:96:20,-76
BLE,1705099013067442293,DF:DF:EE:00:00:04,-39
BLE,1705099013088677457,D3:F4:55:AB:96:20,-57
BLE,1705099013476954634,D3:F4:55:AB:96:20,-69
BLE,1705099013604284370,DF:DF:EE:00:00:04,-38
BLE,1705099014069464508,DF:DF:EE:00:00:04,-40
BLE,1705099014251360596,D3:F4:55:AB:96:20,-76
BLE,1705099014440128519,D3:F4:55:AB:96:20,-70
BLE,1705099014611675813,DF:DF:EE:00:00:04,-39
BLE,1705099015019786379,D3:F4:55:AB:96:20,-72
BLE,1705099015067506437,DF:DF:EE:00:00:04,-39
BLE,1705099015218796639,D3:F4:55:AB:96:20,-77
BLE,1705099015414170692,D3:F4:55:AB:96:20,-68
BLE,1705099015793511516,D3:F4:55:AB:96:20,-67
BLE,1705099015983831463,D3:F4:55:AB:96:20,-74
BLE,1705099016171996476,D3:F4:55:AB:96:20,-57
BLE,1705099016361191686,D3:F4:55:AB:96:20,-68
BLE,1705099016552232957,D3:F4:55:AB:96:20,-70
BLE,1705099016603775636,DF:DF:EE:00:00:04,-39
BLE,1705099016750335977,D3:F4:55:AB:96:20,-75
BLE,1705099016937026008,D3:F4:55:AB:96:20,-70
BLE,1705099017067980410,DF:DF:EE:00:00:04,-39
BLE,1705099017132939471,D3:F4:55:AB:96:20,-76
BLE,1705099017330451832,D3:F4:55:AB:96:20,-76
BLE,1705099017396314549,DF:A6:DC:DC:2E:81,-72
BLE,1705099017396346132,DF:DF:EE:00:00:01,-72
BLE,1705099017605036735,DF:DF:EE:00:00:04,-39
BLE,1705099017712929078,D3:F4:55:AB:96:20,-93
BLE,1705099018065585469,DF:DF:EE:00:00:04,-39
BLE,1705099018096709183,D3:F4:55:AB:96:20,-76
BLE,1705099018474077031,D3:F4:55:AB:96:20,-68
BLE,1705099019064621470,DF:DF:EE:00:00:04,-40
BLE,1705099019233128634,D3:F4:55:AB:96:20,-71
BLE,1705099019430535704,D3:F4:55:AB:96:20,-70
BLE,1705099019629162677,D3:F4:55:AB:96:20,-77
BLE,1705099019825623008,D3:F4:55:AB:96:20,-67
BLE,1705099020016692571,D3:F4:55:AB:96:20,-70
BLE,1705099020399405230,D3:F4:55:AB:96:20,-70
BLE,1705099020600662463,DF:DF:EE:00:00:04,-39
BLE,1705099021066111056,DF:DF:EE:00:00:04,-40
BLE,1705099021209944805,DF:A6:DC:DC:2E:81,-69
BLE,1705099021209957888,DF:DF:EE:00:00:01,-69
BLE,1705099021365472581,D3:F4:55:AB:96:20,-91
BLE,1705099021560391848,D3:F4:55:AB:96:20,-78
BLE,1705099021607597328,DF:DF:EE:00:00:04,-39
BLE,1705099021950629043,D3:F4:55:AB:96:20,-71
BLE,1705099022070841281,DF:DF:EE:00:00:04,-39
BLE,1705099022147926448,D3:F4:55:AB:96:20,-77
BLE,1705099022716230276,D3:F4:55:AB:96:20,-70
BLE,1705099023068968001,DF:DF:EE:00:00:04,-28
BLE,1705099023102023858,D3:F4:55:AB:96:20,-70
BLE,1705099023295377060,D3:F4:55:AB:96:20,-76
BLE,1705099023485656048,D3:F4:55:AB:96:20,-70
BLE,1705099023603736728,DF:DF:EE:00:00:04,-39
BLE,1705099023676607237,D3:F4:55:AB:96:20,-77
BLE,1705099023755265093,DF:A6:DC:DC:2E:81,-68
BLE,1705099023755293051,DF:DF:EE:00:00:01,-68
BLE,1705099024061823533,D3:F4:55:AB:96:20,-76
BLE,1705099024069211654,DF:DF:EE:00:00:04,-39
BLE,1705099024447289368,D3:F4:55:AB:96:20,-71
BLE,1705099024636395204,D3:F4:55:AB:96:20,-68
BLE,1705099025023313272,D3:F4:55:AB:96:20,-69
BLE,1705099025607785867,DF:DF:EE:00:00:04,-39
BLE,1705099025613190302,D3:F4:55:AB:96:20,-76
BLE,1705099025800585450,D3:F4:55:AB:96:20,-70
BLE,1705099026299056567,DF:A6:DC:DC:2E:81,-68
BLE,1705099026299118733,DF:DF:EE:00:00:01,-68
BLE,1705099026377290054,D3:F4:55:AB:96:20,-77
BLE,1705099026767593040,D3:F4:55:AB:96:20,-71
BLE,1705099026956875082,D3:F4:55:AB:96:20,-68
BLE,1705099027062039165,DF:DF:EE:00:00:04,-38
BLE,1705099027146247289,D3:F4:55:AB:96:20,-75
BLE,1705099027332242162,D3:F4:55:AB:96:20,-84
BLE,1705099027600573847,DF:DF:EE:00:00:04,-39
BLE,1705099028477696964,D3:F4:55:AB:96:20,-71
BLE,1705099028671478119,D3:F4:55:AB:96:20,-76
BLE,1705099028864165412,D3:F4:55:AB:96:20,-70
BLE,1705099028865437105,D3:F4:55:AB:96:20,-68
BLE,1705099029062901050,DF:DF:EE:00:00:04,-52
BLE,1705099029609648551,DF:DF:EE:00:00:04,-39
BLE,1705099030123246072,DF:A6:DC:DC:2E:81,-67
BLE,1705099030123314113,DF:DF:EE:00:00:01,-67
BLE,1705099030587343931,D3:F4:55:AB:96:20,-76
BLE,1705099030775761108,D3:F4:55:AB:96:20,-70
BLE,1705099030972775058,D3:F4:55:AB:96:20,-70
BLE,1705099031068042134,DF:DF:EE:00:00:04,-38
BLE,1705099031363311958,D3:F4:55:AB:96:20,-67
BLE,1705099031738229627,D3:F4:55:AB:96:20,-70
BLE,1705099032071829745,DF:DF:EE:00:00:04,-40
BLE,1705099032123247926,D3:F4:55:AB:96:20,-56
BLE,1705099032605419153,DF:DF:EE:00:00:04,-39
BLE,1705099032903670525,D3:F4:55:AB:96:20,-75
BLE,1705099033065995470,DF:DF:EE:00:00:04,-38
BLE,1705099033090723093,D3:F4:55:AB:96:20,-71
BLE,1705099033279804637,D3:F4:55:AB:96:20,-69
BLE,1705099033472733469,D3:F4:55:AB:96:20,-70
BLE,1705099033665577969,D3:F4:55:AB:96:20,-76
BLE,1705099033858881546,D3:F4:55:AB:96:20,-70
BLE,1705099034052028667,D3:F4:55:AB:96:20,-75
BLE,1705099034065545923,DF:DF:EE:00:00:04,-39
BLE,1705099034443568263,D3:F4:55:AB:96:20,-71
BLE,1705099034608611219,DF:DF:EE:00:00:04,-39
BLE,1705099034610237991,DF:DF:EE:00:00:04,-40
BLE,1705099034824265697,D3:F4:55:AB:96:20,-70
BLE,1705099035403788934,D3:F4:55:AB:96:20,-75
BLE,1705099035608460793,DF:DF:EE:00:00:04,-38
BLE,1705099035789758346,D3:F4:55:AB:96:20,-70
BLE,1705099035987433330,D3:F4:55:AB:96:20,-75
BLE,1705099036375389638,D3:F4:55:AB:96:20,-71
BLE,1705099036944467887,D3:F4:55:AB:96:20,-68
BLE,1705099037140901961,D3:F4:55:AB:96:20,-69
BLE,1705099037335051186,D3:F4:55:AB:96:20,-77
BLE,1705099037522278243,D3:F4:55:AB:96:20,-71
BLE,1705099037604095784,DF:DF:EE:00:00:04,-40
BLE,1705099037769157767,DF:A6:DC:DC:2E:81,-69
BLE,1705099037769195850,DF:DF:EE:00:00:01,-69
BLE,1705099037906962527,D3:F4:55:AB:96:20,-72
BLE,1705099038061724548,DF:DF:EE:00:00:04,-38
BLE,1705099038102176240,D3:F4:55:AB:96:20,-75
BLE,1705099038294629985,D3:F4:55:AB:96:20,-68
BLE,1705099038485800787,D3:F4:55:AB:96:20,-75
BLE,1705099038605887714,DF:DF:EE:00:00:04,-40
BLE,1705099038681088999,D3:F4:55:AB:96:20,-58
BLE,1705099039066779439,D3:F4:55:AB:96:20,-76
BLE,1705099039256190553,D3:F4:55:AB:96:20,-71
BLE,1705099039449808826,D3:F4:55:AB:96:20,-76
BLE,1705099039607210899,DF:DF:EE:00:00:04,-39
BLE,1705099040228498661,D3:F4:55:AB:96:20,-68
BLE,1705099040606288235,DF:DF:EE:00:00:04,-38
BLE,1705099040610762849,D3:F4:55:AB:96:20,-64
BLE,1705099041766672306,D3:F4:55:AB:96:20,-76
BLE,1705099041961259485,D3:F4:55:AB:96:20,-67
BLE,1705099042151115261,D3:F4:55:AB:96:20,-75
BLE,1705099042857237196,DF:A6:DC:DC:2E:81,-53
BLE,1705099042857273487,DF:DF:EE:00:00:01,-53
BLE,1705099042914157529,D3:F4:55:AB:96:20,-76
BLE,1705099043063655902,DF:DF:EE:00:00:04,-38
BLE,1705099043610977865,DF:DF:EE:00:00:04,-51
BLE,1705099043666763795,D3:F4:55:AB:96:20,-70
BLE,1705099044051729826,D3:F4:55:AB:96:20,-56
BLE,1705099044053051769,D3:F4:55:AB:96:20,-58
BLE,1705099044069271454,DF:DF:EE:00:00:04,-39
BLE,1705099045017490928,D3:F4:55:AB:96:20,-71
BLE,1705099045062255320,DF:DF:EE:00:00:04,-39
BLE,1705099045600440806,DF:DF:EE:00:00:04,-39
BLE,1705099045981438300,D3:F4:55:AB:96:20,-70
BLE,1705099046555992569,D3:F4:55:AB:96:20,-69
BLE,1705099047060645031,DF:DF:EE:00:00:04,-39
BLE,1705099047132906060,D3:F4:55:AB:96:20,-70
BLE,1705099047722465611,D3:F4:55:AB:96:20,-68
BLE,1705099047912813131,D3:F4:55:AB:96:20,-61
BLE,1705099047947205103,DF:A6:DC:DC:2E:81,-62
BLE,1705099047947232061,DF:DF:EE:00:00:01,-62
BLE,1705099048067313070,DF:DF:EE:00:00:04,-40
BLE,1705099048491179479,D3:F4:55:AB:96:20,-69
BLE,1705099048610872285,DF:DF:EE:00:00:04,-38
BLE,1705099048684816586,D3:F4:55:AB:96:20,-57
BLE,1705099048881685654,D3:F4:55:AB:96:20,-76
BLE,1705099049068499757,DF:DF:EE:00:00:04,-38
BLE,1705099049222425412,DF:A6:DC:DC:2E:81,-69
BLE,1705099049222443370,DF:DF:EE:00:00:01,-69
BLE,1705099049270043437,D3:F4:55:AB:96:20,-57
BLE,1705099049463207341,D3:F4:55:AB:96:20,-75
BLE,1705099049651848047,D3:F4:55:AB:96:20,-70
BLE,1705099049843157764,D3:F4:55:AB:96:20,-92
BLE,1705099050033597283,D3:F4:55:AB:96:20,-71
BLE,1705099050066780228,DF:DF:EE:00:00:04,-39
BLE,1705099050424657826,D3:F4:55:AB:96:20,-67
BLE,1705099051062892349,DF:DF:EE:00:00:04,-39
BLE,1705099051603459265,DF:DF:EE:00:00:04,-40
BLE,1705099052059406548,DF:DF:EE:00:00:04,-39
BLE,1705099052333862666,D3:F4:55:AB:96:20,-68
BLE,1705099053067005326,DF:DF:EE:00:00:04,-39
BLE,1705099053484875472,D3:F4:55:AB:96:20,-67
BLE,1705099053604714402,DF:DF:EE:00:00:04,-40
BLE,1705099053677347176,D3:F4:55:AB:96:20,-70
BLE,1705099053875256274,D3:F4:55:AB:96:20,-74
BLE,1705099054061498675,D3:F4:55:AB:96:20,-70
BLE,1705099054255581276,D3:F4:55:AB:96:20,-76
BLE,1705099054447049324,D3:F4:55:AB:96:20,-71
BLE,1705099054608803429,DF:DF:EE:00:00:04,-39
BLE,1705099054644159265,D3:F4:55:AB:96:20,-69
BLE,1705099055066668731,DF:DF:EE:00:00:04,-40
BLE,1705099055225299081,D3:F4:55:AB:96:20,-61
BLE,1705099055413370128,D3:F4:55:AB:96:20,-70
BLE,1705099055591689664,DF:A6:DC:DC:2E:81,-67
BLE,1705099055591733955,DF:DF:EE:00:00:01,-67
BLE,1705099055607030525,DF:DF:EE:00:00:04,-39
BLE,1705099055990273702,D3:F4:55:AB:96:20,-76
BLE,1705099056062550105,DF:DF:EE:00:00:04,-38
BLE,1705099056179500943,D3:F4:55:AB:96:20,-71
BLE,1705099056370080752,D3:F4:55:AB:96:20,-76
BLE,1705099056561300303,D3:F4:55:AB:96:20,-70
BLE,1705099056757132926,D3:F4:55:AB:96:20,-76
BLE,1705099056943868113,D3:F4:55:AB:96:20,-90
BLE,1705099057061860605,DF:DF:EE:00:00:04,-39
BLE,1705099057141133343,D3:F4:55:AB:96:20,-71
BLE,1705099057528630137,D3:F4:55:AB:96:20,-71
BLE,1705099058102515496,D3:F4:55:AB:96:20,-97
BLE,1705099058484722227,D3:F4:55:AB:96:20,-75
BLE,1705099058861149233,D3:F4:55:AB:96:20,-68
BLE,1705099059052115204,D3:F4:55:AB:96:20,-76
BLE,1705099059241740899,D3:F4:55:AB:96:20,-67
BLE,1705099059436665740,D3:F4:55:AB:96:20,-70
BLE,1705099059602611754,DF:DF:EE:00:00:04,-39
BLE,1705099059628167580,D3:F4:55:AB:96:20,-69
BLE,1705099059819398131,D3:F4:55:AB:96:20,-70
BLE,1705099060018130844,D3:F4:55:AB:96:20,-76
BLE,1705099060211007126,D3:F4:55:AB:96:20,-58
BLE,1705099060682802140,DF:A6:DC:DC:2E:81,-72
BLE,1705099060682849265,DF:DF:EE:00:00:01,-72
BLE,1705099060984626354,D3:F4:55:AB:96:20,-75
BLE,1705099061060595006,DF:DF:EE:00:00:04,-39
BLE,1705099061366800668,D3:F4:55:AB:96:20,-76
BLE,1705099061558466422,D3:F4:55:AB:96:20,-67
BLE,1705099061602186577,DF:DF:EE:00:00:04,-38
BLE,1705099061958637526,DF:A6:DC:DC:2E:81,-70
BLE,1705099061958668275,DF:DF:EE:00:00:01,-70
BLE,1705099062537585368,D3:F4:55:AB:96:20,-76
BLE,1705099063064300280,DF:DF:EE:00:00:04,-38
BLE,1705099063506171478,D3:F4:55:AB:96:20,-74
BLE,1705099063602859303,DF:DF:EE:00:00:04,-39
BLE,1705099063693167995,D3:F4:55:AB:96:20,-70
BLE,1705099063887856548,D3:F4:55:AB:96:20,-76
BLE,1705099064068850594,DF:DF:EE:00:00:04,-39
BLE,1705099064074275405,D3:F4:55:AB:96:20,-91
BLE,1705099064458103450,D3:F4:55:AB:96:20,-71
BLE,1705099064599905622,DF:DF:EE:00:00:04,-39
BLE,1705099064654104778,D3:F4:55:AB:96:20,-75
BLE,1705099065042267814,D3:F4:55:AB:96:20,-82
BLE,1705099065236666870,D3:F4:55:AB:96:20,-76
BLE,1705099065426469021,D3:F4:55:AB:96:20,-70
BLE,1705099065620066753,D3:F4:55:AB:96:20,-61
BLE,1705099065785356983,DF:A6:DC:DC:2E:81,-69
BLE,1705099065785379607,DF:DF:EE:00:00:01,-69
BLE,1705099065807833094,D3:F4:55:AB:96:20,-89
BLE,1705099066001647199,D3:F4:55:AB:96:20,-76
BLE,1705099066070646682,DF:DF:EE:00:00:04,-40
BLE,1705099066189332833,D3:F4:55:AB:96:20,-72
BLE,1705099066383256561,D3:F4:55:AB:96:20,-75
BLE,1705099066573848745,D3:F4:55:AB:96:20,-70
BLE,1705099066608639837,DF:DF:EE:00:00:04,-78
BLE,1705099066764560052,D3:F4:55:AB:96:20,-76
BLE,1705099066951521945,D3:F4:55:AB:96:20,-71
BLE,1705099067144398435,D3:F4:55:AB:96:20,-68
BLE,1705099067600401301,DF:DF:EE:00:00:04,-39
BLE,1705099067716273443,D3:F4:55:AB:96:20,-83
BLE,1705099067915512484,D3:F4:55:AB:96:20,-76
BLE,1705099068294042716,D3:F4:55:AB:96:20,-76
BLE,1705099068602853473,DF:DF:EE:00:00:04,-39
BLE,1705099068673458604,D3:F4:55:AB:96:20,-68
BLE,1705099069246868510,D3:F4:55:AB:96:20,-70
BLE,1705099069445531891,D3:F4:55:AB:96:20,-76
BLE,1705099069834464834,D3:F4:55:AB:96:20,-71
BLE,1705099070599042085,D3:F4:55:AB:96:20,-70
BLE,1705099070791777993,D3:F4:55:AB:96:20,-76
BLE,1705099070979116007,D3:F4:55:AB:96:20,-70
BLE,1705099071168638995,D3:F4:55:AB:96:20,-69
BLE,1705099071557732144,D3:F4:55:AB:96:20,-93
BLE,1705099071604788676,DF:DF:EE:00:00:04,-41
BLE,1705099071743811048,D3:F4:55:AB:96:20,-70
BLE,1705099071935685133,D3:F4:55:AB:96:20,-58
BLE,1705099072067804335,DF:DF:EE:00:00:04,-39
BLE,1705099072127544427,D3:F4:55:AB:96:20,-70
BLE,1705099072322467351,D3:F4:55:AB:96:20,-75
BLE,1705099072514287729,D3:F4:55:AB:96:20,-71
BLE,1705099072599192692,DF:DF:EE:00:00:04,-38
BLE,1705099072900601203,D3:F4:55:AB:96:20,-58
BLE,1705099073068339571,DF:DF:EE:00:00:04,-40
BLE,1705099073283488467,D3:F4:55:AB:96:20,-68
BLE,1705099073873934757,D3:F4:55:AB:96:20,-75
BLE,1705099074064286277,D3:F4:55:AB:96:20,-70
BLE,1705099074260374355,D3:F4:55:AB:96:20,-76
BLE,1705099074644391189,D3:F4:55:AB:96:20,-76
BLE,1705099075025876761,D3:F4:55:AB:96:20,-76
BLE,1705099075221729258,D3:F4:55:AB:96:20,-68
BLE,1705099075411249871,D3:F4:55:AB:96:20,-70
BLE,1705099075602259883,D3:F4:55:AB:96:20,-58
BLE,1705099075794368674,D3:F4:55:AB:96:20,-72
BLE,1705099075993255427,D3:F4:55:AB:96:20,-75
BLE,1705099076065104877,DF:DF:EE:00:00:04,-40
BLE,1705099076181452889,D3:F4:55:AB:96:20,-70
BLE,1705099076564383069,D3:F4:55:AB:96:20,-70
BLE,1705099076950714584,D3:F4:55:AB:96:20,-58
BLE,1705099077145864298,D3:F4:55:AB:96:20,-70
BLE,1705099077339193283,D3:F4:55:AB:96:20,-75
BLE,1705099078101655600,D3:F4:55:AB:96:20,-68
BLE,1705099078292068785,D3:F4:55:AB:96:20,-71
BLE,1705099078484277283,D3:F4:55:AB:96:20,-58
BLE,1705099078524176858,DF:A6:DC:DC:2E:81,-72
BLE,1705099078524188482,DF:DF:EE:00:00:01,-72
BLE,1705099078601676158,DF:DF:EE:00:00:04,-40
BLE,1705099078674386139,D3:F4:55:AB:96:20,-56
BLE,1705099078872437986,D3:F4:55:AB:96:20,-76
BLE,1705099079253368939,D3:F4:55:AB:96:20,-89
BLE,1705099079440977158,D3:F4:55:AB:96:20,-70
BLE,1705099079606973421,DF:DF:EE:00:00:04,-38
BLE,1705099079637701270,D3:F4:55:AB:96:20,-75
BLE,1705099079824376416,D3:F4:55:AB:96:20,-70
BLE,1705099080062059548,DF:DF:EE:00:00:04,-57
BLE,1705099080399408387,D3:F4:55:AB:96:20,-75
BLE,1705099081060083188,DF:DF:EE:00:00:04,-55
BLE,1705099081174696262,D3:F4:55:AB:96:20,-87
BLE,1705099081368219036,D3:F4:55:AB:96:20,-92
BLE,1705099081558080770,D3:F4:55:AB:96:20,-70
BLE,1705099081752538992,D3:F4:55:AB:96:20,-76
BLE,1705099082069387571,DF:DF:EE:00:00:04,-40
BLE,1705099082344609764,DF:A6:DC:DC:2E:81,-68
BLE,1705099082344665221,DF:DF:EE:00:00:01,-68
BLE,1705099082608631795,DF:DF:EE:00:00:04,-40
BLE,1705099082905294403,D3:F4:55:AB:96:20,-70
BLE,1705099083099498877,D3:F4:55:AB:96:20,-75
BLE,1705099083288177584,D3:F4:55:AB:96:20,-71
BLE,1705099083485689269,D3:F4:55:AB:96:20,-75
BLE,1705099083875233622,D3:F4:55:AB:96:20,-71
BLE,1705099084067125124,DF:DF:EE:00:00:04,-39
BLE,1705099084070835080,D3:F4:55:AB:96:20,-76
BLE,1705099084458489622,D3:F4:55:AB:96:20,-71
BLE,1705099084651506069,D3:F4:55:AB:96:20,-76
BLE,1705099084838882999,D3:F4:55:AB:96:20,-70
BLE,1705099085407323755,D3:F4:55:AB:96:20,-70
BLE,1705099085408846279,D3:F4:55:AB:96:20,-67
BLE,1705099085597007033,D3:F4:55:AB:96:20,-75
BLE,1705099085788788578,D3:F4:55:AB:96:20,-71
BLE,1705099085981142907,D3:F4:55:AB:96:20,-76
BLE,1705099086065723875,DF:DF:EE:00:00:04,-39
BLE,1705099086167769137,DF:A6:DC:DC:2E:81,-68
BLE,1705099086167782387,DF:DF:EE:00:00:01,-68
BLE,1705099086171447886,D3:F4:55:AB:96:20,-70
BLE,1705099086361983487,D3:F4:55:AB:96:20,-76
BLE,1705099086551459225,D3:F4:55:AB:96:20,-70
BLE,1705099086606741244,DF:DF:EE:00:00:04,-39
BLE,1705099086747060642,D3:F4:55:AB:96:20,-75
BLE,1705099086934516946,D3:F4:55:AB:96:20,-56
BLE,1705099087324173547,D3:F4:55:AB:96:20,-68
BLE,1705099087519604174,D3:F4:55:AB:96:20,-70
BLE,1705099087714481641,D3:F4:55:AB:96:20,-75
BLE,1705099087909395524,D3:F4:55:AB:96:20,-68
BLE,1705099088060962081,DF:DF:EE:00:00:04,-25
BLE,1705099088105035065,D3:F4:55:AB:96:20,-70
BLE,1705099088299509703,D3:F4:55:AB:96:20,-76
BLE,1705099088687804237,D3:F4:55:AB:96:20,-70
BLE,1705099088713340271,DF:A6:DC:DC:2E:81,-68
BLE,1705099088713361438,DF:DF:EE:00:00:01,-68
BLE,1705099088877628930,D3:F4:55:AB:96:20,-68
BLE,1705099089066158138,DF:DF:EE:00:00:04,-39
BLE,1705099089262515129,D3:F4:55:AB:96:20,-69
BLE,1705099089455604367,D3:F4:55:AB:96:20,-71
BLE,1705099089602846683,DF:DF:EE:00:00:04,-51
BLE,1705099089843276491,D3:F4:55:AB:96:20,-58
BLE,1705099090066924496,DF:DF:EE:00:00:04,-39
BLE,1705099090233356754,D3:F4:55:AB:96:20,-75
BLE,1705099090419600447,D3:F4:55:AB:96:20,-86
BLE,1705099090601536857,DF:DF:EE:00:00:04,-39
BLE,1705099090805163847,D3:F4:55:AB:96:20,-70
BLE,1705099091002979071,D3:F4:55:AB:96:20,-61
BLE,1705099091069588623,DF:DF:EE:00:00:04,-40
BLE,1705099091192189770,D3:F4:55:AB:96:20,-68
BLE,1705099091382239710,D3:F4:55:AB:96:20,-61
BLE,1705099091577990167,D3:F4:55:AB:96:20,-58
BLE,1705099091607316532,DF:DF:EE:00:00:04,-40
BLE,1705099092169959856,D3:F4:55:AB:96:20,-92
BLE,1705099092358943350,D3:F4:55:AB:96:20,-71
BLE,1705099092600691018,DF:DF:EE:00:00:04,-41
BLE,1705099093060857043,DF:DF:EE:00:00:04,-39
BLE,1705099093600964882,DF:DF:EE:00:00:04,-39
BLE,1705099093704710083,D3:F4:55:AB:96:20,-91
BLE,1705099093818862788,DF:A6:DC:DC:2E:81,-68
BLE,1705099093818898412,DF:DF:EE:00:00:01,-68
BLE,1705099093894513151,D3:F4:55:AB:96:20,-67
BLE,1705099094089487200,D3:F4:55:AB:96:20,-71
BLE,1705099094481548190,D3:F4:55:AB:96:20,-58
BLE,1705099094599642931,DF:DF:EE:00:00:04,-27
BLE,1705099094865124904,D3:F4:55:AB:96:20,-58
BLE,1705099095055274760,D3:F4:55:AB:96:20,-70
BLE,1705099095058166393,DF:DF:EE:00:00:04,-39
BLE,1705099095599240262,DF:DF:EE:00:00:04,-38
BLE,1705099095819560305,D3:F4:55:AB:96:20,-70
BLE,1705099096063294616,DF:DF:EE:00:00:04,-40
BLE,1705099096206320607,D3:F4:55:AB:96:20,-71
BLE,1705099096360767339,DF:A6:DC:DC:2E:81,-81
BLE,1705099096360779381,DF:DF:EE:00:00:01,-81
BLE,1705099096592099629,D3:F4:55:AB:96:20,-58
BLE,1705099096599107672,DF:DF:EE:00:00:04,-39
BLE,1705099097065565207,DF:DF:EE:00:00:04,-36
BLE,1705099097353786872,D3:F4:55:AB:96:20,-71
BLE,1705099097546296116,D3:F4:55:AB:96:20,-76
BLE,1705099098063647597,DF:DF:EE:00:00:04,-40
BLE,1705099098317351541,D3:F4:55:AB:96:20,-70
BLE,1705099098704178384,D3:F4:55:AB:96:20,-70
BLE,1705099098903046804,DF:A6:DC:DC:2E:81,-68
BLE,1705099098903106553,DF:DF:EE:00:00:01,-68
BLE,1705099099067605626,DF:DF:EE:00:00:04,-39
BLE,1705099099090025280,D3:F4:55:AB:96:20,-68
BLE,1705099099279363186,D3:F4:55:AB:96:20,-76
BLE,1705099099467228235,D3:F4:55:AB:96:20,-72
BLE,1705099099662245325,D3:F4:55:AB:96:20,-75
BLE,1705099099849183510,D3:F4:55:AB:96:20,-70
BLE,1705099100043231945,D3:F4:55:AB:96:20,-76
BLE,1705099100065933762,DF:DF:EE:00:00:04,-40
BLE,1705099100231774319,D3:F4:55:AB:96:20,-87
BLE,1705099100598260359,DF:DF:EE:00:00:04,-39
BLE,1705099100627253561,D3:F4:55:AB:96:20,-76
BLE,1705099101010577403,D3:F4:55:AB:96:20,-94
BLE,1705099101200165015,D3:F4:55:AB:96:20,-71
BLE,1705099101392658885,D3:F4:55:AB:96:20,-61
BLE,1705099101776504804,D3:F4:55:AB:96:20,-76
BLE,1705099102062916365,DF:DF:EE:00:00:04,-38
BLE,1705099102714980601,DF:A6:DC:DC:2E:81,-71
BLE,1705099102715012809,DF:DF:EE:00:00:01,-71
BLE,1705099102934858275,D3:F4:55:AB:96:20,-71
BLE,1705099103062396655,DF:DF:EE:00:00:04,-23
BLE,1705099103514648232,D3:F4:55:AB:96:20,-87
BLE,1705099103599709693,DF:DF:EE:00:00:04,-40
BLE,1705099103988173934,DF:A6:DC:DC:2E:81,-68
BLE,1705099103988208475,DF:DF:EE:00:00:01,-68
BLE,1705099104059438974,DF:DF:EE:00:00:04,-38
BLE,1705099104474313530,D3:F4:55:AB:96:20,-78
BLE,1705099104603818804,DF:DF:EE:00:00:04,-37
BLE,1705099104665196627,D3:F4:55:AB:96:20,-70
BLE,1705099105048777091,D3:F4:55:AB:96:20,-71
BLE,1705099105243850972,D3:F4:55:AB:96:20,-76
BLE,1705099105432724093,D3:F4:55:AB:96:20,-70
BLE,1705099105600348920,DF:DF:EE:00:00:04,-40
BLE,1705099105627214856,D3:F4:55:AB:96:20,-75
BLE,1705099105813874960,D3:F4:55:AB:96:20,-70
BLE,1705099106066955995,DF:DF:EE:00:00:04,-40
BLE,1705099106203701393,D3:F4:55:AB:96:20,-68
BLE,1705099106533238282,DF:A6:DC:DC:2E:81,-69
BLE,1705099106533275740,DF:DF:EE:00:00:01,-69
BLE,1705099106587746977,D3:F4:55:AB:96:20,-68
BLE,1705099106601544523,DF:DF:EE:00:00:04,-38
BLE,1705099106782533820,D3:F4:55:AB:96:20,-57
BLE,1705099106977146415,D3:F4:55:AB:96:20,-75
BLE,1705099107060750810,DF:DF:EE:00:00:04,-39
BLE,1705099107164663426,D3:F4:55:AB:96:20,-70
BLE,1705099108324849375,D3:F4:55:AB:96:20,-76
BLE,1705099108518812394,D3:F4:55:AB:96:20,-67
BLE,1705099108899554350,D3:F4:55:AB:96:20,-58
BLE,1705099109065204409,DF:DF:EE:00:00:04,-39
BLE,1705099109076604359,DF:A6:DC:DC:2E:81,-67
BLE,1705099109076614233,DF:DF:EE:00:00:01,-67
BLE,1705099109286215653,D3:F4:55:AB:96:20,-69
BLE,1705099109602320199,DF:DF:EE:00:00:04,-40
BLE,1705099109674184357,D3:F4:55:AB:96:20,-76
BLE,1705099109864780249,D3:F4:55:AB:96:20,-57
BLE,1705099110066813174,DF:DF:EE:00:00:04,-39
BLE,1705099110636968785,D3:F4:55:AB:96:20,-68
BLE,1705099111064667733,DF:DF:EE:00:00:04,-39
BLE,1705099111593539370,D3:F4:55:AB:96:20,-56
BLE,1705099111622792527,DF:A6:DC:DC:2E:81,-71
BLE,1705099111622821277,DF:DF:EE:00:00:01,-71
BLE,1705099111784436258,D3:F4:55:AB:96:20,-67
BLE,1705099111979498389,D3:F4:55:AB:96:20,-70
BLE,1705099112062840580,DF:DF:EE:00:00:04,-39
BLE,1705099112171016896,D3:F4:55:AB:96:20,-76
BLE,1705099112359998890,D3:F4:55:AB:96:20,-70
BLE,1705099112599010256,DF:DF:EE:00:00:04,-40
BLE,1705099112932790512,D3:F4:55:AB:96:20,-69
BLE,1705099113058745162,DF:DF:EE:00:00:04,-39
BLE,1705099113313843839,D3:F4:55:AB:96:20,-58
BLE,1705099113596547277,DF:DF:EE:00:00:04,-38
BLE,1705099113891332032,D3:F4:55:AB:96:20,-71
BLE,1705099114601391004,DF:DF:EE:00:00:04,-40
BLE,1705099114659932360,D3:F4:55:AB:96:20,-68
BLE,1705099115046480123,D3:F4:55:AB:96:20,-68
BLE,1705099115064879032,DF:DF:EE:00:00:04,-39
BLE,1705099115240458267,D3:F4:55:AB:96:20,-84
BLE,1705099115443803218,DF:A6:DC:DC:2E:81,-69
BLE,1705099115443847134,DF:DF:EE:00:00:01,-69
BLE,1705099115599633059,DF:DF:EE:00:00:04,-23
BLE,1705099115629871204,D3:F4:55:AB:96:20,-69
BLE,1705099116015120691,D3:F4:55:AB:96:20,-68
BLE,1705099116064041701,DF:DF:EE:00:00:04,-39
BLE,1705099116396704470,D3:F4:55:AB:96:20,-67
BLE,1705099116607423001,DF:DF:EE:00:00:04,-39
BLE,1705099116776416313,D3:F4:55:AB:96:20,-58
BLE,1705099116970187793,D3:F4:55:AB:96:20,-62
BLE,1705099117548618724,D3:F4:55:AB:96:20,-76
BLE,1705099117603527331,DF:DF:EE:00:00:04,-38
BLE,1705099117931631070,D3:F4:55:AB:96:20,-75
BLE,1705099117992698729,DF:A6:DC:DC:2E:81,-73
BLE,1705099117992731979,DF:DF:EE:00:00:01,-73
BLE,1705099118062309456,DF:DF:EE:00:00:04,-51
BLE,1705099118508672559,D3:F4:55:AB:96:20,-67
BLE,1705099118894745411,D3:F4:55:AB:96:20,-69
BLE,1705099119478360990,D3:F4:55:AB:96:20,-68
BLE,1705099119866401444,D3:F4:55:AB:96:20,-76
BLE,1705099120257596777,D3:F4:55:AB:96:20,-71
BLE,1705099120645650647,D3:F4:55:AB:96:20,-69
BLE,1705099121808483065,DF:A6:DC:DC:2E:81,-68
BLE,1705099121808541606,DF:DF:EE:00:00:01,-68
BLE,1705099122060292031,DF:DF:EE:00:00:04,-39
BLE,1705099122376196455,D3:F4:55:AB:96:20,-70
BLE,1705099122569265568,D3:F4:55:AB:96:20,-93
BLE,1705099122595903298,DF:DF:EE:00:00:04,-38
BLE,1705099122762974882,D3:F4:55:AB:96:20,-64
BLE,1705099122952967156,D3:F4:55:AB:96:20,-88
BLE,1705099123062789452,DF:DF:EE:00:00:04,-24
BLE,1705099123532403075,D3:F4:55:AB:96:20,-76
BLE,1705099123605965838,DF:DF:EE:00:00:04,-40
BLE,1705099124061686666,DF:DF:EE:00:00:04,-39
BLE,1705099124103539925,D3:F4:55:AB:96:20,-56
BLE,1705099124302696550,D3:F4:55:AB:96:20,-79
BLE,1705099124362204353,DF:A6:DC:DC:2E:81,-72
BLE,1705099124362216936,DF:DF:EE:00:00:01,-72
BLE,1705099124495717914,D3:F4:55:AB:96:20,-69
BLE,1705099124602415872,DF:DF:EE:00:00:04,-55
BLE,1705099124879350419,D3:F4:55:AB:96:20,-69
BLE,1705099125456966568,D3:F4:55:AB:96:20,-70
BLE,1705099125602461281,DF:DF:EE:00:00:04,-41
BLE,1705099125845400351,D3:F4:55:AB:96:20,-58
BLE,1705099126036014743,D3:F4:55:AB:96:20,-75
BLE,1705099126064780739,DF:DF:EE:00:00:04,-38
BLE,1705099126798994303,D3:F4:55:AB:96:20,-95
BLE,1705099127375417425,D3:F4:55:AB:96:20,-70
BLE,1705099127567867920,D3:F4:55:AB:96:20,-70
BLE,1705099127595394389,DF:DF:EE:00:00:04,-39
BLE,1705099128333956153,D3:F4:55:AB:96:20,-87
BLE,1705099128530691973,D3:F4:55:AB:96:20,-88
BLE,1705099128720770621,D3:F4:55:AB:96:20,-71
BLE,1705099128913905441,D3:F4:55:AB:96:20,-76
BLE,1705099129101367203,D3:F4:55:AB:96:20,-70
BLE,1705099129290646611,D3:F4:55:AB:96:20,-68
BLE,1705099129484880835,D3:F4:55:AB:96:20,-70
BLE,1705099130060361843,DF:DF:EE:00:00:04,-40
BLE,1705099130067933837,D3:F4:55:AB:96:20,-70
BLE,1705099130265957309,D3:F4:55:AB:96:20,-75
BLE,1705099130597927878,DF:DF:EE:00:00:04,-40
BLE,1705099130643068599,D3:F4:55:AB:96:20,-76
BLE,1705099130835226723,D3:F4:55:AB:96:20,-70
BLE,1705099131024983458,D3:F4:55:AB:96:20,-76
BLE,1705099131059430054,DF:DF:EE:00:00:04,-39
BLE,1705099131218132320,D3:F4:55:AB:96:20,-71
BLE,1705099131408260675,D3:F4:55:AB:96:20,-92
BLE,1705099131605807278,DF:DF:EE:00:00:04,-40
BLE,1705099131792922752,D3:F4:55:AB:96:20,-76
BLE,1705099131986721606,D3:F4:55:AB:96:20,-67
BLE,1705099132000340864,DF:A6:DC:DC:2E:81,-69
BLE,1705099132000352572,DF:DF:EE:00:00:01,-69
BLE,1705099132057716108,DF:DF:EE:00:00:04,-37
BLE,1705099132372551544,D3:F4:55:AB:96:20,-68
BLE,1705099132568090795,D3:F4:55:AB:96:20,-69
BLE,1705099132603073677,DF:DF:EE:00:00:04,-39
BLE,1705099132760869536,D3:F4:55:AB:96:20,-89
BLE,1705099133057939389,DF:DF:EE:00:00:04,-39
BLE,1705099133148725784,D3:F4:55:AB:96:20,-71
BLE,1705099133344926860,D3:F4:55:AB:96:20,-76
BLE,1705099133531276177,D3:F4:55:AB:96:20,-72
BLE,1705099133605404517,DF:DF:EE:00:00:04,-31
BLE,1705099133728924236,D3:F4:55:AB:96:20,-76
BLE,1705099133914679476,D3:F4:55:AB:96:20,-70
BLE,1705099134063199445,DF:DF:EE:00:00:04,-40
BLE,1705099134104856790,D3:F4:55:AB:96:20,-68
BLE,1705099134297978902,D3:F4:55:AB:96:20,-71
BLE,1705099134495197217,D3:F4:55:AB:96:20,-75
BLE,1705099134600347485,DF:DF:EE:00:00:04,-38
BLE,1705099134688369245,D3:F4:55:AB:96:20,-68
BLE,1705099134881950685,D3:F4:55:AB:96:20,-71
BLE,1705099135060131764,DF:DF:EE:00:00:04,-24
BLE,1705099135597610301,DF:DF:EE:00:00:04,-23
BLE,1705099136040074783,D3:F4:55:AB:96:20,-68
BLE,1705099136060526585,DF:DF:EE:00:00:04,-39
BLE,1705099136420683449,D3:F4:55:AB:96:20,-68
BLE,1705099136606742977,DF:DF:EE:00:00:04,-40
BLE,1705099136803320299,D3:F4:55:AB:96:20,-68
BLE,1705099136993248366,D3:F4:55:AB:96:20,-75
BLE,1705099137095910580,DF:A6:DC:DC:2E:81,-72
BLE,1705099137096005787,DF:DF:EE:00:00:01,-72
BLE,1705099137184603582,D3:F4:55:AB:96:20,-67
BLE,1705099137576914652,D3:F4:55:AB:96:20,-76
BLE,1705099137768150620,D3:F4:55:AB:96:20,-67
BLE,1705099137960974528,D3:F4:55:AB:96:20,-77
BLE,1705099138063058957,DF:DF:EE:00:00:04,-39
BLE,1705099138146299231,D3:F4:55:AB:96:20,-71
BLE,1705099138341935731,D3:F4:55:AB:96:20,-76
BLE,1705099138370561354,DF:A6:DC:DC:2E:81,-67
BLE,1705099138370572729,DF:DF:EE:00:00:01,-67
BLE,1705099138529480200,D3:F4:55:AB:96:20,-71
BLE,1705099138722554230,D3:F4:55:AB:96:20,-76
BLE,1705099139063888189,DF:DF:EE:00:00:04,-40
BLE,1705099139114266141,D3:F4:55:AB:96:20,-70
BLE,1705099139495767504,D3:F4:55:AB:96:20,-70
BLE,1705099139603782780,DF:DF:EE:00:00:04,-40
BLE,1705099139886904797,D3:F4:55:AB:96:20,-68
BLE,1705099140056598392,DF:DF:EE:00:00:04,-38
BLE,1705099140275661617,D3:F4:55:AB:96:20,-61
BLE,1705099140464736402,D3:F4:55:AB:96:20,-71
BLE,1705099140657437061,D3:F4:55:AB:96:20,-77
BLE,1705099140844158456,D3:F4:55:AB:96:20,-70
BLE,1705099141040875485,D3:F4:55:AB:96:20,-76
BLE,1705099141229714856,D3:F4:55:AB:96:20,-71
BLE,1705099141425966390,D3:F4:55:AB:96:20,-77
BLE,1705099141596443476,DF:DF:EE:00:00:04,-39
BLE,1705099141617125275,D3:F4:55:AB:96:20,-58
BLE,1705099141992292005,D3:F4:55:AB:96:20,-86
BLE,1705099142061473444,DF:DF:EE:00:00:04,-39
BLE,1705099142193456064,DF:A6:DC:DC:2E:81,-70
BLE,1705099142193482814,DF:DF:EE:00:00:01,-70
BLE,1705099142950684026,D3:F4:55:AB:96:20,-76
BLE,1705099143141563039,D3:F4:55:AB:96:20,-71
BLE,1705099143338384025,D3:F4:55:AB:96:20,-75
BLE,1705099143604872736,DF:DF:EE:00:00:04,-40
BLE,1705099143724613792,D3:F4:55:AB:96:20,-71
BLE,1705099144058733044,DF:DF:EE:00:00:04,-40
BLE,1705099144295490061,D3:F4:55:AB:96:20,-69
BLE,1705099144491590931,D3:F4:55:AB:96:20,-70
BLE,1705099144601214480,DF:DF:EE:00:00:04,-38
BLE,1705099144736019359,DF:A6:DC:DC:2E:81,-69
BLE,1705099144736052400,DF:DF:EE:00:00:01,-69
BLE,1705099145056033693,DF:DF:EE:00:00:04,-38
BLE,1705099145076253206,D3:F4:55:AB:96:20,-89
BLE,1705099145273442437,D3:F4:55:AB:96:20,-76
BLE,1705099145598270715,DF:DF:EE:00:00:04,-39
BLE,1705099145658559633,D3:F4:55:AB:96:20,-70
BLE,1705099146040597116,D3:F4:55:AB:96:20,-70
BLE,1705099146064104132,DF:DF:EE:00:00:04,-38
BLE,1705099146427042921,D3:F4:55:AB:96:20,-72
BLE,1705099146618094641,D3:F4:55:AB:96:20,-76
BLE,1705099147056748585,DF:DF:EE:00:00:04,-39
BLE,1705099147183738264,D3:F4:55:AB:96:20,-75
BLE,1705099147373775454,D3:F4:55:AB:96:20,-71
BLE,1705099147605868402,DF:DF:EE:00:00:04,-39
BLE,1705099147762311152,D3:F4:55:AB:96:20,-69
BLE,1705099148149855903,D3:F4:55:AB:96:20,-77
BLE,1705099148343497801,D3:F4:55:AB:96:20,-68
BLE,1705099148539786668,D3:F4:55:AB:96:20,-71
BLE,1705099148600298917,DF:DF:EE:00:00:04,-39
BLE,1705099148733402608,D3:F4:55:AB:96:20,-75
BLE,1705099149059806367,DF:DF:EE:00:00:04,-40
BLE,1705099149118435847,D3:F4:55:AB:96:20,-75
BLE,1705099149314392593,D3:F4:55:AB:96:20,-68
BLE,1705099149596214541,DF:DF:EE:00:00:04,-39
BLE,1705099149699102710,D3:F4:55:AB:96:20,-69
BLE,1705099149834180669,DF:A6:DC:DC:2E:81,-73
BLE,1705099149834215002,DF:DF:EE:00:00:01,-73
BLE,1705099150083604580,D3:F4:55:AB:96:20,-77
BLE,1705099150276167866,D3:F4:55:AB:96:20,-70
BLE,1705099150471707492,D3:F4:55:AB:96:20,-75
BLE,1705099150668212064,D3:F4:55:AB:96:20,-75
BLE,1705099150859453074,D3:F4:55:AB:96:20,-70
BLE,1705099151058744530,DF:DF:EE:00:00:04,-23
BLE,1705099151602798114,DF:DF:EE:00:00:04,-38
BLE,1705099152012355524,D3:F4:55:AB:96:20,-67
BLE,1705099152396521232,D3:F4:55:AB:96:20,-68
BLE,1705099152586610630,D3:F4:55:AB:96:20,-78
BLE,1705099152605093913,DF:DF:EE:00:00:04,-39
BLE,1705099152780911937,D3:F4:55:AB:96:20,-58
BLE,1705099153350766010,D3:F4:55:AB:96:20,-75
BLE,1705099153932492069,D3:F4:55:AB:96:20,-76
BLE,1705099154120084997,D3:F4:55:AB:96:20,-57
BLE,1705099154505157402,D3:F4:55:AB:96:20,-70
BLE,1705099154697199777,D3:F4:55:AB:96:20,-76
BLE,1705099154891501625,D3:F4:55:AB:96:20,-68
BLE,1705099154928701148,DF:A6:DC:DC:2E:81,-68
BLE,1705099154928730231,DF:DF:EE:00:00:01,-68
BLE,1705099155082298806,D3:F4:55:AB:96:20,-76
BLE,1705099155598840838,DF:DF:EE:00:00:04,-40
BLE,1705099155658979758,D3:F4:55:AB:96:20,-58
BLE,1705099156596012613,DF:DF:EE:00:00:04,-39
BLE,1705099156611490682,D3:F4:55:AB:96:20,-75
BLE,1705099156801825202,D3:F4:55:AB:96:20,-71
BLE,1705099156803123437,D3:F4:55:AB:96:20,-67
BLE,1705099156992495010,D3:F4:55:AB:96:20,-76
BLE,1705099157377505624,D3:F4:55:AB:96:20,-77
BLE,1705099157760431262,D3:F4:55:AB:96:20,-76
BLE,1705099157948806680,D3:F4:55:AB:96:20,-70
BLE,1705099158141523339,D3:F4:55:AB:96:20,-76
BLE,1705099158724673590,D3:F4:55:AB:96:20,-61
BLE,1705099158913152298,D3:F4:55:AB:96:20,-69
BLE,1705099159063675368,DF:DF:EE:00:00:04,-40
BLE,1705099159497692533,D3:F4:55:AB:96:20,-70
BLE,1705099159603164131,DF:DF:EE:00:00:04,-40
BLE,1705099160599465583,DF:DF:EE:00:00:04,-23
BLE,1705099160842563985,D3:F4:55:AB:96:20,-77
BLE,1705099161034536652,D3:F4:55:AB:96:20,-68
BLE,1705099161604462308,DF:DF:EE:00:00:04,-40
BLE,1705099161615921674,D3:F4:55:AB:96:20,-71
BLE,1705099161998821188,D3:F4:55:AB:96:20,-70
BLE,1705099162193597823,D3:F4:55:AB:96:20,-76
BLE,1705099162387999420,D3:F4:55:AB:96:20,-68
BLE,1705099162579107889,D3:F4:55:AB:96:20,-70
BLE,1705099162596868014,DF:DF:EE:00:00:04,-40
BLE,1705099162768324172,D3:F4:55:AB:96:20,-67
BLE,1705099162958941939,D3:F4:55:AB:96:20,-76
BLE,1705099163065804145,DF:DF:EE:00:00:04,-40
BLE,1705099163149846619,D3:F4:55:AB:96:20,-69
BLE,1705099163535421977,D3:F4:55:AB:96:20,-69
BLE,1705099163593861209,DF:DF:EE:00:00:04,-39
BLE,1705099163727456352,D3:F4:55:AB:96:20,-71
BLE,1705099163917868829,D3:F4:55:AB:96:20,-67
BLE,1705099164061163484,DF:DF:EE:00:00:04,-51
BLE,1705099164109809372,D3:F4:55:AB:96:20,-70
BLE,1705099164494453532,D3:F4:55:AB:96:20,-71
BLE,1705099164597888528,DF:DF:EE:00:00:04,-40
BLE,1705099164877457753,D3:F4:55:AB:96:20,-71
BLE,1705099165061860676,DF:DF:EE:00:00:04,-39
BLE,1705099165068779345,D3:F4:55:AB:96:20,-76
BLE,1705099165125638137,DF:A6:DC:DC:2E:81,-67
BLE,1705099165125672470,DF:DF:EE:00:00:01,-67
BLE,1705099165257376510,D3:F4:55:AB:96:20,-70
BLE,1705099165452432433,D3:F4:55:AB:96:20,-76
BLE,1705099165597916604,DF:DF:EE:00:00:04,-38
BLE,1705099165642497081,D3:F4:55:AB:96:20,-71
BLE,1705099166223524274,D3:F4:55:AB:96:20,-71
BLE,1705099166403800537,DF:A6:DC:DC:2E:81,-69
BLE,1705099166403837828,DF:DF:EE:00:00:01,-69
BLE,1705099166419815641,D3:F4:55:AB:96:20,-74
BLE,1705099166600424066,DF:DF:EE:00:00:04,-40
BLE,1705099166608844884,D3:F4:55:AB:96:20,-70
BLE,1705099166806899647,D3:F4:55:AB:96:20,-76
BLE,1705099166993872207,D3:F4:55:AB:96:20,-70
BLE,1705099167059111901,DF:DF:EE:00:00:04,-38
BLE,1705099167184235143,D3:F4:55:AB:96:20,-65
BLE,1705099167371344076,D3:F4:55:AB:96:20,-92
BLE,1705099167562739000,D3:F4:55:AB:96:20,-68
BLE,1705099168056228135,DF:DF:EE:00:00:04,-39
BLE,1705099168713603725,D3:F4:55:AB:96:20,-77
BLE,1705099169100697648,D3:F4:55:AB:96:20,-75
BLE,1705099169599293098,DF:DF:EE:00:00:04,-39
BLE,1705099170245550901,D3:F4:55:AB:96:20,-76
BLE,1705099170605720390,DF:DF:EE:00:00:04,-40
BLE,1705099170628804328,D3:F4:55:AB:96:20,-66
BLE,1705099170815495890,D3:F4:55:AB:96:20,-71
BLE,1705099171006758899,D3:F4:55:AB:96:20,-67
BLE,1705099171060044858,DF:DF:EE:00:00:04,-40
BLE,1705099171198645860,D3:F4:55:AB:96:20,-70
BLE,1705099171778194820,D3:F4:55:AB:96:20,-75
BLE,1705099171963988101,D3:F4:55:AB:96:20,-70
BLE,1705099172162064155,D3:F4:55:AB:96:20,-76
BLE,1705099172548975122,D3:F4:55:AB:96:20,-71
BLE,1705099172594951959,DF:DF:EE:00:00:04,-39
BLE,1705099172934284858,D3:F4:55:AB:96:20,-70
BLE,1705099173061134038,DF:DF:EE:00:00:04,-39
BLE,1705099173128583748,D3:F4:55:AB:96:20,-75
BLE,1705099173314282572,D3:F4:55:AB:96:20,-71
BLE,1705099173509463452,D3:F4:55:AB:96:20,-76
BLE,1705099174056318629,DF:A6:DC:DC:2E:81,-68
BLE,1705099174056352462,DF:DF:EE:00:00:01,-68
BLE,1705099174064603073,DF:DF:EE:00:00:04,-39
BLE,1705099174598217488,DF:DF:EE:00:00:04,-38
BLE,1705099174664153465,D3:F4:55:AB:96:20,-70
BLE,1705099175059132713,DF:DF:EE:00:00:04,-40
BLE,1705099175243387387,D3:F4:55:AB:96:20,-75
BLE,1705099175431058272,D3:F4:55:AB:96:20,-56
BLE,1705099175604098453,DF:DF:EE:00:00:04,-23
BLE,1705099175621796329,D3:F4:55:AB:96:20,-75
BLE,1705099175817345996,D3:F4:55:AB:96:20,-68
BLE,1705099176007812390,D3:F4:55:AB:96:20,-77
BLE,1705099176064879929,DF:DF:EE:00:00:04,-39
BLE,1705099176391657309,D3:F4:55:AB:96:20,-76
BLE,1705099176966639614,D3:F4:55:AB:96:20,-58
BLE,1705099177158616865,D3:F4:55:AB:96:20,-72
BLE,1705099177353977243,D3:F4:55:AB:96:20,-75
BLE,1705099177882824838,DF:A6:DC:DC:2E:81,-67
BLE,1705099177882862796,DF:DF:EE:00:00:01,-67
BLE,1705099177925239383,D3:F4:55:AB:96:20,-70
BLE,1705099178062295902,DF:DF:EE:00:00:04,-38
BLE,1705099178596801848,DF:DF:EE:00:00:04,-39
BLE,1705099178694116166,D3:F4:55:AB:96:20,-56
BLE,1705099178885262719,D3:F4:55:AB:96:20,-61
BLE,1705099179276971546,D3:F4:55:AB:96:20,-70
BLE,1705099179470638485,D3:F4:55:AB:96:20,-75
BLE,1705099179656627681,D3:F4:55:AB:96:20,-70
BLE,1705099180039584569,D3:F4:55:AB:96:20,-87
BLE,1705099180238446531,D3:F4:55:AB:96:20,-76
BLE,1705099180624840296,D3:F4:55:AB:96:20,-70
BLE,1705099181004347516,D3:F4:55:AB:96:20,-76
BLE,1705099181392483469,D3:F4:55:AB:96:20,-71
BLE,1705099181583576271,D3:F4:55:AB:96:20,-77
BLE,1705099181779146188,D3:F4:55:AB:96:20,-68
BLE,1705099181972392341,D3:F4:55:AB:96:20,-76
BLE,1705099182060114021,DF:DF:EE:00:00:04,-40
BLE,1705099182352886550,D3:F4:55:AB:96:20,-93
BLE,1705099182538705123,D3:F4:55:AB:96:20,-70
BLE,1705099182601311931,DF:DF:EE:00:00:04,-40
BLE,1705099183063297143,DF:DF:EE:00:00:04,-39
BLE,1705099183118022544,D3:F4:55:AB:96:20,-76
BLE,1705099183603734603,DF:DF:EE:00:00:04,-38
BLE,1705099183689297392,D3:F4:55:AB:96:20,-70
BLE,1705099183886339625,D3:F4:55:AB:96:20,-70
BLE,1705099184062998639,DF:DF:EE:00:00:04,-40
BLE,1705099184082505785,D3:F4:55:AB:96:20,-76
BLE,1705099184248241718,DF:A6:DC:DC:2E:81,-59
BLE,1705099184248257635,DF:DF:EE:00:00:01,-59
BLE,1705099184270021463,D3:F4:55:AB:96:20,-70
BLE,1705099184469122256,D3:F4:55:AB:96:20,-76
BLE,1705099184658774158,D3:F4:55:AB:96:20,-67
BLE,1705099184854735904,D3:F4:55:AB:96:20,-70
BLE,1705099185060875614,DF:DF:EE:00:00:04,-39
BLE,1705099185432563968,D3:F4:55:AB:96:20,-75
BLE,1705099185600818996,DF:DF:EE:00:00:04,-38
BLE,1705099185624514677,D3:F4:55:AB:96:20,-70
BLE,1705099186011210021,D3:F4:55:AB:96:20,-67
BLE,1705099186059214834,DF:DF:EE:00:00:04,-39
BLE,1705099186792420160,DF:A6:DC:DC:2E:81,-70
BLE,1705099186792453702,DF:DF:EE:00:00:01,-70
BLE,1705099186967421610,D3:F4:55:AB:96:20,-77
BLE,1705099187352667471,D3:F4:55:AB:96:20,-70
BLE,1705099187596306242,DF:DF:EE:00:00:04,-40
BLE,1705099187926736454,D3:F4:55:AB:96:20,-69
BLE,1705099188065202457,DF:DF:EE:00:00:04,-40
BLE,1705099188315858478,D3:F4:55:AB:96:20,-75
BLE,1705099189056831630,DF:DF:EE:00:00:04,-24
BLE,1705099189602062575,DF:DF:EE:00:00:04,-38
BLE,1705099189669271455,D3:F4:55:AB:96:20,-71
BLE,1705099189865498072,D3:F4:55:AB:96:20,-76
BLE,1705099190436972502,D3:F4:55:AB:96:20,-56
BLE,1705099190614956708,DF:A6:DC:DC:2E:81,-87
BLE,1705099190614987166,DF:DF:EE:00:00:01,-87
BLE,1705099191202211328,D3:F4:55:AB:96:20,-70
BLE,1705099191598130231,DF:DF:EE:00:00:04,-40
BLE,1705099191979531429,D3:F4:55:AB:96:20,-76
BLE,1705099192355129862,D3:F4:55:AB:96:20,-69
BLE,1705099192603271996,DF:DF:EE:00:00:04,-39
BLE,1705099193055655654,DF:DF:EE:00:00:04,-39
BLE,1705099193161372041,DF:A6:DC:DC:2E:81,-54
BLE,1705099193161392082,DF:DF:EE:00:00:01,-54
BLE,1705099193316753470,D3:F4:55:AB:96:20,-72
BLE,1705099193600572937,DF:DF:EE:00:00:04,-52
BLE,1705099194059144481,DF:DF:EE:00:00:04,-39
BLE,1705099194085155884,D3:F4:55:AB:96:20,-70
BLE,1705099194280177224,D3:F4:55:AB:96:20,-76
BLE,1705099194852016899,D3:F4:55:AB:96:20,-67
BLE,1705099195044035816,D3:F4:55:AB:96:20,-93
BLE,1705099195062213145,DF:DF:EE:00:00:04,-40
BLE,1705099195429427676,D3:F4:55:AB:96:20,-70
BLE,1705099195623885564,D3:F4:55:AB:96:20,-76
BLE,1705099196391007577,D3:F4:55:AB:96:20,-76
BLE,1705099196582166004,D3:F4:55:AB:96:20,-70
BLE,1705099196600130127,DF:DF:EE:00:00:04,-38
BLE,1705099196775457781,D3:F4:55:AB:96:20,-76
BLE,1705099196970516704,D3:F4:55:AB:96:20,-67
BLE,1705099196981937445,DF:A6:DC:DC:2E:81,-69
BLE,1705099196981952528,DF:DF:EE:00:00:01,-69
BLE,1705099197545729381,D3:F4:55:AB:96:20,-70
BLE,1705099197598051560,DF:DF:EE:00:00:04,-39
BLE,1705099197928141776,D3:F4:55:AB:96:20,-70
BLE,1705099198062793906,DF:DF:EE:00:00:04,-39
BLE,1705099198126091040,D3:F4:55:AB:96:20,-77
BLE,1705099198313592385,D3:F4:55:AB:96:20,-71
BLE,1705099198509668879,D3:F4:55:AB:96:20,-75
BLE,1705099198697540053,D3:F4:55:AB:96:20,-70
BLE,1705099199062552401,DF:DF:EE:00:00:04,-37
BLE,1705099199084750558,D3:F4:55:AB:96:20,-68
BLE,1705099199529276725,DF:A6:DC:DC:2E:81,-68
BLE,1705099199529337849,DF:DF:EE:00:00:01,-68
BLE,1705099199596403855,DF:DF:EE:00:00:04,-38
BLE,1705099200060584458,DF:DF:EE:00:00:04,-39
BLE,1705099200427121206,D3:F4:55:AB:96:20,-61
BLE,1705099200602497401,DF:DF:EE:00:00:04,-39
BLE,1705099200620776520,D3:F4:55:AB:96:20,-78
BLE,1705099200807866620,D3:F4:55:AB:96:20,-71
BLE,1705099201004515732,D3:F4:55:AB:96:20,-77
BLE,1705099201056794745,DF:DF:EE:00:00:04,-38
BLE,1705099201200876057,D3:F4:55:AB:96:20,-69
BLE,1705099201393872712,D3:F4:55:AB:96:20,-71
BLE,1705099201596615045,DF:DF:EE:00:00:04,-38
BLE,1705099201775395826,D3:F4:55:AB:96:20,-56
BLE,1705099201971917523,D3:F4:55:AB:96:20,-76
BLE,1705099202063514367,DF:DF:EE:00:00:04,-39
BLE,1705099202357107052,D3:F4:55:AB:96:20,-75
BLE,1705099202543429661,D3:F4:55:AB:96:20,-72
BLE,1705099203061422967,DF:DF:EE:00:00:04,-38
BLE,1705099203119819574,D3:F4:55:AB:96:20,-76
BLE,1705099203314630167,D3:F4:55:AB:96:20,-68
BLE,1705099203598603006,DF:DF:EE:00:00:04,-50
BLE,1705099203698205381,D3:F4:55:AB:96:20,-68
BLE,1705099203887058210,D3:F4:55:AB:96:20,-76
BLE,1705099204084683270,D3:F4:55:AB:96:20,-61
BLE,1705099204859188904,D3:F4:55:AB:96:20,-70
BLE,1705099205054956110,D3:F4:55:AB:96:20,-76
BLE,1705099205637411661,D3:F4:55:AB:96:20,-61
BLE,1705099205824879048,D3:F4:55:AB:96:20,-71
BLE,1705099206020219968,D3:F4:55:AB:96:20,-92
BLE,1705099206407665262,D3:F4:55:AB:96:20,-76
BLE,1705099206594698445,DF:DF:EE:00:00:04,-38
BLE,1705099206788345718,D3:F4:55:AB:96:20,-75
BLE,1705099207055773043,DF:DF:EE:00:00:04,-53
BLE,1705099207175432516,D3:F4:55:AB:96:20,-89
BLE,1705099207366085574,D3:F4:55:AB:96:20,-68
BLE,1705099207557258834,D3:F4:55:AB:96:20,-71
BLE,1705099207596393376,DF:DF:EE:00:00:04,-29
BLE,1705099207939230276,D3:F4:55:AB:96:20,-87
BLE,1705099208063556278,DF:DF:EE:00:00:04,-38
BLE,1705099208135469268,D3:F4:55:AB:96:20,-76
BLE,1705099208436003622,DF:A6:DC:DC:2E:81,-54
BLE,1705099208436035997,DF:DF:EE:00:00:01,-54
BLE,1705099208521120417,D3:F4:55:AB:96:20,-76
BLE,1705099208593132948,DF:DF:EE:00:00:04,-38
BLE,1705099208714947062,D3:F4:55:AB:96:20,-69
BLE,1705099208910689977,D3:F4:55:AB:96:20,-86
BLE,1705099209061305838,DF:DF:EE:00:00:04,-39
BLE,1705099209100235215,D3:F4:55:AB:96:20,-68
BLE,1705099209295144973,D3:F4:55:AB:96:20,-71
BLE,1705099209490307978,D3:F4:55:AB:96:20,-76
BLE,1705099209681039910,D3:F4:55:AB:96:20,-69
BLE,1705099209871022393,D3:F4:55:AB:96:20,-75
BLE,1705099210055162944,DF:DF:EE:00:00:04,-39
BLE,1705099210060381882,D3:F4:55:AB:96:20,-71
BLE,1705099210639872010,D3:F4:55:AB:96:20,-57
BLE,1705099210834886350,D3:F4:55:AB:96:20,-75
BLE,1705099210981400175,DF:A6:DC:DC:2E:81,-69
BLE,1705099210981418341,DF:DF:EE:00:00:01,-69
BLE,1705099211027340845,D3:F4:55:AB:96:20,-56
BLE,1705099211055891302,DF:DF:EE:00:00:04,-39
BLE,1705099211219861964,D3:F4:55:AB:96:20,-76
BLE,1705099211595842059,DF:DF:EE:00:00:04,-38
BLE,1705099211790199991,D3:F4:55:AB:96:20,-70
BLE,1705099211984131010,D3:F4:55:AB:96:20,-76
BLE,1705099212174332782,D3:F4:55:AB:96:20,-56
BLE,1705099212369030626,D3:F4:55:AB:96:20,-75
BLE,1705099212558021953,D3:F4:55:AB:96:20,-71
BLE,1705099212950575395,D3:F4:55:AB:96:20,-75
BLE,1705099213056238282,DF:DF:EE:00:00:04,-39
BLE,1705099213139344017,D3:F4:55:AB:96:20,-71
BLE,1705099213335450136,D3:F4:55:AB:96:20,-76
BLE,1705099213520959671,D3:F4:55:AB:96:20,-70
BLE,1705099213899406112,D3:F4:55:AB:96:20,-76
BLE,1705099214062351495,DF:DF:EE:00:00:04,-38
BLE,1705099214279653532,D3:F4:55:AB:96:20,-75
BLE,1705099214857622761,D3:F4:55:AB:96:20,-68
BLE,1705099215047832907,D3:F4:55:AB:96:20,-76
BLE,1705099215234277306,D3:F4:55:AB:96:20,-71
BLE,1705099215430113386,D3:F4:55:AB:96:20,-76
BLE,1705099215592232737,DF:DF:EE:00:00:04,-38
BLE,1705099215817380557,D3:F4:55:AB:96:20,-71
BLE,1705099216062387312,DF:DF:EE:00:00:04,-38
BLE,1705099216204573979,D3:F4:55:AB:96:20,-68
BLE,1705099216588231526,D3:F4:55:AB:96:20,-67
BLE,1705099216973451138,D3:F4:55:AB:96:20,-68
BLE,1705099217057254989,DF:DF:EE:00:00:04,-39
BLE,1705099217164317402,D3:F4:55:AB:96:20,-71
BLE,1705099217356853771,D3:F4:55:AB:96:20,-68
BLE,1705099217551525615,D3:F4:55:AB:96:20,-70
BLE,1705099217600566707,DF:DF:EE:00:00:04,-39
BLE,1705099217745445760,D3:F4:55:AB:96:20,-75
BLE,1705099218059890201,DF:DF:EE:00:00:04,-51
BLE,1705099218320912351,D3:F4:55:AB:96:20,-68
BLE,1705099218600059497,DF:DF:EE:00:00:04,-41
BLE,1705099218617323461,DF:A6:DC:DC:2E:81,-71
BLE,1705099218617340503,DF:DF:EE:00:00:01,-71
BLE,1705099219274211015,D3:F4:55:AB:96:20,-76
BLE,1705099219461102492,D3:F4:55:AB:96:20,-94
BLE,1705099219597575351,DF:DF:EE:00:00:04,-38
BLE,1705099219887901617,DF:A6:DC:DC:2E:81,-68
BLE,1705099219887950866,DF:DF:EE:00:00:01,-68
BLE,1705099220031890596,D3:F4:55:AB:96:20,-68
BLE,1705099220225144582,D3:F4:55:AB:96:20,-71
BLE,1705099220421677404,D3:F4:55:AB:96:20,-76
BLE,1705099220610913312,D3:F4:55:AB:96:20,-70
BLE,1705099221057179292,DF:DF:EE:00:00:04,-39
BLE,1705099221188947915,D3:F4:55:AB:96:20,-75
BLE,1705099221959755676,D3:F4:55:AB:96:20,-70
BLE,1705099222055012226,DF:DF:EE:00:00:04,-38
BLE,1705099222592163225,DF:DF:EE:00:00:04,-40
BLE,1705099222920309963,D3:F4:55:AB:96:20,-78
BLE,1705099223304946124,D3:F4:55:AB:96:20,-66
BLE,1705099223498769769,D3:F4:55:AB:96:20,-68
BLE,1705099223598335770,DF:DF:EE:00:00:04,-39
BLE,1705099223691876174,D3:F4:55:AB:96:20,-56
BLE,1705099223890728386,D3:F4:55:AB:96:20,-78
BLE,1705099224063478028,DF:DF:EE:00:00:04,-50
BLE,1705099224084167786,D3:F4:55:AB:96:20,-67
BLE,1705099224273145197,D3:F4:55:AB:96:20,-76
BLE,1705099224466526181,D3:F4:55:AB:96:20,-68
BLE,1705099224595706959,DF:DF:EE:00:00:04,-38
BLE,1705099224597055027,DF:DF:EE:00:00:04,-43
BLE,1705099224855801037,D3:F4:55:AB:96:20,-76
BLE,1705099224975094848,DF:A6:DC:DC:2E:81,-70
BLE,1705099224975108764,DF:DF:EE:00:00:01,-70
BLE,1705099225058318997,DF:DF:EE:00:00:04,-40
BLE,1705099225242360466,D3:F4:55:AB:96:20,-87
BLE,1705099225438118464,D3:F4:55:AB:96:20,-76
BLE,1705099225597671762,DF:DF:EE:00:00:04,-40
BLE,1705099225825511717,D3:F4:55:AB:96:20,-76
BLE,1705099226012589359,D3:F4:55:AB:96:20,-70
BLE,1705099226391505878,D3:F4:55:AB:96:20,-72
BLE,1705099226595473488,DF:DF:EE:00:00:04,-38
BLE,1705099226773935355,D3:F4:55:AB:96:20,-70
BLE,1705099226969174110,D3:F4:55:AB:96:20,-76
BLE,1705099227062367518,DF:DF:EE:00:00:04,-39
BLE,1705099227160167789,D3:F4:55:AB:96:20,-70
BLE,1705099227350551016,D3:F4:55:AB:96:20,-77
BLE,1705099227522471127,DF:A6:DC:DC:2E:81,-72
BLE,1705099227522521918,DF:DF:EE:00:00:01,-72
BLE,1705099227736704825,D3:F4:55:AB:96:20,-76
BLE,1705099227930465389,D3:F4:55:AB:96:20,-69
BLE,1705099228062807338,DF:DF:EE:00:00:04,-39
BLE,1705099228120182833,D3:F4:55:AB:96:20,-77
BLE,1705099228595182434,DF:DF:EE:00:00:04,-39
BLE,1705099228702951130,D3:F4:55:AB:96:20,-93
BLE,1705099228893125527,D3:F4:55:AB:96:20,-71
BLE,1705099229596256205,DF:DF:EE:00:00:04,-40
BLE,1705099229667704451,D3:F4:55:AB:96:20,-75
BLE,1705099229859725577,D3:F4:55:AB:96:20,-70
BLE,1705099230052335153,D3:F4:55:AB:96:20,-77
BLE,1705099230434026640,D3:F4:55:AB:96:20,-94
BLE,1705099230598680919,DF:DF:EE:00:00:04,-56
BLE,1705099230819700205,D3:F4:55:AB:96:20,-75
BLE,1705099231059478895,DF:DF:EE:00:00:04,-48
BLE,1705099231344636221,DF:A6:DC:DC:2E:81,-67
BLE,1705099231344670679,DF:DF:EE:00:00:01,-67
BLE,1705099231402484252,D3:F4:55:AB:96:20,-77
BLE,1705099231598475705,DF:DF:EE:00:00:04,-50
BLE,1705099231989941202,D3:F4:55:AB:96:20,-76
BLE,1705099232177886167,D3:F4:55:AB:96:20,-70
BLE,1705099232373076963,D3:F4:55:AB:96:20,-76
BLE,1705099232558805496,D3:F4:55:AB:96:20,-71
BLE,1705099232595973310,DF:DF:EE:00:00:04,-39
BLE,1705099232751480863,D3:F4:55:AB:96:20,-61
BLE,1705099232942614290,D3:F4:55:AB:96:20,-70
BLE,1705099233135540488,D3:F4:55:AB:96:20,-76
BLE,1705099233524660013,D3:F4:55:AB:96:20,-70
BLE,1705099233594212948,DF:DF:EE:00:00:04,-22
BLE,1705099233717843624,D3:F4:55:AB:96:20,-76
BLE,1705099233890303770,DF:A6:DC:DC:2E:81,-71
BLE,1705099233890336395,DF:DF:EE:00:00:01,-71
BLE,1705099233905691382,D3:F4:55:AB:96:20,-70
BLE,1705099234054932467,DF:DF:EE:00:00:04,-38
BLE,1705099234104324930,D3:F4:55:AB:96:20,-76
BLE,1705099234488395846,D3:F4:55:AB:96:20,-74
BLE,1705099234595741797,DF:DF:EE:00:00:04,-39
BLE,1705099234685001876,D3:F4:55:AB:96:20,-60
BLE,1705099234874281159,D3:F4:55:AB:96:20,-70
BLE,1705099235061134386,DF:DF:EE:00:00:04,-28
BLE,1705099235072345838,D3:F4:55:AB:96:20,-76
BLE,1705099235260374052,D3:F4:55:AB:96:20,-57
BLE,1705099235455640139,D3:F4:55:AB:96:20,-76
BLE,1705099235594478762,DF:DF:EE:00:00:04,-38
BLE,1705099235645139794,D3:F4:55:AB:96:20,-68
BLE,1705099235835707561,D3:F4:55:AB:96:20,-74
BLE,1705099236024626806,D3:F4:55:AB:96:20,-70
BLE,1705099236437528885,DF:A6:DC:DC:2E:81,-71
BLE,1705099236437562260,DF:DF:EE:00:00:01,-71
BLE,1705099236794391787,D3:F4:55:AB:96:20,-69
BLE,1705099236988781635,D3:F4:55:AB:96:20,-71
BLE,1705099237060505628,DF:DF:EE:00:00:04,-38
BLE,1705099237185080210,D3:F4:55:AB:96:20,-75
BLE,1705099237370658994,D3:F4:55:AB:96:20,-71
BLE,1705099237749384432,D3:F4:55:AB:96:20,-76
BLE,1705099237938072929,D3:F4:55:AB:96:20,-84
BLE,1705099238520791727,D3:F4:55:AB:96:20,-70
BLE,1705099238710587670,D3:F4:55:AB:96:20,-69
BLE,1705099238901558099,D3:F4:55:AB:96:20,-71
BLE,1705099239100570309,D3:F4:55:AB:96:20,-72
BLE,1705099239594219859,DF:DF:EE:00:00:04,-39
BLE,1705099239862119762,D3:F4:55:AB:96:20,-77
BLE,1705099240056698066,D3:F4:55:AB:96:20,-68
BLE,1705099240248623817,D3:F4:55:AB:96:20,-77
BLE,1705099240435334338,D3:F4:55:AB:96:20,-70
BLE,1705099240628180453,D3:F4:55:AB:96:20,-76
BLE,1705099240817319696,D3:F4:55:AB:96:20,-71
BLE,1705099241009170823,D3:F4:55:AB:96:20,-75
BLE,1705099241598251463,DF:DF:EE:00:00:04,-40
BLE,1705099241772221800,D3:F4:55:AB:96:20,-76
BLE,1705099242159473679,D3:F4:55:AB:96:20,-78
BLE,1705099242592259525,DF:DF:EE:00:00:04,-39
BLE,1705099242742708638,D3:F4:55:AB:96:20,-78
BLE,1705099242931560842,D3:F4:55:AB:96:20,-71
BLE,1705099243059063264,DF:DF:EE:00:00:04,-40
BLE,1705099243514958881,D3:F4:55:AB:96:20,-70
BLE,1705099244053548280,DF:DF:EE:00:00:04,-55
BLE,1705099244596031757,DF:DF:EE:00:00:04,-39
BLE,1705099244665041740,D3:F4:55:AB:96:20,-62
BLE,1705099244856734828,D3:F4:55:AB:96:20,-76
BLE,1705099245051210841,D3:F4:55:AB:96:20,-68
BLE,1705099245053069319,DF:DF:EE:00:00:04,-39
BLE,1705099245242565890,D3:F4:55:AB:96:20,-77
BLE,1705099245434404726,D3:F4:55:AB:96:20,-67
BLE,1705099245627688212,D3:F4:55:AB:96:20,-70
BLE,1705099245820120207,D3:F4:55:AB:96:20,-69
BLE,1705099246016227243,D3:F4:55:AB:96:20,-72
BLE,1705099246055663114,DF:DF:EE:00:00:04,-38
BLE,1705099246211146084,D3:F4:55:AB:96:20,-75
BLE,1705099246403066377,D3:F4:55:AB:96:20,-68
BLE,1705099246793779300,D3:F4:55:AB:96:20,-76
BLE,1705099246982006344,D3:F4:55:AB:96:20,-71
BLE,1705099247057059507,DF:DF:EE:00:00:04,-39
BLE,1705099247175330579,D3:F4:55:AB:96:20,-76
BLE,1705099247367345704,D3:F4:55:AB:96:20,-68
BLE,1705099247900800913,DF:A6:DC:DC:2E:81,-67
BLE,1705099247900832746,DF:DF:EE:00:00:01,-67
BLE,1705099248132992609,D3:F4:55:AB:96:20,-53
BLE,1705099248592900637,DF:DF:EE:00:00:04,-41
BLE,1705099248891388890,D3:F4:55:AB:96:20,-71
BLE,1705099249087709465,D3:F4:55:AB:96:20,-76
BLE,1705099249278392189,D3:F4:55:AB:96:20,-70
BLE,1705099249666699348,D3:F4:55:AB:96:20,-68
BLE,1705099249862018352,D3:F4:55:AB:96:20,-70
BLE,1705099250061477181,DF:DF:EE:00:00:04,-38
BLE,1705099250248991984,D3:F4:55:AB:96:20,-68
BLE,1705099250444264571,DF:A6:DC:DC:2E:81,-68
BLE,1705099250444289696,DF:DF:EE:00:00:01,-68
BLE,1705099250641666634,D3:F4:55:AB:96:20,-76
BLE,1705099251025670135,D3:F4:55:AB:96:20,-75
BLE,1705099251061728671,DF:DF:EE:00:00:04,-39
BLE,1705099251210945131,D3:F4:55:AB:96:20,-70
BLE,1705099251599347163,DF:DF:EE:00:00:04,-39
BLE,1705099251779911839,D3:F4:55:AB:96:20,-69
BLE,1705099251974526684,D3:F4:55:AB:96:20,-88
BLE,1705099252172936985,D3:F4:55:AB:96:20,-76
BLE,1705099252363287171,D3:F4:55:AB:96:20,-67
BLE,1705099252598136753,DF:DF:EE:00:00:04,-51
BLE,1705099252989695707,DF:A6:DC:DC:2E:81,-69
BLE,1705099252989754123,DF:DF:EE:00:00:01,-69
BLE,1705099253058030990,DF:DF:EE:00:00:04,-39
BLE,1705099253143722903,D3:F4:55:AB:96:20,-75
BLE,1705099253529962377,D3:F4:55:AB:96:20,-56
BLE,1705099254055725592,DF:DF:EE:00:00:04,-38
BLE,1705099254299029617,D3:F4:55:AB:96:20,-68
BLE,1705099254489685091,D3:F4:55:AB:96:20,-76
BLE,1705099254675564997,D3:F4:55:AB:96:20,-71
BLE,1705099254873472553,D3:F4:55:AB:96:20,-76
BLE,1705099255064945518,D3:F4:55:AB:96:20,-68
BLE,1705099255448434150,D3:F4:55:AB:96:20,-58
BLE,1705099255598864263,DF:DF:EE:00:00:04,-39
BLE,1705099255638505090,D3:F4:55:AB:96:20,-75
BLE,1705099255830753296,D3:F4:55:AB:96:20,-58
BLE,1705099256023864533,D3:F4:55:AB:96:20,-89
BLE,1705099256063264197,DF:DF:EE:00:00:04,-56
BLE,1705099256215564579,D3:F4:55:AB:96:20,-68
BLE,1705099256409234018,D3:F4:55:AB:96:20,-70
BLE,1705099256602139300,DF:DF:EE:00:00:04,-40
BLE,1705099256789003027,D3:F4:55:AB:96:20,-70
BLE,1705099256983450374,D3:F4:55:AB:96:20,-76
BLE,1705099257056483102,DF:DF:EE:00:00:04,-23
BLE,1705099257174661800,D3:F4:55:AB:96:20,-57
BLE,1705099257365627896,D3:F4:55:AB:96:20,-61
BLE,1705099257555999166,D3:F4:55:AB:96:20,-72
BLE,1705099257595544161,DF:DF:EE:00:00:04,-40
BLE,1705099258059125563,DF:DF:EE:00:00:04,-39
BLE,1705099258592088069,DF:DF:EE:00:00:04,-39
BLE,1705099258700372342,D3:F4:55:AB:96:20,-70
BLE,1705099258897101037,D3:F4:55:AB:96:20,-75
BLE,1705099259053434622,DF:DF:EE:00:00:04,-40
BLE,1705099259085365748,D3:F4:55:AB:96:20,-72
BLE,1705099259354596177,DF:A6:DC:DC:2E:81,-69
BLE,1705099259354610593,DF:DF:EE:00:00:01,-69
BLE,1705099259667784091,D3:F4:55:AB:96:20,-72
BLE,1705099260050459190,D3:F4:55:AB:96:20,-72
BLE,1705099260060794111,DF:DF:EE:00:00:04,-39
BLE,1705099260600854492,DF:DF:EE:00:00:04,-39
BLE,1705099260621901870,D3:F4:55:AB:96:20,-68
BLE,1705099260816099470,D3:F4:55:AB:96:20,-70
BLE,1705099261059740407,DF:DF:EE:00:00:04,-39
BLE,1705099261206273690,D3:F4:55:AB:96:20,-67
BLE,1705099261401138074,D3:F4:55:AB:96:20,-71
BLE,1705099261591032516,D3:F4:55:AB:96:20,-69
BLE,1705099261780411964,D3:F4:55:AB:96:20,-76
BLE,1705099261899840773,DF:A6:DC:DC:2E:81,-69
BLE,1705099261899893730,DF:DF:EE:00:00:01,-69
BLE,1705099261973702782,D3:F4:55:AB:96:20,-58
BLE,1705099262061207674,DF:DF:EE:00:00:04,-37
BLE,1705099262168535750,D3:F4:55:AB:96:20,-70
BLE,1705099262364469246,D3:F4:55:AB:96:20,-76
BLE,1705099262750488473,D3:F4:55:AB:96:20,-71
BLE,1705099262940526246,D3:F4:55:AB:96:20,-67
BLE,1705099263136207954,D3:F4:55:AB:96:20,-70
BLE,1705099263332211491,D3:F4:55:AB:96:20,-77
BLE,1705099263519734710,D3:F4:55:AB:96:20,-71
BLE,1705099263601526877,DF:DF:EE:00:00:04,-40
BLE,1705099264056448589,DF:DF:EE:00:00:04,-39
BLE,1705099264598731027,DF:DF:EE:00:00:04,-38
BLE,1705099265057671650,DF:DF:EE:00:00:04,-37
BLE,1705099265245372618,D3:F4:55:AB:96:20,-77
BLE,1705099265433392040,D3:F4:55:AB:96:20,-71
BLE,1705099266053764521,DF:DF:EE:00:00:04,-57
BLE,1705099266397013833,D3:F4:55:AB:96:20,-70
BLE,1705099266599319546,DF:DF:EE:00:00:04,-40
BLE,1705099266974536067,D3:F4:55:AB:96:20,-76
BLE,1705099267597274562,DF:DF:EE:00:00:04,-39
BLE,1705099268054314541,DF:DF:EE:00:00:04,-39
BLE,1705099268325582779,D3:F4:55:AB:96:20,-76
BLE,1705099268514630106,D3:F4:55:AB:96:20,-72
BLE,1705099269093041371,D3:F4:55:AB:96:20,-76
BLE,1705099269475228560,D3:F4:55:AB:96:20,-75
BLE,1705099269592222522,DF:DF:EE:00:00:04,-38
BLE,1705099269665529414,D3:F4:55:AB:96:20,-67
BLE,1705099270052791376,DF:DF:EE:00:00:04,-38
BLE,1705099270596224551,DF:DF:EE:00:00:04,-40
BLE,1705099270616889767,D3:F4:55:AB:96:20,-67
BLE,1705099270808198484,D3:F4:55:AB:96:20,-70
BLE,1705099271056937028,DF:DF:EE:00:00:04,-39
BLE,1705099271193675551,D3:F4:55:AB:96:20,-69
BLE,1705099271386889496,D3:F4:55:AB:96:20,-74
BLE,1705099271595030182,DF:DF:EE:00:00:04,-39
BLE,1705099271775102281,D3:F4:55:AB:96:20,-71
BLE,1705099272158942492,D3:F4:55:AB:96:20,-70
BLE,1705099272352617765,D3:F4:55:AB:96:20,-76
BLE,1705099272540083610,D3:F4:55:AB:96:20,-70
BLE,1705099272593924896,DF:DF:EE:00:00:04,-39
BLE,1705099272728798357,D3:F4:55:AB:96:20,-68
BLE,1705099272924908310,D3:F4:55:AB:96:20,-71
BLE,1705099273117826633,D3:F4:55:AB:96:20,-76
BLE,1705099273311452072,D3:F4:55:AB:96:20,-68
BLE,1705099273353898575,DF:A6:DC:DC:2E:81,-68
BLE,1705099273353927408,DF:DF:EE:00:00:01,-68
BLE,1705099273500327193,D3:F4:55:AB:96:20,-76
BLE,1705099273688648236,D3:F4:55:AB:96:20,-70
BLE,1705099273882717546,D3:F4:55:AB:96:20,-93
BLE,1705099274050855909,DF:DF:EE:00:00:04,-39
BLE,1705099274079387408,D3:F4:55:AB:96:20,-68
BLE,1705099274267764076,D3:F4:55:AB:96:20,-76
BLE,1705099274461242018,D3:F4:55:AB:96:20,-68
BLE,1705099274599286859,DF:DF:EE:00:00:04,-39
BLE,1705099274848770103,D3:F4:55:AB:96:20,-76
BLE,1705099275036422529,D3:F4:55:AB:96:20,-56
BLE,1705099275053531870,DF:DF:EE:00:00:04,-41
BLE,1705099275423638409,D3:F4:55:AB:96:20,-71
BLE,1705099275816096353,D3:F4:55:AB:96:20,-76
BLE,1705099276381607394,D3:F4:55:AB:96:20,-76
BLE,1705099276576019449,D3:F4:55:AB:96:20,-68
BLE,1705099276591169022,DF:DF:EE:00:00:04,-38
BLE,1705099276772469689,D3:F4:55:AB:96:20,-72
BLE,1705099277058553754,DF:DF:EE:00:00:04,-40
BLE,1705099277155612034,D3:F4:55:AB:96:20,-70
BLE,1705099277348730313,D3:F4:55:AB:96:20,-76
BLE,1705099277537788014,D3:F4:55:AB:96:20,-88
BLE,1705099277733713052,D3:F4:55:AB:96:20,-75
BLE,1705099277919287128,D3:F4:55:AB:96:20,-89
BLE,1705099278302592054,D3:F4:55:AB:96:20,-70
BLE,1705099278689865891,D3:F4:55:AB:96:20,-67
BLE,1705099279053844585,DF:DF:EE:00:00:04,-39
BLE,1705099279263775709,D3:F4:55:AB:96:20,-81
BLE,1705099279459106837,D3:F4:55:AB:96:20,-53
BLE,1705099279596464769,DF:DF:EE:00:00:04,-39
BLE,1705099279838339894,D3:F4:55:AB:96:20,-68
BLE,1705099280034102059,D3:F4:55:AB:96:20,-70
BLE,1705099280054284364,DF:DF:EE:00:00:04,-39
BLE,1705099280230525466,D3:F4:55:AB:96:20,-75
BLE,1705099280419071382,D3:F4:55:AB:96:20,-71
BLE,1705099280598975566,DF:DF:EE:00:00:04,-23
BLE,1705099280808731150,D3:F4:55:AB:96:20,-67
BLE,1705099280999641746,DF:A6:DC:DC:2E:81,-69
BLE,1705099280999659579,DF:DF:EE:00:00:01,-69
BLE,1705099281054735726,DF:DF:EE:00:00:04,-39
BLE,1705099281195869656,D3:F4:55:AB:96:20,-76
BLE,1705099281390034839,D3:F4:55:AB:96:20,-67
BLE,1705099281592412551,DF:DF:EE:00:00:04,-37
BLE,1705099281781805791,D3:F4:55:AB:96:20,-76
BLE,1705099281975289357,D3:F4:55:AB:96:20,-53
BLE,1705099282053089362,DF:DF:EE:00:00:04,-23
BLE,1705099282164634680,D3:F4:55:AB:96:20,-76
BLE,1705099282352844809,D3:F4:55:AB:96:20,-71
BLE,1705099282542389629,D3:F4:55:AB:96:20,-58
BLE,1705099282929023100,D3:F4:55:AB:96:20,-76
BLE,1705099283116800400,D3:F4:55:AB:96:20,-70
BLE,1705099283310310757,D3:F4:55:AB:96:20,-75
BLE,1705099283502085511,D3:F4:55:AB:96:20,-71
BLE,1705099283551814095,DF:A6:DC:DC:2E:81,-73
BLE,1705099283551844719,DF:DF:EE:00:00:01,-73
BLE,1705099283598697087,DF:DF:EE:00:00:04,-38
BLE,1705099283693682766,D3:F4:55:AB:96:20,-75
BLE,1705099283889412514,D3:F4:55:AB:96:20,-69
BLE,1705099284084006818,D3:F4:55:AB:96:20,-70
BLE,1705099284277656715,D3:F4:55:AB:96:20,-76
BLE,1705099284656731357,D3:F4:55:AB:96:20,-68
BLE,1705099285058134280,DF:DF:EE:00:00:04,-39
BLE,1705099285226526598,D3:F4:55:AB:96:20,-88
BLE,1705099285416995533,D3:F4:55:AB:96:20,-68
BLE,1705099285600243636,DF:DF:EE:00:00:04,-39
BLE,1705099285611446172,D3:F4:55:AB:96:20,-71
BLE,1705099285802393018,D3:F4:55:AB:96:20,-69
BLE,1705099286057530779,DF:DF:EE:00:00:04,-51
BLE,1705099286596295883,DF:DF:EE:00:00:04,-40
BLE,1705099286761361449,D3:F4:55:AB:96:20,-72
BLE,1705099287591335600,DF:DF:EE:00:00:04,-38
BLE,1705099287922820091,D3:F4:55:AB:96:20,-75
BLE,1705099288061404843,DF:DF:EE:00:00:04,-45
BLE,1705099288307890663,D3:F4:55:AB:96:20,-76
BLE,1705099288495740879,D3:F4:55:AB:96:20,-70
BLE,1705099288649166665,DF:A6:DC:DC:2E:81,-53
BLE,1705099288649213081,DF:DF:EE:00:00:01,-53
BLE,1705099288692213577,D3:F4:55:AB:96:20,-73
BLE,1705099289261237244,D3:F4:55:AB:96:20,-71
BLE,1705099289452646418,D3:F4:55:AB:96:20,-75
BLE,1705099289596090945,DF:DF:EE:00:00:04,-39
BLE,1705099289639269773,D3:F4:55:AB:96:20,-70
BLE,1705099290212824345,D3:F4:55:AB:96:20,-67
BLE,1705099290784176442,D3:F4:55:AB:96:20,-75
BLE,1705099290981155093,D3:F4:55:AB:96:20,-76
BLE,1705099291052027554,DF:DF:EE:00:00:04,-39
BLE,1705099291193526646,DF:A6:DC:DC:2E:81,-67
BLE,1705099291193546229,DF:DF:EE:00:00:01,-67
BLE,1705099291555391115,D3:F4:55:AB:96:20,-70
BLE,1705099291593297379,DF:DF:EE:00:00:04,-23
BLE,1705099291749860545,D3:F4:55:AB:96:20,-76
BLE,1705099292061465102,DF:DF:EE:00:00:04,-40
BLE,1705099293059188621,DF:DF:EE:00:00:04,-38
BLE,1705099293097436090,D3:F4:55:AB:96:20,-67
BLE,1705099293289848835,D3:F4:55:AB:96:20,-71
BLE,1705099293291164362,D3:F4:55:AB:96:20,-67
BLE,1705099293743303939,DF:A6:DC:DC:2E:81,-71
BLE,1705099293743339772,DF:DF:EE:00:00:01,-71
BLE,1705099294252490140,D3:F4:55:AB:96:20,-71
BLE,1705099294592715321,DF:DF:EE:00:00:04,-39
BLE,1705099294832088391,D3:F4:55:AB:96:20,-77
BLE,1705099295018171961,D3:F4:55:AB:96:20,-90
BLE,1705099295056895133,DF:DF:EE:00:00:04,-41
BLE,1705099295213114302,D3:F4:55:AB:96:20,-76
BLE,1705099295404199105,D3:F4:55:AB:96:20,-70
BLE,1705099295596479644,DF:DF:EE:00:00:04,-39
BLE,1705099295790647994,D3:F4:55:AB:96:20,-67
BLE,1705099296054699734,DF:DF:EE:00:00:04,-38
BLE,1705099296172651893,D3:F4:55:AB:96:20,-53
BLE,1705099296750544873,D3:F4:55:AB:96:20,-70
BLE,1705099296945019386,D3:F4:55:AB:96:20,-76
BLE,1705099297054626435,DF:DF:EE:00:00:04,-39
BLE,1705099297136137313,D3:F4:55:AB:96:20,-70
BLE,1705099297518979578,D3:F4:55:AB:96:20,-71
BLE,1705099297598570104,DF:DF:EE:00:00:04,-39
BLE,1705099297712711892,D3:F4:55:AB:96:20,-76
BLE,1705099297899598452,D3:F4:55:AB:96:20,-70
BLE,1705099298096211982,D3:F4:55:AB:96:20,-76
BLE,1705099298476865064,D3:F4:55:AB:96:20,-77
BLE,1705099298595769295,DF:DF:EE:00:00:04,-55
BLE,1705099298864334607,D3:F4:55:AB:96:20,-70
BLE,1705099299053321351,DF:DF:EE:00:00:04,-39
BLE,1705099299249567135,D3:F4:55:AB:96:20,-70
BLE,1705099299633043476,D3:F4:55:AB:96:20,-70
BLE,1705099300021296135,D3:F4:55:AB:96:20,-68
BLE,1705099300214727661,D3:F4:55:AB:96:20,-70
BLE,1705099300406785244,D3:F4:55:AB:96:20,-69
BLE,1705099300788528021,D3:F4:55:AB:96:20,-68
BLE,1705099301166077473,D3:F4:55:AB:96:20,-68
BLE,1705099301389563063,DF:A6:DC:DC:2E:81,-53
BLE,1705099301389579854,DF:DF:EE:00:00:01,-53
BLE,1705099301596824218,DF:DF:EE:00:00:04,-38
BLE,1705099301739842667,D3:F4:55:AB:96:20,-76
BLE,1705099301929164699,D3:F4:55:AB:96:20,-71
BLE,1705099302324638941,D3:F4:55:AB:96:20,-76
BLE,1705099302519824279,D3:F4:55:AB:96:20,-68
BLE,1705099302596774586,DF:DF:EE:00:00:04,-23
BLE,1705099302709580556,D3:F4:55:AB:96:20,-75
BLE,1705099302897646686,D3:F4:55:AB:96:20,-70
BLE,1705099303049259159,DF:DF:EE:00:00:04,-39
BLE,1705099303092081324,D3:F4:55:AB:96:20,-76
BLE,1705099303479804657,D3:F4:55:AB:96:20,-56
BLE,1705099304253828588,D3:F4:55:AB:96:20,-69
BLE,1705099304594795135,DF:DF:EE:00:00:04,-40
BLE,1705099304824796273,D3:F4:55:AB:96:20,-75
BLE,1705099305012182745,D3:F4:55:AB:96:20,-71
BLE,1705099305407245283,D3:F4:55:AB:96:20,-80
BLE,1705099305595657617,D3:F4:55:AB:96:20,-71
BLE,1705099305786678170,D3:F4:55:AB:96:20,-77
BLE,1705099305974913507,D3:F4:55:AB:96:20,-70
BLE,1705099306057664037,DF:DF:EE:00:00:04,-23
BLE,1705099306358140183,D3:F4:55:AB:96:20,-71
BLE,1705099306551692749,D3:F4:55:AB:96:20,-75
BLE,1705099306744399908,D3:F4:55:AB:96:20,-70
BLE,1705099307051838514,DF:DF:EE:00:00:04,-40
BLE,1705099307516840525,D3:F4:55:AB:96:20,-68
BLE,1705099307707623706,D3:F4:55:AB:96:20,-70
BLE,1705099308049892071,DF:DF:EE:00:00:04,-39
BLE,1705099308277230199,D3:F4:55:AB:96:20,-52
BLE,1705099308595104183,DF:DF:EE:00:00:04,-39
BLE,1705099308660567333,D3:F4:55:AB:96:20,-53
BLE,1705099309036020434,DF:A6:DC:DC:2E:81,-54
BLE,1705099309036054517,DF:DF:EE:00:00:01,-54
BLE,1705099309043019769,D3:F4:55:AB:96:20,-53
BLE,1705099309057051521,DF:DF:EE:00:00:04,-39
BLE,1705099309615193190,D3:F4:55:AB:96:20,-76
BLE,1705099309808678840,D3:F4:55:AB:96:20,-67
BLE,1705099309997929372,D3:F4:55:AB:96:20,-75
BLE,1705099310190733739,D3:F4:55:AB:96:20,-68
BLE,1705099310596987895,DF:DF:EE:00:00:04,-39
BLE,1705099310958006791,D3:F4:55:AB:96:20,-53
BLE,1705099311337464262,D3:F4:55:AB:96:20,-68
BLE,1705099311579624091,DF:A6:DC:DC:2E:81,-69
BLE,1705099311579685424,DF:DF:EE:00:00:01,-69
BLE,1705099311596873139,DF:DF:EE:00:00:04,-40
BLE,1705099312054700275,DF:DF:EE:00:00:04,-38
BLE,1705099312299090745,D3:F4:55:AB:96:20,-87
BLE,1705099312492841267,D3:F4:55:AB:96:20,-77
BLE,1705099312593407630,DF:DF:EE:00:00:04,-38
BLE,1705099312682921040,D3:F4:55:AB:96:20,-71
BLE,1705099313267817437,D3:F4:55:AB:96:20,-70
BLE,1705099313459835062,D3:F4:55:AB:96:20,-81
BLE,1705099313597372617,DF:DF:EE:00:00:04,-39
BLE,1705099314034749826,D3:F4:55:AB:96:20,-71
BLE,1705099314593277449,DF:DF:EE:00:00:04,-22
BLE,1705099314806799073,D3:F4:55:AB:96:20,-68
BLE,1705099314998180455,D3:F4:55:AB:96:20,-71
BLE,1705099315189885376,D3:F4:55:AB:96:20,-53
BLE,1705099315379360281,D3:F4:55:AB:96:20,-56
BLE,1705099315571582737,D3:F4:55:AB:96:20,-68
BLE,1705099315592320494,DF:DF:EE:00:00:04,-39
BLE,1705099315957457425,D3:F4:55:AB:96:20,-76
BLE,1705099316057301255,DF:DF:EE:00:00:04,-38
BLE,1705099316538807572,D3:F4:55:AB:96:20,-67
BLE,1705099316727704359,D3:F4:55:AB:96:20,-75
BLE,1705099317301097599,D3:F4:55:AB:96:20,-67
BLE,1705099317587876156,DF:DF:EE:00:00:04,-39
BLE,1705099318056880411,DF:DF:EE:00:00:04,-38
BLE,1705099318253189777,D3:F4:55:AB:96:20,-93
BLE,1705099318448432698,D3:F4:55:AB:96:20,-68
BLE,1705099318593367625,DF:DF:EE:00:00:04,-40
BLE,1705099318638950299,D3:F4:55:AB:96:20,-76
BLE,1705099318829676440,D3:F4:55:AB:96:20,-58
BLE,1705099319019234011,D3:F4:55:AB:96:20,-76
BLE,1705099319052115042,DF:DF:EE:00:00:04,-38
BLE,1705099319210160857,D3:F4:55:AB:96:20,-70
BLE,1705099319403091805,D3:F4:55:AB:96:20,-75
BLE,1705099319592951914,DF:DF:EE:00:00:04,-38
BLE,1705099319787544051,D3:F4:55:AB:96:20,-61
BLE,1705099320353042050,D3:F4:55:AB:96:20,-71
BLE,1705099320547427398,D3:F4:55:AB:96:20,-76
BLE,1705099320596034162,DF:DF:EE:00:00:04,-40
BLE,1705099320737147717,D3:F4:55:AB:96:20,-70
BLE,1705099320932033725,D3:F4:55:AB:96:20,-79
BLE,1705099321054336500,DF:DF:EE:00:00:04,-38
BLE,1705099321121480922,D3:F4:55:AB:96:20,-89
BLE,1705099321318163701,D3:F4:55:AB:96:20,-75
BLE,1705099321772291255,DF:A6:DC:DC:2E:81,-69
BLE,1705099321772325463,DF:DF:EE:00:00:01,-69
BLE,1705099321892404306,D3:F4:55:AB:96:20,-68
BLE,1705099322058297029,DF:DF:EE:00:00:04,-40
BLE,1705099322282310155,D3:F4:55:AB:96:20,-76
BLE,1705099322473136544,D3:F4:55:AB:96:20,-70
BLE,1705099322663671562,D3:F4:55:AB:96:20,-80
BLE,1705099322853633086,D3:F4:55:AB:96:20,-57
BLE,1705099323057090119,DF:DF:EE:00:00:04,-38
BLE,1705099323241941453,D3:F4:55:AB:96:20,-67
BLE,1705099323435583851,D3:F4:55:AB:96:20,-71
BLE,1705099323596310926,DF:DF:EE:00:00:04,-38
BLE,1705099323634002443,D3:F4:55:AB:96:20,-75
BLE,1705099324023401381,D3:F4:55:AB:96:20,-56
BLE,1705099324058624968,DF:DF:EE:00:00:04,-53
BLE,1705099324597123826,DF:DF:EE:00:00:04,-40
BLE,1705099324607582078,D3:F4:55:AB:96:20,-72
BLE,1705099324800066198,D3:F4:55:AB:96:20,-76
BLE,1705099324991756869,D3:F4:55:AB:96:20,-70
BLE,1705099325057060479,DF:DF:EE:00:00:04,-38
BLE,1705099325187807530,D3:F4:55:AB:96:20,-76
BLE,1705099325375821369,D3:F4:55:AB:96:20,-70
BLE,1705099325567779537,D3:F4:55:AB:96:20,-76
BLE,1705099325596645324,DF:DF:EE:00:00:04,-39
BLE,1705099325761980553,D3:F4:55:AB:96:20,-69
BLE,1705099325957365056,D3:F4:55:AB:96:20,-70
BLE,1705099326152441437,D3:F4:55:AB:96:20,-97
BLE,1705099326536047984,D3:F4:55:AB:96:20,-77
BLE,1705099326596524817,DF:DF:EE:00:00:04,-39
BLE,1705099326724856105,D3:F4:55:AB:96:20,-70
BLE,1705099327057315335,DF:DF:EE:00:00:04,-55
BLE,1705099327300253281,D3:F4:55:AB:96:20,-76
BLE,1705099327487446129,D3:F4:55:AB:96:20,-70
BLE,1705099327594825954,DF:DF:EE:00:00:04,-39
BLE,1705099327870452267,D3:F4:55:AB:96:20,-70
BLE,1705099328066587760,D3:F4:55:AB:96:20,-76
BLE,1705099328262721754,D3:F4:55:AB:96:20,-53
BLE,1705099328454098929,D3:F4:55:AB:96:20,-57
BLE,1705099328590687828,DF:DF:EE:00:00:04,-39
BLE,1705099329020610625,D3:F4:55:AB:96:20,-70
BLE,1705099329021967609,D3:F4:55:AB:96:20,-68
BLE,1705099329414360011,D3:F4:55:AB:96:20,-76
BLE,1705099329595180309,DF:DF:EE:00:00:04,-51
BLE,1705099329802006678,D3:F4:55:AB:96:20,-72
BLE,1705099330382547876,D3:F4:55:AB:96:20,-76
BLE,1705099330591961964,DF:DF:EE:00:00:04,-39
BLE,1705099330764900938,D3:F4:55:AB:96:20,-76
BLE,1705099331144969735,D3:F4:55:AB:96:20,-76
BLE,1705099331333956396,D3:F4:55:AB:96:20,-72
BLE,1705099331527809458,D3:F4:55:AB:96:20,-77
BLE,1705099332050830039,DF:DF:EE:00:00:04,-40
BLE,1705099332099537593,D3:F4:55:AB:96:20,-84
BLE,1705099332295011219,D3:F4:55:AB:96:20,-75
BLE,1705099332485288365,D3:F4:55:AB:96:20,-57
BLE,1705099333051496856,DF:DF:EE:00:00:04,-40
BLE,1705099333059576970,D3:F4:55:AB:96:20,-75
BLE,1705099333444061549,D3:F4:55:AB:96:20,-78
BLE,1705099333597761331,DF:DF:EE:00:00:04,-40
BLE,1705099333637722488,D3:F4:55:AB:96:20,-69
BLE,1705099334022959433,D3:F4:55:AB:96:20,-68
BLE,1705099334052774792,DF:DF:EE:00:00:04,-40
BLE,1705099334216254960,D3:F4:55:AB:96:20,-70
BLE,1705099334413042029,D3:F4:55:AB:96:20,-77
BLE,1705099334604259456,D3:F4:55:AB:96:20,-68
BLE,1705099334993707726,D3:F4:55:AB:96:20,-81
BLE,1705099335049336324,DF:DF:EE:00:00:04,-38
BLE,1705099335188564568,D3:F4:55:AB:96:20,-69
BLE,1705099335382191299,D3:F4:55:AB:96:20,-70
BLE,1705099335578942036,D3:F4:55:AB:96:20,-76
BLE,1705099335589737160,DF:DF:EE:00:00:04,-38
BLE,1705099335969674583,D3:F4:55:AB:96:20,-70
BLE,1705099336168076342,D3:F4:55:AB:96:20,-76
BLE,1705099336358485111,D3:F4:55:AB:96:20,-68
BLE,1705099336547191400,D3:F4:55:AB:96:20,-76
BLE,1705099336927914856,D3:F4:55:AB:96:20,-76
BLE,1705099337048195822,DF:DF:EE:00:00:04,-39
BLE,1705099337310486374,D3:F4:55:AB:96:20,-75
BLE,1705099337499069873,D3:F4:55:AB:96:20,-71
BLE,1705099337695412656,D3:F4:55:AB:96:20,-61
BLE,1705099337889106178,D3:F4:55:AB:96:20,-63
BLE,1705099338278768654,D3:F4:55:AB:96:20,-77
BLE,1705099338469662918,D3:F4:55:AB:96:20,-70
BLE,1705099338864887662,D3:F4:55:AB:96:20,-76
BLE,1705099339052290008,D3:F4:55:AB:96:20,-71
BLE,1705099339248982996,D3:F4:55:AB:96:20,-77
BLE,1705099339437475745,D3:F4:55:AB:96:20,-71
BLE,1705099339819593477,D3:F4:55:AB:96:20,-70
BLE,1705099340012251095,D3:F4:55:AB:96:20,-76
BLE,1705099340199775064,D3:F4:55:AB:96:20,-71
BLE,1705099340589745120,D3:F4:55:AB:96:20,-67
BLE,1705099340593365536,DF:DF:EE:00:00:04,-39
BLE,1705099340874062456,DF:A6:DC:DC:2E:81,-69
BLE,1705099340874097497,DF:DF:EE:00:00:01,-69
BLE,1705099340971470648,D3:F4:55:AB:96:20,-69
BLE,1705099341055335957,DF:DF:EE:00:00:04,-39
BLE,1705099341363108684,D3:F4:55:AB:96:20,-76
BLE,1705099341938255779,D3:F4:55:AB:96:20,-68
BLE,1705099342059021489,DF:DF:EE:00:00:04,-40
BLE,1705099342134905059,D3:F4:55:AB:96:20,-70
BLE,1705099342330326019,D3:F4:55:AB:96:20,-81
BLE,1705099342519073891,D3:F4:55:AB:96:20,-71
BLE,1705099342586786181,DF:DF:EE:00:00:04,-38
BLE,1705099342714378394,D3:F4:55:AB:96:20,-76
BLE,1705099342901534535,D3:F4:55:AB:96:20,-56
BLE,1705099343478811896,D3:F4:55:AB:96:20,-92
BLE,1705099343665674124,D3:F4:55:AB:96:20,-56
BLE,1705099343859289022,D3:F4:55:AB:96:20,-77
BLE,1705099344241652542,D3:F4:55:AB:96:20,-76
BLE,1705099345198496540,D3:F4:55:AB:96:20,-72
BLE,1705099345587037738,D3:F4:55:AB:96:20,-69
BLE,1705099345781685624,D3:F4:55:AB:96:20,-71
BLE,1705099345962850085,DF:A6:DC:DC:2E:81,-69
BLE,1705099345962865835,DF:DF:EE:00:00:01,-69
BLE,1705099346357470211,D3:F4:55:AB:96:20,-76
BLE,1705099346546067252,D3:F4:55:AB:96:20,-69
BLE,1705099346591464761,DF:DF:EE:00:00:04,-38
BLE,1705099346738872784,D3:F4:55:AB:96:20,-75
BLE,1705099346930598205,D3:F4:55:AB:96:20,-71
BLE,1705099347053931718,DF:DF:EE:00:00:04,-39
BLE,1705099347127376566,D3:F4:55:AB:96:20,-72
BLE,1705099347901332790,D3:F4:55:AB:96:20,-67
BLE,1705099348288241340,D3:F4:55:AB:96:20,-67
BLE,1705099348482539397,D3:F4:55:AB:96:20,-70
BLE,1705099348596256648,DF:DF:EE:00:00:04,-39
BLE,1705099348675148890,D3:F4:55:AB:96:20,-75
BLE,1705099348872099624,D3:F4:55:AB:96:20,-53
BLE,1705099349052118932,DF:DF:EE:00:00:04,-39
BLE,1705099349061217950,D3:F4:55:AB:96:20,-61
BLE,1705099349446609560,D3:F4:55:AB:96:20,-71
BLE,1705099349596750843,DF:DF:EE:00:00:04,-39
BLE,1705099349644344868,D3:F4:55:AB:96:20,-75
BLE,1705099349785103469,DF:A6:DC:DC:2E:81,-68
BLE,1705099349785138094,DF:DF:EE:00:00:01,-68
BLE,1705099349837563771,D3:F4:55:AB:96:20,-68
BLE,1705099350028590075,D3:F4:55:AB:96:20,-76
BLE,1705099350053425950,DF:DF:EE:00:00:04,-39
BLE,1705099350218118521,D3:F4:55:AB:96:20,-67
BLE,1705099350413873769,D3:F4:55:AB:96:20,-70
BLE,1705099350592946213,DF:DF:EE:00:00:04,-23
BLE,1705099350604622993,D3:F4:55:AB:96:20,-69
BLE,1705099351050222814,DF:DF:EE:00:00:04,-39
BLE,1705099351179214927,D3:F4:55:AB:96:20,-57
BLE,1705099351368148297,D3:F4:55:AB:96:20,-69
BLE,1705099351598127061,DF:DF:EE:00:00:04,-39
BLE,1705099351755265136,D3:F4:55:AB:96:20,-98
BLE,1705099352051280002,DF:DF:EE:00:00:04,-40
BLE,1705099352329628949,D3:F4:55:AB:96:20,-70
BLE,1705099352336248038,DF:A6:DC:DC:2E:81,-62
BLE,1705099352336258579,DF:DF:EE:00:00:01,-62
BLE,1705099352593248194,DF:DF:EE:00:00:04,-40
BLE,1705099352906004113,D3:F4:55:AB:96:20,-75
BLE,1705099353050745458,DF:DF:EE:00:00:04,-39
BLE,1705099353052440397,DF:DF:EE:00:00:04,-36
BLE,1705099353091812227,D3:F4:55:AB:96:20,-56
BLE,1705099353285046922,D3:F4:55:AB:96:20,-76
BLE,1705099353588077038,DF:DF:EE:00:00:04,-39
BLE,1705099353671840473,D3:F4:55:AB:96:20,-76
BLE,1705099353865547162,D3:F4:55:AB:96:20,-69
BLE,1705099354055844891,D3:F4:55:AB:96:20,-76
BLE,1705099354251351225,D3:F4:55:AB:96:20,-68
BLE,1705099354444453421,D3:F4:55:AB:96:20,-57
BLE,1705099354588138654,DF:DF:EE:00:00:04,-38
BLE,1705099354638022737,D3:F4:55:AB:96:20,-77
BLE,1705099355022024779,D3:F4:55:AB:96:20,-76
BLE,1705099355051260312,DF:DF:EE:00:00:04,-39
BLE,1705099355210703610,D3:F4:55:AB:96:20,-89
BLE,1705099355588782556,DF:DF:EE:00:00:04,-38
BLE,1705099355790700773,D3:F4:55:AB:96:20,-72
BLE,1705099355982701565,D3:F4:55:AB:96:20,-69
BLE,1705099356053749525,DF:DF:EE:00:00:04,-40
BLE,1705099356176406879,D3:F4:55:AB:96:20,-71
BLE,1705099356371487635,D3:F4:55:AB:96:20,-76
BLE,1705099356593820489,DF:DF:EE:00:00:04,-39
BLE,1705099356956949068,D3:F4:55:AB:96:20,-76
BLE,1705099357054249844,DF:DF:EE:00:00:04,-23
BLE,1705099357143825712,D3:F4:55:AB:96:20,-71
BLE,1705099357594271559,DF:DF:EE:00:00:04,-39
BLE,1705099357915832000,D3:F4:55:AB:96:20,-68
BLE,1705099358111632206,D3:F4:55:AB:96:20,-71
BLE,1705099358308455358,D3:F4:55:AB:96:20,-76
BLE,1705099358697537758,D3:F4:55:AB:96:20,-71
BLE,1705099358717055863,DF:A6:DC:DC:2E:81,-86
BLE,1705099358717068654,DF:DF:EE:00:00:01,-86
BLE,1705099359275250948,D3:F4:55:AB:96:20,-72
BLE,1705099359464191151,D3:F4:55:AB:96:20,-69
BLE,1705099359595904566,DF:DF:EE:00:00:04,-39
BLE,1705099360058350856,DF:DF:EE:00:00:04,-39
BLE,1705099360239548733,D3:F4:55:AB:96:20,-76
BLE,1705099360429218636,D3:F4:55:AB:96:20,-71
BLE,1705099360624537014,D3:F4:55:AB:96:20,-76
BLE,1705099361011822852,D3:F4:55:AB:96:20,-71
BLE,1705099361056081208,DF:DF:EE:00:00:04,-40
BLE,1705099361206822150,D3:F4:55:AB:96:20,-75
BLE,1705099361397670331,D3:F4:55:AB:96:20,-70
BLE,1705099361589050047,D3:F4:55:AB:96:20,-78
BLE,1705099361590837651,DF:DF:EE:00:00:04,-40
BLE,1705099361966571249,D3:F4:55:AB:96:20,-53
BLE,1705099362348164028,D3:F4:55:AB:96:20,-69
BLE,1705099362543313242,DF:A6:DC:DC:2E:81,-67
BLE,1705099362543351116,DF:DF:EE:00:00:01,-67
BLE,1705099362588633419,DF:DF:EE:00:00:04,-39
BLE,1705099362729197439,D3:F4:55:AB:96:20,-67
BLE,1705099363053592597,DF:DF:EE:00:00:04,-39
BLE,1705099363121105056,D3:F4:55:AB:96:20,-76
BLE,1705099363307296416,D3:F4:55:AB:96:20,-71
BLE,1705099363502367589,D3:F4:55:AB:96:20,-76
BLE,1705099363693873387,D3:F4:55:AB:96:20,-71
BLE,1705099364057102798,DF:DF:EE:00:00:04,-38
BLE,1705099364470924991,D3:F4:55:AB:96:20,-76
BLE,1705099364659541406,D3:F4:55:AB:96:20,-70
BLE,1705099364852076942,D3:F4:55:AB:96:20,-73
BLE,1705099365055867221,DF:DF:EE:00:00:04,-39
BLE,1705099365591547153,DF:DF:EE:00:00:04,-39
BLE,1705099365593040719,DF:DF:EE:00:00:04,-40
BLE,1705099366018794939,D3:F4:55:AB:96:20,-67
BLE,1705099366586686077,D3:F4:55:AB:96:20,-76
BLE,1705099366591069359,DF:DF:EE:00:00:04,-39
BLE,1705099366773360890,D3:F4:55:AB:96:20,-71
BLE,1705099367059341290,DF:DF:EE:00:00:04,-39
BLE,1705099367161015140,D3:F4:55:AB:96:20,-53
BLE,1705099367545342137,D3:F4:55:AB:96:20,-67
BLE,1705099367591589887,DF:DF:EE:00:00:04,-38
BLE,1705099368117642724,D3:F4:55:AB:96:20,-77
BLE,1705099368594636635,DF:DF:EE:00:00:04,-38
BLE,1705099368684995077,D3:F4:55:AB:96:20,-72
BLE,1705099368878793764,D3:F4:55:AB:96:20,-77
BLE,1705099368910850555,DF:A6:DC:DC:2E:81,-67
BLE,1705099368910861639,DF:DF:EE:00:00:01,-67
BLE,1705099369058742114,DF:DF:EE:00:00:04,-39
BLE,1705099369071007262,D3:F4:55:AB:96:20,-70
BLE,1705099369464868398,D3:F4:55:AB:96:20,-77
BLE,1705099369596235150,DF:DF:EE:00:00:04,-39
BLE,1705099370039265293,D3:F4:55:AB:96:20,-70
BLE,1705099370799806091,D3:F4:55:AB:96:20,-70
BLE,1705099370993430905,D3:F4:55:AB:96:20,-77
BLE,1705099371049868744,DF:DF:EE:00:00:04,-22
BLE,1705099371568911371,D3:F4:55:AB:96:20,-71
BLE,1705099371587065700,DF:DF:EE:00:00:04,-40
BLE,1705099371759571929,D3:F4:55:AB:96:20,-76
BLE,1705099371947052983,D3:F4:55:AB:96:20,-71
BLE,1705099372146221691,D3:F4:55:AB:96:20,-60
BLE,1705099372533641860,D3:F4:55:AB:96:20,-89
BLE,1705099372592449546,DF:DF:EE:00:00:04,-41
BLE,1705099373054027097,DF:DF:EE:00:00:04,-22
BLE,1705099373312389570,D3:F4:55:AB:96:20,-76
BLE,1705099373699164871,D3:F4:55:AB:96:20,-76
BLE,1705099373886789381,D3:F4:55:AB:96:20,-70
BLE,1705099374004280755,DF:A6:DC:DC:2E:81,-57
BLE,1705099374004302713,DF:DF:EE:00:00:01,-57
BLE,1705099374054380668,DF:DF:EE:00:00:04,-51
BLE,1705099374463118796,D3:F4:55:AB:96:20,-76
BLE,1705099374595677493,DF:DF:EE:00:00:04,-40
BLE,1705099374842316186,D3:F4:55:AB:96:20,-61
BLE,1705099375050506330,DF:DF:EE:00:00:04,-38
BLE,1705099375232386075,D3:F4:55:AB:96:20,-71
BLE,1705099375278507034,DF:A6:DC:DC:2E:81,-70
BLE,1705099375278551242,DF:DF:EE:00:00:01,-70
BLE,1705099375426417593,D3:F4:55:AB:96:20,-76
BLE,1705099375593690341,DF:DF:EE:00:00:04,-38
BLE,1705099375622219466,D3:F4:55:AB:96:20,-67
BLE,1705099375814624836,D3:F4:55:AB:96:20,-61
BLE,1705099376057468866,DF:DF:EE:00:00:04,-41
BLE,1705099376582379133,D3:F4:55:AB:96:20,-70
BLE,1705099376585370139,DF:DF:EE:00:00:04,-40
BLE,1705099377346054519,D3:F4:55:AB:96:20,-71
BLE,1705099377728581912,D3:F4:55:AB:96:20,-70
BLE,1705099377824399123,DF:A6:DC:DC:2E:81,-68
BLE,1705099377824428914,DF:DF:EE:00:00:01,-68
BLE,1705099377919542841,D3:F4:55:AB:96:20,-68
BLE,1705099378055834620,DF:DF:EE:00:00:04,-39
BLE,1705099378595871459,DF:DF:EE:00:00:04,-39
BLE,1705099378692751241,D3:F4:55:AB:96:20,-76
BLE,1705099378884931197,D3:F4:55:AB:96:20,-69
BLE,1705099379048487614,DF:DF:EE:00:00:04,-40
BLE,1705099379263668052,D3:F4:55:AB:96:20,-70
BLE,1705099379456020631,D3:F4:55:AB:96:20,-94
BLE,1705099379591338296,DF:DF:EE:00:00:04,-22
BLE,1705099379839416348,D3:F4:55:AB:96:20,-76
BLE,1705099380032501461,D3:F4:55:AB:96:20,-68
BLE,1705099380047861781,DF:DF:EE:00:00:04,-40
BLE,1705099380223849885,D3:F4:55:AB:96:20,-75
BLE,1705099380610099193,D3:F4:55:AB:96:20,-71
BLE,1705099380989296084,D3:F4:55:AB:96:20,-77
BLE,1705099381056562879,DF:DF:EE:00:00:04,-41
BLE,1705099381186526231,D3:F4:55:AB:96:20,-75
BLE,1705099381568398132,D3:F4:55:AB:96:20,-78
BLE,1705099381593605212,DF:DF:EE:00:00:04,-40
BLE,1705099381764878622,D3:F4:55:AB:96:20,-68
BLE,1705099381955550305,D3:F4:55:AB:96:20,-76
BLE,1705099382143866598,D3:F4:55:AB:96:20,-56
BLE,1705099382531220643,D3:F4:55:AB:96:20,-69
BLE,1705099382588810677,DF:DF:EE:00:00:04,-39
BLE,1705099382914801358,D3:F4:55:AB:96:20,-68
BLE,1705099383055036840,DF:DF:EE:00:00:04,-40
BLE,1705099383296106015,D3:F4:55:AB:96:20,-67
BLE,1705099383485487046,D3:F4:55:AB:96:20,-76
BLE,1705099383589716742,DF:DF:EE:00:00:04,-39
BLE,1705099383676440184,D3:F4:55:AB:96:20,-68
BLE,1705099384058404542,D3:F4:55:AB:96:20,-68
BLE,1705099384191118779,DF:A6:DC:DC:2E:81,-67
BLE,1705099384191195153,DF:DF:EE:00:00:01,-67
BLE,1705099384442541583,D3:F4:55:AB:96:20,-69
BLE,1705099384633886217,D3:F4:55:AB:96:20,-76
BLE,1705099385596266108,DF:DF:EE:00:00:04,-40
BLE,1705099385785760388,D3:F4:55:AB:96:20,-69
BLE,1705099385981526927,D3:F4:55:AB:96:20,-76
BLE,1705099386175019869,D3:F4:55:AB:96:20,-53
BLE,1705099386937324729,D3:F4:55:AB:96:20,-70
BLE,1705099387511599959,D3:F4:55:AB:96:20,-76
BLE,1705099387588650056,DF:DF:EE:00:00:04,-33
BLE,1705099387702405890,D3:F4:55:AB:96:20,-72
BLE,1705099387893958729,D3:F4:55:AB:96:20,-61
BLE,1705099388082650769,D3:F4:55:AB:96:20,-70
BLE,1705099388476178450,D3:F4:55:AB:96:20,-78
BLE,1705099388859320836,D3:F4:55:AB:96:20,-76
BLE,1705099389048836490,D3:F4:55:AB:96:20,-86
BLE,1705099389246777463,D3:F4:55:AB:96:20,-61
BLE,1705099389440057198,D3:F4:55:AB:96:20,-53
BLE,1705099389589063453,DF:DF:EE:00:00:04,-38
BLE,1705099389816022210,D3:F4:55:AB:96:20,-70
BLE,1705099390055439738,DF:DF:EE:00:00:04,-40
BLE,1705099390397648021,D3:F4:55:AB:96:20,-70
BLE,1705099390587730002,DF:DF:EE:00:00:04,-39
BLE,1705099390593528184,D3:F4:55:AB:96:20,-76
BLE,1705099390781512190,D3:F4:55:AB:96:20,-70
BLE,1705099391364170905,D3:F4:55:AB:96:20,-56
BLE,1705099391563325322,D3:F4:55:AB:96:20,-76
BLE,1705099391825148963,DF:A6:DC:DC:2E:81,-71
BLE,1705099391825186087,DF:DF:EE:00:00:01,-71
BLE,1705099391949448673,D3:F4:55:AB:96:20,-56
BLE,1705099392147160232,D3:F4:55:AB:96:20,-76
BLE,1705099392335189154,D3:F4:55:AB:96:20,-57
BLE,1705099392594890903,DF:DF:EE:00:00:04,-39
BLE,1705099392913550252,D3:F4:55:AB:96:20,-76
BLE,1705099393053889733,DF:DF:EE:00:00:04,-28
BLE,1705099393097372599,DF:A6:DC:DC:2E:81,-68
BLE,1705099393097408640,DF:DF:EE:00:00:01,-68
BLE,1705099393098937247,D3:F4:55:AB:96:20,-71
BLE,1705099393296598265,D3:F4:55:AB:96:20,-76
BLE,1705099393586798739,DF:DF:EE:00:00:04,-40
BLE,1705099394255143284,D3:F4:55:AB:96:20,-53
BLE,1705099395029676668,D3:F4:55:AB:96:20,-77
BLE,1705099395051440371,DF:DF:EE:00:00:04,-40
BLE,1705099395601740549,D3:F4:55:AB:96:20,-68
BLE,1705099395791065456,D3:F4:55:AB:96:20,-76
BLE,1705099395979467498,D3:F4:55:AB:96:20,-56
BLE,1705099396756957639,D3:F4:55:AB:96:20,-77
BLE,1705099396950175917,D3:F4:55:AB:96:20,-70
BLE,1705099397050741697,DF:DF:EE:00:00:04,-35
BLE,1705099397142038211,D3:F4:55:AB:96:20,-76
BLE,1705099397527273864,D3:F4:55:AB:96:20,-76
BLE,1705099398054763725,DF:DF:EE:00:00:04,-39
BLE,1705099398588199226,DF:DF:EE:00:00:04,-39
BLE,1705099398678689415,D3:F4:55:AB:96:20,-71
BLE,1705099398877015800,D3:F4:55:AB:96:20,-77
BLE,1705099399051588505,DF:DF:EE:00:00:04,-34
BLE,1705099399073578289,D3:F4:55:AB:96:20,-76
BLE,1705099399835146908,D3:F4:55:AB:96:20,-68
BLE,1705099400050352261,DF:DF:EE:00:00:04,-39
BLE,1705099400221651338,D3:F4:55:AB:96:20,-61
BLE,1705099400412360770,D3:F4:55:AB:96:20,-71
BLE,1705099400589380738,DF:DF:EE:00:00:04,-39
BLE,1705099400728618190,DF:A6:DC:DC:2E:81,-69
BLE,1705099400728648814,DF:DF:EE:00:00:01,-69
BLE,1705099400806148781,D3:F4:55:AB:96:20,-76
BLE,1705099400998227864,D3:F4:55:AB:96:20,-70
BLE,1705099401057635585,DF:DF:EE:00:00:04,-40
BLE,1705099401191482433,D3:F4:55:AB:96:20,-76
BLE,1705099401379132610,D3:F4:55:AB:96:20,-70
BLE,1705099401574908774,D3:F4:55:AB:96:20,-76
BLE,1705099401589983806,DF:DF:EE:00:00:04,-46
BLE,1705099401760069272,D3:F4:55:AB:96:20,-71
BLE,1705099401959299021,D3:F4:55:AB:96:20,-81
BLE,1705099402048198563,DF:DF:EE:00:00:04,-40
BLE,1705099402586902251,DF:DF:EE:00:00:04,-39
BLE,1705099402723525025,D3:F4:55:AB:96:20,-77
BLE,1705099402911198202,D3:F4:55:AB:96:20,-70
BLE,1705099403050480028,DF:DF:EE:00:00:04,-39
BLE,1705099403489295720,D3:F4:55:AB:96:20,-76
BLE,1705099403591711687,DF:DF:EE:00:00:04,-39
BLE,1705099404047253850,DF:DF:EE:00:00:04,-51
BLE,1705099404253225686,D3:F4:55:AB:96:20,-76
BLE,1705099404645024221,D3:F4:55:AB:96:20,-71
BLE,1705099404838836825,D3:F4:55:AB:96:20,-77
BLE,1705099405052620737,DF:DF:EE:00:00:04,-39
BLE,1705099405225706876,D3:F4:55:AB:96:20,-71
BLE,1705099405592788700,DF:DF:EE:00:00:04,-44
BLE,1705099405791886326,D3:F4:55:AB:96:20,-70
BLE,1705099406560449446,D3:F4:55:AB:96:20,-68
BLE,1705099406750829132,D3:F4:55:AB:96:20,-76
BLE,1705099406937608111,D3:F4:55:AB:96:20,-71
BLE,1705099407097006910,DF:A6:DC:DC:2E:81,-70
BLE,1705099407097040493,DF:DF:EE:00:00:01,-70
BLE,1705099407134664594,D3:F4:55:AB:96:20,-76
BLE,1705099407328406990,D3:F4:55:AB:96:20,-69
BLE,1705099407523064293,D3:F4:55:AB:96:20,-72
BLE,1705099407594594830,DF:DF:EE:00:00:04,-39
BLE,1705099407718252090,D3:F4:55:AB:96:20,-76
BLE,1705099408052903294,DF:DF:EE:00:00:04,-39
BLE,1705099408591845979,DF:DF:EE:00:00:04,-56
BLE,1705099408869209813,D3:F4:55:AB:96:20,-56
BLE,1705099409052364459,DF:DF:EE:00:00:04,-51
BLE,1705099409061534727,D3:F4:55:AB:96:20,-69
BLE,1705099409255287998,D3:F4:55:AB:96:20,-71
BLE,1705099409645973129,DF:A6:DC:DC:2E:81,-72
BLE,1705099409646006087,DF:DF:EE:00:00:01,-72
BLE,1705099410018006520,D3:F4:55:AB:96:20,-71
BLE,1705099410048454455,DF:DF:EE:00:00:04,-37
BLE,1705099410216434904,D3:F4:55:AB:96:20,-77
BLE,1705099410589805904,DF:DF:EE:00:00:04,-37
BLE,1705099410791907411,D3:F4:55:AB:96:20,-53
BLE,1705099410918009351,DF:A6:DC:DC:2E:81,-69
BLE,1705099410918043767,DF:DF:EE:00:00:01,-69
BLE,1705099410981338900,D3:F4:55:AB:96:20,-61
BLE,1705099411054575917,DF:DF:EE:00:00:04,-38
BLE,1705099411174400305,D3:F4:55:AB:96:20,-68
BLE,1705099411365312818,D3:F4:55:AB:96:20,-61
BLE,1705099411554330896,D3:F4:55:AB:96:20,-68
BLE,1705099411588785575,DF:DF:EE:00:00:04,-40
BLE,1705099411745750569,D3:F4:55:AB:96:20,-77
BLE,1705099411933964323,D3:F4:55:AB:96:20,-71
BLE,1705099412045558224,DF:DF:EE:00:00:04,-38
BLE,1705099412124606547,D3:F4:55:AB:96:20,-76
BLE,1705099412312058810,D3:F4:55:AB:96:20,-70
BLE,1705099412507659934,D3:F4:55:AB:96:20,-76
BLE,1705099412703371975,D3:F4:55:AB:96:20,-67
BLE,1705099413087286268,D3:F4:55:AB:96:20,-67
BLE,1705099413277394583,D3:F4:55:AB:96:20,-75
BLE,1705099413591792399,DF:DF:EE:00:00:04,-40
BLE,1705099413659562814,D3:F4:55:AB:96:20,-76
BLE,1705099413846074545,D3:F4:55:AB:96:20,-71
BLE,1705099414038372500,D3:F4:55:AB:96:20,-76
BLE,1705099414050217612,DF:DF:EE:00:00:04,-38
BLE,1705099414051694886,DF:DF:EE:00:00:04,-39
BLE,1705099414424926180,D3:F4:55:AB:96:20,-76
BLE,1705099414585805170,DF:DF:EE:00:00:04,-51
BLE,1705099414622249410,D3:F4:55:AB:96:20,-75
BLE,1705099414809073054,D3:F4:55:AB:96:20,-70
BLE,1705099415191902652,D3:F4:55:AB:96:20,-72
BLE,1705099415961585718,D3:F4:55:AB:96:20,-70
BLE,1705099416591436547,DF:DF:EE:00:00:04,-38
BLE,1705099416920747397,D3:F4:55:AB:96:20,-61
BLE,1705099417046098428,DF:DF:EE:00:00:04,-39
BLE,1705099417116350647,D3:F4:55:AB:96:20,-67
BLE,1705099417307293785,D3:F4:55:AB:96:20,-72
BLE,1705099417507071486,D3:F4:55:AB:96:20,-76
BLE,1705099417592944188,DF:DF:EE:00:00:04,-39
BLE,1705099417887279489,D3:F4:55:AB:96:20,-76
BLE,1705099418050971030,DF:DF:EE:00:00:04,-38
BLE,1705099418075102664,D3:F4:55:AB:96:20,-70
BLE,1705099418569330998,DF:A6:DC:DC:2E:81,-68
BLE,1705099418569377581,DF:DF:EE:00:00:01,-68
BLE,1705099418590991661,DF:DF:EE:00:00:04,-38
BLE,1705099418657216094,D3:F4:55:AB:96:20,-70
BLE,1705099418850009876,D3:F4:55:AB:96:20,-68
BLE,1705099419038963579,D3:F4:55:AB:96:20,-71
BLE,1705099419049041586,DF:DF:EE:00:00:04,-51
BLE,1705099419583883028,DF:DF:EE:00:00:04,-38
BLE,1705099419621552629,D3:F4:55:AB:96:20,-61
BLE,1705099419838745209,DF:A6:DC:DC:2E:81,-72
BLE,1705099419838779917,DF:DF:EE:00:00:01,-72
BLE,1705099420008088308,D3:F4:55:AB:96:20,-71
BLE,1705099420049166994,DF:DF:EE:00:00:04,-40
BLE,1705099420207240017,D3:F4:55:AB:96:20,-76
BLE,1705099420393530584,D3:F4:55:AB:96:20,-70
BLE,1705099420589967032,D3:F4:55:AB:96:20,-77
BLE,1705099420591578930,DF:DF:EE:00:00:04,-55
BLE,1705099420779513603,D3:F4:55:AB:96:20,-67
BLE,1705099421046217229,DF:DF:EE:00:00:04,-39
BLE,1705099421162532241,D3:F4:55:AB:96:20,-69
BLE,1705099421351993021,D3:F4:55:AB:96:20,-77
BLE,1705099421938552566,D3:F4:55:AB:96:20,-76
BLE,1705099422051076831,DF:DF:EE:00:00:04,-40
BLE,1705099422131819760,D3:F4:55:AB:96:20,-69
BLE,1705099422322888104,D3:F4:55:AB:96:20,-76
BLE,1705099422519670924,D3:F4:55:AB:96:20,-76
BLE,1705099423050529746,DF:DF:EE:00:00:04,-38
BLE,1705099423052118310,DF:DF:EE:00:00:04,-39
BLE,1705099423101714479,D3:F4:55:AB:96:20,-68
BLE,1705099423480991536,D3:F4:55:AB:96:20,-63
BLE,1705099423590397712,DF:DF:EE:00:00:04,-38
BLE,1705099423652606983,DF:A6:DC:DC:2E:81,-69
BLE,1705099423652622150,DF:DF:EE:00:00:01,-69
BLE,1705099423669959238,D3:F4:55:AB:96:20,-76
BLE,1705099423856113349,D3:F4:55:AB:96:20,-70
BLE,1705099424050932942,D3:F4:55:AB:96:20,-77
BLE,1705099424239675605,D3:F4:55:AB:96:20,-70
BLE,1705099424433029423,D3:F4:55:AB:96:20,-76
BLE,1705099424620478644,D3:F4:55:AB:96:20,-72
BLE,1705099425052920702,DF:DF:EE:00:00:04,-39
BLE,1705099425205441457,D3:F4:55:AB:96:20,-70
BLE,1705099425404503791,D3:F4:55:AB:96:20,-61
BLE,1705099426171928758,D3:F4:55:AB:96:20,-87
BLE,1705099426199732058,DF:A6:DC:DC:2E:81,-69
BLE,1705099426199758349,DF:DF:EE:00:00:01,-69
BLE,1705099426554581358,D3:F4:55:AB:96:20,-90
BLE,1705099426937392498,D3:F4:55:AB:96:20,-70
BLE,1705099427319626187,D3:F4:55:AB:96:20,-71
BLE,1705099427476816637,DF:A6:DC:DC:2E:81,-69
BLE,1705099427476832761,DF:DF:EE:00:00:01,-69
BLE,1705099427509593878,D3:F4:55:AB:96:20,-68
BLE,1705099427589227278,DF:DF:EE:00:00:04,-39
BLE,1705099427896995214,D3:F4:55:AB:96:20,-76
BLE,1705099428048624562,DF:DF:EE:00:00:04,-38
BLE,1705099428089058797,D3:F4:55:AB:96:20,-71
BLE,1705099429049950622,DF:DF:EE:00:00:04,-40
BLE,1705099429055400475,D3:F4:55:AB:96:20,-70
BLE,1705099429250596021,D3:F4:55:AB:96:20,-76
BLE,1705099429445354240,D3:F4:55:AB:96:20,-69
BLE,1705099429635296056,D3:F4:55:AB:96:20,-75
BLE,1705099430020187296,DF:A6:DC:DC:2E:81,-69
BLE,1705099430020239254,DF:DF:EE:00:00:01,-69
BLE,1705099430045589415,DF:DF:EE:00:00:04,-36
BLE,1705099430214854057,D3:F4:55:AB:96:20,-71
BLE,1705099430406058525,D3:F4:55:AB:96:20,-71
BLE,1705099430801301395,D3:F4:55:AB:96:20,-77
BLE,1705099431564986864,D3:F4:55:AB:96:20,-99
BLE,1705099431588858876,DF:DF:EE:00:00:04,-40
BLE,1705099431949034156,D3:F4:55:AB:96:20,-76
BLE,1705099432048315285,DF:DF:EE:00:00:04,-38
BLE,1705099432337983266,D3:F4:55:AB:96:20,-57
BLE,1705099432527053009,D3:F4:55:AB:96:20,-69
BLE,1705099432566132593,DF:A6:DC:DC:2E:81,-70
BLE,1705099432566143843,DF:DF:EE:00:00:01,-70
BLE,1705099432723160961,D3:F4:55:AB:96:20,-71
BLE,1705099432919577452,D3:F4:55:AB:96:20,-76
BLE,1705099433051105869,DF:DF:EE:00:00:04,-40
BLE,1705099433106294014,D3:F4:55:AB:96:20,-71
BLE,1705099433303163749,D3:F4:55:AB:96:20,-76
BLE,1705099433493155398,D3:F4:55:AB:96:20,-68
BLE,1705099433594675459,DF:DF:EE:00:00:04,-40
BLE,1705099433874968800,D3:F4:55:AB:96:20,-67
BLE,1705099434063670006,D3:F4:55:AB:96:20,-76
BLE,1705099434254573977,D3:F4:55:AB:96:20,-71
BLE,1705099434446545561,D3:F4:55:AB:96:20,-77
BLE,1705099434636799166,D3:F4:55:AB:96:20,-71
BLE,1705099435017386415,D3:F4:55:AB:96:20,-71
BLE,1705099435215106349,D3:F4:55:AB:96:20,-76
BLE,1705099435407116099,D3:F4:55:AB:96:20,-68
BLE,1705099435588487474,DF:DF:EE:00:00:04,-39
BLE,1705099435600037005,D3:F4:55:AB:96:20,-70
BLE,1705099435795024179,D3:F4:55:AB:96:20,-60
BLE,1705099435983265432,D3:F4:55:AB:96:20,-75
BLE,1705099436052441996,DF:DF:EE:00:00:04,-39
BLE,1705099436387251032,DF:A6:DC:DC:2E:81,-79
BLE,1705099436387289990,DF:DF:EE:00:00:01,-79
BLE,1705099436559416973,D3:F4:55:AB:96:20,-76
BLE,1705099436754465605,D3:F4:55:AB:96:20,-68
BLE,1705099437056063280,DF:DF:EE:00:00:04,-40
BLE,1705099437137691532,D3:F4:55:AB:96:20,-53
BLE,1705099437330624521,D3:F4:55:AB:96:20,-76
BLE,1705099437523844049,D3:F4:55:AB:96:20,-68
BLE,1705099437591123844,DF:DF:EE:00:00:04,-39
BLE,1705099437660206826,DF:A6:DC:DC:2E:81,-71
BLE,1705099437660256534,DF:DF:EE:00:00:01,-71
BLE,1705099437911296343,D3:F4:55:AB:96:20,-77
BLE,1705099438050291548,DF:DF:EE:00:00:04,-40
BLE,1705099438590315679,DF:DF:EE:00:00:04,-41
BLE,1705099438932459212,DF:A6:DC:DC:2E:81,-69
BLE,1705099438932493837,DF:DF:EE:00:00:01,-69
BLE,1705099439065322780,D3:F4:55:AB:96:20,-70
BLE,1705099439262092558,D3:F4:55:AB:96:20,-61
BLE,1705099439447545636,D3:F4:55:AB:96:20,-70
BLE,1705099439593354886,DF:DF:EE:00:00:04,-22
BLE,1705099439647613375,D3:F4:55:AB:96:20,-76
BLE,1705099439841662268,D3:F4:55:AB:96:20,-67
BLE,1705099440417323023,D3:F4:55:AB:96:20,-71
BLE,1705099440589972917,DF:DF:EE:00:00:04,-39
BLE,1705099441045007419,DF:DF:EE:00:00:04,-38
BLE,1705099441585259340,DF:DF:EE:00:00:04,-24
BLE,1705099441959674286,D3:F4:55:AB:96:20,-76
BLE,1705099442053675643,DF:DF:EE:00:00:04,-57
BLE,1705099442345327893,D3:F4:55:AB:96:20,-76
BLE,1705099442531327047,D3:F4:55:AB:96:20,-72
BLE,1705099442593842773,DF:DF:EE:00:00:04,-57
BLE,1705099442727327417,D3:F4:55:AB:96:20,-76
BLE,1705099442912531331,D3:F4:55:AB:96:20,-71
BLE,1705099443047023588,DF:DF:EE:00:00:04,-38
BLE,1705099443105860316,D3:F4:55:AB:96:20,-67
BLE,1705099443590218516,DF:DF:EE:00:00:04,-39
BLE,1705099443673054170,D3:F4:55:AB:96:20,-76
BLE,1705099444056151182,D3:F4:55:AB:96:20,-76
BLE,1705099444625610552,D3:F4:55:AB:96:20,-70
BLE,1705099444820760349,D3:F4:55:AB:96:20,-78
BLE,1705099445201542929,D3:F4:55:AB:96:20,-75
BLE,1705099445591185697,D3:F4:55:AB:96:20,-57
BLE,1705099446551300365,D3:F4:55:AB:96:20,-76
BLE,1705099446587756938,DF:DF:EE:00:00:04,-39
BLE,1705099446738506922,D3:F4:55:AB:96:20,-71
BLE,1705099446932887978,D3:F4:55:AB:96:20,-74
BLE,1705099447052201705,DF:DF:EE:00:00:04,-50
BLE,1705099447312004869,D3:F4:55:AB:96:20,-67
BLE,1705099447501130903,D3:F4:55:AB:96:20,-76
BLE,1705099447698778588,D3:F4:55:AB:96:20,-76
BLE,1705099447863990944,DF:A6:DC:DC:2E:81,-67
BLE,1705099447864028818,DF:DF:EE:00:00:01,-67
BLE,1705099447888880944,D3:F4:55:AB:96:20,-70
BLE,1705099448053679471,DF:DF:EE:00:00:04,-39
BLE,1705099448085046604,D3:F4:55:AB:96:20,-76
BLE,1705099448282087170,D3:F4:55:AB:96:20,-77
BLE,1705099448469600432,D3:F4:55:AB:96:20,-70
BLE,1705099448591584627,DF:DF:EE:00:00:04,-39
BLE,1705099448666813996,D3:F4:55:AB:96:20,-61
BLE,1705099449052749933,DF:DF:EE:00:00:04,-39
BLE,1705099449055898271,D3:F4:55:AB:96:20,-71
BLE,1705099449253932951,D3:F4:55:AB:96:20,-76
BLE,1705099449584363996,DF:DF:EE:00:00:04,-39
BLE,1705099450018436410,D3:F4:55:AB:96:20,-77
BLE,1705099450405345169,D3:F4:55:AB:96:20,-71
BLE,1705099450592703015,DF:DF:EE:00:00:04,-38
BLE,1705099450783816151,D3:F4:55:AB:96:20,-76
BLE,1705099450979710231,D3:F4:55:AB:96:20,-69
BLE,1705099451048540341,DF:DF:EE:00:00:04,-39
BLE,1705099451172352599,D3:F4:55:AB:96:20,-71
BLE,1705099451369871535,D3:F4:55:AB:96:20,-76
BLE,1705099451560989296,D3:F4:55:AB:96:20,-53
BLE,1705099451592748549,DF:DF:EE:00:00:04,-40
BLE,1705099452139239479,D3:F4:55:AB:96:20,-70
BLE,1705099452521135130,D3:F4:55:AB:96:20,-72
BLE,1705099452587426103,DF:DF:EE:00:00:04,-36
BLE,1705099452906899777,D3:F4:55:AB:96:20,-71
BLE,1705099452957637849,DF:A6:DC:DC:2E:81,-72
BLE,1705099452957690557,DF:DF:EE:00:00:01,-72
BLE,1705099453297567783,D3:F4:55:AB:96:20,-69
BLE,1705099453589008702,DF:DF:EE:00:00:04,-38
BLE,1705099454057617545,D3:F4:55:AB:96:20,-68
BLE,1705099454253103255,D3:F4:55:AB:96:20,-71
BLE,1705099454442373579,D3:F4:55:AB:96:20,-53
BLE,1705099454590221471,DF:DF:EE:00:00:04,-38
BLE,1705099455022112203,D3:F4:55:AB:96:20,-70
BLE,1705099455050408538,DF:DF:EE:00:00:04,-39
BLE,1705099455401641006,D3:F4:55:AB:96:20,-70
BLE,1705099455498945866,DF:A6:DC:DC:2E:81,-73
BLE,1705099455498964616,DF:DF:EE:00:00:01,-73
BLE,1705099455583038631,DF:DF:EE:00:00:04,-38
BLE,1705099455599998099,D3:F4:55:AB:96:20,-75
BLE,1705099455983294608,D3:F4:55:AB:96:20,-76
BLE,1705099456048787258,DF:DF:EE:00:00:04,-39
BLE,1705099456363372530,D3:F4:55:AB:96:20,-75
BLE,1705099456551538117,D3:F4:55:AB:96:20,-72
BLE,1705099456589481923,DF:DF:EE:00:00:04,-40
BLE,1705099456774273591,DF:A6:DC:DC:2E:81,-68
BLE,1705099456774285924,DF:DF:EE:00:00:01,-68
BLE,1705099456934104510,D3:F4:55:AB:96:20,-70
BLE,1705099457045644370,DF:DF:EE:00:00:04,-39
BLE,1705099457312773324,D3:F4:55:AB:96:20,-70
BLE,1705099457511779492,D3:F4:55:AB:96:20,-61
BLE,1705099457592842084,DF:DF:EE:00:00:04,-39
BLE,1705099458480145021,D3:F4:55:AB:96:20,-77
BLE,1705099458590067192,DF:DF:EE:00:00:04,-39
BLE,1705099458673536172,D3:F4:55:AB:96:20,-53
BLE,1705099459053288890,D3:F4:55:AB:96:20,-68
BLE,1705099459247702904,D3:F4:55:AB:96:20,-71
BLE,1705099459444191560,D3:F4:55:AB:96:20,-77
BLE,1705099459630402337,D3:F4:55:AB:96:20,-70
BLE,1705099460015715780,D3:F4:55:AB:96:20,-70
BLE,1705099460212296811,D3:F4:55:AB:96:20,-76
BLE,1705099460402938702,D3:F4:55:AB:96:20,-68
BLE,1705099460585623437,DF:DF:EE:00:00:04,-39
BLE,1705099460597837877,DF:A6:DC:DC:2E:81,-68
BLE,1705099460597849002,DF:DF:EE:00:00:01,-68
BLE,1705099460790551827,D3:F4:55:AB:96:20,-69
BLE,1705099460980137106,D3:F4:55:AB:96:20,-70
BLE,1705099461050670030,DF:DF:EE:00:00:04,-38
BLE,1705099461172870598,D3:F4:55:AB:96:20,-69
BLE,1705099461556164941,D3:F4:55:AB:96:20,-68
BLE,1705099461587757612,DF:DF:EE:00:00:04,-38
BLE,1705099461745496972,D3:F4:55:AB:96:20,-70
BLE,1705099461940399730,D3:F4:55:AB:96:20,-75
BLE,1705099462053832568,DF:DF:EE:00:00:04,-40
BLE,1705099462128785773,D3:F4:55:AB:96:20,-70
BLE,1705099462325485885,D3:F4:55:AB:96:20,-76
BLE,1705099462520381519,D3:F4:55:AB:96:20,-68
BLE,1705099462586474661,DF:DF:EE:00:00:04,-39
BLE,1705099462709299847,D3:F4:55:AB:96:20,-78
BLE,1705099463047288345,DF:DF:EE:00:00:04,-40
BLE,1705099463097625964,D3:F4:55:AB:96:20,-56
BLE,1705099463293202547,D3:F4:55:AB:96:20,-75
BLE,1705099463585288250,DF:DF:EE:00:00:04,-40
BLE,1705099463863784071,D3:F4:55:AB:96:20,-70
BLE,1705099464045223487,DF:DF:EE:00:00:04,-39
BLE,1705099464055032997,D3:F4:55:AB:96:20,-76
BLE,1705099464591557252,DF:DF:EE:00:00:04,-39
BLE,1705099464622028895,D3:F4:55:AB:96:20,-76
BLE,1705099464813148906,D3:F4:55:AB:96:20,-68
BLE,1705099465045598849,DF:DF:EE:00:00:04,-39
BLE,1705099465390480350,D3:F4:55:AB:96:20,-70
BLE,1705099465589671767,D3:F4:55:AB:96:20,-81
BLE,1705099465691565823,DF:A6:DC:DC:2E:81,-72
BLE,1705099465691606906,DF:DF:EE:00:00:01,-72
BLE,1705099466171246328,D3:F4:55:AB:96:20,-77
BLE,1705099466358166930,D3:F4:55:AB:96:20,-70
BLE,1705099466549533354,D3:F4:55:AB:96:20,-54
BLE,1705099466740135746,D3:F4:55:AB:96:20,-70
BLE,1705099466937534933,D3:F4:55:AB:96:20,-76
BLE,1705099466965833227,DF:A6:DC:DC:2E:81,-66
BLE,1705099466965843477,DF:DF:EE:00:00:01,-66
BLE,1705099467132786021,D3:F4:55:AB:96:20,-68
BLE,1705099467321915638,D3:F4:55:AB:96:20,-77
BLE,1705099467508334246,D3:F4:55:AB:96:20,-86
BLE,1705099467583797486,DF:DF:EE:00:00:04,-39
BLE,1705099467700720117,D3:F4:55:AB:96:20,-76
BLE,1705099468051596797,DF:DF:EE:00:00:04,-39
BLE,1705099468087429919,D3:F4:55:AB:96:20,-76
BLE,1705099468470730053,D3:F4:55:AB:96:20,-76
BLE,1705099468589055459,DF:DF:EE:00:00:04,-38
BLE,1705099468656069674,D3:F4:55:AB:96:20,-90
BLE,1705099469043673007,D3:F4:55:AB:96:20,-68
BLE,1705099469051105629,DF:DF:EE:00:00:04,-40
BLE,1705099469235351262,D3:F4:55:AB:96:20,-76
BLE,1705099469421932867,D3:F4:55:AB:96:20,-56
BLE,1705099469588854912,DF:DF:EE:00:00:04,-39
BLE,1705099469812776580,D3:F4:55:AB:96:20,-68
BLE,1705099470004481459,D3:F4:55:AB:96:20,-72
BLE,1705099470045710684,DF:DF:EE:00:00:04,-40
BLE,1705099470390755975,D3:F4:55:AB:96:20,-70
BLE,1705099470785798471,D3:F4:55:AB:96:20,-76
BLE,1705099470791049410,DF:A6:DC:DC:2E:81,-54
BLE,1705099470791060493,DF:DF:EE:00:00:01,-54
BLE,1705099471363236914,D3:F4:55:AB:96:20,-69
BLE,1705099471592964764,DF:DF:EE:00:00:04,-39
BLE,1705099471743423002,D3:F4:55:AB:96:20,-68
BLE,1705099471932955573,D3:F4:55:AB:96:20,-76
BLE,1705099472062458139,DF:A6:DC:DC:2E:81,-57
BLE,1705099472062517721,DF:DF:EE:00:00:01,-57
BLE,1705099472127365837,D3:F4:55:AB:96:20,-69
BLE,1705099472511710250,D3:F4:55:AB:96:20,-67
BLE,1705099472587232115,DF:DF:EE:00:00:04,-39
BLE,1705099472704199828,D3:F4:55:AB:96:20,-70
BLE,1705099472895378130,D3:F4:55:AB:96:20,-69
BLE,1705099473048488045,DF:DF:EE:00:00:04,-39
BLE,1705099473334586068,DF:A6:DC:DC:2E:81,-68
BLE,1705099473334619026,DF:DF:EE:00:00:01,-68
BLE,1705099473583331112,DF:DF:EE:00:00:04,-38
BLE,1705099473657086873,D3:F4:55:AB:96:20,-69
BLE,1705099473847230186,D3:F4:55:AB:96:20,-76
BLE,1705099474034739240,D3:F4:55:AB:96:20,-70
BLE,1705099474223513986,D3:F4:55:AB:96:20,-69
BLE,1705099474608403227,D3:F4:55:AB:96:20,-61
BLE,1705099474800206230,D3:F4:55:AB:96:20,-70
BLE,1705099475051095248,DF:DF:EE:00:00:04,-51
BLE,1705099475384699048,D3:F4:55:AB:96:20,-70
BLE,1705099475578321280,D3:F4:55:AB:96:20,-76
BLE,1705099475767032569,D3:F4:55:AB:96:20,-71
BLE,1705099475877668481,DF:A6:DC:DC:2E:81,-67
BLE,1705099475877709855,DF:DF:EE:00:00:01,-67
BLE,1705099475958457034,D3:F4:55:AB:96:20,-76
BLE,1705099476054234037,DF:DF:EE:00:00:04,-41
BLE,1705099476530504540,D3:F4:55:AB:96:20,-70
BLE,1705099476908666860,D3:F4:55:AB:96:20,-76
BLE,1705099477478400435,D3:F4:55:AB:96:20,-71
BLE,1705099477669604819,D3:F4:55:AB:96:20,-75
BLE,1705099478048780252,DF:DF:EE:00:00:04,-38
BLE,1705099478432107511,D3:F4:55:AB:96:20,-69
BLE,1705099479205410951,D3:F4:55:AB:96:20,-68
BLE,1705099479591095765,D3:F4:55:AB:96:20,-91
BLE,1705099479779927386,D3:F4:55:AB:96:20,-53
BLE,1705099480165771574,D3:F4:55:AB:96:20,-80
BLE,1705099480360373544,D3:F4:55:AB:96:20,-58
BLE,1705099481046143176,DF:DF:EE:00:00:04,-33
BLE,1705099481133565443,D3:F4:55:AB:96:20,-77
BLE,1705099481584751616,DF:DF:EE:00:00:04,-41
BLE,1705099481895316727,D3:F4:55:AB:96:20,-68
BLE,1705099482050945904,DF:DF:EE:00:00:04,-37
BLE,1705099482091210390,D3:F4:55:AB:96:20,-69
BLE,1705099482671509091,D3:F4:55:AB:96:20,-72
BLE,1705099483513859514,DF:A6:DC:DC:2E:81,-71
BLE,1705099483513897097,DF:DF:EE:00:00:01,-71
BLE,1705099483583311492,DF:DF:EE:00:00:04,-40
BLE,1705099483813392421,D3:F4:55:AB:96:20,-76
BLE,1705099484003204489,D3:F4:55:AB:96:20,-72
BLE,1705099484196250102,D3:F4:55:AB:96:20,-76
BLE,1705099484384441564,D3:F4:55:AB:96:20,-70
BLE,1705099484581206509,D3:F4:55:AB:96:20,-76
BLE,1705099484965823086,D3:F4:55:AB:96:20,-72
BLE,1705099485164190053,D3:F4:55:AB:96:20,-75
BLE,1705099485352015394,D3:F4:55:AB:96:20,-70
BLE,1705099485546063329,D3:F4:55:AB:96:20,-75
BLE,1705099485582765608,DF:DF:EE:00:00:04,-38
BLE,1705099485733802963,D3:F4:55:AB:96:20,-71
BLE,1705099486049910968,DF:DF:EE:00:00:04,-39
BLE,1705099486122514867,D3:F4:55:AB:96:20,-67
BLE,1705099486311139782,D3:F4:55:AB:96:20,-77
BLE,1705099486588107870,DF:DF:EE:00:00:04,-40
BLE,1705099486881411767,D3:F4:55:AB:96:20,-69
BLE,1705099487076073528,D3:F4:55:AB:96:20,-77
BLE,1705099487261762436,D3:F4:55:AB:96:20,-71
BLE,1705099487333805925,DF:A6:DC:DC:2E:81,-67
BLE,1705099487333857967,DF:DF:EE:00:00:01,-67
BLE,1705099487453839519,D3:F4:55:AB:96:20,-68
BLE,1705099487836888198,D3:F4:55:AB:96:20,-68
BLE,1705099487838198891,D3:F4:55:AB:96:20,-76
BLE,1705099488221864229,D3:F4:55:AB:96:20,-76
BLE,1705099488408431835,D3:F4:55:AB:96:20,-70
BLE,1705099488598760772,D3:F4:55:AB:96:20,-68
BLE,1705099488981024168,D3:F4:55:AB:96:20,-53
BLE,1705099489931434658,D3:F4:55:AB:96:20,-76
BLE,1705099490322797406,D3:F4:55:AB:96:20,-70
BLE,1705099490516017517,D3:F4:55:AB:96:20,-75
BLE,1705099490587679011,DF:DF:EE:00:00:04,-39
BLE,1705099490704744139,D3:F4:55:AB:96:20,-70
BLE,1705099490895143284,D3:F4:55:AB:96:20,-68
BLE,1705099491047034421,DF:DF:EE:00:00:04,-39
BLE,1705099491159531353,DF:A6:DC:DC:2E:81,-70
BLE,1705099491159564561,DF:DF:EE:00:00:01,-70
BLE,1705099491284316682,D3:F4:55:AB:96:20,-77
BLE,1705099491478723821,D3:F4:55:AB:96:20,-53
BLE,1705099491584687788,DF:DF:EE:00:00:04,-40
BLE,1705099491668059353,D3:F4:55:AB:96:20,-61
BLE,1705099491854454336,D3:F4:55:AB:96:20,-70
BLE,1705099492047220619,D3:F4:55:AB:96:20,-63
BLE,1705099492051181531,DF:DF:EE:00:00:04,-39
BLE,1705099492242934076,D3:F4:55:AB:96:20,-69
BLE,1705099492433815631,D3:F4:55:AB:96:20,-76
BLE,1705099492620226781,D3:F4:55:AB:96:20,-70
BLE,1705099492816372149,D3:F4:55:AB:96:20,-77
BLE,1705099493010310627,D3:F4:55:AB:96:20,-53
BLE,1705099493052385301,DF:DF:EE:00:00:04,-39
BLE,1705099493392106820,D3:F4:55:AB:96:20,-68
BLE,1705099493585981882,D3:F4:55:AB:96:20,-75
BLE,1705099493592207309,DF:DF:EE:00:00:04,-39
BLE,1705099494052270669,DF:DF:EE:00:00:04,-40
BLE,1705099494161536306,D3:F4:55:AB:96:20,-77
BLE,1705099494915899426,D3:F4:55:AB:96:20,-71
BLE,1705099495046478062,DF:DF:EE:00:00:04,-38
BLE,1705099495108876290,D3:F4:55:AB:96:20,-76
BLE,1705099495298105656,D3:F4:55:AB:96:20,-70
BLE,1705099495685273745,D3:F4:55:AB:96:20,-69
BLE,1705099496052524317,DF:DF:EE:00:00:04,-40
BLE,1705099496068691378,D3:F4:55:AB:96:20,-68
BLE,1705099496264843746,D3:F4:55:AB:96:20,-70
BLE,1705099496461648274,D3:F4:55:AB:96:20,-76
BLE,1705099496588882950,DF:DF:EE:00:00:04,-37
BLE,1705099496843801005,D3:F4:55:AB:96:20,-61
BLE,1705099497048841936,DF:DF:EE:00:00:04,-39
BLE,1705099497222542526,D3:F4:55:AB:96:20,-77
BLE,1705099497413851076,D3:F4:55:AB:96:20,-71
BLE,1705099497801384577,D3:F4:55:AB:96:20,-69
BLE,1705099498051395106,DF:DF:EE:00:00:04,-38
BLE,1705099498182765192,D3:F4:55:AB:96:20,-67
BLE,1705099498377787116,D3:F4:55:AB:96:20,-72
BLE,1705099498768453247,D3:F4:55:AB:96:20,-68
BLE,1705099500044510005,DF:DF:EE:00:00:04,-39
BLE,1705099500111019934,D3:F4:55:AB:96:20,-70
BLE,1705099500301414495,D3:F4:55:AB:96:20,-69
BLE,1705099500492667879,D3:F4:55:AB:96:20,-71
BLE,1705099500585452167,DF:DF:EE:00:00:04,-52
BLE,1705099500689398866,D3:F4:55:AB:96:20,-76
BLE,1705099501077476819,D3:F4:55:AB:96:20,-71
BLE,1705099501273953350,D3:F4:55:AB:96:20,-75
BLE,1705099501464404077,D3:F4:55:AB:96:20,-70
BLE,1705099501465892185,D3:F4:55:AB:96:20,-68
BLE,1705099501658236181,D3:F4:55:AB:96:20,-76
BLE,1705099502046383009,DF:DF:EE:00:00:04,-39
BLE,1705099502239591870,D3:F4:55:AB:96:20,-98
BLE,1705099502426168059,D3:F4:55:AB:96:20,-87
BLE,1705099502624383778,D3:F4:55:AB:96:20,-76
BLE,1705099503052237932,DF:DF:EE:00:00:04,-39
BLE,1705099503206898912,D3:F4:55:AB:96:20,-76
BLE,1705099503397107808,D3:F4:55:AB:96:20,-70
BLE,1705099503978923867,D3:F4:55:AB:96:20,-71
BLE,1705099504563372103,D3:F4:55:AB:96:20,-72
BLE,1705099504586578956,DF:DF:EE:00:00:04,-23
BLE,1705099504949026876,D3:F4:55:AB:96:20,-75
BLE,1705099505052321249,DF:DF:EE:00:00:04,-40
BLE,1705099505334385819,D3:F4:55:AB:96:20,-71
BLE,1705099505723476052,D3:F4:55:AB:96:20,-67
BLE,1705099505913483534,D3:F4:55:AB:96:20,-56
BLE,1705099506112900323,D3:F4:55:AB:96:20,-61
BLE,1705099506432137041,DF:A6:DC:DC:2E:81,-67
BLE,1705099506432199540,DF:DF:EE:00:00:01,-67
BLE,1705099506589286867,DF:DF:EE:00:00:04,-39
BLE,1705099506678875984,D3:F4:55:AB:96:20,-70
BLE,1705099507065447955,D3:F4:55:AB:96:20,-71
BLE,1705099507256767963,D3:F4:55:AB:96:20,-75
BLE,1705099507444224808,D3:F4:55:AB:96:20,-70
BLE,1705099508026104074,D3:F4:55:AB:96:20,-76
BLE,1705099508048454104,DF:DF:EE:00:00:04,-41
BLE,1705099508212590556,D3:F4:55:AB:96:20,-70
BLE,1705099508402202585,D3:F4:55:AB:96:20,-54
BLE,1705099508596290852,D3:F4:55:AB:96:20,-70
BLE,1705099509178785403,D3:F4:55:AB:96:20,-72
BLE,1705099509561959788,D3:F4:55:AB:96:20,-71
BLE,1705099509581626600,DF:DF:EE:00:00:04,-38
BLE,1705099509758865148,D3:F4:55:AB:96:20,-76
BLE,1705099509949977326,D3:F4:55:AB:96:20,-58
BLE,1705099511294886360,D3:F4:55:AB:96:20,-70
BLE,1705099511491388808,D3:F4:55:AB:96:20,-76
BLE,1705099511585337874,DF:DF:EE:00:00:04,-28
BLE,1705099511881825775,D3:F4:55:AB:96:20,-72
BLE,1705099512042857680,DF:DF:EE:00:00:04,-38
BLE,1705099512076749283,D3:F4:55:AB:96:20,-76
BLE,1705099512589392610,DF:DF:EE:00:00:04,-57
BLE,1705099512653867855,D3:F4:55:AB:96:20,-69
BLE,1705099512804877044,DF:A6:DC:DC:2E:81,-54
BLE,1705099512804919877,DF:DF:EE:00:00:01,-54
BLE,1705099513039967873,D3:F4:55:AB:96:20,-76
BLE,1705099513228032919,D3:F4:55:AB:96:20,-70
BLE,1705099513422988135,D3:F4:55:AB:96:20,-75
BLE,1705099513583073551,DF:DF:EE:00:00:04,-39
BLE,1705099513611345053,D3:F4:55:AB:96:20,-70
BLE,1705099513805331197,D3:F4:55:AB:96:20,-76
BLE,1705099514041576638,DF:DF:EE:00:00:04,-24
BLE,1705099514188935245,D3:F4:55:AB:96:20,-75
BLE,1705099514383461549,D3:F4:55:AB:96:20,-68
BLE,1705099514580500532,DF:DF:EE:00:00:04,-38
BLE,1705099514773049318,D3:F4:55:AB:96:20,-76
BLE,1705099514969341559,D3:F4:55:AB:96:20,-68
BLE,1705099515359605737,D3:F4:55:AB:96:20,-76
BLE,1705099515546863876,D3:F4:55:AB:96:20,-70
BLE,1705099515585529882,DF:DF:EE:00:00:04,-39
BLE,1705099515926979048,D3:F4:55:AB:96:20,-70
BLE,1705099516041371791,DF:DF:EE:00:00:04,-39
BLE,1705099516123156958,D3:F4:55:AB:96:20,-76
BLE,1705099516312672112,D3:F4:55:AB:96:20,-71
BLE,1705099516506984628,D3:F4:55:AB:96:20,-76
BLE,1705099516586760110,DF:DF:EE:00:00:04,-39
BLE,1705099516697217940,D3:F4:55:AB:96:20,-70
BLE,1705099516698755756,D3:F4:55:AB:96:20,-68
BLE,1705099517043922670,DF:DF:EE:00:00:04,-52
BLE,1705099517475294158,D3:F4:55:AB:96:20,-76
BLE,1705099517858557876,D3:F4:55:AB:96:20,-83
BLE,1705099518045562435,DF:DF:EE:00:00:04,-38
BLE,1705099518436409897,D3:F4:55:AB:96:20,-69
BLE,1705099518585752564,DF:DF:EE:00:00:04,-39
BLE,1705099518626574669,D3:F4:55:AB:96:20,-87
BLE,1705099519015155116,D3:F4:55:AB:96:20,-70
BLE,1705099519047068576,DF:DF:EE:00:00:04,-40
BLE,1705099519174485000,DF:A6:DC:DC:2E:81,-72
BLE,1705099519174546166,DF:DF:EE:00:00:01,-72
BLE,1705099519406607113,D3:F4:55:AB:96:20,-76
BLE,1705099519586791169,DF:DF:EE:00:00:04,-40
BLE,1705099519597294046,D3:F4:55:AB:96:20,-70
BLE,1705099520175119818,D3:F4:55:AB:96:20,-78
BLE,1705099520362920284,D3:F4:55:AB:96:20,-70
BLE,1705099520449194898,DF:A6:DC:DC:2E:81,-70
BLE,1705099520449229356,DF:DF:EE:00:00:01,-70
BLE,1705099520946186492,D3:F4:55:AB:96:20,-70
BLE,1705099521052086376,DF:DF:EE:00:00:04,-40
BLE,1705099521328312307,D3:F4:55:AB:96:20,-70
BLE,1705099521713926789,D3:F4:55:AB:96:20,-69
BLE,1705099522093041597,D3:F4:55:AB:96:20,-70
BLE,1705099522291886434,D3:F4:55:AB:96:20,-76
BLE,1705099522478143127,D3:F4:55:AB:96:20,-70
BLE,1705099522583186229,DF:DF:EE:00:00:04,-40
BLE,1705099522995685980,DF:A6:DC:DC:2E:81,-68
BLE,1705099522995705855,DF:DF:EE:00:00:01,-68
BLE,1705099523042703762,DF:DF:EE:00:00:04,-55
BLE,1705099523241462309,D3:F4:55:AB:96:20,-71
BLE,1705099523436101695,D3:F4:55:AB:96:20,-61
BLE,1705099523588339869,DF:DF:EE:00:00:04,-38
BLE,1705099523626569880,D3:F4:55:AB:96:20,-70
BLE,1705099524009669225,D3:F4:55:AB:96:20,-70
BLE,1705099524049840587,DF:DF:EE:00:00:04,-38
BLE,1705099524203858825,D3:F4:55:AB:96:20,-76
BLE,1705099524395187958,D3:F4:55:AB:96:20,-53
BLE,1705099524582204142,DF:DF:EE:00:00:04,-57
BLE,1705099524784296857,D3:F4:55:AB:96:20,-77
BLE,1705099525043357489,DF:DF:EE:00:00:04,-38
BLE,1705099525168579313,D3:F4:55:AB:96:20,-76
BLE,1705099525583485619,DF:DF:EE:00:00:04,-38
BLE,1705099525754248118,D3:F4:55:AB:96:20,-76
BLE,1705099525945022092,D3:F4:55:AB:96:20,-56
BLE,1705099526045636788,DF:DF:EE:00:00:04,-24
BLE,1705099526137422629,D3:F4:55:AB:96:20,-95
BLE,1705099526324026109,D3:F4:55:AB:96:20,-70
BLE,1705099526518328958,D3:F4:55:AB:96:20,-75
BLE,1705099526586525659,DF:DF:EE:00:00:04,-39
BLE,1705099526705847678,D3:F4:55:AB:96:20,-70
BLE,1705099526822105690,DF:A6:DC:DC:2E:81,-68
BLE,1705099526822138690,DF:DF:EE:00:00:01,-68
BLE,1705099526899597366,D3:F4:55:AB:96:20,-76
BLE,1705099527043084018,DF:DF:EE:00:00:04,-38
BLE,1705099527283420327,D3:F4:55:AB:96:20,-76
BLE,1705099527473929012,D3:F4:55:AB:96:20,-71
BLE,1705099527589592907,DF:DF:EE:00:00:04,-39
BLE,1705099527669973757,D3:F4:55:AB:96:20,-76
BLE,1705099527856629528,D3:F4:55:AB:96:20,-70
BLE,1705099528049917680,D3:F4:55:AB:96:20,-76
BLE,1705099528100007427,DF:A6:DC:DC:2E:81,-73
BLE,1705099528100056593,DF:DF:EE:00:00:01,-73
BLE,1705099529002425520,D3:F4:55:AB:96:20,-70
BLE,1705099529044506361,DF:DF:EE:00:00:04,-38
BLE,1705099529191242808,D3:F4:55:AB:96:20,-53
BLE,1705099529578292815,D3:F4:55:AB:96:20,-60
BLE,1705099529585856310,DF:DF:EE:00:00:04,-38
BLE,1705099529962115943,D3:F4:55:AB:96:20,-76
BLE,1705099530049302172,DF:DF:EE:00:00:04,-52
BLE,1705099530352303122,D3:F4:55:AB:96:20,-70
BLE,1705099530542704891,D3:F4:55:AB:96:20,-67
BLE,1705099530579760707,DF:DF:EE:00:00:04,-38
BLE,1705099530581299855,DF:DF:EE:00:00:04,-37
BLE,1705099530739179339,D3:F4:55:AB:96:20,-67
BLE,1705099530930711512,D3:F4:55:AB:96:20,-76
BLE,1705099531126544176,D3:F4:55:AB:96:20,-68
BLE,1705099531321789513,D3:F4:55:AB:96:20,-71
BLE,1705099531705118605,D3:F4:55:AB:96:20,-56
BLE,1705099531924770115,DF:A6:DC:DC:2E:81,-69
BLE,1705099531924828364,DF:DF:EE:00:00:01,-69
BLE,1705099532044894833,DF:DF:EE:00:00:04,-38
BLE,1705099532474072638,D3:F4:55:AB:96:20,-69
BLE,1705099532585806454,DF:DF:EE:00:00:04,-39
BLE,1705099532852163583,D3:F4:55:AB:96:20,-71
BLE,1705099533045823814,DF:DF:EE:00:00:04,-39
BLE,1705099533195521935,DF:A6:DC:DC:2E:81,-72
BLE,1705099533195555435,DF:DF:EE:00:00:01,-72
BLE,1705099533233765695,D3:F4:55:AB:96:20,-71
BLE,1705099533426003235,D3:F4:55:AB:96:20,-76
BLE,1705099533580287469,DF:DF:EE:00:00:04,-39
BLE,1705099533620786036,D3:F4:55:AB:96:20,-53
BLE,1705099533816604117,D3:F4:55:AB:96:20,-71
BLE,1705099534044049452,DF:DF:EE:00:00:04,-38
BLE,1705099534201339359,D3:F4:55:AB:96:20,-70
BLE,1705099534468731185,DF:A6:DC:DC:2E:81,-67
BLE,1705099534468793642,DF:DF:EE:00:00:01,-67
BLE,1705099534782145471,D3:F4:55:AB:96:20,-71
BLE,1705099535360393738,D3:F4:55:AB:96:20,-75
BLE,1705099535581034569,DF:DF:EE:00:00:04,-39
BLE,1705099535745401977,D3:F4:55:AB:96:20,-79
BLE,1705099536133592554,D3:F4:55:AB:96:20,-71
BLE,1705099536329534508,D3:F4:55:AB:96:20,-78
BLE,1705099536583605448,DF:DF:EE:00:00:04,-23
BLE,1705099536911727562,D3:F4:55:AB:96:20,-76
BLE,1705099537101169843,D3:F4:55:AB:96:20,-70
BLE,1705099537587406812,DF:DF:EE:00:00:04,-39
BLE,1705099537679861354,D3:F4:55:AB:96:20,-77
BLE,1705099537867664362,D3:F4:55:AB:96:20,-70
BLE,1705099538044157586,DF:DF:EE:00:00:04,-11
BLE,1705099538056240903,D3:F4:55:AB:96:20,-69
BLE,1705099538249145726,D3:F4:55:AB:96:20,-56
BLE,1705099538444765726,D3:F4:55:AB:96:20,-76
BLE,1705099538587354638,DF:DF:EE:00:00:04,-38
BLE,1705099538639669401,D3:F4:55:AB:96:20,-68
BLE,1705099538832087646,D3:F4:55:AB:96:20,-71
BLE,1705099539027340025,D3:F4:55:AB:96:20,-61
BLE,1705099539579901718,DF:DF:EE:00:00:04,-39
BLE,1705099539599546113,D3:F4:55:AB:96:20,-71
BLE,1705099539982345628,D3:F4:55:AB:96:20,-71
BLE,1705099540043230790,DF:DF:EE:00:00:04,-40
BLE,1705099540585309897,DF:DF:EE:00:00:04,-40
BLE,1705099540752279274,D3:F4:55:AB:96:20,-53
BLE,1705099540941051187,D3:F4:55:AB:96:20,-76
BLE,1705099541041836048,DF:DF:EE:00:00:04,-39
BLE,1705099541129651728,D3:F4:55:AB:96:20,-70
BLE,1705099541705575772,D3:F4:55:AB:96:20,-81
BLE,1705099541893959731,D3:F4:55:AB:96:20,-71
BLE,1705099542046097949,DF:DF:EE:00:00:04,-40
BLE,1705099542089946477,D3:F4:55:AB:96:20,-76
BLE,1705099542107109609,DF:A6:DC:DC:2E:81,-71
BLE,1705099542107119609,DF:DF:EE:00:00:01,-71
BLE,1705099542276754538,D3:F4:55:AB:96:20,-71
BLE,1705099542588277971,DF:DF:EE:00:00:04,-39
BLE,1705099542658437899,D3:F4:55:AB:96:20,-72
BLE,1705099543041443954,DF:DF:EE:00:00:04,-39
BLE,1705099543043811301,D3:F4:55:AB:96:20,-73
BLE,1705099543235065227,D3:F4:55:AB:96:20,-61
BLE,1705099543425306373,D3:F4:55:AB:96:20,-70
BLE,1705099543580629095,DF:DF:EE:00:00:04,-38
BLE,1705099543620663834,D3:F4:55:AB:96:20,-77
BLE,1705099543814952683,D3:F4:55:AB:96:20,-69
BLE,1705099544009545195,D3:F4:55:AB:96:20,-72
BLE,1705099544044949905,DF:DF:EE:00:00:04,-24
BLE,1705099544589414442,DF:DF:EE:00:00:04,-40
BLE,1705099545552852530,D3:F4:55:AB:96:20,-95
BLE,1705099545583474962,DF:DF:EE:00:00:04,-40
BLE,1705099545931994546,DF:A6:DC:DC:2E:81,-72
BLE,1705099545932048045,DF:DF:EE:00:00:01,-72
BLE,1705099545940182825,D3:F4:55:AB:96:20,-74
BLE,1705099546325729558,D3:F4:55:AB:96:20,-70
BLE,1705099546515392794,D3:F4:55:AB:96:20,-68
BLE,1705099546583526454,DF:DF:EE:00:00:04,-37
BLE,1705099546704406079,D3:F4:55:AB:96:20,-78
BLE,1705099546900305243,D3:F4:55:AB:96:20,-68
BLE,1705099547042639242,DF:DF:EE:00:00:04,-40
BLE,1705099547093402189,D3:F4:55:AB:96:20,-70
BLE,1705099547476661073,D3:F4:55:AB:96:20,-57
BLE,1705099547584448185,DF:DF:EE:00:00:04,-38
BLE,1705099547666866845,D3:F4:55:AB:96:20,-76
BLE,1705099548039808142,DF:DF:EE:00:00:04,-38
BLE,1705099548045797988,D3:F4:55:AB:96:20,-68
BLE,1705099548237718698,D3:F4:55:AB:96:20,-71
BLE,1705099548588602421,DF:DF:EE:00:00:04,-38
BLE,1705099548589935280,DF:DF:EE:00:00:04,-40
BLE,1705099548811035814,D3:F4:55:AB:96:20,-70
BLE,1705099549002458113,D3:F4:55:AB:96:20,-71
BLE,1705099549049205566,DF:DF:EE:00:00:04,-22
BLE,1705099549570043297,D3:F4:55:AB:96:20,-56
BLE,1705099549587093805,DF:DF:EE:00:00:04,-38
BLE,1705099549760029696,D3:F4:55:AB:96:20,-61
BLE,1705099550039558171,DF:DF:EE:00:00:04,-38
BLE,1705099550147160369,D3:F4:55:AB:96:20,-76
BLE,1705099550341670798,D3:F4:55:AB:96:20,-69
BLE,1705099550581905442,DF:DF:EE:00:00:04,-39
BLE,1705099550729219257,D3:F4:55:AB:96:20,-76
BLE,1705099550920122312,D3:F4:55:AB:96:20,-70
BLE,1705099551046359125,DF:DF:EE:00:00:04,-39
BLE,1705099551115169694,D3:F4:55:AB:96:20,-76
BLE,1705099551306535660,D3:F4:55:AB:96:20,-68
BLE,1705099551697257666,D3:F4:55:AB:96:20,-77
BLE,1705099552045359337,DF:DF:EE:00:00:04,-38
BLE,1705099552276338381,D3:F4:55:AB:96:20,-67
BLE,1705099552587714691,DF:DF:EE:00:00:04,-38
BLE,1705099552852997000,D3:F4:55:AB:96:20,-71
BLE,1705099553050120315,DF:DF:EE:00:00:04,-40
BLE,1705099553437704441,D3:F4:55:AB:96:20,-70
BLE,1705099554047786543,DF:DF:EE:00:00:04,-38
BLE,1705099554209003196,D3:F4:55:AB:96:20,-68
BLE,1705099554399670295,D3:F4:55:AB:96:20,-77
BLE,1705099554585433869,DF:DF:EE:00:00:04,-24
BLE,1705099554972932246,D3:F4:55:AB:96:20,-68
BLE,1705099555049057395,DF:DF:EE:00:00:04,-40
BLE,1705099555168213708,D3:F4:55:AB:96:20,-70
BLE,1705099555361060407,D3:F4:55:AB:96:20,-69
BLE,1705099555582757309,DF:DF:EE:00:00:04,-39
BLE,1705099555740601002,D3:F4:55:AB:96:20,-69
BLE,1705099556042657504,DF:DF:EE:00:00:04,-39
BLE,1705099556126118568,D3:F4:55:AB:96:20,-53
BLE,1705099556580518286,DF:DF:EE:00:00:04,-39
BLE,1705099556698371363,D3:F4:55:AB:96:20,-72
BLE,1705099556893645909,D3:F4:55:AB:96:20,-76
BLE,1705099557083798389,D3:F4:55:AB:96:20,-75
BLE,1705099557278203820,D3:F4:55:AB:96:20,-77
BLE,1705099557464109892,D3:F4:55:AB:96:20,-56
BLE,1705099557580621069,DF:DF:EE:00:00:04,-38
BLE,1705099557658259076,D3:F4:55:AB:96:20,-76
BLE,1705099558042146786,D3:F4:55:AB:96:20,-76
BLE,1705099558047645305,DF:DF:EE:00:00:04,-55
BLE,1705099558587413189,DF:DF:EE:00:00:04,-56
BLE,1705099558810239120,D3:F4:55:AB:96:20,-76
BLE,1705099559001385798,D3:F4:55:AB:96:20,-67
BLE,1705099559581371461,D3:F4:55:AB:96:20,-70
BLE,1705099559583680309,DF:DF:EE:00:00:04,-38
BLE,1705099559584818629,DF:DF:EE:00:00:04,-39
BLE,1705099559776912420,D3:F4:55:AB:96:20,-77
BLE,1705099559971745595,D3:F4:55:AB:96:20,-58
BLE,1705099560044263662,DF:DF:EE:00:00:04,-40
BLE,1705099560166307941,D3:F4:55:AB:96:20,-70
BLE,1705099560550652063,D3:F4:55:AB:96:20,-71
BLE,1705099560937322241,D3:F4:55:AB:96:20,-68
BLE,1705099561127191391,D3:F4:55:AB:96:20,-76
BLE,1705099561224188797,DF:A6:DC:DC:2E:81,-69
BLE,1705099561224222671,DF:DF:EE:00:00:01,-69
BLE,1705099561584549700,DF:DF:EE:00:00:04,-23
BLE,1705099562046580245,DF:DF:EE:00:00:04,-39
BLE,1705099562083087567,D3:F4:55:AB:96:20,-67
BLE,1705099562277520789,D3:F4:55:AB:96:20,-93
BLE,1705099562662181699,D3:F4:55:AB:96:20,-70
BLE,1705099562857972405,D3:F4:55:AB:96:20,-76
BLE,1705099563046036451,DF:DF:EE:00:00:04,-56
BLE,1705099563047357728,D3:F4:55:AB:96:20,-92
BLE,1705099563237292502,D3:F4:55:AB:96:20,-77
BLE,1705099563613131516,D3:F4:55:AB:96:20,-68
BLE,1705099563807361865,D3:F4:55:AB:96:20,-57
BLE,1705099564003598649,D3:F4:55:AB:96:20,-76
BLE,1705099564041523497,DF:DF:EE:00:00:04,-39
BLE,1705099564191326241,D3:F4:55:AB:96:20,-56
BLE,1705099564587361435,DF:DF:EE:00:00:04,-40
BLE,1705099564775533772,D3:F4:55:AB:96:20,-70
BLE,1705099564973321621,D3:F4:55:AB:96:20,-76
BLE,1705099565045676023,DF:DF:EE:00:00:04,-38
BLE,1705099565165633826,D3:F4:55:AB:96:20,-68
BLE,1705099565355737057,D3:F4:55:AB:96:20,-77
BLE,1705099565587551425,DF:DF:EE:00:00:04,-23
BLE,1705099565742965895,D3:F4:55:AB:96:20,-56
BLE,1705099565940386832,D3:F4:55:AB:96:20,-93
BLE,1705099566039227799,DF:DF:EE:00:00:04,-38
BLE,1705099566129851196,D3:F4:55:AB:96:20,-70
BLE,1705099566320472379,D3:F4:55:AB:96:20,-75
BLE,1705099566511362226,D3:F4:55:AB:96:20,-70
BLE,1705099566700686966,D3:F4:55:AB:96:20,-69
BLE,1705099566894842525,D3:F4:55:AB:96:20,-71
BLE,1705099567045860256,DF:DF:EE:00:00:04,-53
BLE,1705099567087909430,D3:F4:55:AB:96:20,-74
BLE,1705099567274604617,D3:F4:55:AB:96:20,-70
BLE,1705099567469022173,D3:F4:55:AB:96:20,-76
BLE,1705099567580702448,DF:DF:EE:00:00:04,-40
BLE,1705099567656325853,D3:F4:55:AB:96:20,-70
BLE,1705099567847593612,D3:F4:55:AB:96:20,-67
BLE,1705099568041829670,D3:F4:55:AB:96:20,-71
BLE,1705099568620642222,D3:F4:55:AB:96:20,-61
BLE,1705099569046419733,DF:DF:EE:00:00:04,-56
BLE,1705099569386188461,D3:F4:55:AB:96:20,-76
BLE,1705099569584343264,DF:DF:EE:00:00:04,-40
BLE,1705099569771558862,D3:F4:55:AB:96:20,-70
BLE,1705099569960551690,D3:F4:55:AB:96:20,-68
BLE,1705099570044863369,DF:DF:EE:00:00:04,-39
BLE,1705099570343691951,D3:F4:55:AB:96:20,-66
BLE,1705099570532695778,D3:F4:55:AB:96:20,-78
BLE,1705099570588447708,DF:DF:EE:00:00:04,-39
BLE,1705099570720330830,D3:F4:55:AB:96:20,-70
BLE,1705099570914399806,D3:F4:55:AB:96:20,-76
BLE,1705099571051100038,DF:DF:EE:00:00:04,-52
BLE,1705099571108318617,D3:F4:55:AB:96:20,-68
BLE,1705099571301662227,D3:F4:55:AB:96:20,-72
BLE,1705099571415587642,DF:A6:DC:DC:2E:81,-73
BLE,1705099571415638850,DF:DF:EE:00:00:01,-73
BLE,1705099571499442993,D3:F4:55:AB:96:20,-77
BLE,1705099571589308315,DF:DF:EE:00:00:04,-40
BLE,1705099572077879425,D3:F4:55:AB:96:20,-53
BLE,1705099572268988935,D3:F4:55:AB:96:20,-87
BLE,1705099572459900865,D3:F4:55:AB:96:20,-69
BLE,1705099572583915704,DF:DF:EE:00:00:04,-38
BLE,1705099572840691904,D3:F4:55:AB:96:20,-67
BLE,1705099573035435372,D3:F4:55:AB:96:20,-70
BLE,1705099573045965749,DF:DF:EE:00:00:04,-39
BLE,1705099573233818798,D3:F4:55:AB:96:20,-77
BLE,1705099573423687240,D3:F4:55:AB:96:20,-67
BLE,1705099573616368733,D3:F4:55:AB:96:20,-75
BLE,1705099574001788009,D3:F4:55:AB:96:20,-71
BLE,1705099574193632636,D3:F4:55:AB:96:20,-68
BLE,1705099574580663726,DF:DF:EE:00:00:04,-39
BLE,1705099574768389527,D3:F4:55:AB:96:20,-70
BLE,1705099574964128942,D3:F4:55:AB:96:20,-76
BLE,1705099575158246668,D3:F4:55:AB:96:20,-67
BLE,1705099575348628979,D3:F4:55:AB:96:20,-74
BLE,1705099575583102315,DF:DF:EE:00:00:04,-39
BLE,1705099575729581182,D3:F4:55:AB:96:20,-66
BLE,1705099575920619777,D3:F4:55:AB:96:20,-68
BLE,1705099576042230311,DF:DF:EE:00:00:04,-39
BLE,1705099576580375298,DF:DF:EE:00:00:04,-39
BLE,1705099576696739851,D3:F4:55:AB:96:20,-76
BLE,1705099577042048639,DF:DF:EE:00:00:04,-39
BLE,1705099577078484503,D3:F4:55:AB:96:20,-76
BLE,1705099577270744001,D3:F4:55:AB:96:20,-68
BLE,1705099578043500989,D3:F4:55:AB:96:20,-76
BLE,1705099578049004549,DF:DF:EE:00:00:04,-40
BLE,1705099578423405829,D3:F4:55:AB:96:20,-67
BLE,1705099578580118577,DF:DF:EE:00:00:04,-39
BLE,1705099578615595203,D3:F4:55:AB:96:20,-72
BLE,1705099578810248172,D3:F4:55:AB:96:20,-76
BLE,1705099578998169720,D3:F4:55:AB:96:20,-70
BLE,1705099579040405309,DF:DF:EE:00:00:04,-42
BLE,1705099579390054129,D3:F4:55:AB:96:20,-69
BLE,1705099580041033960,DF:DF:EE:00:00:04,-39
BLE,1705099580156351401,D3:F4:55:AB:96:20,-69
BLE,1705099580327585686,DF:A6:DC:DC:2E:81,-67
BLE,1705099580327598186,DF:DF:EE:00:00:01,-67
BLE,1705099580349574804,D3:F4:55:AB:96:20,-70
BLE,1705099580543032495,D3:F4:55:AB:96:20,-76
BLE,1705099580585863910,DF:DF:EE:00:00:04,-39
BLE,1705099580733487431,D3:F4:55:AB:96:20,-89
BLE,1705099580928178025,D3:F4:55:AB:96:20,-75
BLE,1705099581120974391,D3:F4:55:AB:96:20,-68
BLE,1705099581509517755,D3:F4:55:AB:96:20,-75
BLE,1705099581580113636,DF:DF:EE:00:00:04,-39
BLE,1705099581696199526,D3:F4:55:AB:96:20,-70
BLE,1705099582041833644,DF:DF:EE:00:00:04,-39
BLE,1705099582079693950,D3:F4:55:AB:96:20,-56
BLE,1705099582276123399,D3:F4:55:AB:96:20,-79
BLE,1705099582472132477,D3:F4:55:AB:96:20,-53
BLE,1705099582859988266,D3:F4:55:AB:96:20,-75
BLE,1705099582865807948,DF:A6:DC:DC:2E:81,-67
BLE,1705099582865819781,DF:DF:EE:00:00:01,-67
BLE,1705099583050949987,D3:F4:55:AB:96:20,-57
BLE,1705099583244792299,D3:F4:55:AB:96:20,-74
BLE,1705099583826427360,D3:F4:55:AB:96:20,-76
BLE,1705099584039514363,DF:DF:EE:00:00:04,-38
BLE,1705099584394205916,D3:F4:55:AB:96:20,-76
BLE,1705099584579110166,DF:DF:EE:00:00:04,-40
BLE,1705099584974377327,D3:F4:55:AB:96:20,-61
BLE,1705099585040554302,DF:DF:EE:00:00:04,-40
BLE,1705099585164395767,D3:F4:55:AB:96:20,-70
BLE,1705099585359356775,D3:F4:55:AB:96:20,-76
BLE,1705099585544953309,D3:F4:55:AB:96:20,-71
BLE,1705099585583348859,DF:DF:EE:00:00:04,-41
BLE,1705099585739658028,D3:F4:55:AB:96:20,-76
BLE,1705099586038691691,DF:DF:EE:00:00:04,-39
BLE,1705099586115120170,D3:F4:55:AB:96:20,-68
BLE,1705099586695891366,DF:A6:DC:DC:2E:81,-68
BLE,1705099586695925657,DF:DF:EE:00:00:01,-68
BLE,1705099587278044337,D3:F4:55:AB:96:20,-75
BLE,1705099587472448976,D3:F4:55:AB:96:20,-75
BLE,1705099587585582734,DF:DF:EE:00:00:04,-40
BLE,1705099587662943619,D3:F4:55:AB:96:20,-56
BLE,1705099588040920149,DF:DF:EE:00:00:04,-38
BLE,1705099588244149101,D3:F4:55:AB:96:20,-70
BLE,1705099588441500414,D3:F4:55:AB:96:20,-76
BLE,1705099588629473753,D3:F4:55:AB:96:20,-70
BLE,1705099588825718829,D3:F4:55:AB:96:20,-75
BLE,1705099589018711860,D3:F4:55:AB:96:20,-68
BLE,1705099589398963655,D3:F4:55:AB:96:20,-68
BLE,1705099589577883308,DF:DF:EE:00:00:04,-52
BLE,1705099589784525721,D3:F4:55:AB:96:20,-58
BLE,1705099590165928960,D3:F4:55:AB:96:20,-67
BLE,1705099590929807886,D3:F4:55:AB:96:20,-68
BLE,1705099591038013284,DF:DF:EE:00:00:04,-24
BLE,1705099591124745852,D3:F4:55:AB:96:20,-57
BLE,1705099591321551046,D3:F4:55:AB:96:20,-94
BLE,1705099591582315949,DF:DF:EE:00:00:04,-44
BLE,1705099591711425353,D3:F4:55:AB:96:20,-71
BLE,1705099591903828474,D3:F4:55:AB:96:20,-81
BLE,1705099592094948860,D3:F4:55:AB:96:20,-70
BLE,1705099592288587716,D3:F4:55:AB:96:20,-76
BLE,1705099592581343536,DF:DF:EE:00:00:04,-39
BLE,1705099592871768175,D3:F4:55:AB:96:20,-77
BLE,1705099593038590720,DF:DF:EE:00:00:04,-39
BLE,1705099593069634732,DF:A6:DC:DC:2E:81,-72
BLE,1705099593069646357,DF:DF:EE:00:00:01,-72
BLE,1705099593249791579,D3:F4:55:AB:96:20,-68
BLE,1705099593445607410,D3:F4:55:AB:96:20,-70
BLE,1705099593586349803,DF:DF:EE:00:00:04,-39
BLE,1705099593637655618,D3:F4:55:AB:96:20,-76
BLE,1705099593828552007,D3:F4:55:AB:96:20,-70
BLE,1705099594023113436,D3:F4:55:AB:96:20,-76
BLE,1705099594039051374,DF:DF:EE:00:00:04,-38
BLE,1705099594040550398,DF:DF:EE:00:00:04,-39
BLE,1705099594340678673,DF:A6:DC:DC:2E:81,-68
BLE,1705099594340736339,DF:DF:EE:00:00:01,-68
BLE,1705099594410725019,D3:F4:55:AB:96:20,-70
BLE,1705099594605798859,D3:F4:55:AB:96:20,-75
BLE,1705099594796915536,D3:F4:55:AB:96:20,-71
BLE,1705099594798194355,D3:F4:55:AB:96:20,-69
BLE,1705099594991005721,D3:F4:55:AB:96:20,-77
BLE,1705099595040550890,DF:DF:EE:00:00:04,-39
BLE,1705099595571055758,D3:F4:55:AB:96:20,-76
BLE,1705099595580627021,DF:DF:EE:00:00:04,-38
BLE,1705099596048048794,DF:DF:EE:00:00:04,-51
BLE,1705099596337554069,D3:F4:55:AB:96:20,-76
BLE,1705099596527380928,D3:F4:55:AB:96:20,-69
BLE,1705099596584932296,DF:DF:EE:00:00:04,-40
BLE,1705099596887461126,DF:A6:DC:DC:2E:81,-69
BLE,1705099596887491293,DF:DF:EE:00:00:01,-69
BLE,1705099596915013262,D3:F4:55:AB:96:20,-69
BLE,1705099598072614866,D3:F4:55:AB:96:20,-75
BLE,1705099598458651218,D3:F4:55:AB:96:20,-71
BLE,1705099598653510393,D3:F4:55:AB:96:20,-76
BLE,1705099599037388896,D3:F4:55:AB:96:20,-76
BLE,1705099599227055549,D3:F4:55:AB:96:20,-56
BLE,1705099599585049813,DF:DF:EE:00:00:04,-38
BLE,1705099600009586964,D3:F4:55:AB:96:20,-76
BLE,1705099600200226813,D3:F4:55:AB:96:20,-68
BLE,1705099600395343111,D3:F4:55:AB:96:20,-70
BLE,1705099600586569370,DF:DF:EE:00:00:04,-39
BLE,1705099600588637721,D3:F4:55:AB:96:20,-77
BLE,1705099601046968226,DF:DF:EE:00:00:04,-39
BLE,1705099601542826667,D3:F4:55:AB:96:20,-71
BLE,1705099601736330191,D3:F4:55:AB:96:20,-76
BLE,1705099601926352298,D3:F4:55:AB:96:20,-70
BLE,1705099601993733550,DF:A6:DC:DC:2E:81,-69
BLE,1705099601993766675,DF:DF:EE:00:00:01,-69
BLE,1705099602039822760,DF:DF:EE:00:00:04,-39
BLE,1705099602124086898,D3:F4:55:AB:96:20,-76
BLE,1705099602315900234,D3:F4:55:AB:96:20,-69
BLE,1705099602580175763,DF:DF:EE:00:00:04,-38
BLE,1705099602893596091,D3:F4:55:AB:96:20,-57
BLE,1705099603042627386,DF:DF:EE:00:00:04,-40
BLE,1705099603084119067,D3:F4:55:AB:96:20,-67
BLE,1705099603278868910,D3:F4:55:AB:96:20,-72
BLE,1705099603586474265,DF:DF:EE:00:00:04,-39
BLE,1705099603665235842,D3:F4:55:AB:96:20,-69
BLE,1705099604041395810,DF:DF:EE:00:00:04,-39
BLE,1705099604055596935,D3:F4:55:AB:96:20,-76
BLE,1705099604243446276,D3:F4:55:AB:96:20,-70
BLE,1705099604537583788,DF:A6:DC:DC:2E:81,-69
BLE,1705099604537643787,DF:DF:EE:00:00:01,-69
BLE,1705099604579072343,DF:DF:EE:00:00:04,-51
BLE,1705099605007269285,D3:F4:55:AB:96:20,-71
BLE,1705099605196626150,D3:F4:55:AB:96:20,-68
BLE,1705099605392449897,D3:F4:55:AB:96:20,-71
BLE,1705099605580808107,DF:DF:EE:00:00:04,-39
BLE,1705099605772950939,D3:F4:55:AB:96:20,-70
BLE,1705099605968979059,D3:F4:55:AB:96:20,-77
BLE,1705099606040534512,DF:DF:EE:00:00:04,-55
BLE,1705099606154480761,D3:F4:55:AB:96:20,-71
BLE,1705099606535917292,D3:F4:55:AB:96:20,-70
BLE,1705099606918889138,D3:F4:55:AB:96:20,-56
BLE,1705099607117581560,D3:F4:55:AB:96:20,-76
BLE,1705099607498979175,D3:F4:55:AB:96:20,-76
BLE,1705099607579798520,DF:DF:EE:00:00:04,-39
BLE,1705099608041859398,DF:DF:EE:00:00:04,-40
BLE,1705099608363266091,DF:A6:DC:DC:2E:81,-67
BLE,1705099608363296590,DF:DF:EE:00:00:01,-67
BLE,1705099608458348977,D3:F4:55:AB:96:20,-69
BLE,1705099608843665170,D3:F4:55:AB:96:20,-67
BLE,1705099609035839544,D3:F4:55:AB:96:20,-71
BLE,1705099609048993431,DF:DF:EE:00:00:04,-39
BLE,1705099609426757547,D3:F4:55:AB:96:20,-68
BLE,1705099609583910956,DF:DF:EE:00:00:04,-39
BLE,1705099609807439170,D3:F4:55:AB:96:20,-67
BLE,1705099609999261840,D3:F4:55:AB:96:20,-75
BLE,1705099610187473509,D3:F4:55:AB:96:20,-88
BLE,1705099610578673343,D3:F4:55:AB:96:20,-92
BLE,1705099610767743586,D3:F4:55:AB:96:20,-70
BLE,1705099610965449478,D3:F4:55:AB:96:20,-76
BLE,1705099611157674767,D3:F4:55:AB:96:20,-67
BLE,1705099611348670196,D3:F4:55:AB:96:20,-76
BLE,1705099611541884099,D3:F4:55:AB:96:20,-68
BLE,1705099611576722774,DF:DF:EE:00:00:04,-38
BLE,1705099612118667675,D3:F4:55:AB:96:20,-70
BLE,1705099612584400552,DF:DF:EE:00:00:04,-39
BLE,1705099612688797870,D3:F4:55:AB:96:20,-68
BLE,1705099612882935429,D3:F4:55:AB:96:20,-70
BLE,1705099613040381626,DF:DF:EE:00:00:04,-40
BLE,1705099613467850326,DF:A6:DC:DC:2E:81,-67
BLE,1705099613467908450,DF:DF:EE:00:00:01,-67
BLE,1705099613471715406,D3:F4:55:AB:96:20,-72
BLE,1705099613578640986,DF:DF:EE:00:00:04,-36
BLE,1705099613663721073,D3:F4:55:AB:96:20,-76
BLE,1705099613856692562,D3:F4:55:AB:96:20,-67
BLE,1705099614044855941,DF:DF:EE:00:00:04,-40
BLE,1705099614586042433,DF:DF:EE:00:00:04,-56
BLE,1705099615579251255,DF:DF:EE:00:00:04,-39
BLE,1705099616019113477,DF:A6:DC:DC:2E:81,-73
BLE,1705099616019145810,DF:DF:EE:00:00:01,-73
BLE,1705099616174006870,D3:F4:55:AB:96:20,-67
BLE,1705099616364129476,D3:F4:55:AB:96:20,-77
BLE,1705099616745644881,D3:F4:55:AB:96:20,-61
BLE,1705099617045934155,DF:DF:EE:00:00:04,-39
BLE,1705099617121858765,D3:F4:55:AB:96:20,-69
BLE,1705099617315499955,D3:F4:55:AB:96:20,-71
BLE,1705099617506013098,D3:F4:55:AB:96:20,-53
BLE,1705099617578944868,DF:DF:EE:00:00:04,-24
BLE,1705099617891286500,D3:F4:55:AB:96:20,-78
BLE,1705099618047049800,DF:DF:EE:00:00:04,-39
BLE,1705099618279211497,D3:F4:55:AB:96:20,-76
BLE,1705099618847830835,D3:F4:55:AB:96:20,-70
BLE,1705099619422942347,D3:F4:55:AB:96:20,-74
BLE,1705099619579505888,DF:DF:EE:00:00:04,-40
BLE,1705099619613809152,D3:F4:55:AB:96:20,-70
BLE,1705099619807812754,D3:F4:55:AB:96:20,-76
BLE,1705099620196988736,D3:F4:55:AB:96:20,-70
BLE,1705099620772420620,D3:F4:55:AB:96:20,-76
BLE,1705099621158940424,D3:F4:55:AB:96:20,-76
BLE,1705099621345538030,D3:F4:55:AB:96:20,-70
BLE,1705099622040399722,DF:DF:EE:00:00:04,-38
BLE,1705099622306271940,D3:F4:55:AB:96:20,-76
BLE,1705099622385064434,DF:A6:DC:DC:2E:81,-71
BLE,1705099622385095308,DF:DF:EE:00:00:01,-71
BLE,1705099622494254655,D3:F4:55:AB:96:20,-70
BLE,1705099622580595726,DF:DF:EE:00:00:04,-40
BLE,1705099622888313746,D3:F4:55:AB:96:20,-76
BLE,1705099623076414251,D3:F4:55:AB:96:20,-70
BLE,1705099623270704641,D3:F4:55:AB:96:20,-93
BLE,1705099623580465095,DF:DF:EE:00:00:04,-39
BLE,1705099623650033822,D3:F4:55:AB:96:20,-68
BLE,1705099623661984765,DF:A6:DC:DC:2E:81,-55
BLE,1705099623662021514,DF:DF:EE:00:00:01,-55
BLE,1705099624035457473,D3:F4:55:AB:96:20,-74
BLE,1705099624039680215,DF:DF:EE:00:00:04,-40
BLE,1705099624223305063,D3:F4:55:AB:96:20,-71
BLE,1705099624420301380,D3:F4:55:AB:96:20,-76
BLE,1705099624804386630,D3:F4:55:AB:96:20,-76
BLE,1705099625039296420,DF:DF:EE:00:00:04,-40
BLE,1705099625566426952,D3:F4:55:AB:96:20,-76
BLE,1705099625759734854,D3:F4:55:AB:96:20,-67
BLE,1705099625953867080,D3:F4:55:AB:96:20,-70
BLE,1705099626038349131,DF:DF:EE:00:00:04,-40
BLE,1705099626149935907,D3:F4:55:AB:96:20,-76
BLE,1705099626212640798,DF:A6:DC:DC:2E:81,-57
BLE,1705099626212695589,DF:DF:EE:00:00:01,-57
BLE,1705099626345433784,D3:F4:55:AB:96:20,-68
BLE,1705099626535280476,D3:F4:55:AB:96:20,-61
BLE,1705099626578797758,DF:DF:EE:00:00:04,-40
BLE,1705099626723387522,D3:F4:55:AB:96:20,-70
BLE,1705099626917045378,D3:F4:55:AB:96:20,-76
BLE,1705099627039139698,DF:DF:EE:00:00:04,-22
BLE,1705099627104145519,D3:F4:55:AB:96:20,-71
BLE,1705099627487191365,D3:F4:55:AB:96:20,-72
BLE,1705099627681402173,D3:F4:55:AB:96:20,-76
BLE,1705099627870536207,D3:F4:55:AB:96:20,-71
BLE,1705099628040567506,DF:DF:EE:00:00:04,-40
BLE,1705099628063805567,D3:F4:55:AB:96:20,-76
BLE,1705099628254686831,D3:F4:55:AB:96:20,-70
BLE,1705099628839653727,D3:F4:55:AB:96:20,-70
BLE,1705099629033233834,D3:F4:55:AB:96:20,-76
BLE,1705099629218407040,D3:F4:55:AB:96:20,-70
BLE,1705099629413101759,D3:F4:55:AB:96:20,-76
BLE,1705099629584453085,DF:DF:EE:00:00:04,-39
BLE,1705099629604323643,D3:F4:55:AB:96:20,-70
BLE,1705099630037680858,DF:DF:EE:00:00:04,-39
BLE,1705099630185203088,D3:F4:55:AB:96:20,-70
BLE,1705099630571496937,D3:F4:55:AB:96:20,-70
BLE,1705099630763214857,D3:F4:55:AB:96:20,-78
BLE,1705099630954395951,D3:F4:55:AB:96:20,-71
BLE,1705099631040386652,DF:DF:EE:00:00:04,-38
BLE,1705099631148858006,D3:F4:55:AB:96:20,-76
BLE,1705099631311928554,DF:A6:DC:DC:2E:81,-69
BLE,1705099631312012219,DF:DF:EE:00:00:01,-69
BLE,1705099631336168061,D3:F4:55:AB:96:20,-70
BLE,1705099631529784043,D3:F4:55:AB:96:20,-76
BLE,1705099631921308289,D3:F4:55:AB:96:20,-70
BLE,1705099632115476181,D3:F4:55:AB:96:20,-93
BLE,1705099632311255720,D3:F4:55:AB:96:20,-69
BLE,1705099632507201925,D3:F4:55:AB:96:20,-70
BLE,1705099632586333289,DF:DF:EE:00:00:04,-39
BLE,1705099632900195195,D3:F4:55:AB:96:20,-76
BLE,1705099633040169639,DF:DF:EE:00:00:04,-52
BLE,1705099633578256459,DF:DF:EE:00:00:04,-56
BLE,1705099633676816679,D3:F4:55:AB:96:20,-71
BLE,1705099633856439533,DF:A6:DC:DC:2E:81,-68
BLE,1705099633856474575,DF:DF:EE:00:00:01,-68
BLE,1705099633870327746,D3:F4:55:AB:96:20,-78
BLE,1705099634035850098,DF:DF:EE:00:00:04,-39
BLE,1705099634057261180,D3:F4:55:AB:96:20,-70
BLE,1705099634246117593,D3:F4:55:AB:96:20,-68
BLE,1705099634437819888,D3:F4:55:AB:96:20,-70
BLE,1705099634575645690,DF:DF:EE:00:00:04,-38
BLE,1705099634636426853,D3:F4:55:AB:96:20,-76
BLE,1705099635020150524,D3:F4:55:AB:96:20,-76
BLE,1705099635210454003,D3:F4:55:AB:96:20,-68
BLE,1705099635789188722,D3:F4:55:AB:96:20,-71
BLE,1705099635984462143,D3:F4:55:AB:96:20,-76
BLE,1705099636040319988,DF:DF:EE:00:00:04,-39
BLE,1705099636368601517,D3:F4:55:AB:96:20,-78
BLE,1705099636404517055,DF:A6:DC:DC:2E:81,-72
BLE,1705099636404531513,DF:DF:EE:00:00:01,-72
BLE,1705099636754056209,D3:F4:55:AB:96:20,-72
BLE,1705099636953608496,D3:F4:55:AB:96:20,-76
BLE,1705099637149406244,D3:F4:55:AB:96:20,-67
BLE,1705099637538242563,D3:F4:55:AB:96:20,-76
BLE,1705099637583429159,DF:DF:EE:00:00:04,-40
BLE,1705099638042122702,DF:DF:EE:00:00:04,-38
BLE,1705099638119129924,D3:F4:55:AB:96:20,-93
BLE,1705099638692984451,D3:F4:55:AB:96:20,-71
BLE,1705099639040322590,DF:DF:EE:00:00:04,-39
BLE,1705099639077618944,D3:F4:55:AB:96:20,-70
BLE,1705099639270598725,D3:F4:55:AB:96:20,-76
BLE,1705099639458564440,D3:F4:55:AB:96:20,-71
BLE,1705099639587030309,DF:DF:EE:00:00:04,-40
BLE,1705099639650785271,D3:F4:55:AB:96:20,-75
BLE,1705099640037170119,D3:F4:55:AB:96:20,-77
BLE,1705099640042029979,DF:DF:EE:00:00:04,-38
BLE,1705099640224172803,DF:A6:DC:DC:2E:81,-67
BLE,1705099640224216511,DF:DF:EE:00:00:01,-67
BLE,1705099640422146525,D3:F4:55:AB:96:20,-70
BLE,1705099640617505028,D3:F4:55:AB:96:20,-81
BLE,1705099641383149391,D3:F4:55:AB:96:20,-76
BLE,1705099641569065504,D3:F4:55:AB:96:20,-56
BLE,1705099641584142619,DF:DF:EE:00:00:04,-57
BLE,1705099642147390103,D3:F4:55:AB:96:20,-76
BLE,1705099642334679992,D3:F4:55:AB:96:20,-69
BLE,1705099642584376900,DF:DF:EE:00:00:04,-38
BLE,1705099642723842141,D3:F4:55:AB:96:20,-53
BLE,1705099642767348132,DF:A6:DC:DC:2E:81,-67
BLE,1705099642767360381,DF:DF:EE:00:00:01,-67
BLE,1705099642913787374,D3:F4:55:AB:96:20,-76
BLE,1705099643297217049,D3:F4:55:AB:96:20,-76
BLE,1705099643490235870,D3:F4:55:AB:96:20,-67
BLE,1705099643681672378,D3:F4:55:AB:96:20,-75
BLE,1705099644451932645,D3:F4:55:AB:96:20,-71
BLE,1705099644648737047,D3:F4:55:AB:96:20,-75
BLE,1705099645029135299,D3:F4:55:AB:96:20,-78
BLE,1705099645037214662,DF:DF:EE:00:00:04,-39
BLE,1705099645220028229,D3:F4:55:AB:96:20,-70
BLE,1705099645577422375,DF:DF:EE:00:00:04,-38
BLE,1705099646381337623,D3:F4:55:AB:96:20,-73
BLE,1705099646569864372,D3:F4:55:AB:96:20,-87
BLE,1705099646580838327,DF:DF:EE:00:00:04,-40
BLE,1705099646587494082,DF:A6:DC:DC:2E:81,-68
BLE,1705099646587534540,DF:DF:EE:00:00:01,-68
BLE,1705099646764957212,D3:F4:55:AB:96:20,-76
BLE,1705099646951588400,D3:F4:55:AB:96:20,-71
BLE,1705099647729775158,D3:F4:55:AB:96:20,-76
BLE,1705099648042374495,DF:DF:EE:00:00:04,-40
BLE,1705099648499838094,D3:F4:55:AB:96:20,-70
BLE,1705099648689379331,D3:F4:55:AB:96:20,-68
BLE,1705099649037935039,DF:DF:EE:00:00:04,-39
BLE,1705099649073211334,D3:F4:55:AB:96:20,-69
BLE,1705099649262090580,D3:F4:55:AB:96:20,-76
BLE,1705099649457538290,D3:F4:55:AB:96:20,-67
BLE,1705099650030903739,D3:F4:55:AB:96:20,-71
BLE,1705099650041184118,DF:DF:EE:00:00:04,-38
BLE,1705099650224945757,D3:F4:55:AB:96:20,-78
BLE,1705099650414418121,D3:F4:55:AB:96:20,-70
BLE,1705099650585668197,DF:DF:EE:00:00:04,-40
BLE,1705099650604790807,D3:F4:55:AB:96:20,-67
BLE,1705099650985528304,D3:F4:55:AB:96:20,-67
BLE,1705099651037420738,DF:DF:EE:00:00:04,-52
BLE,1705099651368998478,D3:F4:55:AB:96:20,-68
BLE,1705099651557640018,D3:F4:55:AB:96:20,-76
BLE,1705099651582432353,DF:DF:EE:00:00:04,-39
BLE,1705099651680110417,DF:A6:DC:DC:2E:81,-72
BLE,1705099651680171332,DF:DF:EE:00:00:01,-72
BLE,1705099651743794462,D3:F4:55:AB:96:20,-70
BLE,1705099651936379247,D3:F4:55:AB:96:20,-76
BLE,1705099652041367059,DF:DF:EE:00:00:04,-52
BLE,1705099652313645952,D3:F4:55:AB:96:20,-68
BLE,1705099652956974373,DF:A6:DC:DC:2E:81,-69
BLE,1705099652957013331,DF:DF:EE:00:00:01,-69
BLE,1705099653038546376,DF:DF:EE:00:00:04,-23
BLE,1705099653271886517,D3:F4:55:AB:96:20,-71
BLE,1705099653469515827,D3:F4:55:AB:96:20,-77
BLE,1705099653580439152,DF:DF:EE:00:00:04,-41
BLE,1705099653663648094,D3:F4:55:AB:96:20,-67
BLE,1705099654051561216,D3:F4:55:AB:96:20,-76
BLE,1705099654441379482,D3:F4:55:AB:96:20,-70
BLE,1705099654576452399,DF:DF:EE:00:00:04,-38
BLE,1705099654639986571,D3:F4:55:AB:96:20,-76
BLE,1705099654832775396,D3:F4:55:AB:96:20,-69
BLE,1705099655408631732,D3:F4:55:AB:96:20,-70
BLE,1705099655501269189,DF:A6:DC:DC:2E:81,-67
BLE,1705099655501289605,DF:DF:EE:00:00:01,-67
BLE,1705099655605881921,D3:F4:55:AB:96:20,-76
BLE,1705099655799523653,D3:F4:55:AB:96:20,-68
BLE,1705099656040683994,DF:DF:EE:00:00:04,-39
BLE,1705099656176984480,D3:F4:55:AB:96:20,-75
BLE,1705099656571333152,D3:F4:55:AB:96:20,-76
BLE,1705099656761910711,D3:F4:55:AB:96:20,-71
BLE,1705099656956823635,D3:F4:55:AB:96:20,-76
BLE,1705099657042016346,DF:DF:EE:00:00:04,-40
BLE,1705099657342402701,D3:F4:55:AB:96:20,-70
BLE,1705099657531660317,D3:F4:55:AB:96:20,-69
BLE,1705099657727877893,D3:F4:55:AB:96:20,-70
BLE,1705099658041617759,DF:A6:DC:DC:2E:81,-68
BLE,1705099658041679717,DF:DF:EE:00:00:01,-68
BLE,1705099658307451144,D3:F4:55:AB:96:20,-77
BLE,1705099658880310016,D3:F4:55:AB:96:20,-67
BLE,1705099659266151704,D3:F4:55:AB:96:20,-68
BLE,1705099659650778364,D3:F4:55:AB:96:20,-67
BLE,1705099659845161087,D3:F4:55:AB:96:20,-71
BLE,1705099660038563487,D3:F4:55:AB:96:20,-76
BLE,1705099660042054363,DF:DF:EE:00:00:04,-39
BLE,1705099660224984428,D3:F4:55:AB:96:20,-56
BLE,1705099660414179378,D3:F4:55:AB:96:20,-68
BLE,1705099660984009327,D3:F4:55:AB:96:20,-76
BLE,1705099661041829025,DF:DF:EE:00:00:04,-38
BLE,1705099661370548590,D3:F4:55:AB:96:20,-56
BLE,1705099661582339150,DF:DF:EE:00:00:04,-39
BLE,1705099662131364010,D3:F4:55:AB:96:20,-76
BLE,1705099662322185857,D3:F4:55:AB:96:20,-69
BLE,1705099662513970569,D3:F4:55:AB:96:20,-76
BLE,1705099662582979552,DF:DF:EE:00:00:04,-40
BLE,1705099662708908493,D3:F4:55:AB:96:20,-67
BLE,1705099662904694782,D3:F4:55:AB:96:20,-70
BLE,1705099663099224420,D3:F4:55:AB:96:20,-76
BLE,1705099663576129666,DF:DF:EE:00:00:04,-38
BLE,1705099663674947633,D3:F4:55:AB:96:20,-68
BLE,1705099664043274526,DF:DF:EE:00:00:04,-39
BLE,1705099664052381294,D3:F4:55:AB:96:20,-70
BLE,1705099664248292957,D3:F4:55:AB:96:20,-76
BLE,1705099664409970646,DF:A6:DC:DC:2E:81,-69
BLE,1705099664410038521,DF:DF:EE:00:00:01,-69
BLE,1705099664434566358,D3:F4:55:AB:96:20,-70
BLE,1705099664584490727,DF:DF:EE:00:00:04,-41
BLE,1705099665037496002,DF:DF:EE:00:00:04,-39
BLE,1705099665210126605,D3:F4:55:AB:96:20,-93
BLE,1705099665398905101,D3:F4:55:AB:96:20,-72
BLE,1705099665583109610,DF:DF:EE:00:00:04,-38
BLE,1705099665590223443,D3:F4:55:AB:96:20,-58
BLE,1705099665980811534,D3:F4:55:AB:96:20,-76
BLE,1705099666043657589,DF:DF:EE:00:00:04,-52
BLE,1705099666167146267,D3:F4:55:AB:96:20,-70
BLE,1705099666362009943,D3:F4:55:AB:96:20,-78
BLE,1705099666584514419,DF:DF:EE:00:00:04,-39
BLE,1705099667041626772,DF:DF:EE:00:00:04,-39
BLE,1705099667510195199,D3:F4:55:AB:96:20,-76
BLE,1705099667581239283,DF:DF:EE:00:00:04,-27
BLE,1705099667897208539,D3:F4:55:AB:96:20,-56
BLE,1705099668037688602,DF:DF:EE:00:00:04,-39
BLE,1705099668092795123,D3:F4:55:AB:96:20,-76
BLE,1705099668281671993,D3:F4:55:AB:96:20,-70
BLE,1705099668475214142,D3:F4:55:AB:96:20,-76
BLE,1705099668667336808,D3:F4:55:AB:96:20,-68
BLE,1705099669040160815,DF:DF:EE:00:00:04,-40
BLE,1705099669247659259,D3:F4:55:AB:96:20,-70
BLE,1705099669445024738,D3:F4:55:AB:96:20,-76
BLE,1705099669580100406,DF:DF:EE:00:00:04,-39
BLE,1705099669635169469,D3:F4:55:AB:96:20,-68
BLE,1705099669828084875,D3:F4:55:AB:96:20,-76
BLE,1705099670041620290,DF:DF:EE:00:00:04,-39
BLE,1705099670577926090,DF:DF:EE:00:00:04,-38
BLE,1705099670599611544,D3:F4:55:AB:96:20,-71
BLE,1705099670783719762,DF:A6:DC:DC:2E:81,-72
BLE,1705099670783734387,DF:DF:EE:00:00:01,-72
BLE,1705099671038693066,DF:DF:EE:00:00:04,-40
BLE,1705099671180050994,D3:F4:55:AB:96:20,-71
BLE,1705099671581106878,DF:DF:EE:00:00:04,-40
BLE,1705099671758908795,D3:F4:55:AB:96:20,-83
BLE,1705099671947676625,D3:F4:55:AB:96:20,-70
BLE,1705099672037454823,DF:DF:EE:00:00:04,-40
BLE,1705099672141664852,D3:F4:55:AB:96:20,-76
BLE,1705099672528748317,D3:F4:55:AB:96:20,-75
BLE,1705099672577518121,DF:DF:EE:00:00:04,-39
BLE,1705099672913958554,D3:F4:55:AB:96:20,-70
BLE,1705099673110232754,D3:F4:55:AB:96:20,-76
BLE,1705099673583314587,DF:DF:EE:00:00:04,-39
BLE,1705099673680928318,D3:F4:55:AB:96:20,-71
BLE,1705099673869985811,D3:F4:55:AB:96:20,-53
BLE,1705099674042383791,DF:DF:EE:00:00:04,-39
BLE,1705099674065091484,D3:F4:55:AB:96:20,-70
BLE,1705099674255210381,D3:F4:55:AB:96:20,-76
BLE,1705099674578730049,DF:DF:EE:00:00:04,-38
BLE,1705099674602414438,DF:A6:DC:DC:2E:81,-69
BLE,1705099674602443438,DF:DF:EE:00:00:01,-69
BLE,1705099674633778321,D3:F4:55:AB:96:20,-69
BLE,1705099675212338292,D3:F4:55:AB:96:20,-70
BLE,1705099675405038743,D3:F4:55:AB:96:20,-76
BLE,1705099675595369680,D3:F4:55:AB:96:20,-71
BLE,1705099676172941954,D3:F4:55:AB:96:20,-76
BLE,1705099676362933103,D3:F4:55:AB:96:20,-67
BLE,1705099676577329675,DF:DF:EE:00:00:04,-40
BLE,1705099676747727095,D3:F4:55:AB:96:20,-68
BLE,1705099676939879219,D3:F4:55:AB:96:20,-72
BLE,1705099677035188894,DF:DF:EE:00:00:04,-39
BLE,1705099677323071854,D3:F4:55:AB:96:20,-71
BLE,1705099677522711599,D3:F4:55:AB:96:20,-76
BLE,1705099677579617974,DF:DF:EE:00:00:04,-39
BLE,1705099677708313216,D3:F4:55:AB:96:20,-56
BLE,1705099677900645296,D3:F4:55:AB:96:20,-61
BLE,1705099678280584803,D3:F4:55:AB:96:20,-68
BLE,1705099678471133070,D3:F4:55:AB:96:20,-70
BLE,1705099678860994127,D3:F4:55:AB:96:20,-67
BLE,1705099679040974519,DF:DF:EE:00:00:04,-39
BLE,1705099679243535437,D3:F4:55:AB:96:20,-68
BLE,1705099679575813127,DF:DF:EE:00:00:04,-38
BLE,1705099679627825560,D3:F4:55:AB:96:20,-68
BLE,1705099680015540351,D3:F4:55:AB:96:20,-61
BLE,1705099680035854529,DF:DF:EE:00:00:04,-38
BLE,1705099680203284651,D3:F4:55:AB:96:20,-70
BLE,1705099680398011619,D3:F4:55:AB:96:20,-76
BLE,1705099680579679283,DF:DF:EE:00:00:04,-39
BLE,1705099680585585047,D3:F4:55:AB:96:20,-57
BLE,1705099680777961335,D3:F4:55:AB:96:20,-67
BLE,1705099680969119220,DF:A6:DC:DC:2E:81,-69
BLE,1705099680969133761,DF:DF:EE:00:00:01,-69
BLE,1705099681545546008,D3:F4:55:AB:96:20,-75
BLE,1705099681580190727,DF:DF:EE:00:00:04,-36
BLE,1705099681734508086,D3:F4:55:AB:96:20,-70
BLE,1705099681932409767,D3:F4:55:AB:96:20,-76
BLE,1705099682314791829,D3:F4:55:AB:96:20,-94
BLE,1705099682502136842,D3:F4:55:AB:96:20,-71
BLE,1705099682584630126,DF:DF:EE:00:00:04,-40
BLE,1705099683268154451,D3:F4:55:AB:96:20,-88
BLE,1705099683510439320,DF:A6:DC:DC:2E:81,-67
BLE,1705099683510479737,DF:DF:EE:00:00:01,-67
BLE,1705099683582798598,DF:DF:EE:00:00:04,-38
BLE,1705099684230259429,D3:F4:55:AB:96:20,-71
BLE,1705099684810977166,D3:F4:55:AB:96:20,-77
BLE,1705099685000313948,D3:F4:55:AB:96:20,-76
BLE,1705099685041505341,DF:DF:EE:00:00:04,-40
BLE,1705099685575579917,DF:DF:EE:00:00:04,-23
BLE,1705099685768154327,D3:F4:55:AB:96:20,-68
BLE,1705099685960664321,D3:F4:55:AB:96:20,-61
BLE,1705099686042073159,DF:DF:EE:00:00:04,-39
BLE,1705099686341253529,D3:F4:55:AB:96:20,-77
BLE,1705099686526914937,D3:F4:55:AB:96:20,-75
BLE,1705099686581510839,DF:DF:EE:00:00:04,-39
BLE,1705099686725007741,D3:F4:55:AB:96:20,-75
BLE,1705099686918512682,D3:F4:55:AB:96:20,-69
BLE,1705099687301884566,D3:F4:55:AB:96:20,-58
BLE,1705099687868416220,D3:F4:55:AB:96:20,-97
BLE,1705099688042250600,DF:DF:EE:00:00:04,-39
BLE,1705099688059667979,D3:F4:55:AB:96:20,-70
BLE,1705099688446658195,D3:F4:55:AB:96:20,-68
BLE,1705099688636524762,D3:F4:55:AB:96:20,-76
BLE,1705099689041468601,DF:DF:EE:00:00:04,-40
BLE,1705099689405460837,D3:F4:55:AB:96:20,-71
BLE,1705099689792631925,D3:F4:55:AB:96:20,-70
BLE,1705099689985085671,D3:F4:55:AB:96:20,-76
BLE,1705099690172024022,D3:F4:55:AB:96:20,-57
BLE,1705099690553385887,D3:F4:55:AB:96:20,-89
BLE,1705099690578905380,DF:DF:EE:00:00:04,-38
BLE,1705099691041530293,DF:DF:EE:00:00:04,-40
BLE,1705099691123392792,D3:F4:55:AB:96:20,-68
BLE,1705099691575252373,DF:DF:EE:00:00:04,-39
BLE,1705099691699033673,D3:F4:55:AB:96:20,-76
BLE,1705099691885590029,D3:F4:55:AB:96:20,-70
BLE,1705099692268098048,D3:F4:55:AB:96:20,-70
BLE,1705099692461712654,D3:F4:55:AB:96:20,-76
BLE,1705099692651723678,D3:F4:55:AB:96:20,-70
BLE,1705099693032320177,D3:F4:55:AB:96:20,-70
BLE,1705099693045953142,DF:DF:EE:00:00:04,-40
BLE,1705099693223293273,D3:F4:55:AB:96:20,-76
BLE,1705099693411731524,D3:F4:55:AB:96:20,-73
BLE,1705099693578486153,DF:DF:EE:00:00:04,-39
BLE,1705099693602031627,D3:F4:55:AB:96:20,-68
BLE,1705099693692246320,DF:A6:DC:DC:2E:81,-71
BLE,1705099693692271987,DF:DF:EE:00:00:01,-71
BLE,1705099693796633264,D3:F4:55:AB:96:20,-56
BLE,1705099693992571552,D3:F4:55:AB:96:20,-75
BLE,1705099694041657768,DF:DF:EE:00:00:04,-38
BLE,1705099694178262209,D3:F4:55:AB:96:20,-70
BLE,1705099694577232702,DF:DF:EE:00:00:04,-23
BLE,1705099694944619647,D3:F4:55:AB:96:20,-70
BLE,1705099695133179521,D3:F4:55:AB:96:20,-67
BLE,1705099695323391668,D3:F4:55:AB:96:20,-71
BLE,1705099695521802677,D3:F4:55:AB:96:20,-76
BLE,1705099695579202171,DF:DF:EE:00:00:04,-39
BLE,1705099695710763338,D3:F4:55:AB:96:20,-70
BLE,1705099695900828944,D3:F4:55:AB:96:20,-78
BLE,1705099696096576859,D3:F4:55:AB:96:20,-67
BLE,1705099696673740972,D3:F4:55:AB:96:20,-71
BLE,1705099696864035451,D3:F4:55:AB:96:20,-68
BLE,1705099697254432502,D3:F4:55:AB:96:20,-76
BLE,1705099697450038043,D3:F4:55:AB:96:20,-67
BLE,1705099697507314289,DF:A6:DC:DC:2E:81,-67
BLE,1705099697507359330,DF:DF:EE:00:00:01,-67
BLE,1705099697582295160,DF:DF:EE:00:00:04,-39
BLE,1705099697645563878,D3:F4:55:AB:96:20,-70
BLE,1705099698575338359,DF:DF:EE:00:00:04,-38
BLE,1705099699039336798,DF:DF:EE:00:00:04,-39
BLE,1705099699381087961,D3:F4:55:AB:96:20,-53
BLE,1705099699573707620,D3:F4:55:AB:96:20,-76
BLE,1705099699760951927,D3:F4:55:AB:96:20,-70
BLE,1705099700574059733,DF:DF:EE:00:00:04,-38
BLE,1705099700723582523,D3:F4:55:AB:96:20,-70
BLE,1705099700921450580,D3:F4:55:AB:96:20,-77
BLE,1705099701107728981,D3:F4:55:AB:96:20,-56
BLE,1705099701331884605,DF:A6:DC:DC:2E:81,-69
BLE,1705099701331921979,DF:DF:EE:00:00:01,-69
BLE,1705099701868492693,D3:F4:55:AB:96:20,-76
BLE,1705099702043750181,DF:DF:EE:00:00:04,-40
BLE,1705099702054971216,D3:F4:55:AB:96:20,-71
BLE,1705099702245778522,D3:F4:55:AB:96:20,-76
BLE,1705099702437029573,D3:F4:55:AB:96:20,-70
BLE,1705099702632972528,D3:F4:55:AB:96:20,-77
BLE,1705099702827910577,D3:F4:55:AB:96:20,-68
BLE,1705099703216843812,D3:F4:55:AB:96:20,-76
BLE,1705099703793797719,D3:F4:55:AB:96:20,-53
BLE,1705099703876340252,DF:A6:DC:DC:2E:81,-69
BLE,1705099703876388209,DF:DF:EE:00:00:01,-69
BLE,1705099703988374189,D3:F4:55:AB:96:20,-71
BLE,1705099704038730849,DF:DF:EE:00:00:04,-38
BLE,1705099704186145664,D3:F4:55:AB:96:20,-61
BLE,1705099704566882328,D3:F4:55:AB:96:20,-76
BLE,1705099704753909595,D3:F4:55:AB:96:20,-70
BLE,1705099704949439679,D3:F4:55:AB:96:20,-76
BLE,1705099705041115563,DF:DF:EE:00:00:04,-39
BLE,1705099705135752205,D3:F4:55:AB:96:20,-70
BLE,1705099705328580070,D3:F4:55:AB:96:20,-76
BLE,1705099705579305924,DF:DF:EE:00:00:04,-39
BLE,1705099705711102839,D3:F4:55:AB:96:20,-61
BLE,1705099706276444882,D3:F4:55:AB:96:20,-76
BLE,1705099706469462120,D3:F4:55:AB:96:20,-69
BLE,1705099706577648519,DF:DF:EE:00:00:04,-38
BLE,1705099706661483954,D3:F4:55:AB:96:20,-76
BLE,1705099706851417854,D3:F4:55:AB:96:20,-67
BLE,1705099707035755069,DF:DF:EE:00:00:04,-39
BLE,1705099707046028365,D3:F4:55:AB:96:20,-70
BLE,1705099707243451469,D3:F4:55:AB:96:20,-76
BLE,1705099707429780619,D3:F4:55:AB:96:20,-70
BLE,1705099707574915210,DF:DF:EE:00:00:04,-39
BLE,1705099707623587807,D3:F4:55:AB:96:20,-76
BLE,1705099707698710635,DF:A6:DC:DC:2E:81,-69
BLE,1705099707698740301,DF:DF:EE:00:00:01,-69
BLE,1705099707813838453,D3:F4:55:AB:96:20,-71
BLE,1705099708009373495,D3:F4:55:AB:96:20,-75
BLE,1705099708196354763,D3:F4:55:AB:96:20,-70
BLE,1705099708392949084,D3:F4:55:AB:96:20,-76
BLE,1705099708586419693,D3:F4:55:AB:96:20,-68
BLE,1705099708781570781,D3:F4:55:AB:96:20,-70
BLE,1705099708970699607,D3:F4:55:AB:96:20,-67
BLE,1705099709036299588,DF:DF:EE:00:00:04,-39
BLE,1705099709160633757,D3:F4:55:AB:96:20,-88
BLE,1705099709356457546,D3:F4:55:AB:96:20,-95
BLE,1705099709543801934,D3:F4:55:AB:96:20,-72
BLE,1705099709577733495,DF:DF:EE:00:00:04,-44
BLE,1705099709927341565,D3:F4:55:AB:96:20,-72
BLE,1705099710312448179,D3:F4:55:AB:96:20,-72
BLE,1705099710890653696,D3:F4:55:AB:96:20,-75
BLE,1705099711037295311,DF:DF:EE:00:00:04,-40
BLE,1705099711078235081,D3:F4:55:AB:96:20,-70
BLE,1705099711268519144,D3:F4:55:AB:96:20,-96
BLE,1705099711458259337,D3:F4:55:AB:96:20,-70
BLE,1705099711583318164,DF:DF:EE:00:00:04,-40
BLE,1705099712035782738,DF:DF:EE:00:00:04,-23
BLE,1705099712228748227,D3:F4:55:AB:96:20,-67
BLE,1705099712421576259,D3:F4:55:AB:96:20,-76
BLE,1705099712575829369,DF:DF:EE:00:00:04,-39
BLE,1705099712785357955,DF:A6:DC:DC:2E:81,-69
BLE,1705099712785416621,DF:DF:EE:00:00:01,-69
BLE,1705099712811585690,D3:F4:55:AB:96:20,-71
BLE,1705099713006498740,D3:F4:55:AB:96:20,-93
BLE,1705099713034710784,DF:DF:EE:00:00:04,-39
BLE,1705099713199851224,D3:F4:55:AB:96:20,-67
BLE,1705099713388947592,D3:F4:55:AB:96:20,-78
BLE,1705099713573314849,DF:DF:EE:00:00:04,-40
BLE,1705099713576694559,D3:F4:55:AB:96:20,-72
BLE,1705099713578251207,D3:F4:55:AB:96:20,-67
BLE,1705099713971070563,D3:F4:55:AB:96:20,-77
BLE,1705099714159930976,D3:F4:55:AB:96:20,-71
BLE,1705099714355721682,D3:F4:55:AB:96:20,-95
BLE,1705099714578917567,DF:DF:EE:00:00:04,-39
BLE,1705099714937634281,D3:F4:55:AB:96:20,-76
BLE,1705099715123356688,D3:F4:55:AB:96:20,-70
BLE,1705099715319131603,D3:F4:55:AB:96:20,-76
BLE,1705099715327268591,DF:A6:DC:DC:2E:81,-68
BLE,1705099715327294590,DF:DF:EE:00:00:01,-68
BLE,1705099715575311018,DF:DF:EE:00:00:04,-38
BLE,1705099715699223899,D3:F4:55:AB:96:20,-69
BLE,1705099715896563004,D3:F4:55:AB:96:20,-68
BLE,1705099716043350701,DF:DF:EE:00:00:04,-40
BLE,1705099716089421745,D3:F4:55:AB:96:20,-76
BLE,1705099716282617939,D3:F4:55:AB:96:20,-67
BLE,1705099716579843124,DF:DF:EE:00:00:04,-40
BLE,1705099717037593011,DF:DF:EE:00:00:04,-38
BLE,1705099717257430852,D3:F4:55:AB:96:20,-75
BLE,1705099717452677231,D3:F4:55:AB:96:20,-68
BLE,1705099717645977716,D3:F4:55:AB:96:20,-76
BLE,1705099717844761345,D3:F4:55:AB:96:20,-76
BLE,1705099717873113513,DF:A6:DC:DC:2E:81,-54
BLE,1705099717873160054,DF:DF:EE:00:00:01,-54
BLE,1705099718033607883,D3:F4:55:AB:96:20,-53
BLE,1705099718041624372,DF:DF:EE:00:00:04,-52
BLE,1705099718417768424,D3:F4:55:AB:96:20,-68
BLE,1705099718576412023,DF:DF:EE:00:00:04,-39
BLE,1705099718798684169,D3:F4:55:AB:96:20,-68
BLE,1705099718987658955,D3:F4:55:AB:96:20,-75
BLE,1705099719173906690,D3:F4:55:AB:96:20,-70
BLE,1705099719368853905,D3:F4:55:AB:96:20,-78
BLE,1705099719557751192,D3:F4:55:AB:96:20,-71
BLE,1705099719575219488,DF:DF:EE:00:00:04,-39
BLE,1705099719746819394,D3:F4:55:AB:96:20,-67
BLE,1705099719940192212,D3:F4:55:AB:96:20,-70
BLE,1705099720043702749,DF:DF:EE:00:00:04,-40
BLE,1705099720128941042,D3:F4:55:AB:96:20,-68
BLE,1705099720321591701,D3:F4:55:AB:96:20,-76
BLE,1705099720705506995,D3:F4:55:AB:96:20,-70
BLE,1705099720900158464,D3:F4:55:AB:96:20,-76
BLE,1705099721037207650,DF:DF:EE:00:00:04,-40
BLE,1705099721094005985,D3:F4:55:AB:96:20,-68
BLE,1705099721285230786,D3:F4:55:AB:96:20,-76
BLE,1705099721573565616,DF:DF:EE:00:00:04,-38
BLE,1705099722043166989,DF:DF:EE:00:00:04,-39
BLE,1705099722245006541,D3:F4:55:AB:96:20,-68
BLE,1705099722580167990,DF:DF:EE:00:00:04,-39
BLE,1705099722631687886,D3:F4:55:AB:96:20,-77
BLE,1705099722824040591,D3:F4:55:AB:96:20,-71
BLE,1705099723018164066,D3:F4:55:AB:96:20,-80
BLE,1705099723204103263,D3:F4:55:AB:96:20,-71
BLE,1705099723967898814,D3:F4:55:AB:96:20,-71
BLE,1705099724161613503,D3:F4:55:AB:96:20,-75
BLE,1705099724318924201,DF:DF:EE:00:00:04,-40
BLE,1705099724349929880,D3:F4:55:AB:96:20,-71
BLE,1705099724922774376,D3:F4:55:AB:96:20,-67
BLE,1705099725313150344,DF:DF:EE:00:00:04,-39
BLE,1705099725504157940,D3:F4:55:AB:96:20,-53
BLE,1705099725856133691,DF:DF:EE:00:00:04,-39
BLE,1705099725887321367,D3:F4:55:AB:96:20,-68
BLE,1705099726280194306,D3:F4:55:AB:96:20,-76
BLE,1705099726315187021,DF:DF:EE:00:00:04,-39
BLE,1705099726465392178,D3:F4:55:AB:96:20,-71
BLE,1705099726662708824,D3:F4:55:AB:96:20,-76
BLE,1705099726851342948,D3:F4:55:AB:96:20,-70
BLE,1705099727041266639,D3:F4:55:AB:96:20,-61
BLE,1705099727231907906,D3:F4:55:AB:96:20,-71
BLE,1705099727426419418,D3:F4:55:AB:96:20,-76
BLE,1705099727593168965,DF:DF:EE:00:00:04,-38
BLE,1705099727615094333,D3:F4:55:AB:96:20,-70
BLE,1705099728065739345,DF:A6:DC:DC:2E:81,-69
BLE,1705099728065814010,DF:DF:EE:00:00:01,-69
BLE,1705099728575159959,D3:F4:55:AB:96:20,-75
BLE,1705099728598088816,DF:DF:EE:00:00:04,-52
BLE,1705099728761919855,D3:F4:55:AB:96:20,-70
BLE,1705099728954297976,D3:F4:55:AB:96:20,-61
BLE,1705099729344553737,D3:F4:55:AB:96:20,-70
BLE,1705099729539999197,D3:F4:55:AB:96:20,-76
BLE,1705099729734144047,D3:F4:55:AB:96:20,-67
BLE,1705099729865772463,DF:DF:EE:00:00:04,-39
BLE,1705099729930335207,D3:F4:55:AB:96:20,-70
BLE,1705099730317073009,D3:F4:55:AB:96:20,-70
BLE,1705099730413860167,DF:DF:EE:00:00:04,-51
BLE,1705099730711827968,D3:F4:55:AB:96:20,-76
BLE,1705099730902008614,D3:F4:55:AB:96:20,-71
BLE,1705099731096685542,D3:F4:55:AB:96:20,-76
BLE,1705099731290862475,D3:F4:55:AB:96:20,-53
BLE,1705099731682222723,D3:F4:55:AB:96:20,-76
BLE,1705099731869903191,D3:F4:55:AB:96:20,-71
BLE,1705099732063000512,D3:F4:55:AB:96:20,-75
BLE,1705099732150750234,DF:DF:EE:00:00:04,-39
BLE,1705099732249633867,D3:F4:55:AB:96:20,-71
BLE,1705099732442936269,D3:F4:55:AB:96:20,-76
BLE,1705099732832150584,D3:F4:55:AB:96:20,-70
BLE,1705099733146426485,DF:DF:EE:00:00:04,-38
BLE,1705099733405681323,D3:F4:55:AB:96:20,-53
BLE,1705099733792968910,D3:F4:55:AB:96:20,-76
BLE,1705099733988698950,D3:F4:55:AB:96:20,-53
BLE,1705099734422635199,DF:DF:EE:00:00:04,-39
BLE,1705099734564988782,D3:F4:55:AB:96:20,-71
BLE,1705099734761308898,D3:F4:55:AB:96:20,-76
BLE,1705099734951107341,D3:F4:55:AB:96:20,-57
BLE,1705099734963160533,DF:DF:EE:00:00:04,-40
BLE,1705099735339116920,D3:F4:55:AB:96:20,-53
BLE,1705099735420465717,DF:DF:EE:00:00:04,-39
BLE,1705099735911595005,D3:F4:55:AB:96:20,-75
BLE,1705099736681606025,D3:F4:55:AB:96:20,-70
BLE,1705099736876445784,D3:F4:55:AB:96:20,-78
BLE,1705099737261395148,D3:F4:55:AB:96:20,-78
BLE,1705099737647177462,D3:F4:55:AB:96:20,-70
BLE,1705099737846393628,D3:F4:55:AB:96:20,-76
BLE,1705099738037675303,D3:F4:55:AB:96:20,-68
BLE,1705099738226808087,D3:F4:55:AB:96:20,-76
BLE,1705099738416887694,D3:F4:55:AB:96:20,-70
BLE,1705099738503491637,DF:DF:EE:00:00:04,-39
BLE,1705099738607808999,D3:F4:55:AB:96:20,-76
BLE,1705099738802773798,D3:F4:55:AB:96:20,-68
BLE,1705099738996905273,D3:F4:55:AB:96:20,-70
BLE,1705099739194689831,D3:F4:55:AB:96:20,-81
BLE,1705099739380985815,D3:F4:55:AB:96:20,-71
BLE,1705099739523305689,DF:A6:DC:DC:2E:81,-72
BLE,1705099739523365522,DF:DF:EE:00:00:01,-72
BLE,1705099739576757813,D3:F4:55:AB:96:20,-76
BLE,1705099739771351158,D3:F4:55:AB:96:20,-67
BLE,1705099739967276279,D3:F4:55:AB:96:20,-57
BLE,1705099740160536473,D3:F4:55:AB:96:20,-77
BLE,1705099740238053107,DF:DF:EE:00:00:04,-38
BLE,1705099740350820869,D3:F4:55:AB:96:20,-70
BLE,1705099741310430043,D3:F4:55:AB:96:20,-76
BLE,1705099741891870314,D3:F4:55:AB:96:20,-77
BLE,1705099742054082455,DF:DF:EE:00:00:04,-39
BLE,1705099742086713781,D3:F4:55:AB:96:20,-67
BLE,1705099742477556993,D3:F4:55:AB:96:20,-61
BLE,1705099742670249527,D3:F4:55:AB:96:20,-70
BLE,1705099742864674874,D3:F4:55:AB:96:20,-76
BLE,1705099743054141988,D3:F4:55:AB:96:20,-68
BLE,1705099743055495347,DF:DF:EE:00:00:04,-38
BLE,1705099743244404134,D3:F4:55:AB:96:20,-75
BLE,1705099743343634221,DF:A6:DC:DC:2E:81,-68
BLE,1705099743343649596,DF:DF:EE:00:00:01,-68
BLE,1705099743440600127,D3:F4:55:AB:96:20,-68
BLE,1705099743513063278,DF:DF:EE:00:00:04,-23
BLE,1705099743635093681,D3:F4:55:AB:96:20,-71
BLE,1705099744394070539,D3:F4:55:AB:96:20,-76
BLE,1705099744579504533,D3:F4:55:AB:96:20,-70
BLE,1705099744964081861,D3:F4:55:AB:96:20,-57
BLE,1705099745155999071,D3:F4:55:AB:96:20,-76
BLE,1705099745538153510,D3:F4:55:AB:96:20,-76
BLE,1705099745724558368,D3:F4:55:AB:96:20,-75
BLE,1705099745788239205,DF:DF:EE:00:00:04,-40
BLE,1705099745893212392,DF:A6:DC:DC:2E:81,-72
BLE,1705099745893226975,DF:DF:EE:00:00:01,-72
BLE,1705099745919316669,D3:F4:55:AB:96:20,-76
BLE,1705099746115581953,D3:F4:55:AB:96:20,-68
BLE,1705099746306848337,D3:F4:55:AB:96:20,-76
BLE,1705099746327143308,DF:DF:EE:00:00:04,-39
BLE,1705099746492216499,D3:F4:55:AB:96:20,-70
BLE,1705099746685571817,D3:F4:55:AB:96:20,-76
BLE,1705099746872120423,D3:F4:55:AB:96:20,-71
BLE,1705099747166570806,DF:A6:DC:DC:2E:81,-72
BLE,1705099747166608097,DF:DF:EE:00:00:01,-72
BLE,1705099747632344349,D3:F4:55:AB:96:20,-61
BLE,1705099747828284595,D3:F4:55:AB:96:20,-67
BLE,1705099748217733740,D3:F4:55:AB:96:20,-76
BLE,1705099748600980834,DF:DF:EE:00:00:04,-39
BLE,1705099748991002722,D3:F4:55:AB:96:20,-70
BLE,1705099749374360398,D3:F4:55:AB:96:20,-72
BLE,1705099749770921960,D3:F4:55:AB:96:20,-77
BLE,1705099750337205492,DF:DF:EE:00:00:04,-39
BLE,1705099750352386522,D3:F4:55:AB:96:20,-76
BLE,1705099750540769440,D3:F4:55:AB:96:20,-71
BLE,1705099750739552569,D3:F4:55:AB:96:20,-76
BLE,1705099751128758259,D3:F4:55:AB:96:20,-71
BLE,1705099751320855050,D3:F4:55:AB:96:20,-76
BLE,1705099751511093363,D3:F4:55:AB:96:20,-57
BLE,1705099751609702916,DF:DF:EE:00:00:04,-40
BLE,1705099751705538502,D3:F4:55:AB:96:20,-76
BLE,1705099752142585631,DF:DF:EE:00:00:04,-39
BLE,1705099752286763775,D3:F4:55:AB:96:20,-76
BLE,1705099752476398054,D3:F4:55:AB:96:20,-70
BLE,1705099752607323270,DF:DF:EE:00:00:04,-40
BLE,1705099752666504326,D3:F4:55:AB:96:20,-67
BLE,1705099753248769338,D3:F4:55:AB:96:20,-53
BLE,1705099753439479853,D3:F4:55:AB:96:20,-76
BLE,1705099753540489128,DF:A6:DC:DC:2E:81,-72
BLE,1705099753540540544,DF:DF:EE:00:00:01,-72
BLE,1705099753604655793,DF:DF:EE:00:00:04,-39
BLE,1705099753630066620,D3:F4:55:AB:96:20,-68
BLE,1705099754023529594,D3:F4:55:AB:96:20,-76
BLE,1705099754149766031,DF:DF:EE:00:00:04,-39
BLE,1705099754215309222,D3:F4:55:AB:96:20,-69
BLE,1705099754607024799,D3:F4:55:AB:96:20,-76
BLE,1705099754796086751,D3:F4:55:AB:96:20,-70
BLE,1705099754816843549,DF:A6:DC:DC:2E:81,-69
BLE,1705099754816873840,DF:DF:EE:00:00:01,-69
BLE,1705099755147626257,DF:DF:EE:00:00:04,-40
BLE,1705099755373614609,D3:F4:55:AB:96:20,-77
BLE,1705099755569195734,D3:F4:55:AB:96:20,-69
BLE,1705099755606105302,DF:DF:EE:00:00:04,-38
BLE,1705099755757601069,D3:F4:55:AB:96:20,-76
BLE,1705099755947784424,D3:F4:55:AB:96:20,-68
BLE,1705099756144486161,DF:DF:EE:00:00:04,-38
BLE,1705099756523035392,D3:F4:55:AB:96:20,-76
BLE,1705099756608894428,DF:DF:EE:00:00:04,-22
BLE,1705099756912060043,D3:F4:55:AB:96:20,-70
BLE,1705099757105294196,D3:F4:55:AB:96:20,-76
BLE,1705099757369264103,DF:A6:DC:DC:2E:81,-72
BLE,1705099757369299352,DF:DF:EE:00:00:01,-72
BLE,1705099757493117985,D3:F4:55:AB:96:20,-70
BLE,1705099757688748818,D3:F4:55:AB:96:20,-76
BLE,1705099757877354567,D3:F4:55:AB:96:20,-70
BLE,1705099758066197062,D3:F4:55:AB:96:20,-69
BLE,1705099758261169611,D3:F4:55:AB:96:20,-70
BLE,1705099758416961995,DF:DF:EE:00:00:04,-39
BLE,1705099758452896074,D3:F4:55:AB:96:20,-76
BLE,1705099758880772185,DF:DF:EE:00:00:04,-41
BLE,1705099759227512290,D3:F4:55:AB:96:20,-70
BLE,1705099759613387685,D3:F4:55:AB:96:20,-71
BLE,1705099759923170056,DF:A6:DC:DC:2E:81,-67
BLE,1705099759923202014,DF:DF:EE:00:00:01,-67
BLE,1705099760150566767,DF:DF:EE:00:00:04,-39
BLE,1705099760958692424,D3:F4:55:AB:96:20,-56
BLE,1705099761342175722,D3:F4:55:AB:96:20,-71
BLE,1705099761536487071,D3:F4:55:AB:96:20,-76
BLE,1705099761726425387,D3:F4:55:AB:96:20,-56
BLE,1705099761920282532,D3:F4:55:AB:96:20,-76
BLE,1705099762106481893,D3:F4:55:AB:96:20,-72
BLE,1705099762468962937,DF:A6:DC:DC:2E:81,-70
BLE,1705099762469028353,DF:DF:EE:00:00:01,-70
BLE,1705099762488581541,D3:F4:55:AB:96:20,-70
BLE,1705099762684400747,D3:F4:55:AB:96:20,-77
BLE,1705099762695586865,DF:DF:EE:00:00:04,-39
BLE,1705099763068084585,D3:F4:55:AB:96:20,-76
BLE,1705099763157358414,DF:DF:EE:00:00:04,-40
BLE,1705099763261174656,D3:F4:55:AB:96:20,-70
BLE,1705099763838452850,D3:F4:55:AB:96:20,-71
BLE,1705099764035398585,D3:F4:55:AB:96:20,-77
BLE,1705099764815096408,D3:F4:55:AB:96:20,-53
BLE,1705099765207689475,D3:F4:55:AB:96:20,-76
BLE,1705099765394526619,D3:F4:55:AB:96:20,-73
BLE,1705099765971095781,D3:F4:55:AB:96:20,-76
BLE,1705099766158414419,D3:F4:55:AB:96:20,-70
BLE,1705099766242122814,DF:DF:EE:00:00:04,-39
BLE,1705099766546721120,D3:F4:55:AB:96:20,-68
BLE,1705099766705485218,DF:DF:EE:00:00:04,-39
BLE,1705099766737800090,D3:F4:55:AB:96:20,-77
BLE,1705099766928643270,D3:F4:55:AB:96:20,-69
BLE,1705099767119401077,D3:F4:55:AB:96:20,-61
BLE,1705099767306267054,D3:F4:55:AB:96:20,-70
BLE,1705099767563137961,DF:A6:DC:DC:2E:81,-72
BLE,1705099767563170544,DF:DF:EE:00:00:01,-72
BLE,1705099767694069927,D3:F4:55:AB:96:20,-67
BLE,1705099767703214320,DF:DF:EE:00:00:04,-40
BLE,1705099768075261420,D3:F4:55:AB:96:20,-67
BLE,1705099768266307473,D3:F4:55:AB:96:20,-78
BLE,1705099768654567466,D3:F4:55:AB:96:20,-71
BLE,1705099768833727242,DF:A6:DC:DC:2E:81,-68
BLE,1705099768833760075,DF:DF:EE:00:00:01,-68
BLE,1705099768847742911,D3:F4:55:AB:96:20,-76
BLE,1705099769624047774,D3:F4:55:AB:96:20,-70
BLE,1705099769972727064,DF:DF:EE:00:00:04,-39
BLE,1705099770517985717,DF:DF:EE:00:00:04,-39
BLE,1705099770597044041,D3:F4:55:AB:96:20,-69
BLE,1705099770978484530,DF:DF:EE:00:00:04,-38
BLE,1705099770986161232,D3:F4:55:AB:96:20,-76
BLE,1705099771373298071,D3:F4:55:AB:96:20,-75
BLE,1705099771513336639,DF:DF:EE:00:00:04,-28
BLE,1705099771559629680,D3:F4:55:AB:96:20,-71
BLE,1705099771948334750,D3:F4:55:AB:96:20,-68
BLE,1705099772144459536,D3:F4:55:AB:96:20,-70
BLE,1705099772333467946,D3:F4:55:AB:96:20,-69
BLE,1705099772520088218,DF:DF:EE:00:00:04,-40
BLE,1705099772657664273,DF:A6:DC:DC:2E:81,-70
BLE,1705099772657720606,DF:DF:EE:00:00:01,-70
BLE,1705099772924760227,D3:F4:55:AB:96:20,-77
BLE,1705099772980609656,DF:DF:EE:00:00:04,-39
BLE,1705099773117302555,D3:F4:55:AB:96:20,-69
BLE,1705099773307108956,D3:F4:55:AB:96:20,-76
BLE,1705099773510570197,DF:DF:EE:00:00:04,-39
BLE,1705099773694698623,D3:F4:55:AB:96:20,-69
BLE,1705099773888346229,D3:F4:55:AB:96:20,-78
BLE,1705099773975920745,DF:DF:EE:00:00:04,-38
BLE,1705099775204067147,DF:A6:DC:DC:2E:81,-55
BLE,1705099775204112897,DF:DF:EE:00:00:01,-55
BLE,1705099775225200775,D3:F4:55:AB:96:20,-70
BLE,1705099775419775495,D3:F4:55:AB:96:20,-76
BLE,1705099775614937709,D3:F4:55:AB:96:20,-67
BLE,1705099775805673682,D3:F4:55:AB:96:20,-76
BLE,1705099775991501713,D3:F4:55:AB:96:20,-75
BLE,1705099776012454218,DF:DF:EE:00:00:04,-38
BLE,1705099776479235749,DF:DF:EE:00:00:04,-23
BLE,1705099776569758147,D3:F4:55:AB:96:20,-76
BLE,1705099776950226814,D3:F4:55:AB:96:20,-76
BLE,1705099777010314693,DF:DF:EE:00:00:04,-38
BLE,1705099777476273401,DF:DF:EE:00:00:04,-39
BLE,1705099777724044998,D3:F4:55:AB:96:20,-70
BLE,1705099777915360340,D3:F4:55:AB:96:20,-76
BLE,1705099778106436976,D3:F4:55:AB:96:20,-69
BLE,1705099779030457108,DF:A6:DC:DC:2E:81,-68
BLE,1705099779030517483,DF:DF:EE:00:00:01,-68
BLE,1705099779260444580,D3:F4:55:AB:96:20,-68
BLE,1705099779450147941,D3:F4:55:AB:96:20,-77
BLE,1705099779841009987,D3:F4:55:AB:96:20,-71
BLE,1705099780226391430,D3:F4:55:AB:96:20,-67
BLE,1705099780308558592,DF:A6:DC:DC:2E:81,-69
BLE,1705099780308592592,DF:DF:EE:00:00:01,-69
BLE,1705099780473017790,DF:DF:EE:00:00:04,-39
BLE,1705099780615222749,D3:F4:55:AB:96:20,-76
BLE,1705099780994660762,D3:F4:55:AB:96:20,-69
BLE,1705099781016773420,DF:DF:EE:00:00:04,-38
BLE,1705099781186559514,D3:F4:55:AB:96:20,-88
BLE,1705099781379908998,D3:F4:55:AB:96:20,-76
BLE,1705099781965436347,D3:F4:55:AB:96:20,-98
BLE,1705099782536393949,D3:F4:55:AB:96:20,-71
BLE,1705099782727485710,D3:F4:55:AB:96:20,-68
BLE,1705099782758062268,DF:DF:EE:00:00:04,-40
BLE,1705099783105695237,D3:F4:55:AB:96:20,-67
BLE,1705099783294083780,DF:DF:EE:00:00:04,-39
BLE,1705099783493023324,D3:F4:55:AB:96:20,-68
BLE,1705099783755425500,DF:DF:EE:00:00:04,-39
BLE,1705099783878085896,D3:F4:55:AB:96:20,-76
BLE,1705099784265325567,D3:F4:55:AB:96:20,-76
BLE,1705099784451754758,D3:F4:55:AB:96:20,-56
BLE,1705099784838085649,D3:F4:55:AB:96:20,-68
BLE,1705099785223291719,D3:F4:55:AB:96:20,-53
BLE,1705099785418658388,D3:F4:55:AB:96:20,-57
BLE,1705099785800432874,D3:F4:55:AB:96:20,-70
BLE,1705099786030795508,DF:DF:EE:00:00:04,-39
BLE,1705099786183794799,D3:F4:55:AB:96:20,-72
BLE,1705099786568638373,D3:F4:55:AB:96:20,-70
BLE,1705099786760500584,D3:F4:55:AB:96:20,-76
BLE,1705099786951217474,D3:F4:55:AB:96:20,-70
BLE,1705099787141486120,D3:F4:55:AB:96:20,-76
BLE,1705099787297833955,DF:DF:EE:00:00:04,-40
BLE,1705099787330809277,D3:F4:55:AB:96:20,-71
BLE,1705099787719339433,D3:F4:55:AB:96:20,-67
BLE,1705099788108772245,D3:F4:55:AB:96:20,-61
BLE,1705099788295749180,D3:F4:55:AB:96:20,-70
BLE,1705099788490709687,D3:F4:55:AB:96:20,-77
BLE,1705099788679039856,D3:F4:55:AB:96:20,-70
BLE,1705099788876999578,D3:F4:55:AB:96:20,-76
BLE,1705099789068230712,D3:F4:55:AB:96:20,-53
BLE,1705099789259698553,D3:F4:55:AB:96:20,-76
BLE,1705099789446893443,D3:F4:55:AB:96:20,-70
BLE,1705099789642611066,D3:F4:55:AB:96:20,-77
BLE,1705099789829889372,D3:F4:55:AB:96:20,-71
BLE,1705099789851459411,DF:DF:EE:00:00:04,-39
BLE,1705099790024457301,D3:F4:55:AB:96:20,-75
BLE,1705099790407885850,D3:F4:55:AB:96:20,-77
BLE,1705099790598152038,D3:F4:55:AB:96:20,-53
BLE,1705099790981206550,D3:F4:55:AB:96:20,-69
BLE,1705099791170744621,D3:F4:55:AB:96:20,-76
BLE,1705099791360718687,D3:F4:55:AB:96:20,-70
BLE,1705099791553437887,D3:F4:55:AB:96:20,-76
BLE,1705099791653297675,DF:DF:EE:00:00:04,-38
BLE,1705099791940190481,D3:F4:55:AB:96:20,-70
BLE,1705099792116769912,DF:DF:EE:00:00:04,-40
BLE,1705099792139404855,D3:F4:55:AB:96:20,-76
BLE,1705099792522504617,D3:F4:55:AB:96:20,-76
BLE,1705099792656868251,DF:DF:EE:00:00:04,-39
BLE,1705099793104220801,D3:F4:55:AB:96:20,-76
BLE,1705099793116240285,DF:DF:EE:00:00:04,-38
BLE,1705099793297884532,D3:F4:55:AB:96:20,-67
BLE,1705099793486628279,D3:F4:55:AB:96:20,-77
BLE,1705099793655910129,DF:DF:EE:00:00:04,-39
BLE,1705099793868095185,D3:F4:55:AB:96:20,-65
BLE,1705099794330011565,DF:A6:DC:DC:2E:81,-68
BLE,1705099794330071481,DF:DF:EE:00:00:01,-68
BLE,1705099794447559562,D3:F4:55:AB:96:20,-68
BLE,1705099794838155361,D3:F4:55:AB:96:20,-78
BLE,1705099795025108379,D3:F4:55:AB:96:20,-70
BLE,1705099795398193675,DF:DF:EE:00:00:04,-39
BLE,1705099795613924314,D3:F4:55:AB:96:20,-71
BLE,1705099796008201903,D3:F4:55:AB:96:20,-77
BLE,1705099796197695516,D3:F4:55:AB:96:20,-70
BLE,1705099796669539529,DF:DF:EE:00:00:04,-39
BLE,1705099796778444128,D3:F4:55:AB:96:20,-70
BLE,1705099796976176895,D3:F4:55:AB:96:20,-76
BLE,1705099797740878602,D3:F4:55:AB:96:20,-75
BLE,1705099797940973841,DF:DF:EE:00:00:04,-39
BLE,1705099798322629745,D3:F4:55:AB:96:20,-77
BLE,1705099798511691071,D3:F4:55:AB:96:20,-70
BLE,1705099798708285726,D3:F4:55:AB:96:20,-76
BLE,1705099798902088914,D3:F4:55:AB:96:20,-68
BLE,1705099799093150176,D3:F4:55:AB:96:20,-76
BLE,1705099799215523950,DF:DF:EE:00:00:04,-39
BLE,1705099799280958433,D3:F4:55:AB:96:20,-70
BLE,1705099799471473076,D3:F4:55:AB:96:20,-69
BLE,1705099799658168347,D3:F4:55:AB:96:20,-72
BLE,1705099799753993558,DF:DF:EE:00:00:04,-38
BLE,1705099799755136461,DF:DF:EE:00:00:04,-33
BLE,1705099799855804782,D3:F4:55:AB:96:20,-76
BLE,1705099800049277015,D3:F4:55:AB:96:20,-68
BLE,1705099800242990870,D3:F4:55:AB:96:20,-71
BLE,1705099800438337332,D3:F4:55:AB:96:20,-75
BLE,1705099800823129907,D3:F4:55:AB:96:20,-81
BLE,1705099801011068122,D3:F4:55:AB:96:20,-72
BLE,1705099801201399558,D3:F4:55:AB:96:20,-53
BLE,1705099801492611438,DF:DF:EE:00:00:04,-39
BLE,1705099801580266036,D3:F4:55:AB:96:20,-58
BLE,1705099801771152966,D3:F4:55:AB:96:20,-76
BLE,1705099802025297572,DF:DF:EE:00:00:04,-39
BLE,1705099802159680414,D3:F4:55:AB:96:20,-71
BLE,1705099802552831725,D3:F4:55:AB:96:20,-76
BLE,1705099802748035188,D3:F4:55:AB:96:20,-53
BLE,1705099803028373486,DF:DF:EE:00:00:04,-40
BLE,1705099803134741115,D3:F4:55:AB:96:20,-68
BLE,1705099803328369347,D3:F4:55:AB:96:20,-71
BLE,1705099803712363223,D3:F4:55:AB:96:20,-70
BLE,1705099804025663010,DF:DF:EE:00:00:04,-40
BLE,1705099804102525735,D3:F4:55:AB:96:20,-68
BLE,1705099804491251972,D3:F4:55:AB:96:20,-76
BLE,1705099804683161432,D3:F4:55:AB:96:20,-67
BLE,1705099805074163601,D3:F4:55:AB:96:20,-76
BLE,1705099805487648256,DF:DF:EE:00:00:04,-38
BLE,1705099806035713669,DF:DF:EE:00:00:04,-39
BLE,1705099806229519523,D3:F4:55:AB:96:20,-70
BLE,1705099806613940894,D3:F4:55:AB:96:20,-70
BLE,1705099806803288926,D3:F4:55:AB:96:20,-69
BLE,1705099806998727761,D3:F4:55:AB:96:20,-71
BLE,1705099807576048122,D3:F4:55:AB:96:20,-76
BLE,1705099807766030688,DF:DF:EE:00:00:04,-38
BLE,1705099807773386018,D3:F4:55:AB:96:20,-76
BLE,1705099808348552529,D3:F4:55:AB:96:20,-70
BLE,1705099808726169355,D3:F4:55:AB:96:20,-71
BLE,1705099808920818533,D3:F4:55:AB:96:20,-76
BLE,1705099809052857694,DF:DF:EE:00:00:04,-39
BLE,1705099809112193999,D3:F4:55:AB:96:20,-56
BLE,1705099809304395539,D3:F4:55:AB:96:20,-61
BLE,1705099809490635107,D3:F4:55:AB:96:20,-56
BLE,1705099809584892836,DF:A6:DC:DC:2E:81,-70
BLE,1705099809584945502,DF:DF:EE:00:00:01,-70
BLE,1705099809680413258,D3:F4:55:AB:96:20,-69
BLE,1705099810071639091,D3:F4:55:AB:96:20,-76
BLE,1705099810325936362,DF:DF:EE:00:00:04,-39
BLE,1705099810454451190,D3:F4:55:AB:96:20,-76
BLE,1705099810642356196,D3:F4:55:AB:96:20,-71
BLE,1705099811038744136,D3:F4:55:AB:96:20,-76
BLE,1705099811328696322,DF:DF:EE:00:00:04,-39
BLE,1705099811619124877,D3:F4:55:AB:96:20,-68
BLE,1705099812196314615,D3:F4:55:AB:96:20,-70
BLE,1705099812588687309,D3:F4:55:AB:96:20,-76
BLE,1705099812595522896,DF:DF:EE:00:00:04,-38
BLE,1705099812978608366,D3:F4:55:AB:96:20,-57
BLE,1705099813413314731,DF:A6:DC:DC:2E:81,-72
BLE,1705099813413335814,DF:DF:EE:00:00:01,-72
BLE,1705099813560923127,D3:F4:55:AB:96:20,-61
BLE,1705099814136686631,D3:F4:55:AB:96:20,-68
BLE,1705099814325658792,D3:F4:55:AB:96:20,-76
BLE,1705099814598904174,DF:DF:EE:00:00:04,-38
BLE,1705099814712876755,D3:F4:55:AB:96:20,-71
BLE,1705099815097704872,D3:F4:55:AB:96:20,-70
BLE,1705099815483032191,D3:F4:55:AB:96:20,-58
BLE,1705099815678225987,D3:F4:55:AB:96:20,-70
BLE,1705099815874902933,DF:DF:EE:00:00:04,-40
BLE,1705099816259035015,D3:F4:55:AB:96:20,-76
BLE,1705099816411249232,DF:DF:EE:00:00:04,-39
BLE,1705099816446328613,D3:F4:55:AB:96:20,-70
BLE,1705099816830858024,D3:F4:55:AB:96:20,-70
BLE,1705099817024322341,D3:F4:55:AB:96:20,-76
BLE,1705099817231524330,DF:A6:DC:DC:2E:81,-67
BLE,1705099817231569329,DF:DF:EE:00:00:01,-67
BLE,1705099817598936359,D3:F4:55:AB:96:20,-67
BLE,1705099817788693802,D3:F4:55:AB:96:20,-76
BLE,1705099818173912830,D3:F4:55:AB:96:20,-76
BLE,1705099818367774767,D3:F4:55:AB:96:20,-68
BLE,1705099818413876144,DF:DF:EE:00:00:04,-39
BLE,1705099818558776821,D3:F4:55:AB:96:20,-71
BLE,1705099818756371423,D3:F4:55:AB:96:20,-77
BLE,1705099818873928837,DF:DF:EE:00:00:04,-39
BLE,1705099818950041362,D3:F4:55:AB:96:20,-68
BLE,1705099819334466275,D3:F4:55:AB:96:20,-67
BLE,1705099819409354522,DF:DF:EE:00:00:04,-40
BLE,1705099819723230137,D3:F4:55:AB:96:20,-76
BLE,1705099819876050346,DF:DF:EE:00:00:04,-37
BLE,1705099819912006300,D3:F4:55:AB:96:20,-70
BLE,1705099820408920395,DF:DF:EE:00:00:04,-39
BLE,1705099820489274745,D3:F4:55:AB:96:20,-77
BLE,1705099820674750405,D3:F4:55:AB:96:20,-70
BLE,1705099820868256096,DF:DF:EE:00:00:04,-40
BLE,1705099820869755037,D3:F4:55:AB:96:20,-76
BLE,1705099821059396024,D3:F4:55:AB:96:20,-56
BLE,1705099821254382281,D3:F4:55:AB:96:20,-76
BLE,1705099821450577315,D3:F4:55:AB:96:20,-69
BLE,1705099821646475312,D3:F4:55:AB:96:20,-70
BLE,1705099822040437821,D3:F4:55:AB:96:20,-78
BLE,1705099822234700003,D3:F4:55:AB:96:20,-67
BLE,1705099822327004172,DF:A6:DC:DC:2E:81,-71
BLE,1705099822327033463,DF:DF:EE:00:00:01,-71
BLE,1705099822430363169,D3:F4:55:AB:96:20,-70
BLE,1705099822811521870,D3:F4:55:AB:96:20,-91
BLE,1705099822916339476,DF:DF:EE:00:00:04,-39
BLE,1705099823009157013,D3:F4:55:AB:96:20,-76
BLE,1705099823371376269,DF:DF:EE:00:00:04,-24
BLE,1705099823604543204,DF:A6:DC:DC:2E:81,-69
BLE,1705099823604559329,DF:DF:EE:00:00:01,-69
BLE,1705099823774097301,D3:F4:55:AB:96:20,-77
BLE,1705099824653757328,DF:DF:EE:00:00:04,-39
BLE,1705099824743607234,D3:F4:55:AB:96:20,-77
BLE,1705099824935122032,D3:F4:55:AB:96:20,-68
BLE,1705099825191156823,DF:DF:EE:00:00:04,-39
BLE,1705099825314497003,D3:F4:55:AB:96:20,-70
BLE,1705099825695040212,D3:F4:55:AB:96:20,-70
BLE,1705099825887044920,D3:F4:55:AB:96:20,-76
BLE,1705099826464344740,D3:F4:55:AB:96:20,-68
BLE,1705099826653702521,D3:F4:55:AB:96:20,-77
BLE,1705099826842777889,D3:F4:55:AB:96:20,-70
BLE,1705099827036766658,D3:F4:55:AB:96:20,-77
BLE,1705099827185765163,DF:DF:EE:00:00:04,-38
BLE,1705099827225614612,D3:F4:55:AB:96:20,-72
BLE,1705099827605146541,D3:F4:55:AB:96:20,-70
BLE,1705099828648426651,DF:DF:EE:00:00:04,-39
BLE,1705099828694905440,DF:A6:DC:DC:2E:81,-72
BLE,1705099828694917481,DF:DF:EE:00:00:01,-72
BLE,1705099828957860150,D3:F4:55:AB:96:20,-71
BLE,1705099829153431067,D3:F4:55:AB:96:20,-75
BLE,1705099829189896099,DF:DF:EE:00:00:04,-38
BLE,1705099829345992061,D3:F4:55:AB:96:20,-67
BLE,1705099829737769471,D3:F4:55:AB:96:20,-76
BLE,1705099830184022118,DF:DF:EE:00:00:04,-40
BLE,1705099830683768388,D3:F4:55:AB:96:20,-61
BLE,1705099830870234745,D3:F4:55:AB:96:20,-71
BLE,1705099831151898486,DF:DF:EE:00:00:04,-40
BLE,1705099831262182944,D3:F4:55:AB:96:20,-68
BLE,1705099831263503429,D3:F4:55:AB:96:20,-76
BLE,1705099831451904138,D3:F4:55:AB:96:20,-57
BLE,1705099831691632163,DF:DF:EE:00:00:04,-39
BLE,1705099832213577881,D3:F4:55:AB:96:20,-76
BLE,1705099832513408410,DF:A6:DC:DC:2E:81,-70
BLE,1705099832513445951,DF:DF:EE:00:00:01,-70
BLE,1705099832791299779,D3:F4:55:AB:96:20,-53
BLE,1705099833143030866,DF:DF:EE:00:00:04,-40
BLE,1705099833172935016,D3:F4:55:AB:96:20,-68
BLE,1705099833365509176,D3:F4:55:AB:96:20,-71
BLE,1705099833561227883,D3:F4:55:AB:96:20,-76
BLE,1705099833690509119,DF:DF:EE:00:00:04,-39
BLE,1705099833749358596,D3:F4:55:AB:96:20,-70
BLE,1705099834138003667,D3:F4:55:AB:96:20,-53
BLE,1705099834145232708,DF:DF:EE:00:00:04,-40
BLE,1705099834909096050,D3:F4:55:AB:96:20,-81
BLE,1705099835289213388,D3:F4:55:AB:96:20,-68
BLE,1705099835418251876,DF:DF:EE:00:00:04,-38
BLE,1705099835677549255,D3:F4:55:AB:96:20,-76
BLE,1705099836058821913,D3:F4:55:AB:96:20,-81
BLE,1705099836254444496,D3:F4:55:AB:96:20,-68
BLE,1705099836345238182,DF:A6:DC:DC:2E:81,-72
BLE,1705099836345293306,DF:DF:EE:00:00:01,-72
BLE,1705099836416590554,DF:DF:EE:00:00:04,-40
BLE,1705099836446642286,D3:F4:55:AB:96:20,-70
BLE,1705099836641483545,D3:F4:55:AB:96:20,-76
BLE,1705099836831042949,D3:F4:55:AB:96:20,-70
BLE,1705099836952241570,DF:DF:EE:00:00:04,-39
BLE,1705099837214879076,D3:F4:55:AB:96:20,-70
BLE,1705099837602025832,D3:F4:55:AB:96:20,-53
BLE,1705099837791767193,D3:F4:55:AB:96:20,-76
BLE,1705099837986843907,D3:F4:55:AB:96:20,-67
BLE,1705099838376554841,D3:F4:55:AB:96:20,-61
BLE,1705099838419433755,DF:DF:EE:00:00:04,-39
BLE,1705099838563003782,D3:F4:55:AB:96:20,-56
BLE,1705099838947606984,D3:F4:55:AB:96:20,-72
BLE,1705099839139873898,D3:F4:55:AB:96:20,-75
BLE,1705099839414834718,DF:DF:EE:00:00:04,-39
BLE,1705099839524391851,D3:F4:55:AB:96:20,-76
BLE,1705099839717906251,D3:F4:55:AB:96:20,-69
BLE,1705099840162757705,DF:A6:DC:DC:2E:81,-53
BLE,1705099840162804038,DF:DF:EE:00:00:01,-53
BLE,1705099840291511863,D3:F4:55:AB:96:20,-76
BLE,1705099840411272377,DF:DF:EE:00:00:04,-40
BLE,1705099840477890097,D3:F4:55:AB:96:20,-70
BLE,1705099840862379383,D3:F4:55:AB:96:20,-72
BLE,1705099840952273664,DF:DF:EE:00:00:04,-39
BLE,1705099841030733078,DF:DF:EE:00:00:04,-34
BLE,1705099841054453341,D3:F4:55:AB:96:20,-76
BLE,1705099841437811183,D3:F4:55:AB:96:20,-76
BLE,1705099841460824747,DF:DF:EE:00:00:04,-39
BLE,1705099841826668752,D3:F4:55:AB:96:20,-71
BLE,1705099841916667406,DF:DF:EE:00:00:04,-39
BLE,1705099842019301370,D3:F4:55:AB:96:20,-76
BLE,1705099842211226205,D3:F4:55:AB:96:20,-70
BLE,1705099842401959929,D3:F4:55:AB:96:20,-65
BLE,1705099842458052730,DF:DF:EE:00:00:04,-38
BLE,1705099842591727080,D3:F4:55:AB:96:20,-70
BLE,1705099842786771795,D3:F4:55:AB:96:20,-76
BLE,1705099842920144524,DF:DF:EE:00:00:04,-39
BLE,1705099842972081041,D3:F4:55:AB:96:20,-70
BLE,1705099843358117435,D3:F4:55:AB:96:20,-71
BLE,1705099843456206910,DF:DF:EE:00:00:04,-40
BLE,1705099843548730993,D3:F4:55:AB:96:20,-77
BLE,1705099843740363956,D3:F4:55:AB:96:20,-70
BLE,1705099844134010886,D3:F4:55:AB:96:20,-81
BLE,1705099844322102599,D3:F4:55:AB:96:20,-70
BLE,1705099844453150105,DF:DF:EE:00:00:04,-40
BLE,1705099844520415609,D3:F4:55:AB:96:20,-76
BLE,1705099844903522620,D3:F4:55:AB:96:20,-75
BLE,1705099845089638689,D3:F4:55:AB:96:20,-70
BLE,1705099845270868816,DF:A6:DC:DC:2E:81,-69
BLE,1705099845270926524,DF:DF:EE:00:00:01,-69
BLE,1705099845457389756,DF:DF:EE:00:00:04,-39
BLE,1705099845473520859,D3:F4:55:AB:96:20,-71
BLE,1705099845664904991,D3:F4:55:AB:96:20,-77
BLE,1705099845852026591,D3:F4:55:AB:96:20,-71
BLE,1705099846236356421,D3:F4:55:AB:96:20,-70
BLE,1705099846432015837,D3:F4:55:AB:96:20,-76
BLE,1705099846620276006,D3:F4:55:AB:96:20,-70
BLE,1705099846812164633,D3:F4:55:AB:96:20,-76
BLE,1705099847000674924,D3:F4:55:AB:96:20,-70
BLE,1705099847384748091,D3:F4:55:AB:96:20,-70
BLE,1705099847578063785,D3:F4:55:AB:96:20,-76
BLE,1705099847723683120,DF:DF:EE:00:00:04,-39
BLE,1705099848193324785,DF:DF:EE:00:00:04,-39
BLE,1705099848345974288,D3:F4:55:AB:96:20,-75
BLE,1705099848731911099,D3:F4:55:AB:96:20,-70
BLE,1705099849095323258,DF:A6:DC:DC:2E:81,-54
BLE,1705099849095357924,DF:DF:EE:00:00:01,-54
BLE,1705099849115613104,D3:F4:55:AB:96:20,-71
BLE,1705099849190801056,DF:DF:EE:00:00:04,-39
BLE,1705099849723587231,DF:DF:EE:00:00:04,-39
BLE,1705099849894894349,D3:F4:55:AB:96:20,-76
BLE,1705099850277078288,D3:F4:55:AB:96:20,-76
BLE,1705099850466216905,D3:F4:55:AB:96:20,-70
BLE,1705099850659469599,D3:F4:55:AB:96:20,-76
BLE,1705099850850670026,D3:F4:55:AB:96:20,-71
BLE,1705099851043373435,D3:F4:55:AB:96:20,-81
BLE,1705099851234636527,D3:F4:55:AB:96:20,-71
BLE,1705099851626535477,D3:F4:55:AB:96:20,-76
BLE,1705099852013913397,D3:F4:55:AB:96:20,-76
BLE,1705099852401864060,D3:F4:55:AB:96:20,-56
BLE,1705099852595754622,D3:F4:55:AB:96:20,-76
BLE,1705099852784256205,D3:F4:55:AB:96:20,-70
BLE,1705099853174245177,D3:F4:55:AB:96:20,-67
BLE,1705099853227918715,DF:DF:EE:00:00:04,-40
BLE,1705099853367451622,D3:F4:55:AB:96:20,-91
BLE,1705099853565811215,D3:F4:55:AB:96:20,-76
BLE,1705099853684424283,DF:DF:EE:00:00:04,-38
BLE,1705099854226770179,DF:DF:EE:00:00:04,-38
BLE,1705099854347319767,D3:F4:55:AB:96:20,-68
BLE,1705099854542893559,D3:F4:55:AB:96:20,-56
BLE,1705099854736561956,D3:F4:55:AB:96:20,-76
BLE,1705099854923930719,D3:F4:55:AB:96:20,-71
BLE,1705099855317915395,D3:F4:55:AB:96:20,-76
BLE,1705099855684157062,DF:DF:EE:00:00:04,-39
BLE,1705099855898473051,D3:F4:55:AB:96:20,-68
BLE,1705099856484260938,D3:F4:55:AB:96:20,-67
BLE,1705099856745815332,DF:A6:DC:DC:2E:81,-69
BLE,1705099856745847165,DF:DF:EE:00:00:01,-69
BLE,1705099857074979851,D3:F4:55:AB:96:20,-76
BLE,1705099857264778085,D3:F4:55:AB:96:20,-71
BLE,1705099857652862913,D3:F4:55:AB:96:20,-69
BLE,1705099857845982651,D3:F4:55:AB:96:20,-57
BLE,1705099858039865087,D3:F4:55:AB:96:20,-76
BLE,1705099858420448170,D3:F4:55:AB:96:20,-68
BLE,1705099858612302464,D3:F4:55:AB:96:20,-71
BLE,1705099858963441225,DF:DF:EE:00:00:04,-40
BLE,1705099859391040674,D3:F4:55:AB:96:20,-76
BLE,1705099859500489475,DF:DF:EE:00:00:04,-39
BLE,1705099859967986372,DF:DF:EE:00:00:04,-39
BLE,1705099860344827290,D3:F4:55:AB:96:20,-71
BLE,1705099860503728554,DF:DF:EE:00:00:04,-39
BLE,1705099860922305525,D3:F4:55:AB:96:20,-78
BLE,1705099860968936353,DF:DF:EE:00:00:04,-40
BLE,1705099861304659128,D3:F4:55:AB:96:20,-76
BLE,1705099861504788992,DF:DF:EE:00:00:04,-40
BLE,1705099862076237172,D3:F4:55:AB:96:20,-71
BLE,1705099862459924885,D3:F4:55:AB:96:20,-71
BLE,1705099862652834874,D3:F4:55:AB:96:20,-76
BLE,1705099862841930909,D3:F4:55:AB:96:20,-57
BLE,1705099863000643383,DF:DF:EE:00:00:04,-39
BLE,1705099863032182472,D3:F4:55:AB:96:20,-67
BLE,1705099863112353032,DF:A6:DC:DC:2E:81,-68
BLE,1705099863112382782,DF:DF:EE:00:00:01,-68
BLE,1705099863227217020,D3:F4:55:AB:96:20,-72
BLE,1705099863418294031,D3:F4:55:AB:96:20,-62
BLE,1705099863608722092,D3:F4:55:AB:96:20,-70
BLE,1705099863994774735,D3:F4:55:AB:96:20,-53
BLE,1705099864007158507,DF:DF:EE:00:00:04,-39
BLE,1705099864185924163,D3:F4:55:AB:96:20,-76
BLE,1705099864380959752,D3:F4:55:AB:96:20,-69
BLE,1705099864459741954,DF:DF:EE:00:00:04,-39
BLE,1705099864573070168,D3:F4:55:AB:96:20,-71
BLE,1705099864765343666,D3:F4:55:AB:96:20,-69
BLE,1705099864766873731,D3:F4:55:AB:96:20,-76
BLE,1705099864959254602,D3:F4:55:AB:96:20,-68
BLE,1705099865007016376,DF:DF:EE:00:00:04,-40
BLE,1705099865468935964,DF:DF:EE:00:00:04,-41
BLE,1705099866936225731,DF:A6:DC:DC:2E:81,-68
BLE,1705099866936261397,DF:DF:EE:00:00:01,-68
BLE,1705099867006149579,DF:DF:EE:00:00:04,-39
BLE,1705099867844476548,D3:F4:55:AB:96:20,-53
BLE,1705099868008165339,DF:DF:EE:00:00:04,-39
BLE,1705099868033503417,D3:F4:55:AB:96:20,-76
BLE,1705099868420407967,D3:F4:55:AB:96:20,-71
BLE,1705099868806474777,D3:F4:55:AB:96:20,-70
BLE,1705099869003021225,D3:F4:55:AB:96:20,-79
BLE,1705099869189699037,D3:F4:55:AB:96:20,-70
BLE,1705099869460204160,DF:DF:EE:00:00:04,-39
BLE,1705099869487401716,DF:A6:DC:DC:2E:81,-62
BLE,1705099869487414008,DF:DF:EE:00:00:01,-62
BLE,1705099869576142051,D3:F4:55:AB:96:20,-53
BLE,1705099869769688826,D3:F4:55:AB:96:20,-70
BLE,1705099870154671148,D3:F4:55:AB:96:20,-70
BLE,1705099870462555208,DF:DF:EE:00:00:04,-39
BLE,1705099870537675119,D3:F4:55:AB:96:20,-70
BLE,1705099870760194262,DF:A6:DC:DC:2E:81,-68
BLE,1705099870760252178,DF:DF:EE:00:00:01,-68
BLE,1705099870922749858,D3:F4:55:AB:96:20,-70
BLE,1705099871120217586,D3:F4:55:AB:96:20,-69
BLE,1705099871318180475,D3:F4:55:AB:96:20,-77
BLE,1705099871467297769,DF:DF:EE:00:00:04,-38
BLE,1705099871504398460,D3:F4:55:AB:96:20,-71
BLE,1705099871699380675,D3:F4:55:AB:96:20,-61
BLE,1705099871888165963,D3:F4:55:AB:96:20,-70
BLE,1705099872001292805,DF:DF:EE:00:00:04,-40
BLE,1705099872269943782,D3:F4:55:AB:96:20,-70
BLE,1705099872458827527,DF:DF:EE:00:00:04,-39
BLE,1705099872462399611,D3:F4:55:AB:96:20,-92
BLE,1705099872652070930,D3:F4:55:AB:96:20,-76
BLE,1705099872846237364,D3:F4:55:AB:96:20,-76
BLE,1705099873035843309,D3:F4:55:AB:96:20,-70
BLE,1705099873301896942,DF:A6:DC:DC:2E:81,-69
BLE,1705099873301931191,DF:DF:EE:00:00:01,-69
BLE,1705099873461068368,DF:DF:EE:00:00:04,-38
BLE,1705099873618788437,D3:F4:55:AB:96:20,-70
BLE,1705099874000158677,D3:F4:55:AB:96:20,-71
BLE,1705099874005739779,DF:DF:EE:00:00:04,-39
BLE,1705099874197620864,D3:F4:55:AB:96:20,-76
BLE,1705099874392086252,D3:F4:55:AB:96:20,-53
BLE,1705099874459700835,DF:DF:EE:00:00:04,-39
BLE,1705099874766360200,D3:F4:55:AB:96:20,-70
BLE,1705099874955121864,D3:F4:55:AB:96:20,-67
BLE,1705099875147925105,D3:F4:55:AB:96:20,-71
BLE,1705099875466430332,DF:DF:EE:00:00:04,-38
BLE,1705099876001885475,DF:DF:EE:00:00:04,-40
BLE,1705099876298892828,D3:F4:55:AB:96:20,-72
BLE,1705099876493728046,D3:F4:55:AB:96:20,-75
BLE,1705099876681802800,D3:F4:55:AB:96:20,-72
BLE,1705099877453139888,D3:F4:55:AB:96:20,-53
BLE,1705099877645976587,D3:F4:55:AB:96:20,-71
BLE,1705099877748486761,DF:DF:EE:00:00:04,-39
BLE,1705099877749789579,DF:DF:EE:00:00:04,-40
BLE,1705099877839754067,D3:F4:55:AB:96:20,-75
BLE,1705099878222033088,D3:F4:55:AB:96:20,-76
BLE,1705099878412610897,D3:F4:55:AB:96:20,-71
BLE,1705099878805105757,D3:F4:55:AB:96:20,-70
BLE,1705099878997374796,D3:F4:55:AB:96:20,-72
BLE,1705099879777359824,D3:F4:55:AB:96:20,-76
BLE,1705099879966035155,D3:F4:55:AB:96:20,-70
BLE,1705099880161526490,D3:F4:55:AB:96:20,-76
BLE,1705099880282721820,DF:DF:EE:00:00:04,-38
BLE,1705099880550669764,D3:F4:55:AB:96:20,-70
BLE,1705099880937097570,DF:A6:DC:DC:2E:81,-62
BLE,1705099880937134611,DF:DF:EE:00:00:01,-62
BLE,1705099881283585052,DF:DF:EE:00:00:04,-40
BLE,1705099881327723535,D3:F4:55:AB:96:20,-76
BLE,1705099881712575484,D3:F4:55:AB:96:20,-76
BLE,1705099881899716291,D3:F4:55:AB:96:20,-71
BLE,1705099882282397516,DF:DF:EE:00:00:04,-39
BLE,1705099882664131210,D3:F4:55:AB:96:20,-88
BLE,1705099882858530600,D3:F4:55:AB:96:20,-61
BLE,1705099883045067206,D3:F4:55:AB:96:20,-56
BLE,1705099883354064502,DF:DF:EE:00:00:04,-40
BLE,1705099883431551053,D3:F4:55:AB:96:20,-56
BLE,1705099883620819502,D3:F4:55:AB:96:20,-68
BLE,1705099883780436507,DF:DF:EE:00:00:04,-40
BLE,1705099883999308859,D3:F4:55:AB:96:20,-68
BLE,1705099884241000277,DF:DF:EE:00:00:04,-38
BLE,1705099884382357454,D3:F4:55:AB:96:20,-69
BLE,1705099884573415591,D3:F4:55:AB:96:20,-77
BLE,1705099884781526278,DF:DF:EE:00:00:04,-38
BLE,1705099884955789194,D3:F4:55:AB:96:20,-76
BLE,1705099885141320562,D3:F4:55:AB:96:20,-70
BLE,1705099885523783665,D3:F4:55:AB:96:20,-70
BLE,1705099885716193535,D3:F4:55:AB:96:20,-76
BLE,1705099885786553544,DF:DF:EE:00:00:04,-40
BLE,1705099886099243631,D3:F4:55:AB:96:20,-76
BLE,1705099886290599597,D3:F4:55:AB:96:20,-70
BLE,1705099887069535179,D3:F4:55:AB:96:20,-61
BLE,1705099887248857578,DF:DF:EE:00:00:04,-40
BLE,1705099887255435585,D3:F4:55:AB:96:20,-70
BLE,1705099887451880408,D3:F4:55:AB:96:20,-76
BLE,1705099888220140324,D3:F4:55:AB:96:20,-71
BLE,1705099888412061992,D3:F4:55:AB:96:20,-68
BLE,1705099889170286942,D3:F4:55:AB:96:20,-56
BLE,1705099889244034828,DF:DF:EE:00:00:04,-39
BLE,1705099889368138957,D3:F4:55:AB:96:20,-56
BLE,1705099889752768034,D3:F4:55:AB:96:20,-70
BLE,1705099889778604064,DF:DF:EE:00:00:04,-39
BLE,1705099890136659036,D3:F4:55:AB:96:20,-71
BLE,1705099890246125004,DF:DF:EE:00:00:04,-38
BLE,1705099890516890790,D3:F4:55:AB:96:20,-70
BLE,1705099890707281851,D3:F4:55:AB:96:20,-68
BLE,1705099890781257942,DF:DF:EE:00:00:04,-40
BLE,1705099890899813261,D3:F4:55:AB:96:20,-71
BLE,1705099891094950267,D3:F4:55:AB:96:20,-81
BLE,1705099891106048137,DF:A6:DC:DC:2E:81,-67
BLE,1705099891106063845,DF:DF:EE:00:00:01,-67
BLE,1705099891244144519,DF:DF:EE:00:00:04,-40
BLE,1705099891289562320,D3:F4:55:AB:96:20,-68
BLE,1705099891485432525,D3:F4:55:AB:96:20,-70
BLE,1705099891683237458,D3:F4:55:AB:96:20,-76
BLE,1705099892782837283,DF:DF:EE:00:00:04,-39
BLE,1705099893411437502,D3:F4:55:AB:96:20,-76
BLE,1705099893600883490,D3:F4:55:AB:96:20,-75
BLE,1705099893781572498,DF:DF:EE:00:00:04,-39
BLE,1705099893989353897,D3:F4:55:AB:96:20,-69
BLE,1705099894184109574,D3:F4:55:AB:96:20,-70
BLE,1705099894242502890,DF:DF:EE:00:00:04,-39
BLE,1705099894381598677,D3:F4:55:AB:96:20,-76
BLE,1705099894574978286,D3:F4:55:AB:96:20,-69
BLE,1705099894782887058,DF:DF:EE:00:00:04,-57
BLE,1705099895153044347,D3:F4:55:AB:96:20,-70
BLE,1705099895240713944,DF:DF:EE:00:00:04,-39
BLE,1705099895346761244,D3:F4:55:AB:96:20,-76
BLE,1705099895736282555,D3:F4:55:AB:96:20,-70
BLE,1705099895933774116,D3:F4:55:AB:96:20,-61
BLE,1705099896129871569,D3:F4:55:AB:96:20,-68
BLE,1705099896249319877,DF:DF:EE:00:00:04,-39
BLE,1705099896320059382,D3:F4:55:AB:96:20,-70
BLE,1705099896787824193,DF:DF:EE:00:00:04,-40
BLE,1705099896892492050,D3:F4:55:AB:96:20,-69
BLE,1705099897087316768,D3:F4:55:AB:96:20,-69
BLE,1705099897243178608,DF:DF:EE:00:00:04,-39
BLE,1705099897473386244,D3:F4:55:AB:96:20,-71
BLE,1705099897854414447,D3:F4:55:AB:96:20,-71
BLE,1705099898234413620,D3:F4:55:AB:96:20,-70
BLE,1705099898244493710,DF:DF:EE:00:00:04,-38
BLE,1705099898426223747,D3:F4:55:AB:96:20,-69
BLE,1705099898806757622,D3:F4:55:AB:96:20,-67
BLE,1705099898997884091,D3:F4:55:AB:96:20,-91
BLE,1705099899195496693,D3:F4:55:AB:96:20,-61
BLE,1705099899241942357,DF:DF:EE:00:00:04,-39
BLE,1705099899767319035,D3:F4:55:AB:96:20,-70
BLE,1705099899959314619,D3:F4:55:AB:96:20,-78
BLE,1705099900146847588,D3:F4:55:AB:96:20,-70
BLE,1705099900236856909,DF:DF:EE:00:00:04,-23
BLE,1705099900343435785,D3:F4:55:AB:96:20,-96
BLE,1705099900530198097,D3:F4:55:AB:96:20,-71
BLE,1705099900913196943,D3:F4:55:AB:96:20,-70
BLE,1705099901109166689,D3:F4:55:AB:96:20,-62
BLE,1705099901297270318,D3:F4:55:AB:96:20,-71
BLE,1705099901487546672,D3:F4:55:AB:96:20,-78
BLE,1705099901677551529,D3:F4:55:AB:96:20,-67
BLE,1705099901870527977,D3:F4:55:AB:96:20,-76
BLE,1705099902058812646,D3:F4:55:AB:96:20,-71
BLE,1705099902445091120,D3:F4:55:AB:96:20,-70
BLE,1705099902516406451,DF:DF:EE:00:00:04,-39
BLE,1705099902576988866,DF:A6:DC:DC:2E:81,-69
BLE,1705099902577009449,DF:DF:EE:00:00:01,-69
BLE,1705099902639320928,D3:F4:55:AB:96:20,-76
BLE,1705099903025909857,D3:F4:55:AB:96:20,-71
BLE,1705099903522024794,DF:DF:EE:00:00:04,-38
BLE,1705099903790757312,D3:F4:55:AB:96:20,-72
BLE,1705099903980772169,D3:F4:55:AB:96:20,-69
BLE,1705099904054520889,DF:DF:EE:00:00:04,-41
BLE,1705099904175882134,D3:F4:55:AB:96:20,-70
BLE,1705099904514688497,DF:DF:EE:00:00:04,-38
BLE,1705099904570888089,D3:F4:55:AB:96:20,-76
BLE,1705099905051932203,DF:DF:EE:00:00:04,-40
BLE,1705099905515803976,DF:DF:EE:00:00:04,-39
BLE,1705099905541343552,D3:F4:55:AB:96:20,-76
BLE,1705099906313982708,D3:F4:55:AB:96:20,-71
BLE,1705099906405510344,DF:A6:DC:DC:2E:81,-69
BLE,1705099906405540927,DF:DF:EE:00:00:01,-69
BLE,1705099906506501869,D3:F4:55:AB:96:20,-76
BLE,1705099906697300925,D3:F4:55:AB:96:20,-71
BLE,1705099907088152846,D3:F4:55:AB:96:20,-68
BLE,1705099907124240673,DF:DF:EE:00:00:04,-39
BLE,1705099907559804529,DF:DF:EE:00:00:04,-39
BLE,1705099907849255679,D3:F4:55:AB:96:20,-53
BLE,1705099908038601377,D3:F4:55:AB:96:20,-76
BLE,1705099908228839648,D3:F4:55:AB:96:20,-56
BLE,1705099908418378261,D3:F4:55:AB:96:20,-76
BLE,1705099908606541973,D3:F4:55:AB:96:20,-71
BLE,1705099909018296482,DF:DF:EE:00:00:04,-38
BLE,1705099909372942577,D3:F4:55:AB:96:20,-71
BLE,1705099909555256774,DF:DF:EE:00:00:04,-39
BLE,1705099909563268764,D3:F4:55:AB:96:20,-53
BLE,1705099910129811210,D3:F4:55:AB:96:20,-76
BLE,1705099910225565046,DF:A6:DC:DC:2E:81,-68
BLE,1705099910225635337,DF:DF:EE:00:00:01,-68
BLE,1705099910319784609,D3:F4:55:AB:96:20,-70
BLE,1705099910557374742,DF:DF:EE:00:00:04,-23
BLE,1705099910895072577,D3:F4:55:AB:96:20,-76
BLE,1705099911018428507,DF:DF:EE:00:00:04,-39
BLE,1705099911083382579,D3:F4:55:AB:96:20,-70
BLE,1705099911277819801,D3:F4:55:AB:96:20,-77
BLE,1705099911463677207,D3:F4:55:AB:96:20,-70
BLE,1705099911659034293,D3:F4:55:AB:96:20,-76
BLE,1705099912042947878,D3:F4:55:AB:96:20,-77
BLE,1705099912228260374,D3:F4:55:AB:96:20,-56
BLE,1705099912418566186,D3:F4:55:AB:96:20,-69
BLE,1705099912559480285,DF:DF:EE:00:00:04,-39
BLE,1705099912611511550,D3:F4:55:AB:96:20,-76
BLE,1705099912991396974,D3:F4:55:AB:96:20,-76
BLE,1705099913017081132,DF:DF:EE:00:00:04,-39
BLE,1705099913177208214,D3:F4:55:AB:96:20,-70
BLE,1705099913369029800,D3:F4:55:AB:96:20,-61
BLE,1705099913561477504,D3:F4:55:AB:96:20,-70
BLE,1705099913751913356,D3:F4:55:AB:96:20,-76
BLE,1705099913939763947,D3:F4:55:AB:96:20,-71
BLE,1705099914016093052,DF:DF:EE:00:00:04,-39
BLE,1705099914137449005,D3:F4:55:AB:96:20,-76
BLE,1705099914329865334,D3:F4:55:AB:96:20,-68
BLE,1705099914524519179,D3:F4:55:AB:96:20,-57
BLE,1705099914554413620,DF:DF:EE:00:00:04,-38
BLE,1705099914718784194,D3:F4:55:AB:96:20,-94
BLE,1705099915020384786,DF:DF:EE:00:00:04,-38
BLE,1705099915101162548,D3:F4:55:AB:96:20,-66
BLE,1705099915290678577,D3:F4:55:AB:96:20,-71
BLE,1705099915313448311,DF:A6:DC:DC:2E:81,-67
BLE,1705099915313479852,DF:DF:EE:00:00:01,-67
BLE,1705099915487180233,D3:F4:55:AB:96:20,-76
BLE,1705099915560545957,DF:DF:EE:00:00:04,-39
BLE,1705099915674218584,D3:F4:55:AB:96:20,-57
BLE,1705099915868591890,D3:F4:55:AB:96:20,-75
BLE,1705099916022783333,DF:DF:EE:00:00:04,-11
BLE,1705099916251630777,D3:F4:55:AB:96:20,-61
BLE,1705099916446412912,D3:F4:55:AB:96:20,-69
BLE,1705099916835358313,D3:F4:55:AB:96:20,-76
BLE,1705099917015877865,DF:DF:EE:00:00:04,-40
BLE,1705099917023490525,D3:F4:55:AB:96:20,-71
BLE,1705099917219629936,D3:F4:55:AB:96:20,-78
BLE,1705099917412979712,D3:F4:55:AB:96:20,-68
BLE,1705099917553613106,DF:DF:EE:00:00:04,-40
BLE,1705099917794666865,D3:F4:55:AB:96:20,-68
BLE,1705099917857985540,DF:A6:DC:DC:2E:81,-69
BLE,1705099917858030998,DF:DF:EE:00:00:01,-69
BLE,1705099918014172252,DF:DF:EE:00:00:04,-38
BLE,1705099918184553089,D3:F4:55:AB:96:20,-76
BLE,1705099918373686581,D3:F4:55:AB:96:20,-70
BLE,1705099918556278609,DF:DF:EE:00:00:04,-39
BLE,1705099918571994716,D3:F4:55:AB:96:20,-61
BLE,1705099918761093167,D3:F4:55:AB:96:20,-68
BLE,1705099919013981704,DF:DF:EE:00:00:04,-39
BLE,1705099919335374981,D3:F4:55:AB:96:20,-62
BLE,1705099919525570336,D3:F4:55:AB:96:20,-68
BLE,1705099919561032212,DF:DF:EE:00:00:04,-40
BLE,1705099919714609954,D3:F4:55:AB:96:20,-76
BLE,1705099919903278952,D3:F4:55:AB:96:20,-70
BLE,1705099920013445203,DF:DF:EE:00:00:04,-39
BLE,1705099920290915994,D3:F4:55:AB:96:20,-67
BLE,1705099920483172575,D3:F4:55:AB:96:20,-76
BLE,1705099920557859824,DF:DF:EE:00:00:04,-40
BLE,1705099920677358008,D3:F4:55:AB:96:20,-53
BLE,1705099921064613512,D3:F4:55:AB:96:20,-75
BLE,1705099921451323357,D3:F4:55:AB:96:20,-76
BLE,1705099921640860303,D3:F4:55:AB:96:20,-67
BLE,1705099921832480308,D3:F4:55:AB:96:20,-76
BLE,1705099922028086182,D3:F4:55:AB:96:20,-67
BLE,1705099922417205498,D3:F4:55:AB:96:20,-76
BLE,1705099922608319426,D3:F4:55:AB:96:20,-67
BLE,1705099922797621416,D3:F4:55:AB:96:20,-76
BLE,1705099922938818137,DF:A6:DC:DC:2E:81,-71
BLE,1705099922938850137,DF:DF:EE:00:00:01,-71
BLE,1705099922987126488,D3:F4:55:AB:96:20,-70
BLE,1705099923013548928,DF:DF:EE:00:00:04,-38
BLE,1705099923365945758,D3:F4:55:AB:96:20,-70
BLE,1705099923555314622,DF:DF:EE:00:00:04,-38
BLE,1705099923561849088,D3:F4:55:AB:96:20,-76
BLE,1705099923750829790,D3:F4:55:AB:96:20,-70
BLE,1705099923947452028,D3:F4:55:AB:96:20,-76
BLE,1705099924015399607,DF:DF:EE:00:00:04,-40
BLE,1705099924328076110,D3:F4:55:AB:96:20,-76
BLE,1705099924556282145,DF:DF:EE:00:00:04,-41
BLE,1705099924904329692,D3:F4:55:AB:96:20,-53
BLE,1705099925017350910,DF:DF:EE:00:00:04,-39
BLE,1705099925093404394,D3:F4:55:AB:96:20,-77
BLE,1705099925286835169,D3:F4:55:AB:96:20,-69
BLE,1705099925477539851,D3:F4:55:AB:96:20,-76
BLE,1705099926018643845,DF:DF:EE:00:00:04,-23
BLE,1705099926249075312,D3:F4:55:AB:96:20,-73
BLE,1705099926438715757,D3:F4:55:AB:96:20,-67
BLE,1705099926553653493,DF:DF:EE:00:00:04,-40
BLE,1705099926632186157,D3:F4:55:AB:96:20,-70
BLE,1705099927019599326,DF:DF:EE:00:00:04,-39
BLE,1705099927209169188,D3:F4:55:AB:96:20,-77
BLE,1705099927553928399,DF:DF:EE:00:00:04,-39
BLE,1705099927596405360,D3:F4:55:AB:96:20,-89
BLE,1705099927975167464,D3:F4:55:AB:96:20,-76
BLE,1705099928018123210,DF:DF:EE:00:00:04,-40
BLE,1705099928941408768,D3:F4:55:AB:96:20,-80
BLE,1705099929013224593,DF:DF:EE:00:00:04,-23
BLE,1705099929129926143,D3:F4:55:AB:96:20,-70
BLE,1705099929324685028,D3:F4:55:AB:96:20,-76
BLE,1705099929512290580,D3:F4:55:AB:96:20,-70
BLE,1705099929558150167,DF:DF:EE:00:00:04,-39
BLE,1705099930096200988,D3:F4:55:AB:96:20,-71
BLE,1705099930552217646,DF:DF:EE:00:00:04,-39
BLE,1705099930682470703,D3:F4:55:AB:96:20,-71
BLE,1705099930873757378,D3:F4:55:AB:96:20,-76
BLE,1705099931061447179,D3:F4:55:AB:96:20,-57
BLE,1705099931256304896,D3:F4:55:AB:96:20,-76
BLE,1705099931512385188,DF:DF:EE:00:00:04,-38
BLE,1705099931825980597,D3:F4:55:AB:96:20,-70
BLE,1705099931852355205,DF:A6:DC:DC:2E:81,-69
BLE,1705099931852371413,DF:DF:EE:00:00:01,-69
BLE,1705099932015450919,D3:F4:55:AB:96:20,-67
BLE,1705099932209612811,D3:F4:55:AB:96:20,-70
BLE,1705099932403786286,D3:F4:55:AB:96:20,-65
BLE,1705099932504937351,DF:DF:EE:00:00:04,-40
BLE,1705099932594979254,D3:F4:55:AB:96:20,-71
BLE,1705099932983699908,D3:F4:55:AB:96:20,-68
BLE,1705099933178830372,D3:F4:55:AB:96:20,-71
BLE,1705099933560125571,D3:F4:55:AB:96:20,-71
BLE,1705099933758269250,D3:F4:55:AB:96:20,-76
BLE,1705099934048688139,DF:DF:EE:00:00:04,-40
BLE,1705099934140040610,D3:F4:55:AB:96:20,-76
BLE,1705099934525858173,D3:F4:55:AB:96:20,-71
BLE,1705099934724138142,D3:F4:55:AB:96:20,-76
BLE,1705099934912454519,D3:F4:55:AB:96:20,-76
BLE,1705099935051318683,DF:DF:EE:00:00:04,-50
BLE,1705099935303817558,D3:F4:55:AB:96:20,-68
BLE,1705099935494918444,D3:F4:55:AB:96:20,-71
BLE,1705099935506727014,DF:DF:EE:00:00:04,-39
BLE,1705099935693325745,D3:F4:55:AB:96:20,-76
BLE,1705099935889706652,D3:F4:55:AB:96:20,-69
BLE,1705099936052923990,DF:DF:EE:00:00:04,-39
BLE,1705099936078904769,D3:F4:55:AB:96:20,-71
BLE,1705099936461404079,D3:F4:55:AB:96:20,-75
BLE,1705099936509299101,DF:DF:EE:00:00:04,-39
BLE,1705099936659688214,D3:F4:55:AB:96:20,-62
BLE,1705099936846698273,D3:F4:55:AB:96:20,-70
BLE,1705099936938870402,DF:A6:DC:DC:2E:81,-70
BLE,1705099936938884277,DF:DF:EE:00:00:01,-70
BLE,1705099937049604396,DF:DF:EE:00:00:04,-40
BLE,1705099937425285828,D3:F4:55:AB:96:20,-77
BLE,1705099938194482482,D3:F4:55:AB:96:20,-70
BLE,1705099938392745701,D3:F4:55:AB:96:20,-76
BLE,1705099938510224658,DF:DF:EE:00:00:04,-39
BLE,1705099938578616649,D3:F4:55:AB:96:20,-71
BLE,1705099938773801237,D3:F4:55:AB:96:20,-76
BLE,1705099939158822767,D3:F4:55:AB:96:20,-78
BLE,1705099939344230887,D3:F4:55:AB:96:20,-88
BLE,1705099939537941326,D3:F4:55:AB:96:20,-77
BLE,1705099939723486777,D3:F4:55:AB:96:20,-93
BLE,1705099939923007856,D3:F4:55:AB:96:20,-76
BLE,1705099940051575766,DF:DF:EE:00:00:04,-39
BLE,1705099940308631296,D3:F4:55:AB:96:20,-72
BLE,1705099940511300047,DF:DF:EE:00:00:04,-51
BLE,1705099940760637875,DF:A6:DC:DC:2E:81,-68
BLE,1705099940760676375,DF:DF:EE:00:00:01,-68
BLE,1705099941047401891,DF:DF:EE:00:00:04,-40
BLE,1705099941503400590,DF:DF:EE:00:00:04,-39
BLE,1705099941660409750,D3:F4:55:AB:96:20,-71
BLE,1705099942044401751,DF:DF:EE:00:00:04,-39
BLE,1705099942056255904,D3:F4:55:AB:96:20,-78
BLE,1705099942246354052,D3:F4:55:AB:96:20,-71
BLE,1705099942439559455,D3:F4:55:AB:96:20,-76
BLE,1705099942822226221,D3:F4:55:AB:96:20,-61
BLE,1705099943046877048,DF:DF:EE:00:00:04,-39
BLE,1705099943199263512,D3:F4:55:AB:96:20,-67
BLE,1705099943511262190,DF:DF:EE:00:00:04,-39
BLE,1705099943775092974,D3:F4:55:AB:96:20,-70
BLE,1705099943974086934,D3:F4:55:AB:96:20,-78
BLE,1705099944046892123,DF:DF:EE:00:00:04,-75
BLE,1705099944741609359,D3:F4:55:AB:96:20,-66
BLE,1705099945320989320,D3:F4:55:AB:96:20,-76
BLE,1705099945507802090,D3:F4:55:AB:96:20,-70
BLE,1705099945892841371,D3:F4:55:AB:96:20,-71
BLE,1705099946050179319,DF:DF:EE:00:00:04,-38
BLE,1705099946087912210,D3:F4:55:AB:96:20,-76
BLE,1705099946273684534,D3:F4:55:AB:96:20,-69
BLE,1705099946468739665,D3:F4:55:AB:96:20,-77
BLE,1705099946515026748,DF:DF:EE:00:00:04,-40
BLE,1705099946658941770,D3:F4:55:AB:96:20,-72
BLE,1705099946851834593,D3:F4:55:AB:96:20,-75
BLE,1705099947241155948,D3:F4:55:AB:96:20,-57
BLE,1705099947433809483,D3:F4:55:AB:96:20,-76
BLE,1705099947510582292,DF:DF:EE:00:00:04,-39
BLE,1705099947624835495,D3:F4:55:AB:96:20,-71
BLE,1705099947819199384,D3:F4:55:AB:96:20,-92
BLE,1705099948045446775,DF:DF:EE:00:00:04,-39
BLE,1705099948204800450,D3:F4:55:AB:96:20,-76
BLE,1705099948390899520,D3:F4:55:AB:96:20,-71
BLE,1705099948503103163,DF:DF:EE:00:00:04,-40
BLE,1705099948973108823,D3:F4:55:AB:96:20,-71
BLE,1705099949167075092,D3:F4:55:AB:96:20,-61
BLE,1705099949355389261,D3:F4:55:AB:96:20,-70
BLE,1705099949508234387,DF:DF:EE:00:00:04,-39
BLE,1705099949669605205,DF:A6:DC:DC:2E:81,-69
BLE,1705099949669640579,DF:DF:EE:00:00:01,-69
BLE,1705099949740850912,D3:F4:55:AB:96:20,-70
BLE,1705099950044700268,DF:DF:EE:00:00:04,-39
BLE,1705099950129062447,D3:F4:55:AB:96:20,-68
BLE,1705099950507157517,DF:DF:EE:00:00:04,-39
BLE,1705099950700341212,D3:F4:55:AB:96:20,-76
BLE,1705099951043021905,DF:DF:EE:00:00:04,-24
BLE,1705099951080441925,D3:F4:55:AB:96:20,-77
BLE,1705099951266983781,D3:F4:55:AB:96:20,-56
BLE,1705099951464810713,D3:F4:55:AB:96:20,-76
BLE,1705099951508217747,DF:DF:EE:00:00:04,-40
BLE,1705099952239524262,D3:F4:55:AB:96:20,-70
BLE,1705099952506835755,DF:DF:EE:00:00:04,-39
BLE,1705099952821494943,D3:F4:55:AB:96:20,-70
BLE,1705099953202555312,D3:F4:55:AB:96:20,-70
BLE,1705099953397060408,D3:F4:55:AB:96:20,-75
BLE,1705099953493999939,DF:A6:DC:DC:2E:81,-67
BLE,1705099953494021106,DF:DF:EE:00:00:01,-67
BLE,1705099953513003716,DF:DF:EE:00:00:04,-40
BLE,1705099954151247739,D3:F4:55:AB:96:20,-70
BLE,1705099954507043737,DF:DF:EE:00:00:04,-38
BLE,1705099954734624404,D3:F4:55:AB:96:20,-70
BLE,1705099954926322241,D3:F4:55:AB:96:20,-75
BLE,1705099955119336896,D3:F4:55:AB:96:20,-72
BLE,1705099955313781035,D3:F4:55:AB:96:20,-76
BLE,1705099955501287380,D3:F4:55:AB:96:20,-70
BLE,1705099955695562729,D3:F4:55:AB:96:20,-76
BLE,1705099955882340957,D3:F4:55:AB:96:20,-71
BLE,1705099956052958833,DF:DF:EE:00:00:04,-40
BLE,1705099956450431384,D3:F4:55:AB:96:20,-68
BLE,1705099956506716058,DF:DF:EE:00:00:04,-40
BLE,1705099956645648889,D3:F4:55:AB:96:20,-72
BLE,1705099956840503231,D3:F4:55:AB:96:20,-76
BLE,1705099957031475160,D3:F4:55:AB:96:20,-70
BLE,1705099957044859878,DF:DF:EE:00:00:04,-40
BLE,1705099957812084806,D3:F4:55:AB:96:20,-76
BLE,1705099957998159751,D3:F4:55:AB:96:20,-70
BLE,1705099958191877773,D3:F4:55:AB:96:20,-61
BLE,1705099958386514243,D3:F4:55:AB:96:20,-68
BLE,1705099958505504765,DF:DF:EE:00:00:04,-28
BLE,1705099958575550945,D3:F4:55:AB:96:20,-78
BLE,1705099958581572249,DF:A6:DC:DC:2E:81,-64
BLE,1705099958581583374,DF:DF:EE:00:00:01,-64
BLE,1705099958760672109,D3:F4:55:AB:96:20,-56
BLE,1705099958956028903,D3:F4:55:AB:96:20,-63
BLE,1705099959048976564,DF:DF:EE:00:00:04,-40
BLE,1705099959146915375,D3:F4:55:AB:96:20,-70
BLE,1705099959534904038,D3:F4:55:AB:96:20,-69
BLE,1705099959723983739,D3:F4:55:AB:96:20,-76
BLE,1705099960041427937,DF:DF:EE:00:00:04,-39
BLE,1705099960504465053,DF:DF:EE:00:00:04,-52
BLE,1705099961049503918,DF:DF:EE:00:00:04,-39
BLE,1705099961505121371,DF:DF:EE:00:00:04,-36
BLE,1705099961648844229,D3:F4:55:AB:96:20,-68
BLE,1705099962049017999,DF:DF:EE:00:00:04,-38
BLE,1705099962412969943,DF:A6:DC:DC:2E:81,-57
BLE,1705099962413023734,DF:DF:EE:00:00:01,-57
BLE,1705099962421624133,D3:F4:55:AB:96:20,-61
BLE,1705099962506525055,DF:DF:EE:00:00:04,-36
BLE,1705099962612319316,D3:F4:55:AB:96:20,-56
BLE,1705099962803523867,D3:F4:55:AB:96:20,-76
BLE,1705099963044536669,DF:DF:EE:00:00:04,-38
BLE,1705099963580356557,D3:F4:55:AB:96:20,-69
BLE,1705099963689264823,DF:A6:DC:DC:2E:81,-69
BLE,1705099963689305448,DF:DF:EE:00:00:01,-69
BLE,1705099963770536913,D3:F4:55:AB:96:20,-78
BLE,1705099963965731501,D3:F4:55:AB:96:20,-68
BLE,1705099964348867178,D3:F4:55:AB:96:20,-53
BLE,1705099964502750959,DF:DF:EE:00:00:04,-38
BLE,1705099964726286007,D3:F4:55:AB:96:20,-72
BLE,1705099965044501445,DF:DF:EE:00:00:04,-38
BLE,1705099965309572881,D3:F4:55:AB:96:20,-70
BLE,1705099965507082734,D3:F4:55:AB:96:20,-76
BLE,1705099965889652543,D3:F4:55:AB:96:20,-76
BLE,1705099966047657983,DF:DF:EE:00:00:04,-40
BLE,1705099966074674834,D3:F4:55:AB:96:20,-70
BLE,1705099966661095671,D3:F4:55:AB:96:20,-70
BLE,1705099966852808050,D3:F4:55:AB:96:20,-70
BLE,1705099967042849990,D3:F4:55:AB:96:20,-71
BLE,1705099967050145988,DF:DF:EE:00:00:04,-39
BLE,1705099967239072608,D3:F4:55:AB:96:20,-76
BLE,1705099967433427289,D3:F4:55:AB:96:20,-69
BLE,1705099967813191090,D3:F4:55:AB:96:20,-68
BLE,1705099968005321255,D3:F4:55:AB:96:20,-76
BLE,1705099968047207515,DF:DF:EE:00:00:04,-53
BLE,1705099968194730370,D3:F4:55:AB:96:20,-67
BLE,1705099968384545354,D3:F4:55:AB:96:20,-74
BLE,1705099968506674340,DF:DF:EE:00:00:04,-38
BLE,1705099968573045521,D3:F4:55:AB:96:20,-70
BLE,1705099968960957601,D3:F4:55:AB:96:20,-53
BLE,1705099969048057580,DF:DF:EE:00:00:04,-33
BLE,1705099969511391902,DF:DF:EE:00:00:04,-39
BLE,1705099969537870841,D3:F4:55:AB:96:20,-71
BLE,1705099969732315355,D3:F4:55:AB:96:20,-76
BLE,1705099970047156166,DF:DF:EE:00:00:04,-39
BLE,1705099970304485193,D3:F4:55:AB:96:20,-70
BLE,1705099970699331775,D3:F4:55:AB:96:20,-96
BLE,1705099970888404435,D3:F4:55:AB:96:20,-70
BLE,1705099971457220187,D3:F4:55:AB:96:20,-67
BLE,1705099971847618655,D3:F4:55:AB:96:20,-76
BLE,1705099972039033496,D3:F4:55:AB:96:20,-70
BLE,1705099972046765822,DF:DF:EE:00:00:04,-51
BLE,1705099972231769863,D3:F4:55:AB:96:20,-76
BLE,1705099972420526276,D3:F4:55:AB:96:20,-70
BLE,1705099972511085507,DF:DF:EE:00:00:04,-39
BLE,1705099972613130520,D3:F4:55:AB:96:20,-61
BLE,1705099972997243978,D3:F4:55:AB:96:20,-76
BLE,1705099973191307246,D3:F4:55:AB:96:20,-68
BLE,1705099973771737153,D3:F4:55:AB:96:20,-71
BLE,1705099973961863051,D3:F4:55:AB:96:20,-76
BLE,1705099974050013851,DF:DF:EE:00:00:04,-39
BLE,1705099974728296113,D3:F4:55:AB:96:20,-78
BLE,1705099975044221995,DF:DF:EE:00:00:04,-41
BLE,1705099975144067158,DF:A6:DC:DC:2E:81,-67
BLE,1705099975144098866,DF:DF:EE:00:00:01,-67
BLE,1705099975497475518,D3:F4:55:AB:96:20,-77
BLE,1705099975508798385,DF:DF:EE:00:00:04,-39
BLE,1705099975877585148,D3:F4:55:AB:96:20,-93
BLE,1705099976042883461,DF:DF:EE:00:00:04,-40
BLE,1705099976067156927,D3:F4:55:AB:96:20,-70
BLE,1705099976262126642,D3:F4:55:AB:96:20,-77
BLE,1705099976421859729,DF:A6:DC:DC:2E:81,-69
BLE,1705099976421893312,DF:DF:EE:00:00:01,-69
BLE,1705099976449197617,D3:F4:55:AB:96:20,-73
BLE,1705099976507526934,DF:DF:EE:00:00:04,-23
BLE,1705099976831126767,D3:F4:55:AB:96:20,-75
BLE,1705099977044507309,DF:DF:EE:00:00:04,-37
BLE,1705099977416419243,D3:F4:55:AB:96:20,-71
BLE,1705099977511346090,DF:DF:EE:00:00:04,-37
BLE,1705099977607268841,D3:F4:55:AB:96:20,-77
BLE,1705099977794467939,D3:F4:55:AB:96:20,-87
BLE,1705099977985261954,D3:F4:55:AB:96:20,-54
BLE,1705099978177189205,D3:F4:55:AB:96:20,-92
BLE,1705099978556843049,D3:F4:55:AB:96:20,-76
BLE,1705099978752976917,D3:F4:55:AB:96:20,-68
BLE,1705099978945818658,D3:F4:55:AB:96:20,-71
BLE,1705099979043564263,DF:DF:EE:00:00:04,-52
BLE,1705099979141599823,D3:F4:55:AB:96:20,-76
BLE,1705099979329856742,D3:F4:55:AB:96:20,-70
BLE,1705099979512892514,DF:DF:EE:00:00:04,-39
BLE,1705099979522940688,D3:F4:55:AB:96:20,-76
BLE,1705099979714803940,D3:F4:55:AB:96:20,-53
BLE,1705099979906686275,D3:F4:55:AB:96:20,-76
BLE,1705099980049274896,DF:DF:EE:00:00:04,-39
BLE,1705099980507159990,DF:DF:EE:00:00:04,-40
BLE,1705099980680277420,D3:F4:55:AB:96:20,-71
BLE,1705099981044260656,DF:DF:EE:00:00:04,-39
BLE,1705099981062320236,D3:F4:55:AB:96:20,-72
BLE,1705099981257205702,D3:F4:55:AB:96:20,-61
BLE,1705099981448721417,D3:F4:55:AB:96:20,-67
BLE,1705099981507386271,DF:DF:EE:00:00:04,-38
BLE,1705099981829887743,D3:F4:55:AB:96:20,-68
BLE,1705099982044635185,DF:DF:EE:00:00:04,-41
BLE,1705099982404987880,D3:F4:55:AB:96:20,-76
BLE,1705099982513697273,DF:DF:EE:00:00:04,-40
BLE,1705099982596099182,D3:F4:55:AB:96:20,-58
BLE,1705099982984978876,D3:F4:55:AB:96:20,-76
BLE,1705099983040348728,DF:DF:EE:00:00:04,-39
BLE,1705099983509749478,DF:DF:EE:00:00:04,-38
BLE,1705099983552993305,D3:F4:55:AB:96:20,-75
BLE,1705099983740313193,D3:F4:55:AB:96:20,-84
BLE,1705099983932903937,D3:F4:55:AB:96:20,-76
BLE,1705099984074652276,DF:A6:DC:DC:2E:81,-72
BLE,1705099984074694484,DF:DF:EE:00:00:01,-72
BLE,1705099984118918091,D3:F4:55:AB:96:20,-70
BLE,1705099984316438485,D3:F4:55:AB:96:20,-76
BLE,1705099984505498270,DF:DF:EE:00:00:04,-39
BLE,1705099984700687066,D3:F4:55:AB:96:20,-76
BLE,1705099984886528681,D3:F4:55:AB:96:20,-70
BLE,1705099985080699739,D3:F4:55:AB:96:20,-61
BLE,1705099985267345552,D3:F4:55:AB:96:20,-71
BLE,1705099985459818381,D3:F4:55:AB:96:20,-77
BLE,1705099985651592509,D3:F4:55:AB:96:20,-70
BLE,1705099986044691320,DF:DF:EE:00:00:04,-39
BLE,1705099986046335342,D3:F4:55:AB:96:20,-76
BLE,1705099986505829250,DF:DF:EE:00:00:04,-38
BLE,1705099986623425998,D3:F4:55:AB:96:20,-68
BLE,1705099986813436688,D3:F4:55:AB:96:20,-76
BLE,1705099987007381332,D3:F4:55:AB:96:20,-68
BLE,1705099987043643199,DF:DF:EE:00:00:04,-39
BLE,1705099987395560118,D3:F4:55:AB:96:20,-76
BLE,1705099987510944974,DF:DF:EE:00:00:04,-39
BLE,1705099987586523880,D3:F4:55:AB:96:20,-57
BLE,1705099987899569088,DF:A6:DC:DC:2E:81,-67
BLE,1705099987899605004,DF:DF:EE:00:00:01,-67
BLE,1705099988049691079,DF:DF:EE:00:00:04,-40
BLE,1705099988504855413,DF:DF:EE:00:00:04,-39
BLE,1705099988566367484,D3:F4:55:AB:96:20,-76
BLE,1705099988952043132,D3:F4:55:AB:96:20,-76
BLE,1705099990103794971,D3:F4:55:AB:96:20,-70
BLE,1705099990297061457,D3:F4:55:AB:96:20,-77
BLE,1705099990685798319,D3:F4:55:AB:96:20,-76
BLE,1705099991456574413,D3:F4:55:AB:96:20,-70
BLE,1705099991506882240,DF:DF:EE:00:00:04,-39
BLE,1705099991648973659,D3:F4:55:AB:96:20,-79
BLE,1705099991725054101,DF:A6:DC:DC:2E:81,-54
BLE,1705099991725085642,DF:DF:EE:00:00:01,-54
BLE,1705099991839275929,D3:F4:55:AB:96:20,-71
BLE,1705099992040897942,DF:DF:EE:00:00:04,-38
BLE,1705099992420117041,D3:F4:55:AB:96:20,-71
BLE,1705099992510261151,DF:DF:EE:00:00:04,-39
BLE,1705099992617707976,D3:F4:55:AB:96:20,-75
BLE,1705099992805317903,D3:F4:55:AB:96:20,-70
BLE,1705099993199773781,D3:F4:55:AB:96:20,-77
BLE,1705099993389056480,D3:F4:55:AB:96:20,-70
BLE,1705099993510349142,DF:DF:EE:00:00:04,-39
BLE,1705099993577997433,D3:F4:55:AB:96:20,-69
BLE,1705099993772845359,D3:F4:55:AB:96:20,-70
BLE,1705099993962299722,D3:F4:55:AB:96:20,-68
BLE,1705099994041312630,DF:DF:EE:00:00:04,-38
BLE,1705099994156499114,D3:F4:55:AB:96:20,-70
BLE,1705099994506781051,DF:DF:EE:00:00:04,-40
BLE,1705099994545438932,D3:F4:55:AB:96:20,-69
BLE,1705099994739482700,D3:F4:55:AB:96:20,-70
BLE,1705099995506185009,DF:DF:EE:00:00:04,-38
BLE,1705099996089282219,D3:F4:55:AB:96:20,-70
BLE,1705099996280288648,D3:F4:55:AB:96:20,-68
BLE,1705099996473850838,D3:F4:55:AB:96:20,-70
BLE,1705099996509676544,DF:DF:EE:00:00:04,-40
BLE,1705099997053025636,D3:F4:55:AB:96:20,-76
BLE,1705099997438202748,D3:F4:55:AB:96:20,-71
BLE,1705099997507313563,DF:DF:EE:00:00:04,-23
BLE,1705099997635374813,D3:F4:55:AB:96:20,-75
BLE,1705099997822593703,D3:F4:55:AB:96:20,-71
BLE,1705099998018476283,D3:F4:55:AB:96:20,-76
BLE,1705099998210492992,D3:F4:55:AB:96:20,-69
BLE,1705099998401096008,D3:F4:55:AB:96:20,-76
BLE,1705099998500946047,DF:DF:EE:00:00:04,-38
BLE,1705099998590946826,D3:F4:55:AB:96:20,-71
BLE,1705099998592271560,D3:F4:55:AB:96:20,-67
BLE,1705099999044318722,DF:DF:EE:00:00:04,-39
BLE,1705099999170238997,D3:F4:55:AB:96:20,-71
BLE,1705099999365278379,D3:F4:55:AB:96:20,-76
BLE,1705099999557078215,D3:F4:55:AB:96:20,-70
BLE,1705099999752246803,D3:F4:55:AB:96:20,-76
BLE,1705100000044145800,DF:DF:EE:00:00:04,-40
BLE,1705100000716057636,D3:F4:55:AB:96:20,-76
BLE,1705100001043081804,DF:DF:EE:00:00:04,-39
BLE,1705100001097802247,D3:F4:55:AB:96:20,-97
BLE,1705100001289527209,D3:F4:55:AB:96:20,-71
BLE,1705100001480324890,D3:F4:55:AB:96:20,-77
BLE,1705100001507261991,DF:DF:EE:00:00:04,-39
BLE,1705100002042988756,DF:DF:EE:00:00:04,-40
BLE,1705100002636992547,D3:F4:55:AB:96:20,-70
BLE,1705100003043144330,DF:DF:EE:00:00:04,-39
BLE,1705100003612296453,D3:F4:55:AB:96:20,-68
BLE,1705100004047745476,DF:DF:EE:00:00:04,-40
BLE,1705100004385522852,D3:F4:55:AB:96:20,-76
BLE,1705100004505047494,DF:DF:EE:00:00:04,-38
BLE,1705100004571529048,D3:F4:55:AB:96:20,-71
BLE,1705100004769162774,D3:F4:55:AB:96:20,-61
BLE,1705100004960254119,D3:F4:55:AB:96:20,-68
BLE,1705100005149381903,D3:F4:55:AB:96:20,-76
BLE,1705100005344472659,D3:F4:55:AB:96:20,-67
BLE,1705100005509269145,DF:DF:EE:00:00:04,-40
BLE,1705100005735617159,D3:F4:55:AB:96:20,-76
BLE,1705100005928946894,D3:F4:55:AB:96:20,-53
BLE,1705100006047903459,DF:DF:EE:00:00:04,-39
BLE,1705100006118893335,D3:F4:55:AB:96:20,-76
BLE,1705100006304125124,D3:F4:55:AB:96:20,-70
BLE,1705100006503744076,D3:F4:55:AB:96:20,-75
BLE,1705100007081373934,D3:F4:55:AB:96:20,-53
BLE,1705100007272498986,D3:F4:55:AB:96:20,-56
BLE,1705100007469657760,D3:F4:55:AB:96:20,-76
BLE,1705100007502504791,DF:DF:EE:00:00:04,-39
BLE,1705100007662388335,D3:F4:55:AB:96:20,-68
BLE,1705100007858333123,D3:F4:55:AB:96:20,-70
BLE,1705100008040181575,DF:DF:EE:00:00:04,-40
BLE,1705100008433015015,D3:F4:55:AB:96:20,-76
BLE,1705100008821126092,D3:F4:55:AB:96:20,-76
BLE,1705100009203103325,D3:F4:55:AB:96:20,-76
BLE,1705100009506887183,DF:DF:EE:00:00:04,-40
BLE,1705100009592767385,D3:F4:55:AB:96:20,-70
BLE,1705100010041471128,DF:DF:EE:00:00:04,-39
BLE,1705100010170845320,D3:F4:55:AB:96:20,-76
BLE,1705100010362485908,D3:F4:55:AB:96:20,-67
BLE,1705100010737716721,D3:F4:55:AB:96:20,-71
BLE,1705100011122012760,D3:F4:55:AB:96:20,-70
BLE,1705100011314583545,D3:F4:55:AB:96:20,-77
BLE,1705100011502786882,DF:DF:EE:00:00:04,-40
BLE,1705100011697047981,D3:F4:55:AB:96:20,-76
BLE,1705100011891517036,D3:F4:55:AB:96:20,-69
BLE,1705100012082528590,D3:F4:55:AB:96:20,-76
BLE,1705100012273215814,D3:F4:55:AB:96:20,-68
BLE,1705100012467675327,D3:F4:55:AB:96:20,-72
BLE,1705100012656895860,D3:F4:55:AB:96:20,-68
BLE,1705100013043307916,DF:DF:EE:00:00:04,-38
BLE,1705100013391662585,DF:A6:DC:DC:2E:81,-68
BLE,1705100013391698334,DF:DF:EE:00:00:01,-68
BLE,1705100013506874943,DF:DF:EE:00:00:04,-38
BLE,1705100013618154431,D3:F4:55:AB:96:20,-70
BLE,1705100014003284044,D3:F4:55:AB:96:20,-56
BLE,1705100014587315993,D3:F4:55:AB:96:20,-70
BLE,1705100015044578636,DF:DF:EE:00:00:04,-39
BLE,1705100015165780882,D3:F4:55:AB:96:20,-77
BLE,1705100015548824894,D3:F4:55:AB:96:20,-76
BLE,1705100015737645474,D3:F4:55:AB:96:20,-53
BLE,1705100015926123641,D3:F4:55:AB:96:20,-81
BLE,1705100015943877141,DF:A6:DC:DC:2E:81,-71
BLE,1705100015943889849,DF:DF:EE:00:00:01,-71
BLE,1705100016048953160,DF:DF:EE:00:00:04,-39
BLE,1705100016310796425,D3:F4:55:AB:96:20,-78
BLE,1705100016500608535,DF:DF:EE:00:00:04,-39
BLE,1705100017040749873,DF:DF:EE:00:00:04,-38
BLE,1705100017083011961,D3:F4:55:AB:96:20,-71
BLE,1705100017276681151,D3:F4:55:AB:96:20,-76
BLE,1705100017663789157,D3:F4:55:AB:96:20,-76
BLE,1705100017850163057,D3:F4:55:AB:96:20,-56
BLE,1705100018041066987,D3:F4:55:AB:96:20,-61
BLE,1705100018231440548,D3:F4:55:AB:96:20,-71
BLE,1705100018488245497,DF:A6:DC:DC:2E:81,-71
BLE,1705100018488265580,DF:DF:EE:00:00:01,-71
BLE,1705100018500819058,DF:DF:EE:00:00:04,-39
BLE,1705100018626850290,D3:F4:55:AB:96:20,-76
BLE,1705100018817798845,D3:F4:55:AB:96:20,-71
BLE,1705100019042016676,DF:DF:EE:00:00:04,-39
BLE,1705100019198357053,D3:F4:55:AB:96:20,-70
BLE,1705100019394477630,D3:F4:55:AB:96:20,-76
BLE,1705100019506876605,DF:DF:EE:00:00:04,-39
BLE,1705100019583253543,D3:F4:55:AB:96:20,-70
BLE,1705100019773485564,D3:F4:55:AB:96:20,-75
BLE,1705100019966202348,D3:F4:55:AB:96:20,-70
BLE,1705100020043440818,DF:DF:EE:00:00:04,-40
BLE,1705100020163758367,D3:F4:55:AB:96:20,-70
BLE,1705100020363263988,D3:F4:55:AB:96:20,-76
BLE,1705100020504649581,DF:DF:EE:00:00:04,-39
BLE,1705100020549860426,D3:F4:55:AB:96:20,-69
BLE,1705100020741434932,D3:F4:55:AB:96:20,-76
BLE,1705100021045097833,DF:DF:EE:00:00:04,-38
BLE,1705100021693274113,D3:F4:55:AB:96:20,-71
BLE,1705100021891248544,D3:F4:55:AB:96:20,-76
BLE,1705100022081134319,D3:F4:55:AB:96:20,-70
BLE,1705100022082662426,D3:F4:55:AB:96:20,-69
BLE,1705100022303355382,DF:A6:DC:DC:2E:81,-55
BLE,1705100022303387674,DF:DF:EE:00:00:01,-55
BLE,1705100022657732189,D3:F4:55:AB:96:20,-61
BLE,1705100022845853693,D3:F4:55:AB:96:20,-71
BLE,1705100023037071869,D3:F4:55:AB:96:20,-76
BLE,1705100023228604209,D3:F4:55:AB:96:20,-72
BLE,1705100023421616156,D3:F4:55:AB:96:20,-76
BLE,1705100023508096017,DF:DF:EE:00:00:04,-41
BLE,1705100023608515216,D3:F4:55:AB:96:20,-70
BLE,1705100024051052781,DF:DF:EE:00:00:04,-40
BLE,1705100024191521927,D3:F4:55:AB:96:20,-70
BLE,1705100024508481672,DF:DF:EE:00:00:04,-52
BLE,1705100024570514237,D3:F4:55:AB:96:20,-76
BLE,1705100024952845632,D3:F4:55:AB:96:20,-76
BLE,1705100025503679928,DF:DF:EE:00:00:04,-38
BLE,1705100025535025394,D3:F4:55:AB:96:20,-76
BLE,1705100025922990224,D3:F4:55:AB:96:20,-71
BLE,1705100026704794939,D3:F4:55:AB:96:20,-76
BLE,1705100027043238849,DF:DF:EE:00:00:04,-39
BLE,1705100027094866577,D3:F4:55:AB:96:20,-56
BLE,1705100027478557165,D3:F4:55:AB:96:20,-71
BLE,1705100027507176913,DF:DF:EE:00:00:04,-39
BLE,1705100027862412376,D3:F4:55:AB:96:20,-70
BLE,1705100028043187383,DF:DF:EE:00:00:04,-38
BLE,1705100028257137127,D3:F4:55:AB:96:20,-76
BLE,1705100028447080193,D3:F4:55:AB:96:20,-70
BLE,1705100029025142545,D3:F4:55:AB:96:20,-75
BLE,1705100029046706834,DF:DF:EE:00:00:04,-39
BLE,1705100029788309021,D3:F4:55:AB:96:20,-77
BLE,1705100030366467372,D3:F4:55:AB:96:20,-68
BLE,1705100030511136010,DF:DF:EE:00:00:04,-40
BLE,1705100030555917902,D3:F4:55:AB:96:20,-76
BLE,1705100030745989842,D3:F4:55:AB:96:20,-53
BLE,1705100031126735214,D3:F4:55:AB:96:20,-85
BLE,1705100031515902947,D3:F4:55:AB:96:20,-68
BLE,1705100031705794972,D3:F4:55:AB:96:20,-71
BLE,1705100031895413042,D3:F4:55:AB:96:20,-68
BLE,1705100032044192382,DF:DF:EE:00:00:04,-38
BLE,1705100032091056750,D3:F4:55:AB:96:20,-70
BLE,1705100032494388566,DF:A6:DC:DC:2E:81,-69
BLE,1705100032494444190,DF:DF:EE:00:00:01,-69
BLE,1705100032509892134,DF:DF:EE:00:00:04,-40
BLE,1705100032868543682,D3:F4:55:AB:96:20,-76
BLE,1705100033061050718,D3:F4:55:AB:96:20,-70
BLE,1705100033439658324,D3:F4:55:AB:96:20,-70
BLE,1705100033508086481,DF:DF:EE:00:00:04,-38
BLE,1705100033826075380,D3:F4:55:AB:96:20,-87
BLE,1705100034019323158,D3:F4:55:AB:96:20,-77
BLE,1705100034401320390,D3:F4:55:AB:96:20,-77
BLE,1705100034590565257,D3:F4:55:AB:96:20,-72
BLE,1705100034780867610,D3:F4:55:AB:96:20,-76
BLE,1705100035503853556,DF:DF:EE:00:00:04,-39
BLE,1705100035748780312,D3:F4:55:AB:96:20,-76
BLE,1705100036318947548,DF:A6:DC:DC:2E:81,-73
BLE,1705100036319011214,DF:DF:EE:00:00:01,-73
BLE,1705100036507743670,DF:DF:EE:00:00:04,-39
BLE,1705100036716621097,D3:F4:55:AB:96:20,-76
BLE,1705100037042830400,DF:DF:EE:00:00:04,-39
BLE,1705100037095559366,D3:F4:55:AB:96:20,-69
BLE,1705100037503569752,DF:DF:EE:00:00:04,-39
BLE,1705100038039975968,DF:DF:EE:00:00:04,-39
BLE,1705100038504916520,DF:DF:EE:00:00:04,-39
BLE,1705100038629847390,D3:F4:55:AB:96:20,-77
BLE,1705100038824838272,D3:F4:55:AB:96:20,-69
BLE,1705100039015281749,D3:F4:55:AB:96:20,-92
BLE,1705100039048767982,DF:DF:EE:00:00:04,-39
BLE,1705100039507551565,DF:DF:EE:00:00:04,-40
BLE,1705100039781972725,D3:F4:55:AB:96:20,-61
BLE,1705100039968530497,D3:F4:55:AB:96:20,-70
BLE,1705100040163071468,D3:F4:55:AB:96:20,-75
BLE,1705100040349507284,D3:F4:55:AB:96:20,-70
BLE,1705100040504212221,DF:DF:EE:00:00:04,-38
BLE,1705100040544110212,D3:F4:55:AB:96:20,-76
BLE,1705100040729635164,D3:F4:55:AB:96:20,-70
BLE,1705100040923778806,D3:F4:55:AB:96:20,-76
BLE,1705100041046218288,DF:DF:EE:00:00:04,-39
BLE,1705100041119078142,D3:F4:55:AB:96:20,-68
BLE,1705100041308702546,D3:F4:55:AB:96:20,-61
BLE,1705100041412886575,DF:A6:DC:DC:2E:81,-73
BLE,1705100041412898325,DF:DF:EE:00:00:01,-73
BLE,1705100041494920614,D3:F4:55:AB:96:20,-70
BLE,1705100041508740827,DF:DF:EE:00:00:04,-39
BLE,1705100042049040455,DF:DF:EE:00:00:04,-40
BLE,1705100042501483988,DF:DF:EE:00:00:04,-40
BLE,1705100042687427892,DF:A6:DC:DC:2E:81,-54
BLE,1705100042687440642,DF:DF:EE:00:00:01,-54
BLE,1705100043033277507,D3:F4:55:AB:96:20,-69
BLE,1705100043047024888,DF:DF:EE:00:00:04,-38
BLE,1705100043225887459,D3:F4:55:AB:96:20,-70
BLE,1705100043792720609,D3:F4:55:AB:96:20,-72
BLE,1705100043983661372,D3:F4:55:AB:96:20,-76
BLE,1705100044503753195,DF:DF:EE:00:00:04,-41
BLE,1705100045042621674,DF:DF:EE:00:00:04,-41
BLE,1705100045315083565,D3:F4:55:AB:96:20,-76
BLE,1705100045500677390,D3:F4:55:AB:96:20,-70
BLE,1705100045883316032,D3:F4:55:AB:96:20,-70
BLE,1705100046269100179,D3:F4:55:AB:96:20,-71
BLE,1705100046463439319,D3:F4:55:AB:96:20,-78
BLE,1705100046504111425,DF:DF:EE:00:00:04,-39
BLE,1705100046513886436,DF:A6:DC:DC:2E:81,-67
BLE,1705100046513904811,DF:DF:EE:00:00:01,-67
BLE,1705100047231452362,D3:F4:55:AB:96:20,-71
BLE,1705100047501257951,DF:DF:EE:00:00:04,-40
BLE,1705100047617856043,D3:F4:55:AB:96:20,-71
BLE,1705100047812769968,D3:F4:55:AB:96:20,-76
BLE,1705100047999121410,D3:F4:55:AB:96:20,-69
BLE,1705100048507918490,DF:DF:EE:00:00:04,-41
BLE,1705100048581101633,D3:F4:55:AB:96:20,-71
BLE,1705100049359274182,D3:F4:55:AB:96:20,-68
BLE,1705100049747301094,D3:F4:55:AB:96:20,-76
BLE,1705100049935910885,D3:F4:55:AB:96:20,-71
BLE,1705100050046023886,DF:DF:EE:00:00:04,-38
BLE,1705100050338878288,DF:A6:DC:DC:2E:81,-69
BLE,1705100050338913371,DF:DF:EE:00:00:01,-69
BLE,1705100050503914272,D3:F4:55:AB:96:20,-68
BLE,1705100050891505355,D3:F4:55:AB:96:20,-76
BLE,1705100051047243072,DF:DF:EE:00:00:04,-40
BLE,1705100051480311624,D3:F4:55:AB:96:20,-76
BLE,1705100051668661875,D3:F4:55:AB:96:20,-70
BLE,1705100051863596800,D3:F4:55:AB:96:20,-76
BLE,1705100052044185059,DF:DF:EE:00:00:04,-40
BLE,1705100052049298624,D3:F4:55:AB:96:20,-75
BLE,1705100052628745377,D3:F4:55:AB:96:20,-76
BLE,1705100052820036594,D3:F4:55:AB:96:20,-67
BLE,1705100053014029363,D3:F4:55:AB:96:20,-70
BLE,1705100053038755031,DF:DF:EE:00:00:04,-39
BLE,1705100053213060072,D3:F4:55:AB:96:20,-76
BLE,1705100053405424152,D3:F4:55:AB:96:20,-67
BLE,1705100053600103913,D3:F4:55:AB:96:20,-71
BLE,1705100053795380208,D3:F4:55:AB:96:20,-76
BLE,1705100053983482129,D3:F4:55:AB:96:20,-75
BLE,1705100054045521194,DF:DF:EE:00:00:04,-23
BLE,1705100054162366700,DF:A6:DC:DC:2E:81,-69
BLE,1705100054162400366,DF:DF:EE:00:00:01,-69
BLE,1705100054375997739,D3:F4:55:AB:96:20,-69
BLE,1705100054509055180,DF:DF:EE:00:00:04,-38
BLE,1705100054764286190,D3:F4:55:AB:96:20,-76
BLE,1705100054954082049,D3:F4:55:AB:96:20,-70
BLE,1705100055148821684,D3:F4:55:AB:96:20,-76
BLE,1705100055534426750,D3:F4:55:AB:96:20,-72
BLE,1705100055731627981,D3:F4:55:AB:96:20,-76
BLE,1705100055920219438,D3:F4:55:AB:96:20,-70
BLE,1705100056048809640,DF:DF:EE:00:00:04,-40
BLE,1705100056301363931,D3:F4:55:AB:96:20,-70
BLE,1705100056503861058,DF:DF:EE:00:00:04,-39
BLE,1705100056686150381,D3:F4:55:AB:96:20,-72
BLE,1705100057047165401,DF:DF:EE:00:00:04,-38
BLE,1705100057048648509,DF:DF:EE:00:00:04,-39
BLE,1705100057271451232,D3:F4:55:AB:96:20,-70
BLE,1705100057465580958,D3:F4:55:AB:96:20,-75
BLE,1705100057501255373,DF:DF:EE:00:00:04,-38
BLE,1705100057991239174,DF:A6:DC:DC:2E:81,-67
BLE,1705100057991295881,DF:DF:EE:00:00:01,-67
BLE,1705100058039686440,D3:F4:55:AB:96:20,-68
BLE,1705100058235188774,D3:F4:55:AB:96:20,-70
BLE,1705100058500678330,DF:DF:EE:00:00:04,-46
BLE,1705100058619340898,D3:F4:55:AB:96:20,-70
BLE,1705100058815819888,D3:F4:55:AB:96:20,-76
BLE,1705100059191833149,D3:F4:55:AB:96:20,-69
BLE,1705100059386233580,D3:F4:55:AB:96:20,-70
BLE,1705100059576471143,D3:F4:55:AB:96:20,-78
BLE,1705100059765243931,D3:F4:55:AB:96:20,-70
BLE,1705100059961567714,D3:F4:55:AB:96:20,-76
BLE,1705100060149499596,D3:F4:55:AB:96:20,-70
BLE,1705100060545754786,D3:F4:55:AB:96:20,-77
BLE,1705100060734402243,D3:F4:55:AB:96:20,-69
BLE,1705100061115248281,D3:F4:55:AB:96:20,-70
BLE,1705100061312621302,D3:F4:55:AB:96:20,-77
BLE,1705100061498222002,DF:DF:EE:00:00:04,-38
BLE,1705100061697426418,D3:F4:55:AB:96:20,-76
BLE,1705100061883580570,D3:F4:55:AB:96:20,-70
BLE,1705100062268955097,D3:F4:55:AB:96:20,-68
BLE,1705100063042638074,D3:F4:55:AB:96:20,-75
BLE,1705100063046446904,DF:DF:EE:00:00:04,-40
BLE,1705100063230943035,D3:F4:55:AB:96:20,-69
BLE,1705100063429359293,D3:F4:55:AB:96:20,-61
BLE,1705100063617156718,D3:F4:55:AB:96:20,-70
BLE,1705100063811076571,D3:F4:55:AB:96:20,-76
BLE,1705100064198202577,D3:F4:55:AB:96:20,-70
BLE,1705100064504781527,DF:DF:EE:00:00:04,-40
BLE,1705100065169106160,D3:F4:55:AB:96:20,-71
BLE,1705100065558906801,D3:F4:55:AB:96:20,-68
BLE,1705100065749648067,D3:F4:55:AB:96:20,-70
BLE,1705100065946832381,D3:F4:55:AB:96:20,-75
BLE,1705100066046273341,DF:DF:EE:00:00:04,-38
BLE,1705100066135518004,D3:F4:55:AB:96:20,-56
BLE,1705100066506709613,DF:DF:EE:00:00:04,-35
BLE,1705100066515801007,D3:F4:55:AB:96:20,-72
BLE,1705100066711087177,D3:F4:55:AB:96:20,-61
BLE,1705100067042588877,DF:DF:EE:00:00:04,-39
BLE,1705100067295558288,D3:F4:55:AB:96:20,-61
BLE,1705100067881844919,D3:F4:55:AB:96:20,-76
BLE,1705100068040766182,DF:DF:EE:00:00:04,-41
BLE,1705100068069312347,D3:F4:55:AB:96:20,-70
BLE,1705100068261676844,D3:F4:55:AB:96:20,-78
BLE,1705100068453932174,D3:F4:55:AB:96:20,-70
BLE,1705100068506249936,DF:DF:EE:00:00:04,-37
BLE,1705100069030607855,D3:F4:55:AB:96:20,-76
BLE,1705100069038022056,DF:DF:EE:00:00:04,-51
BLE,1705100069414353488,D3:F4:55:AB:96:20,-76
BLE,1705100069506496370,DF:DF:EE:00:00:04,-38
BLE,1705100069605791498,D3:F4:55:AB:96:20,-68
BLE,1705100069996060261,D3:F4:55:AB:96:20,-77
BLE,1705100070045261747,DF:DF:EE:00:00:04,-39
BLE,1705100070190828647,D3:F4:55:AB:96:20,-68
BLE,1705100070382974023,D3:F4:55:AB:96:20,-76
BLE,1705100070504861460,DF:DF:EE:00:00:04,-40
BLE,1705100071041530154,DF:DF:EE:00:00:04,-38
BLE,1705100071164313997,D3:F4:55:AB:96:20,-76
BLE,1705100071941094943,D3:F4:55:AB:96:20,-70
BLE,1705100072323278096,D3:F4:55:AB:96:20,-70
BLE,1705100072517139118,D3:F4:55:AB:96:20,-78
BLE,1705100073665020643,D3:F4:55:AB:96:20,-76
BLE,1705100073850791346,D3:F4:55:AB:96:20,-70
BLE,1705100074246652291,D3:F4:55:AB:96:20,-77
BLE,1705100074438799501,D3:F4:55:AB:96:20,-70
BLE,1705100074505969060,DF:DF:EE:00:00:04,-39
BLE,1705100074633959507,D3:F4:55:AB:96:20,-75
BLE,1705100074825930801,D3:F4:55:AB:96:20,-68
BLE,1705100075208727613,D3:F4:55:AB:96:20,-68
BLE,1705100075402057142,D3:F4:55:AB:96:20,-70
BLE,1705100075506421042,DF:DF:EE:00:00:04,-39
BLE,1705100075593391277,D3:F4:55:AB:96:20,-69
BLE,1705100075832054589,DF:A6:DC:DC:2E:81,-69
BLE,1705100075832074922,DF:DF:EE:00:00:01,-69
BLE,1705100075983150672,D3:F4:55:AB:96:20,-76
BLE,1705100076048607919,DF:DF:EE:00:00:04,-39
BLE,1705100076504962546,DF:DF:EE:00:00:04,-24
BLE,1705100076557096830,D3:F4:55:AB:96:20,-53
BLE,1705100076748290051,D3:F4:55:AB:96:20,-79
BLE,1705100076933682134,D3:F4:55:AB:96:20,-56
BLE,1705100077330338236,D3:F4:55:AB:96:20,-75
BLE,1705100077917223987,D3:F4:55:AB:96:20,-77
BLE,1705100078042545216,DF:DF:EE:00:00:04,-28
BLE,1705100078299088102,D3:F4:55:AB:96:20,-76
BLE,1705100078503210624,DF:DF:EE:00:00:04,-39
BLE,1705100078684769504,D3:F4:55:AB:96:20,-76
BLE,1705100078875120110,D3:F4:55:AB:96:20,-69
BLE,1705100079039900526,DF:DF:EE:00:00:04,-45
BLE,1705100079637162152,D3:F4:55:AB:96:20,-72
BLE,1705100079830856842,D3:F4:55:AB:96:20,-77
BLE,1705100080024705906,D3:F4:55:AB:96:20,-68
BLE,1705100080046809263,DF:DF:EE:00:00:04,-33
BLE,1705100080217179028,D3:F4:55:AB:96:20,-70
BLE,1705100080796227333,D3:F4:55:AB:96:20,-94
BLE,1705100081047323493,DF:DF:EE:00:00:04,-40
BLE,1705100081188031202,D3:F4:55:AB:96:20,-70
BLE,1705100081380857736,D3:F4:55:AB:96:20,-77
BLE,1705100081503641246,DF:DF:EE:00:00:04,-39
BLE,1705100081574996380,D3:F4:55:AB:96:20,-66
BLE,1705100081769761516,D3:F4:55:AB:96:20,-70
BLE,1705100082041487509,DF:DF:EE:00:00:04,-40
BLE,1705100082149230493,D3:F4:55:AB:96:20,-76
BLE,1705100082198568436,DF:A6:DC:DC:2E:81,-90
BLE,1705100082198623894,DF:DF:EE:00:00:01,-90
BLE,1705100082508497882,DF:DF:EE:00:00:04,-39
BLE,1705100082535784718,D3:F4:55:AB:96:20,-70
BLE,1705100082731123305,D3:F4:55:AB:96:20,-76
BLE,1705100082918214784,D3:F4:55:AB:96:20,-71
BLE,1705100083045475989,DF:DF:EE:00:00:04,-53
BLE,1705100083116665833,D3:F4:55:AB:96:20,-76
BLE,1705100083312911868,D3:F4:55:AB:96:20,-68
BLE,1705100083314199894,D3:F4:55:AB:96:20,-76
BLE,1705100083505344741,DF:DF:EE:00:00:04,-38
BLE,1705100083892353585,D3:F4:55:AB:96:20,-58
BLE,1705100084039859627,DF:DF:EE:00:00:04,-39
BLE,1705100084087202303,D3:F4:55:AB:96:20,-55
BLE,1705100084276801793,D3:F4:55:AB:96:20,-68
BLE,1705100084469213624,D3:F4:55:AB:96:20,-72
BLE,1705100084659879477,D3:F4:55:AB:96:20,-53
BLE,1705100084745332856,DF:A6:DC:DC:2E:81,-70
BLE,1705100084745379647,DF:DF:EE:00:00:01,-70
BLE,1705100084850019127,D3:F4:55:AB:96:20,-76
BLE,1705100085045122800,D3:F4:55:AB:96:20,-68
BLE,1705100086015800060,D3:F4:55:AB:96:20,-61
BLE,1705100086039183943,DF:DF:EE:00:00:04,-39
BLE,1705100086209664415,D3:F4:55:AB:96:20,-63
BLE,1705100086592553226,D3:F4:55:AB:96:20,-67
BLE,1705100086781654139,D3:F4:55:AB:96:20,-76
BLE,1705100086975546744,D3:F4:55:AB:96:20,-68
BLE,1705100087165975515,D3:F4:55:AB:96:20,-76
BLE,1705100087291072872,DF:A6:DC:DC:2E:81,-57
BLE,1705100087291084497,DF:DF:EE:00:00:01,-57
BLE,1705100087358247557,D3:F4:55:AB:96:20,-69
BLE,1705100087552865778,D3:F4:55:AB:96:20,-69
BLE,1705100087938509013,D3:F4:55:AB:96:20,-70
BLE,1705100088321291617,D3:F4:55:AB:96:20,-57
BLE,1705100088501201017,DF:DF:EE:00:00:04,-38
BLE,1705100089041144046,DF:DF:EE:00:00:04,-39
BLE,1705100089092500589,D3:F4:55:AB:96:20,-68
BLE,1705100089288068090,D3:F4:55:AB:96:20,-70
BLE,1705100089502370406,DF:DF:EE:00:00:04,-41
BLE,1705100089674899770,D3:F4:55:AB:96:20,-68
BLE,1705100090038529273,DF:DF:EE:00:00:04,-39
BLE,1705100090456095246,D3:F4:55:AB:96:20,-70
BLE,1705100090505122567,DF:DF:EE:00:00:04,-55
BLE,1705100090842990716,D3:F4:55:AB:96:20,-70
BLE,1705100091040498652,DF:DF:EE:00:00:04,-40
BLE,1705100091109236943,DF:A6:DC:DC:2E:81,-89
BLE,1705100091109274234,DF:DF:EE:00:00:01,-89
BLE,1705100091819584237,D3:F4:55:AB:96:20,-76
BLE,1705100092011032080,D3:F4:55:AB:96:20,-56
BLE,1705100092204776562,D3:F4:55:AB:96:20,-76
BLE,1705100092503830848,DF:DF:EE:00:00:04,-38
BLE,1705100092594013254,D3:F4:55:AB:96:20,-71
BLE,1705100092791496190,D3:F4:55:AB:96:20,-77
BLE,1705100092983365986,D3:F4:55:AB:96:20,-68
BLE,1705100093177373881,D3:F4:55:AB:96:20,-56
BLE,1705100093373504500,D3:F4:55:AB:96:20,-76
BLE,1705100093568733964,D3:F4:55:AB:96:20,-68
BLE,1705100093657425263,DF:A6:DC:DC:2E:81,-72
BLE,1705100093657475179,DF:DF:EE:00:00:01,-72
BLE,1705100093765261245,D3:F4:55:AB:96:20,-70
BLE,1705100094042623170,DF:DF:EE:00:00:04,-38
BLE,1705100094347340222,D3:F4:55:AB:96:20,-56
BLE,1705100094545708439,D3:F4:55:AB:96:20,-76
BLE,1705100094738657430,D3:F4:55:AB:96:20,-67
BLE,1705100094928542417,D3:F4:55:AB:96:20,-76
BLE,1705100095499847857,DF:DF:EE:00:00:04,-39
BLE,1705100095698093659,D3:F4:55:AB:96:20,-56
BLE,1705100095888851094,D3:F4:55:AB:96:20,-68
BLE,1705100096037485998,DF:DF:EE:00:00:04,-39
BLE,1705100096275118447,D3:F4:55:AB:96:20,-76
BLE,1705100096462639712,D3:F4:55:AB:96:20,-71
BLE,1705100096503795046,DF:DF:EE:00:00:04,-40
BLE,1705100096658392211,D3:F4:55:AB:96:20,-77
BLE,1705100097037757231,DF:DF:EE:00:00:04,-39
BLE,1705100097426517596,D3:F4:55:AB:96:20,-92
BLE,1705100097502598672,DF:DF:EE:00:00:04,-39
BLE,1705100097617373821,D3:F4:55:AB:96:20,-53
BLE,1705100098038367794,DF:DF:EE:00:00:04,-38
BLE,1705100098389935860,D3:F4:55:AB:96:20,-78
BLE,1705100098767238822,D3:F4:55:AB:96:20,-68
BLE,1705100098957673385,D3:F4:55:AB:96:20,-61
BLE,1705100099047124675,DF:DF:EE:00:00:04,-39
BLE,1705100099338624386,D3:F4:55:AB:96:20,-76
BLE,1705100099532966694,D3:F4:55:AB:96:20,-69
BLE,1705100099920394200,D3:F4:55:AB:96:20,-75
BLE,1705100100017632228,DF:A6:DC:DC:2E:81,-67
BLE,1705100100017685685,DF:DF:EE:00:00:01,-67
BLE,1705100100112630866,D3:F4:55:AB:96:20,-89
BLE,1705100100307815039,D3:F4:55:AB:96:20,-77
BLE,1705100100500126454,D3:F4:55:AB:96:20,-69
BLE,1705100100505049561,DF:DF:EE:00:00:04,-23
BLE,1705100100693808312,D3:F4:55:AB:96:20,-70
BLE,1705100100888864194,D3:F4:55:AB:96:20,-75
BLE,1705100101463234056,D3:F4:55:AB:96:20,-71
BLE,1705100101464587164,D3:F4:55:AB:96:20,-68
BLE,1705100101503303736,DF:DF:EE:00:00:04,-39
BLE,1705100101656408128,D3:F4:55:AB:96:20,-76
BLE,1705100102240147917,D3:F4:55:AB:96:20,-61
BLE,1705100102506120939,DF:DF:EE:00:00:04,-37
BLE,1705100102560715984,DF:A6:DC:DC:2E:81,-70
BLE,1705100102560754067,DF:DF:EE:00:00:01,-70
BLE,1705100103013712277,D3:F4:55:AB:96:20,-70
BLE,1705100103040965655,DF:DF:EE:00:00:04,-37
BLE,1705100103397724158,D3:F4:55:AB:96:20,-71
BLE,1705100103499774836,DF:DF:EE:00:00:04,-23
BLE,1705100103591398015,D3:F4:55:AB:96:20,-76
BLE,1705100103785572492,D3:F4:55:AB:96:20,-68
BLE,1705100104173853112,D3:F4:55:AB:96:20,-75
BLE,1705100104750262365,D3:F4:55:AB:96:20,-67
BLE,1705100104942583114,D3:F4:55:AB:96:20,-79
BLE,1705100105045077995,DF:DF:EE:00:00:04,-39
BLE,1705100105112159639,DF:A6:DC:DC:2E:81,-72
BLE,1705100105112176264,DF:DF:EE:00:00:01,-72
BLE,1705100106041668648,DF:DF:EE:00:00:04,-40
BLE,1705100106276544172,D3:F4:55:AB:96:20,-71
BLE,1705100106672129412,D3:F4:55:AB:96:20,-76
BLE,1705100106858965645,D3:F4:55:AB:96:20,-70
BLE,1705100107041764592,DF:DF:EE:00:00:04,-38
BLE,1705100107442248856,D3:F4:55:AB:96:20,-70
BLE,1705100107639933915,D3:F4:55:AB:96:20,-76
BLE,1705100108609187317,D3:F4:55:AB:96:20,-77
BLE,1705100108795815343,D3:F4:55:AB:96:20,-71
BLE,1705100108992369666,D3:F4:55:AB:96:20,-76
BLE,1705100109043759583,DF:DF:EE:00:00:04,-38
BLE,1705100109180103428,D3:F4:55:AB:96:20,-72
BLE,1705100109508278028,DF:DF:EE:00:00:04,-40
BLE,1705100109566787526,D3:F4:55:AB:96:20,-53
BLE,1705100109955169937,D3:F4:55:AB:96:20,-76
BLE,1705100110038665299,DF:DF:EE:00:00:04,-39
BLE,1705100110146956818,D3:F4:55:AB:96:20,-70
BLE,1705100110191746066,DF:A6:DC:DC:2E:81,-73
BLE,1705100110191772107,DF:DF:EE:00:00:01,-73
BLE,1705100110336215854,D3:F4:55:AB:96:20,-68
BLE,1705100110337505421,D3:F4:55:AB:96:20,-76
BLE,1705100110526958705,D3:F4:55:AB:96:20,-70
BLE,1705100110724651764,D3:F4:55:AB:96:20,-75
BLE,1705100111038812034,DF:DF:EE:00:00:04,-39
BLE,1705100111102860840,D3:F4:55:AB:96:20,-75
BLE,1705100111294367432,D3:F4:55:AB:96:20,-71
BLE,1705100111879157208,D3:F4:55:AB:96:20,-71
BLE,1705100112038090238,DF:DF:EE:00:00:04,-39
BLE,1705100112070805591,D3:F4:55:AB:96:20,-75
BLE,1705100112261282278,D3:F4:55:AB:96:20,-70
BLE,1705100112458424927,D3:F4:55:AB:96:20,-75
BLE,1705100113030070113,D3:F4:55:AB:96:20,-69
BLE,1705100113042465296,DF:DF:EE:00:00:04,-39
BLE,1705100113220487719,D3:F4:55:AB:96:20,-76
BLE,1705100113409009514,D3:F4:55:AB:96:20,-71
BLE,1705100113498105182,DF:DF:EE:00:00:04,-38
BLE,1705100113600443065,D3:F4:55:AB:96:20,-76
BLE,1705100114016661805,DF:A6:DC:DC:2E:81,-89
BLE,1705100114016721262,DF:DF:EE:00:00:01,-89
BLE,1705100114174305474,D3:F4:55:AB:96:20,-75
BLE,1705100114564357532,D3:F4:55:AB:96:20,-67
BLE,1705100114757637352,D3:F4:55:AB:96:20,-70
BLE,1705100114947502089,D3:F4:55:AB:96:20,-53
BLE,1705100115504931031,DF:DF:EE:00:00:04,-21
BLE,1705100115524972288,D3:F4:55:AB:96:20,-71
BLE,1705100116106890433,D3:F4:55:AB:96:20,-71
BLE,1705100116303912000,D3:F4:55:AB:96:20,-76
BLE,1705100116691828000,D3:F4:55:AB:96:20,-70
BLE,1705100116883556964,D3:F4:55:AB:96:20,-53
BLE,1705100117458161573,D3:F4:55:AB:96:20,-70
BLE,1705100117505245918,DF:DF:EE:00:00:04,-39
BLE,1705100117839494152,D3:F4:55:AB:96:20,-70
BLE,1705100118043356303,DF:DF:EE:00:00:04,-40
BLE,1705100118502854392,DF:DF:EE:00:00:04,-39
BLE,1705100118619099856,D3:F4:55:AB:96:20,-77
BLE,1705100119005261585,D3:F4:55:AB:96:20,-61
BLE,1705100119047502489,DF:DF:EE:00:00:04,-40
BLE,1705100119767836204,D3:F4:55:AB:96:20,-78
BLE,1705100119961465812,D3:F4:55:AB:96:20,-68
BLE,1705100120351864115,D3:F4:55:AB:96:20,-81
BLE,1705100120505146296,DF:DF:EE:00:00:04,-39
BLE,1705100120540066581,D3:F4:55:AB:96:20,-71
BLE,1705100120733958102,D3:F4:55:AB:96:20,-76
BLE,1705100121046261895,DF:DF:EE:00:00:04,-38
BLE,1705100121112443175,D3:F4:55:AB:96:20,-69
BLE,1705100121486983545,D3:F4:55:AB:96:20,-70
BLE,1705100121875666535,D3:F4:55:AB:96:20,-69
BLE,1705100122065082111,D3:F4:55:AB:96:20,-76
BLE,1705100122253466908,D3:F4:55:AB:96:20,-56
BLE,1705100122446901018,D3:F4:55:AB:96:20,-76
BLE,1705100122499717336,DF:DF:EE:00:00:04,-39
BLE,1705100122633008509,D3:F4:55:AB:96:20,-72
BLE,1705100123042652204,DF:DF:EE:00:00:04,-38
BLE,1705100123404349605,D3:F4:55:AB:96:20,-68
BLE,1705100123503476068,DF:DF:EE:00:00:04,-39
BLE,1705100123593951887,D3:F4:55:AB:96:20,-74
BLE,1705100123786907753,D3:F4:55:AB:96:20,-68
BLE,1705100124044739457,DF:DF:EE:00:00:04,-39
BLE,1705100124166256815,D3:F4:55:AB:96:20,-70
BLE,1705100124216910450,DF:A6:DC:DC:2E:81,-71
BLE,1705100124216925367,DF:DF:EE:00:00:01,-71
BLE,1705100124361414196,D3:F4:55:AB:96:20,-76
BLE,1705100124548169179,D3:F4:55:AB:96:20,-71
BLE,1705100125124324686,D3:F4:55:AB:96:20,-77
BLE,1705100125320480472,D3:F4:55:AB:96:20,-69
BLE,1705100125897770131,D3:F4:55:AB:96:20,-70
BLE,1705100126043466154,DF:DF:EE:00:00:04,-40
BLE,1705100126091151700,D3:F4:55:AB:96:20,-76
BLE,1705100126278434969,D3:F4:55:AB:96:20,-71
BLE,1705100126472488572,D3:F4:55:AB:96:20,-76
BLE,1705100126498399590,DF:DF:EE:00:00:04,-40
BLE,1705100127048569287,D3:F4:55:AB:96:20,-69
BLE,1705100127623301519,D3:F4:55:AB:96:20,-76
BLE,1705100128030546826,DF:A6:DC:DC:2E:81,-69
BLE,1705100128030581409,DF:DF:EE:00:00:01,-69
BLE,1705100128192198114,D3:F4:55:AB:96:20,-88
BLE,1705100128498091776,DF:DF:EE:00:00:04,-23
BLE,1705100128574165144,D3:F4:55:AB:96:20,-87
BLE,1705100128765798943,D3:F4:55:AB:96:20,-76
BLE,1705100128954465070,D3:F4:55:AB:96:20,-71
BLE,1705100129148190218,D3:F4:55:AB:96:20,-75
BLE,1705100129336268477,D3:F4:55:AB:96:20,-72
BLE,1705100129500667815,DF:DF:EE:00:00:04,-40
BLE,1705100129921798411,D3:F4:55:AB:96:20,-70
BLE,1705100130037705880,DF:DF:EE:00:00:04,-39
BLE,1705100130112710678,D3:F4:55:AB:96:20,-68
BLE,1705100130492068614,D3:F4:55:AB:96:20,-67
BLE,1705100130502266199,DF:DF:EE:00:00:04,-30
BLE,1705100130576442382,DF:A6:DC:DC:2E:81,-67
BLE,1705100130576464715,DF:DF:EE:00:00:01,-67
BLE,1705100130688327607,D3:F4:55:AB:96:20,-70
BLE,1705100130883458989,D3:F4:55:AB:96:20,-76
BLE,1705100131079831813,D3:F4:55:AB:96:20,-69
BLE,1705100131268970851,D3:F4:55:AB:96:20,-77
BLE,1705100131466422246,D3:F4:55:AB:96:20,-76
BLE,1705100131498669646,DF:DF:EE:00:00:04,-39
BLE,1705100131656294316,D3:F4:55:AB:96:20,-70
BLE,1705100132504210107,DF:DF:EE:00:00:04,-39
BLE,1705100133040285475,DF:DF:EE:00:00:04,-40
BLE,1705100133122862973,DF:A6:DC:DC:2E:81,-71
BLE,1705100133122875931,DF:DF:EE:00:00:01,-71
BLE,1705100133194052401,D3:F4:55:AB:96:20,-69
BLE,1705100133580659083,D3:F4:55:AB:96:20,-76
BLE,1705100133772119176,D3:F4:55:AB:96:20,-71
BLE,1705100133963267814,D3:F4:55:AB:96:20,-76
BLE,1705100134039882717,DF:DF:EE:00:00:04,-39
BLE,1705100134153159634,D3:F4:55:AB:96:20,-75
BLE,1705100134346963573,D3:F4:55:AB:96:20,-76
BLE,1705100134505414608,DF:DF:EE:00:00:04,-23
BLE,1705100134538482873,D3:F4:55:AB:96:20,-71
BLE,1705100134736090433,D3:F4:55:AB:96:20,-70
BLE,1705100134932323926,D3:F4:55:AB:96:20,-75
BLE,1705100135036098125,DF:DF:EE:00:00:04,-39
BLE,1705100135886132974,D3:F4:55:AB:96:20,-71
BLE,1705100136042331369,DF:DF:EE:00:00:04,-39
BLE,1705100136080160118,D3:F4:55:AB:96:20,-77
BLE,1705100136269636652,D3:F4:55:AB:96:20,-88
BLE,1705100136496058653,DF:DF:EE:00:00:04,-39
BLE,1705100136655366220,D3:F4:55:AB:96:20,-68
BLE,1705100136850432310,D3:F4:55:AB:96:20,-71
BLE,1705100136942219155,DF:A6:DC:DC:2E:81,-67
BLE,1705100136942230988,DF:DF:EE:00:00:01,-67
BLE,1705100137498116907,DF:DF:EE:00:00:04,-39
BLE,1705100137620610003,D3:F4:55:AB:96:20,-71
BLE,1705100138017374396,D3:F4:55:AB:96:20,-76
BLE,1705100138038448473,DF:DF:EE:00:00:04,-39
BLE,1705100138498006103,DF:DF:EE:00:00:04,-38
BLE,1705100138780744796,D3:F4:55:AB:96:20,-76
BLE,1705100138977110121,D3:F4:55:AB:96:20,-68
BLE,1705100139034184220,DF:DF:EE:00:00:04,-39
BLE,1705100139503410441,DF:DF:EE:00:00:04,-40
BLE,1705100139555262062,D3:F4:55:AB:96:20,-71
BLE,1705100139746832695,D3:F4:55:AB:96:20,-76
BLE,1705100140041151331,DF:DF:EE:00:00:04,-23
BLE,1705100140331205102,D3:F4:55:AB:96:20,-78
BLE,1705100140900704356,D3:F4:55:AB:96:20,-70
BLE,1705100141039700918,DF:DF:EE:00:00:04,-39
BLE,1705100141099582942,D3:F4:55:AB:96:20,-76
BLE,1705100141288559731,D3:F4:55:AB:96:20,-71
BLE,1705100141479614620,D3:F4:55:AB:96:20,-75
BLE,1705100141504781482,DF:DF:EE:00:00:04,-40
BLE,1705100141666741141,D3:F4:55:AB:96:20,-83
BLE,1705100142043729273,DF:DF:EE:00:00:04,-40
BLE,1705100142245728404,D3:F4:55:AB:96:20,-75
BLE,1705100142631393056,D3:F4:55:AB:96:20,-78
BLE,1705100143312871785,DF:A6:DC:DC:2E:81,-69
BLE,1705100143312930701,DF:DF:EE:00:00:01,-69
BLE,1705100144037161368,DF:DF:EE:00:00:04,-36
BLE,1705100144502241431,DF:DF:EE:00:00:04,-39
BLE,1705100144752418894,D3:F4:55:AB:96:20,-70
BLE,1705100144946140543,D3:F4:55:AB:96:20,-76
BLE,1705100145134989167,D3:F4:55:AB:96:20,-75
BLE,1705100145331983568,D3:F4:55:AB:96:20,-67
BLE,1705100145501803590,DF:DF:EE:00:00:04,-39
BLE,1705100145716506942,D3:F4:55:AB:96:20,-72
BLE,1705100145858395053,DF:A6:DC:DC:2E:81,-71
BLE,1705100145858409428,DF:DF:EE:00:00:01,-71
BLE,1705100145912475272,D3:F4:55:AB:96:20,-78
BLE,1705100146038495867,DF:DF:EE:00:00:04,-39
BLE,1705100146498382910,DF:DF:EE:00:00:04,-56
BLE,1705100146875328043,D3:F4:55:AB:96:20,-68
BLE,1705100147043528251,DF:DF:EE:00:00:04,-38
BLE,1705100147134355607,DF:A6:DC:DC:2E:81,-68
BLE,1705100147134369482,DF:DF:EE:00:00:01,-68
BLE,1705100147644850869,D3:F4:55:AB:96:20,-75
BLE,1705100148038086804,DF:DF:EE:00:00:04,-38
BLE,1705100148221829074,D3:F4:55:AB:96:20,-67
BLE,1705100148413395998,D3:F4:55:AB:96:20,-76
BLE,1705100149044623628,DF:DF:EE:00:00:04,-40
BLE,1705100149180919307,D3:F4:55:AB:96:20,-70
BLE,1705100149499647605,DF:DF:EE:00:00:04,-39
BLE,1705100149754119808,D3:F4:55:AB:96:20,-68
BLE,1705100149946039228,D3:F4:55:AB:96:20,-72
BLE,1705100150333060780,D3:F4:55:AB:96:20,-71
BLE,1705100150501616193,DF:DF:EE:00:00:04,-39
BLE,1705100150529092026,D3:F4:55:AB:96:20,-76
BLE,1705100150918231136,D3:F4:55:AB:96:20,-72
BLE,1705100151045658089,DF:DF:EE:00:00:04,-40
BLE,1705100151112469820,D3:F4:55:AB:96:20,-75
BLE,1705100151498192804,DF:DF:EE:00:00:04,-39
BLE,1705100151695066623,D3:F4:55:AB:96:20,-69
BLE,1705100151881919188,D3:F4:55:AB:96:20,-70
BLE,1705100152038689410,DF:DF:EE:00:00:04,-39
BLE,1705100152080881482,D3:F4:55:AB:96:20,-76
BLE,1705100152466480801,D3:F4:55:AB:96:20,-72
BLE,1705100152504343300,DF:DF:EE:00:00:04,-40
BLE,1705100152664505981,D3:F4:55:AB:96:20,-76
BLE,1705100152859504864,D3:F4:55:AB:96:20,-68
BLE,1705100153045859310,DF:DF:EE:00:00:04,-24
BLE,1705100153055006824,D3:F4:55:AB:96:20,-70
BLE,1705100153251961600,D3:F4:55:AB:96:20,-61
BLE,1705100153436751399,D3:F4:55:AB:96:20,-71
BLE,1705100153828930013,D3:F4:55:AB:96:20,-67
BLE,1705100154404225489,D3:F4:55:AB:96:20,-72
BLE,1705100154500100533,DF:DF:EE:00:00:04,-39
BLE,1705100154598591588,D3:F4:55:AB:96:20,-76
BLE,1705100154983809662,D3:F4:55:AB:96:20,-76
BLE,1705100155037072974,DF:DF:EE:00:00:04,-38
BLE,1705100155038512206,DF:DF:EE:00:00:04,-39
BLE,1705100155171118138,D3:F4:55:AB:96:20,-71
BLE,1705100155367052718,D3:F4:55:AB:96:20,-75
BLE,1705100155940446758,D3:F4:55:AB:96:20,-68
BLE,1705100156040410670,DF:DF:EE:00:00:04,-39
BLE,1705100156134850190,D3:F4:55:AB:96:20,-70
BLE,1705100156331228640,D3:F4:55:AB:96:20,-76
BLE,1705100156495711560,DF:DF:EE:00:00:04,-39
BLE,1705100156714054368,D3:F4:55:AB:96:20,-69
BLE,1705100157038954341,DF:DF:EE:00:00:04,-39
BLE,1705100157098871447,D3:F4:55:AB:96:20,-76
BLE,1705100157290073668,D3:F4:55:AB:96:20,-69
BLE,1705100157675343783,D3:F4:55:AB:96:20,-68
BLE,1705100158039855900,DF:DF:EE:00:00:04,-39
BLE,1705100158246290895,D3:F4:55:AB:96:20,-69
BLE,1705100158497337597,DF:DF:EE:00:00:04,-40
BLE,1705100158826900389,D3:F4:55:AB:96:20,-76
BLE,1705100159016584211,D3:F4:55:AB:96:20,-71
BLE,1705100159396536683,D3:F4:55:AB:96:20,-73
BLE,1705100159501407201,DF:DF:EE:00:00:04,-39
BLE,1705100159595063523,D3:F4:55:AB:96:20,-76
BLE,1705100160034944642,DF:DF:EE:00:00:04,-39
BLE,1705100160162187722,D3:F4:55:AB:96:20,-70
BLE,1705100160549253024,D3:F4:55:AB:96:20,-70
BLE,1705100160739830961,D3:F4:55:AB:96:20,-77
BLE,1705100161042397872,DF:DF:EE:00:00:04,-38
BLE,1705100161122233486,D3:F4:55:AB:96:20,-61
BLE,1705100161501013430,DF:DF:EE:00:00:04,-38
BLE,1705100161884611649,D3:F4:55:AB:96:20,-67
BLE,1705100162034298498,DF:DF:EE:00:00:04,-39
BLE,1705100162261889486,D3:F4:55:AB:96:20,-68
BLE,1705100162496323640,DF:DF:EE:00:00:04,-40
BLE,1705100162651529340,D3:F4:55:AB:96:20,-78
BLE,1705100162844143377,D3:F4:55:AB:96:20,-57
BLE,1705100163036460834,DF:DF:EE:00:00:04,-39
BLE,1705100163224937588,D3:F4:55:AB:96:20,-70
BLE,1705100163502384220,DF:DF:EE:00:00:04,-39
BLE,1705100163803374733,D3:F4:55:AB:96:20,-60
BLE,1705100164044034729,DF:DF:EE:00:00:04,-38
BLE,1705100164189080093,D3:F4:55:AB:96:20,-70
BLE,1705100164498865583,DF:DF:EE:00:00:04,-40
BLE,1705100164579631353,D3:F4:55:AB:96:20,-68
BLE,1705100165353489959,D3:F4:55:AB:96:20,-76
BLE,1705100165502384610,DF:DF:EE:00:00:04,-38
BLE,1705100166038037817,DF:DF:EE:00:00:04,-38
BLE,1705100166236139621,DF:A6:DC:DC:2E:81,-68
BLE,1705100166236165204,DF:DF:EE:00:00:01,-68
BLE,1705100166320137226,D3:F4:55:AB:96:20,-76
BLE,1705100166705335509,D3:F4:55:AB:96:20,-85
BLE,1705100167039268830,DF:DF:EE:00:00:04,-40
BLE,1705100167089913674,D3:F4:55:AB:96:20,-76
BLE,1705100167500216069,DF:DF:EE:00:00:04,-38
BLE,1705100167663241756,D3:F4:55:AB:96:20,-68
BLE,1705100167857851728,D3:F4:55:AB:96:20,-70
BLE,1705100168434047192,D3:F4:55:AB:96:20,-75
BLE,1705100168503702930,DF:DF:EE:00:00:04,-40
BLE,1705100168818553066,D3:F4:55:AB:96:20,-61
BLE,1705100169006160998,D3:F4:55:AB:96:20,-57
BLE,1705100169045049484,DF:DF:EE:00:00:04,-29
BLE,1705100169398532151,D3:F4:55:AB:96:20,-68
BLE,1705100169593642408,D3:F4:55:AB:96:20,-71
BLE,1705100169989952848,D3:F4:55:AB:96:20,-76
BLE,1705100170175712301,D3:F4:55:AB:96:20,-70
BLE,1705100170371646881,D3:F4:55:AB:96:20,-76
BLE,1705100170504044774,DF:DF:EE:00:00:04,-40
BLE,1705100170564163128,D3:F4:55:AB:96:20,-68
BLE,1705100170944559052,D3:F4:55:AB:96:20,-56
BLE,1705100171136589471,D3:F4:55:AB:96:20,-76
BLE,1705100171323561910,D3:F4:55:AB:96:20,-76
BLE,1705100171500543345,DF:DF:EE:00:00:04,-39
BLE,1705100171522075584,D3:F4:55:AB:96:20,-75
BLE,1705100171709811305,D3:F4:55:AB:96:20,-56
BLE,1705100172041762276,DF:DF:EE:00:00:04,-40
BLE,1705100172101771672,D3:F4:55:AB:96:20,-61
BLE,1705100172289270605,D3:F4:55:AB:96:20,-70
BLE,1705100172488751267,D3:F4:55:AB:96:20,-74
BLE,1705100172494255742,DF:DF:EE:00:00:04,-38
BLE,1705100172683104908,D3:F4:55:AB:96:20,-69
BLE,1705100172874690040,D3:F4:55:AB:96:20,-70
BLE,1705100173035123885,DF:DF:EE:00:00:04,-38
BLE,1705100173259881198,D3:F4:55:AB:96:20,-71
BLE,1705100173449572812,D3:F4:55:AB:96:20,-69
BLE,1705100173843376116,D3:F4:55:AB:96:20,-70
BLE,1705100173869052971,DF:A6:DC:DC:2E:81,-68
BLE,1705100173869076970,DF:DF:EE:00:00:01,-68
BLE,1705100174034587378,D3:F4:55:AB:96:20,-68
BLE,1705100174040588514,DF:DF:EE:00:00:04,-28
BLE,1705100174224387491,D3:F4:55:AB:96:20,-70
BLE,1705100174423523032,D3:F4:55:AB:96:20,-77
BLE,1705100174501193173,DF:DF:EE:00:00:04,-33
BLE,1705100174616944809,D3:F4:55:AB:96:20,-67
BLE,1705100175043023471,DF:DF:EE:00:00:04,-38
BLE,1705100175187260637,D3:F4:55:AB:96:20,-76
BLE,1705100175377632868,D3:F4:55:AB:96:20,-70
BLE,1705100175378836020,D3:F4:55:AB:96:20,-68
BLE,1705100175502200897,DF:DF:EE:00:00:04,-40
BLE,1705100175571307350,D3:F4:55:AB:96:20,-80
BLE,1705100175758028792,D3:F4:55:AB:96:20,-70
BLE,1705100176043194497,DF:DF:EE:00:00:04,-40
BLE,1705100176137216189,D3:F4:55:AB:96:20,-56
BLE,1705100176497081696,DF:DF:EE:00:00:04,-39
BLE,1705100176902740022,D3:F4:55:AB:96:20,-72
BLE,1705100177040505683,DF:DF:EE:00:00:04,-38
BLE,1705100177294857971,D3:F4:55:AB:96:20,-69
BLE,1705100177486893598,D3:F4:55:AB:96:20,-71
BLE,1705100177505379082,DF:DF:EE:00:00:04,-40
BLE,1705100177682117479,D3:F4:55:AB:96:20,-76
BLE,1705100177690624750,DF:A6:DC:DC:2E:81,-68
BLE,1705100177690635167,DF:DF:EE:00:00:01,-68
BLE,1705100177869149792,D3:F4:55:AB:96:20,-75
BLE,1705100178044348957,DF:DF:EE:00:00:04,-40
BLE,1705100178062235573,D3:F4:55:AB:96:20,-69
BLE,1705100178443261990,D3:F4:55:AB:96:20,-53
BLE,1705100178821362192,D3:F4:55:AB:96:20,-68
BLE,1705100178960761416,DF:A6:DC:DC:2E:81,-57
BLE,1705100178960776041,DF:DF:EE:00:00:01,-57
BLE,1705100179014430640,D3:F4:55:AB:96:20,-76
BLE,1705100179401107363,D3:F4:55:AB:96:20,-72
BLE,1705100179495264262,DF:DF:EE:00:00:04,-38
BLE,1705100179496622079,DF:DF:EE:00:00:04,-38
BLE,1705100179598268887,D3:F4:55:AB:96:20,-76
BLE,1705100179794104051,D3:F4:55:AB:96:20,-67
BLE,1705100180039825235,DF:DF:EE:00:00:04,-39
BLE,1705100180171730593,D3:F4:55:AB:96:20,-67
BLE,1705100180363789720,D3:F4:55:AB:96:20,-75
BLE,1705100180496411985,DF:DF:EE:00:00:04,-39
BLE,1705100180550779283,D3:F4:55:AB:96:20,-70
BLE,1705100180742471498,D3:F4:55:AB:96:20,-76
BLE,1705100180933139100,D3:F4:55:AB:96:20,-70
BLE,1705100181124063575,D3:F4:55:AB:96:20,-61
BLE,1705100181314387556,D3:F4:55:AB:96:20,-71
BLE,1705100181501366370,DF:DF:EE:00:00:04,-38
BLE,1705100181506473349,D3:F4:55:AB:96:20,-77
BLE,1705100181698570101,D3:F4:55:AB:96:20,-70
BLE,1705100181889980403,D3:F4:55:AB:96:20,-76
BLE,1705100182078138619,D3:F4:55:AB:96:20,-71
BLE,1705100182502799881,DF:DF:EE:00:00:04,-40
BLE,1705100182656970093,D3:F4:55:AB:96:20,-76
BLE,1705100183420197870,D3:F4:55:AB:96:20,-76
BLE,1705100183497173061,DF:DF:EE:00:00:04,-39
BLE,1705100183606542275,D3:F4:55:AB:96:20,-69
BLE,1705100184043261516,DF:DF:EE:00:00:04,-38
BLE,1705100184185742370,D3:F4:55:AB:96:20,-79
BLE,1705100184374557203,D3:F4:55:AB:96:20,-70
BLE,1705100184502816354,DF:DF:EE:00:00:04,-39
BLE,1705100185524167165,D3:F4:55:AB:96:20,-70
BLE,1705100185718940509,D3:F4:55:AB:96:20,-76
BLE,1705100185916626360,D3:F4:55:AB:96:20,-76
BLE,1705100186106969758,D3:F4:55:AB:96:20,-70
BLE,1705100186300334036,D3:F4:55:AB:96:20,-77
BLE,1705100186489576072,D3:F4:55:AB:96:20,-57
BLE,1705100186603970058,DF:A6:DC:DC:2E:81,-67
BLE,1705100186604006725,DF:DF:EE:00:00:01,-67
BLE,1705100186686759345,D3:F4:55:AB:96:20,-76
BLE,1705100187043384100,DF:DF:EE:00:00:04,-56
BLE,1705100187075605833,D3:F4:55:AB:96:20,-70
BLE,1705100187267886333,D3:F4:55:AB:96:20,-76
BLE,1705100187462738009,D3:F4:55:AB:96:20,-69
BLE,1705100187494999118,DF:DF:EE:00:00:04,-57
BLE,1705100187849191860,D3:F4:55:AB:96:20,-67
BLE,1705100188611214736,D3:F4:55:AB:96:20,-68
BLE,1705100188998212538,D3:F4:55:AB:96:20,-68
BLE,1705100189153659235,DF:A6:DC:DC:2E:81,-71
BLE,1705100189153694401,DF:DF:EE:00:00:01,-71
BLE,1705100189188342689,D3:F4:55:AB:96:20,-70
BLE,1705100189380223026,D3:F4:55:AB:96:20,-68
BLE,1705100189572145988,D3:F4:55:AB:96:20,-70
BLE,1705100190037460965,DF:DF:EE:00:00:04,-52
BLE,1705100190729509482,D3:F4:55:AB:96:20,-68
BLE,1705100191309598399,D3:F4:55:AB:96:20,-68
BLE,1705100191500774495,DF:DF:EE:00:00:04,-40
BLE,1705100191502307310,D3:F4:55:AB:96:20,-76
BLE,1705100191879775728,D3:F4:55:AB:96:20,-95
BLE,1705100192074658154,D3:F4:55:AB:96:20,-68
BLE,1705100192267012152,D3:F4:55:AB:96:20,-76
BLE,1705100192453427806,D3:F4:55:AB:96:20,-70
BLE,1705100192649816298,D3:F4:55:AB:96:20,-76
BLE,1705100192966769492,DF:A6:DC:DC:2E:81,-68
BLE,1705100192966806617,DF:DF:EE:00:00:01,-68
BLE,1705100193029346732,D3:F4:55:AB:96:20,-75
BLE,1705100193223412002,D3:F4:55:AB:96:20,-54
BLE,1705100193413264072,D3:F4:55:AB:96:20,-77
BLE,1705100193601708493,D3:F4:55:AB:96:20,-70
BLE,1705100193796096925,D3:F4:55:AB:96:20,-77
BLE,1705100193981909503,D3:F4:55:AB:96:20,-70
BLE,1705100194745088656,D3:F4:55:AB:96:20,-70
BLE,1705100194937353406,D3:F4:55:AB:96:20,-68
BLE,1705100195513902033,DF:A6:DC:DC:2E:81,-68
BLE,1705100195513934532,DF:DF:EE:00:00:01,-68
BLE,1705100195888315780,D3:F4:55:AB:96:20,-76
BLE,1705100196277322849,D3:F4:55:AB:96:20,-89
BLE,1705100196661750767,D3:F4:55:AB:96:20,-70
BLE,1705100197055052618,D3:F4:55:AB:96:20,-92
BLE,1705100197249900169,D3:F4:55:AB:96:20,-53
BLE,1705100197441127098,D3:F4:55:AB:96:20,-76
BLE,1705100197493444421,DF:DF:EE:00:00:04,-39
BLE,1705100198022827204,D3:F4:55:AB:96:20,-76
BLE,1705100198781909865,D3:F4:55:AB:96:20,-68
BLE,1705100199038092964,DF:DF:EE:00:00:04,-41
BLE,1705100199166104910,D3:F4:55:AB:96:20,-67
BLE,1705100199339273391,DF:A6:DC:DC:2E:81,-73
BLE,1705100199339310682,DF:DF:EE:00:00:01,-73
BLE,1705100199497169558,DF:DF:EE:00:00:04,-38
BLE,1705100199546056923,D3:F4:55:AB:96:20,-68
BLE,1705100200322641163,D3:F4:55:AB:96:20,-77
BLE,1705100200499528891,DF:DF:EE:00:00:04,-40
BLE,1705100200508291660,D3:F4:55:AB:96:20,-70
BLE,1705100200705242519,D3:F4:55:AB:96:20,-76
BLE,1705100201038507766,DF:DF:EE:00:00:04,-39
BLE,1705100201086354643,D3:F4:55:AB:96:20,-80
BLE,1705100201278009067,D3:F4:55:AB:96:20,-69
BLE,1705100201470503022,D3:F4:55:AB:96:20,-76
BLE,1705100201495771632,DF:DF:EE:00:00:04,-38
BLE,1705100201657127423,D3:F4:55:AB:96:20,-72
BLE,1705100201851328816,D3:F4:55:AB:96:20,-61
BLE,1705100202035649412,DF:DF:EE:00:00:04,-38
BLE,1705100202428712308,D3:F4:55:AB:96:20,-68
BLE,1705100203041887115,DF:DF:EE:00:00:04,-40
BLE,1705100203579798752,D3:F4:55:AB:96:20,-75
BLE,1705100203772500997,D3:F4:55:AB:96:20,-70
BLE,1705100204035166433,DF:DF:EE:00:00:04,-40
BLE,1705100204357077776,D3:F4:55:AB:96:20,-70
BLE,1705100204551507291,D3:F4:55:AB:96:20,-92
BLE,1705100204742337849,D3:F4:55:AB:96:20,-68
BLE,1705100204937913267,D3:F4:55:AB:96:20,-70
BLE,1705100205034844549,DF:DF:EE:00:00:04,-38
BLE,1705100205495029213,DF:DF:EE:00:00:04,-23
BLE,1705100205507149774,D3:F4:55:AB:96:20,-69
BLE,1705100206035268906,DF:DF:EE:00:00:04,-39
BLE,1705100206470341166,D3:F4:55:AB:96:20,-72
BLE,1705100206500038306,DF:DF:EE:00:00:04,-38
BLE,1705100206853776054,D3:F4:55:AB:96:20,-70
BLE,1705100207033433206,DF:DF:EE:00:00:04,-39
BLE,1705100207236290577,D3:F4:55:AB:96:20,-70
BLE,1705100207428506828,D3:F4:55:AB:96:20,-77
BLE,1705100207498677892,DF:DF:EE:00:00:04,-40
BLE,1705100207813145867,D3:F4:55:AB:96:20,-75
BLE,1705100207999355440,D3:F4:55:AB:96:20,-69
BLE,1705100208194384781,D3:F4:55:AB:96:20,-76
BLE,1705100208382645204,D3:F4:55:AB:96:20,-72
BLE,1705100209031907240,DF:DF:EE:00:00:04,-38
BLE,1705100209141071915,D3:F4:55:AB:96:20,-76
BLE,1705100209328266893,D3:F4:55:AB:96:20,-71
BLE,1705100209524465261,D3:F4:55:AB:96:20,-77
BLE,1705100209712189233,D3:F4:55:AB:96:20,-89
BLE,1705100209905844965,D3:F4:55:AB:96:20,-76
BLE,1705100210035536225,DF:DF:EE:00:00:04,-39
BLE,1705100210293222472,D3:F4:55:AB:96:20,-71
BLE,1705100210678190049,D3:F4:55:AB:96:20,-70
BLE,1705100210870110219,D3:F4:55:AB:96:20,-76
BLE,1705100211062328678,D3:F4:55:AB:96:20,-70
BLE,1705100211253532149,D3:F4:55:AB:96:20,-61
BLE,1705100211449557561,D3:F4:55:AB:96:20,-68
BLE,1705100212027137217,D3:F4:55:AB:96:20,-70
BLE,1705100212036700184,DF:DF:EE:00:00:04,-39
BLE,1705100212078841756,DF:A6:DC:DC:2E:81,-72
BLE,1705100212078856339,DF:DF:EE:00:00:01,-72
BLE,1705100212225736848,D3:F4:55:AB:96:20,-77
BLE,1705100212415163882,D3:F4:55:AB:96:20,-68
BLE,1705100213183880259,D3:F4:55:AB:96:20,-69
BLE,1705100213352764751,DF:A6:DC:DC:2E:81,-72
BLE,1705100213352821125,DF:DF:EE:00:00:01,-72
BLE,1705100213376761960,D3:F4:55:AB:96:20,-70
BLE,1705100213571543804,D3:F4:55:AB:96:20,-75
BLE,1705100213961720693,D3:F4:55:AB:96:20,-70
BLE,1705100214340704759,D3:F4:55:AB:96:20,-61
BLE,1705100215104472988,D3:F4:55:AB:96:20,-79
BLE,1705100215490522011,D3:F4:55:AB:96:20,-70
BLE,1705100215499202114,DF:DF:EE:00:00:04,-39
BLE,1705100215689956882,D3:F4:55:AB:96:20,-81
BLE,1705100215880410612,D3:F4:55:AB:96:20,-68
BLE,1705100216075856239,D3:F4:55:AB:96:20,-87
BLE,1705100216458522469,D3:F4:55:AB:96:20,-71
BLE,1705100216654825545,D3:F4:55:AB:96:20,-76
BLE,1705100216844954237,D3:F4:55:AB:96:20,-71
BLE,1705100217037377485,D3:F4:55:AB:96:20,-76
BLE,1705100217039464043,DF:DF:EE:00:00:04,-40
BLE,1705100217223661432,D3:F4:55:AB:96:20,-70
BLE,1705100217494829640,DF:DF:EE:00:00:04,-38
BLE,1705100217808144879,D3:F4:55:AB:96:20,-71
BLE,1705100218004692577,D3:F4:55:AB:96:20,-76
BLE,1705100218037166432,DF:DF:EE:00:00:04,-39
BLE,1705100218395218003,D3:F4:55:AB:96:20,-71
BLE,1705100218493843473,DF:DF:EE:00:00:04,-39
BLE,1705100218782808923,D3:F4:55:AB:96:20,-68
BLE,1705100219042806684,DF:DF:EE:00:00:04,-40
BLE,1705100219500393088,DF:DF:EE:00:00:04,-39
BLE,1705100219937551948,D3:F4:55:AB:96:20,-98
BLE,1705100220037117157,DF:DF:EE:00:00:04,-38
BLE,1705100220129063457,D3:F4:55:AB:96:20,-70
BLE,1705100220496313624,DF:DF:EE:00:00:04,-39
BLE,1705100220712859621,D3:F4:55:AB:96:20,-70
BLE,1705100220910401432,D3:F4:55:AB:96:20,-76
BLE,1705100221041035429,DF:DF:EE:00:00:04,-39
BLE,1705100221105034902,D3:F4:55:AB:96:20,-69
BLE,1705100221490467224,D3:F4:55:AB:96:20,-76
BLE,1705100221497949883,DF:DF:EE:00:00:04,-39
BLE,1705100221677401372,D3:F4:55:AB:96:20,-71
BLE,1705100221875687256,D3:F4:55:AB:96:20,-76
BLE,1705100222032906765,DF:DF:EE:00:00:04,-40
BLE,1705100222262549061,D3:F4:55:AB:96:20,-57
BLE,1705100222461853058,D3:F4:55:AB:96:20,-76
BLE,1705100223228344838,D3:F4:55:AB:96:20,-80
BLE,1705100223500540367,DF:DF:EE:00:00:04,-39
BLE,1705100223997631250,D3:F4:55:AB:96:20,-70
BLE,1705100224036953606,DF:DF:EE:00:00:04,-39
BLE,1705100224187035409,D3:F4:55:AB:96:20,-69
BLE,1705100224382979864,D3:F4:55:AB:96:20,-70
BLE,1705100224491556004,DF:DF:EE:00:00:04,-55
BLE,1705100224817930709,DF:A6:DC:DC:2E:81,-72
BLE,1705100224817968751,DF:DF:EE:00:00:01,-72
BLE,1705100225154858828,D3:F4:55:AB:96:20,-68
BLE,1705100225500291635,DF:DF:EE:00:00:04,-40
BLE,1705100225542410916,D3:F4:55:AB:96:20,-76
BLE,1705100225927869237,D3:F4:55:AB:96:20,-76
BLE,1705100226116008870,D3:F4:55:AB:96:20,-71
BLE,1705100226313057645,D3:F4:55:AB:96:20,-70
BLE,1705100226494392485,DF:DF:EE:00:00:04,-39
BLE,1705100226509786840,D3:F4:55:AB:96:20,-76
BLE,1705100226899539151,D3:F4:55:AB:96:20,-70
BLE,1705100227038363882,DF:DF:EE:00:00:04,-38
BLE,1705100227040096486,DF:DF:EE:00:00:04,-39
BLE,1705100227478712412,D3:F4:55:AB:96:20,-77
BLE,1705100227498901917,DF:DF:EE:00:00:04,-40
BLE,1705100227859622789,D3:F4:55:AB:96:20,-74
BLE,1705100228040326387,DF:DF:EE:00:00:04,-40
BLE,1705100228051154839,D3:F4:55:AB:96:20,-70
BLE,1705100228241793650,D3:F4:55:AB:96:20,-76
BLE,1705100228429230833,D3:F4:55:AB:96:20,-71
BLE,1705100228500156722,DF:DF:EE:00:00:04,-39
BLE,1705100228625315078,D3:F4:55:AB:96:20,-75
BLE,1705100228636107947,DF:A6:DC:DC:2E:81,-69
BLE,1705100228636120780,DF:DF:EE:00:00:01,-69
BLE,1705100228814150577,D3:F4:55:AB:96:20,-70
BLE,1705100229193993592,D3:F4:55:AB:96:20,-69
BLE,1705100229502763594,DF:DF:EE:00:00:04,-39
BLE,1705100229573192739,D3:F4:55:AB:96:20,-76
BLE,1705100229964022495,D3:F4:55:AB:96:20,-66
BLE,1705100230036833403,DF:DF:EE:00:00:04,-38
BLE,1705100230495537418,DF:DF:EE:00:00:04,-41
BLE,1705100230547552662,D3:F4:55:AB:96:20,-71
BLE,1705100231310372903,D3:F4:55:AB:96:20,-70
BLE,1705100231505709282,D3:F4:55:AB:96:20,-76
BLE,1705100231695267398,D3:F4:55:AB:96:20,-75
BLE,1705100232036896501,DF:DF:EE:00:00:04,-39
BLE,1705100232089365989,D3:F4:55:AB:96:20,-75
BLE,1705100232276803880,D3:F4:55:AB:96:20,-56
BLE,1705100232457519979,DF:A6:DC:DC:2E:81,-67
BLE,1705100232457552936,DF:DF:EE:00:00:01,-67
BLE,1705100232467654814,D3:F4:55:AB:96:20,-67
BLE,1705100232495505226,DF:DF:EE:00:00:04,-40
BLE,1705100232856591718,D3:F4:55:AB:96:20,-76
BLE,1705100233034641973,DF:DF:EE:00:00:04,-40
BLE,1705100233817628428,D3:F4:55:AB:96:20,-69
BLE,1705100234013717547,D3:F4:55:AB:96:20,-71
BLE,1705100234035767405,DF:DF:EE:00:00:04,-38
BLE,1705100234037469051,DF:DF:EE:00:00:04,-37
BLE,1705100234205540677,D3:F4:55:AB:96:20,-76
BLE,1705100234492941564,DF:DF:EE:00:00:04,-38
BLE,1705100234588847691,D3:F4:55:AB:96:20,-76
BLE,1705100234774711394,D3:F4:55:AB:96:20,-70
BLE,1705100234964439091,D3:F4:55:AB:96:20,-67
BLE,1705100235002862791,DF:A6:DC:DC:2E:81,-54
BLE,1705100235002875916,DF:DF:EE:00:00:01,-54
BLE,1705100235033102591,DF:DF:EE:00:00:04,-39
BLE,1705100235343301742,D3:F4:55:AB:96:20,-67
BLE,1705100236501294186,D3:F4:55:AB:96:20,-76
BLE,1705100236773448799,DF:DF:EE:00:00:04,-41
BLE,1705100237069098294,D3:F4:55:AB:96:20,-57
BLE,1705100237259751896,D3:F4:55:AB:96:20,-68
BLE,1705100237452989676,D3:F4:55:AB:96:20,-70
BLE,1705100237649476416,D3:F4:55:AB:96:20,-75
BLE,1705100237845136999,D3:F4:55:AB:96:20,-67
BLE,1705100238232958250,D3:F4:55:AB:96:20,-76
BLE,1705100238817870734,D3:F4:55:AB:96:20,-75
BLE,1705100238825281685,DF:A6:DC:DC:2E:81,-69
BLE,1705100238825308893,DF:DF:EE:00:00:01,-69
BLE,1705100238832830844,DF:DF:EE:00:00:04,-38
BLE,1705100239372328795,DF:DF:EE:00:00:04,-39
BLE,1705100239401660772,D3:F4:55:AB:96:20,-82
BLE,1705100239592762786,D3:F4:55:AB:96:20,-70
BLE,1705100239784063631,D3:F4:55:AB:96:20,-76
BLE,1705100240350514422,D3:F4:55:AB:96:20,-76
BLE,1705100241100177989,DF:DF:EE:00:00:04,-38
BLE,1705100241368388067,DF:A6:DC:DC:2E:81,-68
BLE,1705100241368418941,DF:DF:EE:00:00:01,-68
BLE,1705100241635567157,DF:DF:EE:00:00:04,-39
BLE,1705100242069341308,D3:F4:55:AB:96:20,-89
BLE,1705100242097295011,DF:DF:EE:00:00:04,-38
BLE,1705100242265249639,D3:F4:55:AB:96:20,-70
BLE,1705100243604468425,D3:F4:55:AB:96:20,-53
BLE,1705100243796789132,D3:F4:55:AB:96:20,-70
BLE,1705100243911720862,DF:DF:EE:00:00:04,-22
BLE,1705100243990878526,D3:F4:55:AB:96:20,-61
BLE,1705100244181059717,D3:F4:55:AB:96:20,-70
BLE,1705100244370881288,D3:F4:55:AB:96:20,-69
BLE,1705100244756624981,D3:F4:55:AB:96:20,-92
BLE,1705100245143185497,D3:F4:55:AB:96:20,-76
BLE,1705100245193726717,DF:A6:DC:DC:2E:81,-69
BLE,1705100245193740717,DF:DF:EE:00:00:01,-69
BLE,1705100245336913562,D3:F4:55:AB:96:20,-67
BLE,1705100245532041111,D3:F4:55:AB:96:20,-71
BLE,1705100245723013293,D3:F4:55:AB:96:20,-76
BLE,1705100245911924125,D3:F4:55:AB:96:20,-72
BLE,1705100246107283462,D3:F4:55:AB:96:20,-77
BLE,1705100246491200385,D3:F4:55:AB:96:20,-75
BLE,1705100246653172002,DF:DF:EE:00:00:04,-39
BLE,1705100246876479042,D3:F4:55:AB:96:20,-75
BLE,1705100247452275719,D3:F4:55:AB:96:20,-67
BLE,1705100247831129662,D3:F4:55:AB:96:20,-67
BLE,1705100248020012661,D3:F4:55:AB:96:20,-94
BLE,1705100248208936243,D3:F4:55:AB:96:20,-70
BLE,1705100248468601633,DF:DF:EE:00:00:04,-40
BLE,1705100248592484171,D3:F4:55:AB:96:20,-70
BLE,1705100248787149808,D3:F4:55:AB:96:20,-76
BLE,1705100248925596461,DF:DF:EE:00:00:04,-39
BLE,1705100249169589332,D3:F4:55:AB:96:20,-76
BLE,1705100249462182114,DF:DF:EE:00:00:04,-40
BLE,1705100249553112927,D3:F4:55:AB:96:20,-76
BLE,1705100249741673847,D3:F4:55:AB:96:20,-73
BLE,1705100249928750326,DF:DF:EE:00:00:04,-39
BLE,1705100250464616946,DF:DF:EE:00:00:04,-39
BLE,1705100250517787801,D3:F4:55:AB:96:20,-75
BLE,1705100250706347429,D3:F4:55:AB:96:20,-70
BLE,1705100250925716266,DF:DF:EE:00:00:04,-39
BLE,1705100251089427529,D3:F4:55:AB:96:20,-70
BLE,1705100251279181184,D3:F4:55:AB:96:20,-68
BLE,1705100251460738939,DF:DF:EE:00:00:04,-33
BLE,1705100251471814263,D3:F4:55:AB:96:20,-70
BLE,1705100251663803974,D3:F4:55:AB:96:20,-76
BLE,1705100251926389578,DF:DF:EE:00:00:04,-39
BLE,1705100252233163938,D3:F4:55:AB:96:20,-71
BLE,1705100252423536919,D3:F4:55:AB:96:20,-68
BLE,1705100252613924816,D3:F4:55:AB:96:20,-77
BLE,1705100252809151405,D3:F4:55:AB:96:20,-68
BLE,1705100253002120687,D3:F4:55:AB:96:20,-70
BLE,1705100253396936520,D3:F4:55:AB:96:20,-76
BLE,1705100253461179865,DF:DF:EE:00:00:04,-51
BLE,1705100253533431238,DF:DF:EE:00:00:04,-39
BLE,1705100253588683109,D3:F4:55:AB:96:20,-70
BLE,1705100253786020797,D3:F4:55:AB:96:20,-56
BLE,1705100253966729270,DF:DF:EE:00:00:04,-38
BLE,1705100253983833063,D3:F4:55:AB:96:20,-76
BLE,1705100254169770722,D3:F4:55:AB:96:20,-70
BLE,1705100254424781669,DF:DF:EE:00:00:04,-39
BLE,1705100254559933695,D3:F4:55:AB:96:20,-68
BLE,1705100255132676076,D3:F4:55:AB:96:20,-77
BLE,1705100255328679989,D3:F4:55:AB:96:20,-67
BLE,1705100255387267819,DF:A6:DC:DC:2E:81,-67
BLE,1705100255387320402,DF:DF:EE:00:00:01,-67
BLE,1705100255519918626,D3:F4:55:AB:96:20,-70
BLE,1705100255916384897,D3:F4:55:AB:96:20,-76
BLE,1705100256108433732,D3:F4:55:AB:96:20,-88
BLE,1705100256302859039,D3:F4:55:AB:96:20,-77
BLE,1705100256684207077,D3:F4:55:AB:96:20,-76
BLE,1705100256709643976,DF:DF:EE:00:00:04,-39
BLE,1705100257241087192,DF:DF:EE:00:00:04,-38
BLE,1705100257259930380,D3:F4:55:AB:96:20,-68
BLE,1705100257456027958,D3:F4:55:AB:96:20,-71
BLE,1705100257648982949,D3:F4:55:AB:96:20,-76
BLE,1705100257701741684,DF:DF:EE:00:00:04,-38
BLE,1705100257840316127,D3:F4:55:AB:96:20,-70
BLE,1705100258416310969,D3:F4:55:AB:96:20,-76
BLE,1705100258702754700,DF:DF:EE:00:00:04,-39
BLE,1705100259188931549,D3:F4:55:AB:96:20,-70
BLE,1705100259243428762,DF:DF:EE:00:00:04,-39
BLE,1705100259387162226,D3:F4:55:AB:96:20,-76
BLE,1705100259572088398,D3:F4:55:AB:96:20,-71
BLE,1705100259961150176,D3:F4:55:AB:96:20,-68
BLE,1705100260153725171,D3:F4:55:AB:96:20,-56
BLE,1705100260536453067,D3:F4:55:AB:96:20,-71
BLE,1705100260702927338,DF:DF:EE:00:00:04,-39
BLE,1705100260732882391,D3:F4:55:AB:96:20,-76
BLE,1705100260920077202,D3:F4:55:AB:96:20,-56
BLE,1705100261300665499,D3:F4:55:AB:96:20,-72
BLE,1705100261500390659,D3:F4:55:AB:96:20,-77
BLE,1705100261746831792,DF:DF:EE:00:00:04,-41
BLE,1705100262072141594,D3:F4:55:AB:96:20,-70
BLE,1705100262205894428,DF:DF:EE:00:00:04,-38
BLE,1705100262655811926,D3:F4:55:AB:96:20,-70
BLE,1705100263233280083,D3:F4:55:AB:96:20,-76
BLE,1705100263424900965,D3:F4:55:AB:96:20,-67
BLE,1705100263479368346,DF:DF:EE:00:00:04,-39
BLE,1705100263814884356,D3:F4:55:AB:96:20,-76
BLE,1705100264016923404,DF:DF:EE:00:00:04,-40
BLE,1705100264478374345,DF:DF:EE:00:00:04,-39
BLE,1705100264769306855,D3:F4:55:AB:96:20,-70
BLE,1705100265164791304,D3:F4:55:AB:96:20,-76
BLE,1705100265355264867,D3:F4:55:AB:96:20,-70
BLE,1705100265551830690,D3:F4:55:AB:96:20,-76
BLE,1705100265579102192,DF:A6:DC:DC:2E:81,-69
BLE,1705100265579115525,DF:DF:EE:00:00:01,-69
BLE,1705100265737415687,D3:F4:55:AB:96:20,-70
BLE,1705100265929993474,D3:F4:55:AB:96:20,-76
BLE,1705100266319204083,D3:F4:55:AB:96:20,-71
BLE,1705100266476759004,DF:DF:EE:00:00:04,-38
BLE,1705100266513314144,D3:F4:55:AB:96:20,-78
BLE,1705100266896297204,D3:F4:55:AB:96:20,-78
BLE,1705100267656495810,D3:F4:55:AB:96:20,-53
BLE,1705100267850514121,D3:F4:55:AB:96:20,-70
BLE,1705100268008893615,DF:DF:EE:00:00:04,-39
BLE,1705100268045543295,D3:F4:55:AB:96:20,-76
BLE,1705100268121135795,DF:A6:DC:DC:2E:81,-68
BLE,1705100268121189752,DF:DF:EE:00:00:01,-68
BLE,1705100268234998163,D3:F4:55:AB:96:20,-70
BLE,1705100268427332786,D3:F4:55:AB:96:20,-76
BLE,1705100268474230634,DF:DF:EE:00:00:04,-40
BLE,1705100268617942389,D3:F4:55:AB:96:20,-71
BLE,1705100268813300810,D3:F4:55:AB:96:20,-76
BLE,1705100269517305389,DF:DF:EE:00:00:04,-39
BLE,1705100269777105069,D3:F4:55:AB:96:20,-77
BLE,1705100269968664702,D3:F4:55:AB:96:20,-70
BLE,1705100269979568028,DF:DF:EE:00:00:04,-51
BLE,1705100270158769436,D3:F4:55:AB:96:20,-61
BLE,1705100270346665114,D3:F4:55:AB:96:20,-72
BLE,1705100270544018385,D3:F4:55:AB:96:20,-76
BLE,1705100270666949851,DF:A6:DC:DC:2E:81,-69
BLE,1705100270667002184,DF:DF:EE:00:00:01,-69
BLE,1705100270730644037,D3:F4:55:AB:96:20,-70
BLE,1705100270925099759,D3:F4:55:AB:96:20,-80
BLE,1705100270977622080,DF:DF:EE:00:00:04,-39
BLE,1705100271111040253,D3:F4:55:AB:96:20,-87
BLE,1705100271309467636,D3:F4:55:AB:96:20,-76
BLE,1705100271514566271,DF:DF:EE:00:00:04,-40
BLE,1705100271691775287,D3:F4:55:AB:96:20,-76
BLE,1705100271943985517,DF:A6:DC:DC:2E:81,-73
BLE,1705100271944020225,DF:DF:EE:00:00:01,-73
BLE,1705100271975317928,DF:DF:EE:00:00:04,-39
BLE,1705100272074938261,D3:F4:55:AB:96:20,-77
BLE,1705100272461497152,D3:F4:55:AB:96:20,-70
BLE,1705100272510155270,DF:DF:EE:00:00:04,-40
BLE,1705100272972541949,DF:DF:EE:00:00:04,-39
BLE,1705100273041432113,D3:F4:55:AB:96:20,-76
BLE,1705100273229692203,D3:F4:55:AB:96:20,-70
BLE,1705100273423034231,D3:F4:55:AB:96:20,-81
BLE,1705100273618522108,D3:F4:55:AB:96:20,-53
BLE,1705100273972790516,DF:DF:EE:00:00:04,-39
BLE,1705100273999164696,D3:F4:55:AB:96:20,-68
BLE,1705100274491113266,DF:A6:DC:DC:2E:81,-54
BLE,1705100274491168432,DF:DF:EE:00:00:01,-54
BLE,1705100274573120479,D3:F4:55:AB:96:20,-62
BLE,1705100274765530310,D3:F4:55:AB:96:20,-68
BLE,1705100274955016177,D3:F4:55:AB:96:20,-76
BLE,1705100274971879931,DF:DF:EE:00:00:04,-39
BLE,1705100275341712441,D3:F4:55:AB:96:20,-72
BLE,1705100275531136475,D3:F4:55:AB:96:20,-68
BLE,1705100275916077928,D3:F4:55:AB:96:20,-68
BLE,1705100276111009145,D3:F4:55:AB:96:20,-71
BLE,1705100276493210089,D3:F4:55:AB:96:20,-70
BLE,1705100276685118843,D3:F4:55:AB:96:20,-76
BLE,1705100276786683319,DF:DF:EE:00:00:04,-38
BLE,1705100276788217633,DF:DF:EE:00:00:04,-50
BLE,1705100276872863856,D3:F4:55:AB:96:20,-70
BLE,1705100277066716045,D3:F4:55:AB:96:20,-76
BLE,1705100277637768946,D3:F4:55:AB:96:20,-56
BLE,1705100277828238509,D3:F4:55:AB:96:20,-69
BLE,1705100278023158977,D3:F4:55:AB:96:20,-71
BLE,1705100278313449870,DF:A6:DC:DC:2E:81,-67
BLE,1705100278313506578,DF:DF:EE:00:00:01,-67
BLE,1705100278417604856,D3:F4:55:AB:96:20,-76
BLE,1705100278606596228,D3:F4:55:AB:96:20,-71
BLE,1705100279385069112,D3:F4:55:AB:96:20,-76
BLE,1705100279576619371,D3:F4:55:AB:96:20,-70
BLE,1705100279766869645,D3:F4:55:AB:96:20,-76
BLE,1705100279793074160,DF:DF:EE:00:00:04,-51
BLE,1705100279955759144,D3:F4:55:AB:96:20,-72
BLE,1705100280144933472,D3:F4:55:AB:96:20,-53
BLE,1705100280250703647,DF:DF:EE:00:00:04,-39
BLE,1705100280337257804,D3:F4:55:AB:96:20,-57
BLE,1705100280535402899,D3:F4:55:AB:96:20,-75
BLE,1705100280722362255,D3:F4:55:AB:96:20,-88
BLE,1705100280790344097,DF:DF:EE:00:00:04,-39
BLE,1705100280917243390,D3:F4:55:AB:96:20,-77
BLE,1705100281249781645,DF:DF:EE:00:00:04,-38
BLE,1705100281305073182,D3:F4:55:AB:96:20,-70
BLE,1705100281686827715,D3:F4:55:AB:96:20,-71
BLE,1705100281788731561,DF:DF:EE:00:00:04,-38
BLE,1705100281880183743,D3:F4:55:AB:96:20,-53
BLE,1705100282138513524,DF:A6:DC:DC:2E:81,-70
BLE,1705100282138550065,DF:DF:EE:00:00:01,-70
BLE,1705100282259557055,D3:F4:55:AB:96:20,-53
BLE,1705100282287498757,DF:DF:EE:00:00:04,-39
BLE,1705100282449150670,D3:F4:55:AB:96:20,-78
BLE,1705100282637802838,D3:F4:55:AB:96:20,-70
BLE,1705100282746869598,DF:DF:EE:00:00:04,-39
BLE,1705100283018753464,D3:F4:55:AB:96:20,-71
BLE,1705100283210486595,D3:F4:55:AB:96:20,-76
BLE,1705100283293284632,DF:DF:EE:00:00:04,-39
BLE,1705100283396740501,D3:F4:55:AB:96:20,-71
BLE,1705100283596236705,D3:F4:55:AB:96:20,-77
BLE,1705100283753678835,DF:DF:EE:00:00:04,-40
BLE,1705100283787175095,D3:F4:55:AB:96:20,-68
BLE,1705100283981651276,D3:F4:55:AB:96:20,-70
BLE,1705100284176726367,D3:F4:55:AB:96:20,-76
BLE,1705100284287592563,DF:DF:EE:00:00:04,-39
BLE,1705100284366771685,D3:F4:55:AB:96:20,-70
BLE,1705100284560493709,D3:F4:55:AB:96:20,-76
BLE,1705100284937005722,D3:F4:55:AB:96:20,-67
BLE,1705100285130744953,D3:F4:55:AB:96:20,-70
BLE,1705100285327723437,D3:F4:55:AB:96:20,-78
BLE,1705100285719034813,D3:F4:55:AB:96:20,-70
BLE,1705100285751750291,DF:DF:EE:00:00:04,-39
BLE,1705100285912859002,D3:F4:55:AB:96:20,-76
BLE,1705100285963413513,DF:A6:DC:DC:2E:81,-69
BLE,1705100285963427055,DF:DF:EE:00:00:01,-69
BLE,1705100286289097726,DF:DF:EE:00:00:04,-38
BLE,1705100286295801562,D3:F4:55:AB:96:20,-76
BLE,1705100286483931195,D3:F4:55:AB:96:20,-71
BLE,1705100286753664296,DF:DF:EE:00:00:04,-38
BLE,1705100286879468185,D3:F4:55:AB:96:20,-76
BLE,1705100287066930452,D3:F4:55:AB:96:20,-70
BLE,1705100287258959704,D3:F4:55:AB:96:20,-74
BLE,1705100287290557737,DF:DF:EE:00:00:04,-28
BLE,1705100287452171067,D3:F4:55:AB:96:20,-71
BLE,1705100287754355858,DF:DF:EE:00:00:04,-40
BLE,1705100287832701740,D3:F4:55:AB:96:20,-70
BLE,1705100288024867741,D3:F4:55:AB:96:20,-61
BLE,1705100288293996099,DF:DF:EE:00:00:04,-52
BLE,1705100288409294241,D3:F4:55:AB:96:20,-78
BLE,1705100288594384744,D3:F4:55:AB:96:20,-57
BLE,1705100288749296031,DF:DF:EE:00:00:04,-40
BLE,1705100288786845158,D3:F4:55:AB:96:20,-53
BLE,1705100288982173412,D3:F4:55:AB:96:20,-70
BLE,1705100289374695273,D3:F4:55:AB:96:20,-81
BLE,1705100289562671450,D3:F4:55:AB:96:20,-71
BLE,1705100289756860676,DF:DF:EE:00:00:04,-40
BLE,1705100289759498935,D3:F4:55:AB:96:20,-77
BLE,1705100289789996357,DF:A6:DC:DC:2E:81,-68
BLE,1705100289790040440,DF:DF:EE:00:00:01,-68
BLE,1705100289947463946,D3:F4:55:AB:96:20,-70
BLE,1705100290138870955,D3:F4:55:AB:96:20,-97
BLE,1705100290329699889,D3:F4:55:AB:96:20,-71
BLE,1705100290522354426,D3:F4:55:AB:96:20,-81
BLE,1705100290709540445,D3:F4:55:AB:96:20,-70
BLE,1705100290899312392,D3:F4:55:AB:96:20,-68
BLE,1705100291089407001,D3:F4:55:AB:96:20,-76
BLE,1705100291285138500,D3:F4:55:AB:96:20,-68
BLE,1705100291667100239,D3:F4:55:AB:96:20,-69
BLE,1705100291745802242,DF:DF:EE:00:00:04,-38
BLE,1705100292048022823,D3:F4:55:AB:96:20,-67
BLE,1705100292240581153,D3:F4:55:AB:96:20,-57
BLE,1705100292288266657,DF:DF:EE:00:00:04,-39
BLE,1705100292330501353,DF:A6:DC:DC:2E:81,-67
BLE,1705100292330526394,DF:DF:EE:00:00:01,-67
BLE,1705100292625452273,D3:F4:55:AB:96:20,-69
BLE,1705100293398601222,D3:F4:55:AB:96:20,-69
BLE,1705100293593309108,D3:F4:55:AB:96:20,-71
BLE,1705100294287762179,DF:DF:EE:00:00:04,-55
BLE,1705100294745669162,D3:F4:55:AB:96:20,-68
BLE,1705100294755908496,DF:DF:EE:00:00:04,-41
BLE,1705100294934367538,D3:F4:55:AB:96:20,-99
BLE,1705100295120795942,D3:F4:55:AB:96:20,-70
BLE,1705100295294982328,DF:DF:EE:00:00:04,-41
BLE,1705100296267272776,D3:F4:55:AB:96:20,-70
BLE,1705100296286271379,DF:DF:EE:00:00:04,-39
BLE,1705100296754806817,DF:DF:EE:00:00:04,-41
BLE,1705100297035744531,D3:F4:55:AB:96:20,-70
BLE,1705100297418954380,D3:F4:55:AB:96:20,-71
BLE,1705100297436777747,DF:A6:DC:DC:2E:81,-69
BLE,1705100297436794622,DF:DF:EE:00:00:01,-69
BLE,1705100297609619982,D3:F4:55:AB:96:20,-76
BLE,1705100297796226592,D3:F4:55:AB:96:20,-56
BLE,1705100297993277784,D3:F4:55:AB:96:20,-75
BLE,1705100298184636544,D3:F4:55:AB:96:20,-71
BLE,1705100298574885682,D3:F4:55:AB:96:20,-69
BLE,1705100298576432580,D3:F4:55:AB:96:20,-76
BLE,1705100298751060627,DF:DF:EE:00:00:04,-39
BLE,1705100298769760442,D3:F4:55:AB:96:20,-70
BLE,1705100298962803682,D3:F4:55:AB:96:20,-76
BLE,1705100299148237931,D3:F4:55:AB:96:20,-70
BLE,1705100299286393588,DF:DF:EE:00:00:04,-38
BLE,1705100299339735148,D3:F4:55:AB:96:20,-69
BLE,1705100299531291073,D3:F4:55:AB:96:20,-70
BLE,1705100299725229636,D3:F4:55:AB:96:20,-76
BLE,1705100299748325231,DF:DF:EE:00:00:04,-40
BLE,1705100299920205019,D3:F4:55:AB:96:20,-68
BLE,1705100300111011162,D3:F4:55:AB:96:20,-76
BLE,1705100300292332794,DF:DF:EE:00:00:04,-39
BLE,1705100300497509762,D3:F4:55:AB:96:20,-57
BLE,1705100300689794011,D3:F4:55:AB:96:20,-68
BLE,1705100300880304740,D3:F4:55:AB:96:20,-70
BLE,1705100301264118040,D3:F4:55:AB:96:20,-72
BLE,1705100301292079742,DF:DF:EE:00:00:04,-40
BLE,1705100301460820861,D3:F4:55:AB:96:20,-76
BLE,1705100301750867298,DF:DF:EE:00:00:04,-41
BLE,1705100301839136519,D3:F4:55:AB:96:20,-77
BLE,1705100302026658867,D3:F4:55:AB:96:20,-71
BLE,1705100302223650018,D3:F4:55:AB:96:20,-76
BLE,1705100302292713555,DF:DF:EE:00:00:04,-39
BLE,1705100302414213580,D3:F4:55:AB:96:20,-70
BLE,1705100302606069793,D3:F4:55:AB:96:20,-77
BLE,1705100302797091182,D3:F4:55:AB:96:20,-71
BLE,1705100302988679190,D3:F4:55:AB:96:20,-77
BLE,1705100303176938780,D3:F4:55:AB:96:20,-70
BLE,1705100303289218292,DF:DF:EE:00:00:04,-38
BLE,1705100303372485156,D3:F4:55:AB:96:20,-75
BLE,1705100303568225447,D3:F4:55:AB:96:20,-68
BLE,1705100303754860307,DF:DF:EE:00:00:04,-41
BLE,1705100303762001345,D3:F4:55:AB:96:20,-70
BLE,1705100304288019960,DF:DF:EE:00:00:04,-38
BLE,1705100304536045908,D3:F4:55:AB:96:20,-69
BLE,1705100304749464526,DF:DF:EE:00:00:04,-55
BLE,1705100304916601372,D3:F4:55:AB:96:20,-68
BLE,1705100305681291548,D3:F4:55:AB:96:20,-68
BLE,1705100306070676989,D3:F4:55:AB:96:20,-92
BLE,1705100306265503249,D3:F4:55:AB:96:20,-67
BLE,1705100306651490480,D3:F4:55:AB:96:20,-68
BLE,1705100306844233682,D3:F4:55:AB:96:20,-70
BLE,1705100307225467013,D3:F4:55:AB:96:20,-73
BLE,1705100307242295767,DF:DF:EE:00:00:04,-40
BLE,1705100307633400562,DF:A6:DC:DC:2E:81,-69
BLE,1705100307633436311,DF:DF:EE:00:00:01,-69
BLE,1705100308182628728,D3:F4:55:AB:96:20,-67
BLE,1705100308236794321,DF:DF:EE:00:00:04,-39
BLE,1705100308374431150,D3:F4:55:AB:96:20,-70
BLE,1705100308564854172,D3:F4:55:AB:96:20,-68
BLE,1705100308755127363,D3:F4:55:AB:96:20,-70
BLE,1705100308949377255,D3:F4:55:AB:96:20,-76
BLE,1705100309139181659,D3:F4:55:AB:96:20,-71
BLE,1705100309333273637,D3:F4:55:AB:96:20,-76
BLE,1705100309519815331,D3:F4:55:AB:96:20,-70
BLE,1705100309786426719,DF:DF:EE:00:00:04,-40
BLE,1705100309902648392,D3:F4:55:AB:96:20,-72
BLE,1705100310176100573,DF:A6:DC:DC:2E:81,-67
BLE,1705100310176135989,DF:DF:EE:00:00:01,-67
BLE,1705100310244910404,DF:DF:EE:00:00:04,-39
BLE,1705100310665425425,D3:F4:55:AB:96:20,-77
BLE,1705100310855557950,D3:F4:55:AB:96:20,-68
BLE,1705100311422013408,D3:F4:55:AB:96:20,-68
BLE,1705100311775071331,DF:DF:EE:00:00:04,-39
BLE,1705100311801591592,D3:F4:55:AB:96:20,-53
BLE,1705100312719514117,DF:A6:DC:DC:2E:81,-69
BLE,1705100312719555408,DF:DF:EE:00:00:01,-69
BLE,1705100312776817838,DF:DF:EE:00:00:04,-23
BLE,1705100312958616881,D3:F4:55:AB:96:20,-76
BLE,1705100313244260581,DF:DF:EE:00:00:04,-37
BLE,1705100313345767724,D3:F4:55:AB:96:20,-70
BLE,1705100313729859478,D3:F4:55:AB:96:20,-70
BLE,1705100314120787816,D3:F4:55:AB:96:20,-68
BLE,1705100314312030912,D3:F4:55:AB:96:20,-72
BLE,1705100314507027253,D3:F4:55:AB:96:20,-76
BLE,1705100314699272961,D3:F4:55:AB:96:20,-70
BLE,1705100314782652116,DF:DF:EE:00:00:04,-39
BLE,1705100314891396296,D3:F4:55:AB:96:20,-76
BLE,1705100315239713568,DF:DF:EE:00:00:04,-38
BLE,1705100315274482646,D3:F4:55:AB:96:20,-76
BLE,1705100315777817536,DF:DF:EE:00:00:04,-39
BLE,1705100316041086299,D3:F4:55:AB:96:20,-62
BLE,1705100316229212391,D3:F4:55:AB:96:20,-70
BLE,1705100316242463438,DF:DF:EE:00:00:04,-40
BLE,1705100316419794202,D3:F4:55:AB:96:20,-76
BLE,1705100316612291907,D3:F4:55:AB:96:20,-57
BLE,1705100316780995776,DF:DF:EE:00:00:04,-40
BLE,1705100317197106184,D3:F4:55:AB:96:20,-57
BLE,1705100317240355367,DF:DF:EE:00:00:04,-38
BLE,1705100317389975718,D3:F4:55:AB:96:20,-78
BLE,1705100317575927169,D3:F4:55:AB:96:20,-56
BLE,1705100317782810824,DF:DF:EE:00:00:04,-55
BLE,1705100318155720256,D3:F4:55:AB:96:20,-96
BLE,1705100318242577202,DF:DF:EE:00:00:04,-40
BLE,1705100318732432631,D3:F4:55:AB:96:20,-69
BLE,1705100318928639666,D3:F4:55:AB:96:20,-71
BLE,1705100319243844715,DF:DF:EE:00:00:04,-38
BLE,1705100319322528302,D3:F4:55:AB:96:20,-76
BLE,1705100319511301302,D3:F4:55:AB:96:20,-70
BLE,1705100319710124763,D3:F4:55:AB:96:20,-75
BLE,1705100320090907141,D3:F4:55:AB:96:20,-76
BLE,1705100320782944450,DF:DF:EE:00:00:04,-51
BLE,1705100320853588967,D3:F4:55:AB:96:20,-76
BLE,1705100321048601475,D3:F4:55:AB:96:20,-69
BLE,1705100321621522521,D3:F4:55:AB:96:20,-76
BLE,1705100321813326943,D3:F4:55:AB:96:20,-67
BLE,1705100322205421350,D3:F4:55:AB:96:20,-61
BLE,1705100322908729021,DF:A6:DC:DC:2E:81,-69
BLE,1705100322908788271,DF:DF:EE:00:00:01,-69
BLE,1705100323158913443,D3:F4:55:AB:96:20,-70
BLE,1705100323239182594,DF:DF:EE:00:00:04,-40
BLE,1705100323780097861,DF:DF:EE:00:00:04,-39
BLE,1705100324244117854,DF:DF:EE:00:00:04,-37
BLE,1705100324704754346,D3:F4:55:AB:96:20,-76
BLE,1705100324778762364,DF:DF:EE:00:00:04,-38
BLE,1705100325241497914,DF:DF:EE:00:00:04,-40
BLE,1705100325272610203,D3:F4:55:AB:96:20,-71
BLE,1705100325465350155,D3:F4:55:AB:96:20,-78
BLE,1705100325652857629,D3:F4:55:AB:96:20,-61
BLE,1705100325781040407,DF:DF:EE:00:00:04,-34
BLE,1705100325848676544,D3:F4:55:AB:96:20,-93
BLE,1705100326037750999,D3:F4:55:AB:96:20,-71
BLE,1705100326614763704,D3:F4:55:AB:96:20,-77
BLE,1705100326804658232,D3:F4:55:AB:96:20,-70
BLE,1705100327184473872,D3:F4:55:AB:96:20,-70
BLE,1705100327244430352,DF:DF:EE:00:00:04,-39
BLE,1705100328777743241,DF:DF:EE:00:00:04,-40
BLE,1705100328917446170,D3:F4:55:AB:96:20,-70
BLE,1705100329243277506,DF:DF:EE:00:00:04,-39
BLE,1705100329883853064,D3:F4:55:AB:96:20,-70
BLE,1705100330078962154,D3:F4:55:AB:96:20,-61
BLE,1705100330268156400,D3:F4:55:AB:96:20,-71
BLE,1705100330456968649,D3:F4:55:AB:96:20,-69
BLE,1705100331031648382,D3:F4:55:AB:96:20,-70
BLE,1705100331242897735,DF:DF:EE:00:00:04,-38
BLE,1705100331415315517,D3:F4:55:AB:96:20,-70
BLE,1705100331612910618,D3:F4:55:AB:96:20,-76
BLE,1705100331776302218,DF:DF:EE:00:00:04,-38
BLE,1705100331798932860,D3:F4:55:AB:96:20,-86
BLE,1705100331995179270,D3:F4:55:AB:96:20,-76
BLE,1705100332243354841,DF:DF:EE:00:00:04,-40
BLE,1705100332375427446,D3:F4:55:AB:96:20,-76
BLE,1705100332758471213,D3:F4:55:AB:96:20,-95
BLE,1705100333240498737,DF:DF:EE:00:00:04,-39
BLE,1705100333914088228,D3:F4:55:AB:96:20,-70
BLE,1705100334107077094,D3:F4:55:AB:96:20,-76
BLE,1705100334244295636,DF:DF:EE:00:00:04,-39
BLE,1705100334298144024,D3:F4:55:AB:96:20,-70
BLE,1705100334490186943,D3:F4:55:AB:96:20,-77
BLE,1705100334778457278,DF:DF:EE:00:00:04,-39
BLE,1705100335077781644,D3:F4:55:AB:96:20,-76
BLE,1705100335237892576,DF:DF:EE:00:00:04,-22
BLE,1705100335269305986,D3:F4:55:AB:96:20,-53
BLE,1705100335462324268,D3:F4:55:AB:96:20,-70
BLE,1705100335659397418,D3:F4:55:AB:96:20,-76
BLE,1705100335781705350,DF:DF:EE:00:00:04,-38
BLE,1705100335847284471,D3:F4:55:AB:96:20,-70
BLE,1705100336042717223,D3:F4:55:AB:96:20,-76
BLE,1705100336230704650,D3:F4:55:AB:96:20,-70
BLE,1705100336245600469,DF:DF:EE:00:00:04,-39
BLE,1705100336423039149,D3:F4:55:AB:96:20,-76
BLE,1705100336805627713,D3:F4:55:AB:96:20,-76
BLE,1705100336902115417,DF:A6:DC:DC:2E:81,-54
BLE,1705100336902144042,DF:DF:EE:00:00:01,-54
BLE,1705100336994459379,D3:F4:55:AB:96:20,-69
BLE,1705100337191602361,D3:F4:55:AB:96:20,-76
BLE,1705100337237042310,DF:DF:EE:00:00:04,-40
BLE,1705100337579359071,D3:F4:55:AB:96:20,-70
BLE,1705100337768367277,D3:F4:55:AB:96:20,-69
BLE,1705100337776482220,DF:DF:EE:00:00:04,-40
BLE,1705100338346558301,D3:F4:55:AB:96:20,-87
BLE,1705100338538624511,D3:F4:55:AB:96:20,-76
BLE,1705100338922646933,D3:F4:55:AB:96:20,-77
BLE,1705100339110113574,D3:F4:55:AB:96:20,-75
BLE,1705100339238926344,DF:DF:EE:00:00:04,-41
BLE,1705100339305900864,D3:F4:55:AB:96:20,-78
BLE,1705100339495016402,D3:F4:55:AB:96:20,-70
BLE,1705100339777552848,DF:DF:EE:00:00:04,-40
BLE,1705100339873597473,D3:F4:55:AB:96:20,-67
BLE,1705100340072378894,D3:F4:55:AB:96:20,-78
BLE,1705100340238231089,DF:DF:EE:00:00:04,-50
BLE,1705100340239928777,DF:DF:EE:00:00:04,-51
BLE,1705100340460287269,D3:F4:55:AB:96:20,-56
BLE,1705100340652649600,D3:F4:55:AB:96:20,-78
BLE,1705100340839983077,D3:F4:55:AB:96:20,-92
BLE,1705100341231591990,D3:F4:55:AB:96:20,-69
BLE,1705100341242444400,DF:DF:EE:00:00:04,-41
BLE,1705100342004220111,D3:F4:55:AB:96:20,-61
BLE,1705100342190708514,D3:F4:55:AB:96:20,-71
BLE,1705100342235717676,DF:DF:EE:00:00:04,-38
BLE,1705100342388602487,D3:F4:55:AB:96:20,-61
BLE,1705100342577026034,D3:F4:55:AB:96:20,-71
BLE,1705100342778752252,DF:DF:EE:00:00:04,-39
BLE,1705100342966842927,D3:F4:55:AB:96:20,-67
BLE,1705100343156265961,D3:F4:55:AB:96:20,-76
BLE,1705100343244318809,DF:DF:EE:00:00:04,-39
BLE,1705100343731205316,D3:F4:55:AB:96:20,-68
BLE,1705100343782005241,DF:DF:EE:00:00:04,-40
BLE,1705100344117605125,D3:F4:55:AB:96:20,-76
BLE,1705100344245771820,DF:DF:EE:00:00:04,-39
BLE,1705100344310150413,D3:F4:55:AB:96:20,-70
BLE,1705100344501746004,D3:F4:55:AB:96:20,-61
BLE,1705100344539091051,DF:A6:DC:DC:2E:81,-57
BLE,1705100344539105134,DF:DF:EE:00:00:01,-57
BLE,1705100344780240416,DF:DF:EE:00:00:04,-38
BLE,1705100345085867872,D3:F4:55:AB:96:20,-76
BLE,1705100346234769219,D3:F4:55:AB:96:20,-76
BLE,1705100346241359014,DF:DF:EE:00:00:04,-40
BLE,1705100346422877894,D3:F4:55:AB:96:20,-56
BLE,1705100346775622195,DF:DF:EE:00:00:04,-23
BLE,1705100346818127929,D3:F4:55:AB:96:20,-61
BLE,1705100347078028025,DF:A6:DC:DC:2E:81,-68
BLE,1705100347078067982,DF:DF:EE:00:00:01,-68
BLE,1705100347241916869,DF:DF:EE:00:00:04,-37
BLE,1705100347592099076,D3:F4:55:AB:96:20,-70
BLE,1705100347782480932,DF:DF:EE:00:00:04,-38
BLE,1705100348161147002,D3:F4:55:AB:96:20,-68
BLE,1705100348352860967,D3:F4:55:AB:96:20,-76
BLE,1705100348777770393,DF:DF:EE:00:00:04,-39
BLE,1705100349235747000,DF:DF:EE:00:00:04,-39
BLE,1705100349309367857,D3:F4:55:AB:96:20,-69
BLE,1705100349699341290,D3:F4:55:AB:96:20,-63
BLE,1705100349777542174,DF:DF:EE:00:00:04,-39
BLE,1705100350082018561,D3:F4:55:AB:96:20,-75
BLE,1705100350241628707,DF:DF:EE:00:00:04,-40
BLE,1705100350472301282,D3:F4:55:AB:96:20,-70
BLE,1705100350669323141,D3:F4:55:AB:96:20,-76
BLE,1705100350781430322,DF:DF:EE:00:00:04,-23
BLE,1705100350856768199,D3:F4:55:AB:96:20,-56
BLE,1705100351236936043,DF:DF:EE:00:00:04,-38
BLE,1705100351816674214,D3:F4:55:AB:96:20,-76
BLE,1705100352012748626,D3:F4:55:AB:96:20,-53
BLE,1705100352392892303,D3:F4:55:AB:96:20,-68
BLE,1705100352587480066,D3:F4:55:AB:96:20,-86
BLE,1705100352782091871,DF:DF:EE:00:00:04,-40
BLE,1705100353164642894,D3:F4:55:AB:96:20,-77
BLE,1705100353243096275,DF:DF:EE:00:00:04,-38
BLE,1705100353352131493,D3:F4:55:AB:96:20,-75
BLE,1705100353545661519,D3:F4:55:AB:96:20,-76
BLE,1705100353780800290,DF:DF:EE:00:00:04,-38
BLE,1705100354243282385,DF:DF:EE:00:00:04,-39
BLE,1705100354705273985,DF:A6:DC:DC:2E:81,-68
BLE,1705100354705308526,DF:DF:EE:00:00:01,-68
BLE,1705100355237181237,DF:DF:EE:00:00:04,-40
BLE,1705100355468491304,D3:F4:55:AB:96:20,-70
BLE,1705100355775787199,DF:DF:EE:00:00:04,-40
BLE,1705100355863153431,D3:F4:55:AB:96:20,-76
BLE,1705100355984097213,DF:A6:DC:DC:2E:81,-69
BLE,1705100355984126837,DF:DF:EE:00:00:01,-69
BLE,1705100356050846111,D3:F4:55:AB:96:20,-72
BLE,1705100356234738712,DF:DF:EE:00:00:04,-39
BLE,1705100356430813748,D3:F4:55:AB:96:20,-76
BLE,1705100356815824992,D3:F4:55:AB:96:20,-57
BLE,1705100357006211931,D3:F4:55:AB:96:20,-69
BLE,1705100357199725957,D3:F4:55:AB:96:20,-70
BLE,1705100357396967146,D3:F4:55:AB:96:20,-78
BLE,1705100357778574847,DF:DF:EE:00:00:04,-39
BLE,1705100357782935670,D3:F4:55:AB:96:20,-70
BLE,1705100358175344490,D3:F4:55:AB:96:20,-68
BLE,1705100358243640244,DF:DF:EE:00:00:04,-39
BLE,1705100358365545848,D3:F4:55:AB:96:20,-76
BLE,1705100358559325287,D3:F4:55:AB:96:20,-68
BLE,1705100358778150923,DF:DF:EE:00:00:04,-38
BLE,1705100358946736085,D3:F4:55:AB:96:20,-76
BLE,1705100359141039476,D3:F4:55:AB:96:20,-69
BLE,1705100359527484119,D3:F4:55:AB:96:20,-67
BLE,1705100359717866225,D3:F4:55:AB:96:20,-72
BLE,1705100359784155295,DF:DF:EE:00:00:04,-39
BLE,1705100360101602025,D3:F4:55:AB:96:20,-70
BLE,1705100360488163583,D3:F4:55:AB:96:20,-70
BLE,1705100360679563093,D3:F4:55:AB:96:20,-61
BLE,1705100360868261886,D3:F4:55:AB:96:20,-72
BLE,1705100361071650000,DF:A6:DC:DC:2E:81,-53
BLE,1705100361071666209,DF:DF:EE:00:00:01,-53
BLE,1705100361264692657,D3:F4:55:AB:96:20,-75
BLE,1705100361455363968,D3:F4:55:AB:96:20,-71
BLE,1705100361650161395,D3:F4:55:AB:96:20,-61
BLE,1705100361783733857,DF:DF:EE:00:00:04,-40
BLE,1705100362033152621,D3:F4:55:AB:96:20,-61
BLE,1705100362219204238,D3:F4:55:AB:96:20,-71
BLE,1705100362781157708,DF:DF:EE:00:00:04,-38
BLE,1705100363556093302,D3:F4:55:AB:96:20,-70
BLE,1705100363777899193,DF:DF:EE:00:00:04,-38
BLE,1705100364123853452,D3:F4:55:AB:96:20,-76
BLE,1705100364243203378,DF:DF:EE:00:00:04,-38
BLE,1705100364776058244,DF:DF:EE:00:00:04,-40
BLE,1705100365078242076,D3:F4:55:AB:96:20,-70
BLE,1705100365236093493,DF:DF:EE:00:00:04,-56
BLE,1705100365272902505,D3:F4:55:AB:96:20,-76
BLE,1705100365464982882,D3:F4:55:AB:96:20,-70
BLE,1705100365775792192,DF:DF:EE:00:00:04,-38
BLE,1705100365850207914,D3:F4:55:AB:96:20,-68
BLE,1705100366042810784,D3:F4:55:AB:96:20,-71
BLE,1705100366622076462,D3:F4:55:AB:96:20,-76
BLE,1705100366807743333,D3:F4:55:AB:96:20,-69
BLE,1705100367002333179,D3:F4:55:AB:96:20,-75
BLE,1705100367188370713,D3:F4:55:AB:96:20,-70
BLE,1705100367243919122,DF:DF:EE:00:00:04,-38
BLE,1705100367378858359,D3:F4:55:AB:96:20,-53
BLE,1705100367574607066,D3:F4:55:AB:96:20,-70
BLE,1705100367767681556,D3:F4:55:AB:96:20,-76
BLE,1705100367775793374,DF:DF:EE:00:00:04,-39
BLE,1705100367963169475,D3:F4:55:AB:96:20,-53
BLE,1705100368242208504,DF:DF:EE:00:00:04,-39
BLE,1705100368922494289,D3:F4:55:AB:96:20,-71
BLE,1705100369237547923,DF:DF:EE:00:00:04,-39
BLE,1705100369494051643,D3:F4:55:AB:96:20,-68
BLE,1705100369683384178,D3:F4:55:AB:96:20,-77
BLE,1705100369877402531,D3:F4:55:AB:96:20,-69
BLE,1705100370245135484,DF:DF:EE:00:00:04,-23
BLE,1705100370455711095,D3:F4:55:AB:96:20,-71
BLE,1705100370649875071,D3:F4:55:AB:96:20,-75
BLE,1705100371414915035,D3:F4:55:AB:96:20,-78
BLE,1705100371603676119,D3:F4:55:AB:96:20,-70
BLE,1705100371800384773,D3:F4:55:AB:96:20,-91
BLE,1705100371990060554,D3:F4:55:AB:96:20,-68
BLE,1705100372179554545,D3:F4:55:AB:96:20,-76
BLE,1705100372239422069,DF:DF:EE:00:00:04,-39
BLE,1705100372366940813,D3:F4:55:AB:96:20,-70
BLE,1705100372561374703,D3:F4:55:AB:96:20,-76
BLE,1705100372773684875,DF:DF:EE:00:00:04,-39
BLE,1705100372950298148,D3:F4:55:AB:96:20,-71
BLE,1705100373338954222,D3:F4:55:AB:96:20,-68
BLE,1705100373534038771,D3:F4:55:AB:96:20,-71
BLE,1705100373731466833,D3:F4:55:AB:96:20,-77
BLE,1705100373776501120,DF:DF:EE:00:00:04,-40
BLE,1705100373806376632,DF:A6:DC:DC:2E:81,-68
BLE,1705100373806405048,DF:DF:EE:00:00:01,-68
BLE,1705100373920160043,D3:F4:55:AB:96:20,-70
BLE,1705100374111560053,D3:F4:55:AB:96:20,-76
BLE,1705100375447583794,D3:F4:55:AB:96:20,-70
BLE,1705100375643912036,D3:F4:55:AB:96:20,-97
BLE,1705100375777400207,DF:DF:EE:00:00:04,-40
BLE,1705100375832500914,D3:F4:55:AB:96:20,-70
BLE,1705100376021865198,D3:F4:55:AB:96:20,-68
BLE,1705100376213514164,D3:F4:55:AB:96:20,-71
BLE,1705100376351856485,DF:A6:DC:DC:2E:81,-69
BLE,1705100376351903567,DF:DF:EE:00:00:01,-69
BLE,1705100376410296900,D3:F4:55:AB:96:20,-76
BLE,1705100376603861301,D3:F4:55:AB:96:20,-68
BLE,1705100376796502796,D3:F4:55:AB:96:20,-56
BLE,1705100377181584205,D3:F4:55:AB:96:20,-57
BLE,1705100377240830819,DF:DF:EE:00:00:04,-40
BLE,1705100377375797556,D3:F4:55:AB:96:20,-76
BLE,1705100377566279577,D3:F4:55:AB:96:20,-71
BLE,1705100377779032953,DF:DF:EE:00:00:04,-40
BLE,1705100377958362734,D3:F4:55:AB:96:20,-76
BLE,1705100378243800020,DF:DF:EE:00:00:04,-39
BLE,1705100378909498939,D3:F4:55:AB:96:20,-76
BLE,1705100379785002312,DF:DF:EE:00:00:04,-40
BLE,1705100380179887769,DF:A6:DC:DC:2E:81,-72
BLE,1705100380179921477,DF:DF:EE:00:00:01,-72
BLE,1705100380238733805,DF:DF:EE:00:00:04,-39
BLE,1705100380262075688,D3:F4:55:AB:96:20,-89
BLE,1705100380455828878,D3:F4:55:AB:96:20,-61
BLE,1705100380649264988,D3:F4:55:AB:96:20,-70
BLE,1705100380781478217,DF:DF:EE:00:00:04,-38
BLE,1705100380841338240,D3:F4:55:AB:96:20,-76
BLE,1705100381027635479,D3:F4:55:AB:96:20,-70
BLE,1705100381612704336,D3:F4:55:AB:96:20,-70
BLE,1705100381997127544,D3:F4:55:AB:96:20,-70
BLE,1705100382380204103,D3:F4:55:AB:96:20,-70
BLE,1705100382573716712,D3:F4:55:AB:96:20,-77
BLE,1705100382760060784,D3:F4:55:AB:96:20,-72
BLE,1705100382778478769,DF:DF:EE:00:00:04,-39
BLE,1705100382953873265,D3:F4:55:AB:96:20,-61
BLE,1705100383142425393,D3:F4:55:AB:96:20,-70
BLE,1705100383242820216,DF:DF:EE:00:00:04,-39
BLE,1705100383334134774,D3:F4:55:AB:96:20,-53
BLE,1705100383781311263,DF:DF:EE:00:00:04,-53
BLE,1705100384000081940,DF:A6:DC:DC:2E:81,-66
BLE,1705100384000115982,DF:DF:EE:00:00:01,-66
BLE,1705100384241439761,DF:DF:EE:00:00:04,-40
BLE,1705100384483648238,D3:F4:55:AB:96:20,-76
BLE,1705100384676582396,D3:F4:55:AB:96:20,-71
BLE,1705100384871233158,D3:F4:55:AB:96:20,-77
BLE,1705100385068827426,D3:F4:55:AB:96:20,-76
BLE,1705100385234137878,DF:DF:EE:00:00:04,-38
BLE,1705100385842789448,D3:F4:55:AB:96:20,-72
BLE,1705100386032844058,D3:F4:55:AB:96:20,-69
BLE,1705100386228973636,D3:F4:55:AB:96:20,-70
BLE,1705100386243759040,DF:DF:EE:00:00:04,-39
BLE,1705100386782891620,DF:DF:EE:00:00:04,-39
BLE,1705100386811519565,D3:F4:55:AB:96:20,-70
BLE,1705100387008982209,D3:F4:55:AB:96:20,-77
BLE,1705100387243516946,DF:DF:EE:00:00:04,-39
BLE,1705100387823895026,DF:A6:DC:DC:2E:81,-70
BLE,1705100387824040274,DF:DF:EE:00:00:01,-70
BLE,1705100387972240892,D3:F4:55:AB:96:20,-77
BLE,1705100388160310609,D3:F4:55:AB:96:20,-72
BLE,1705100388349270524,D3:F4:55:AB:96:20,-69
BLE,1705100388739680119,D3:F4:55:AB:96:20,-76
BLE,1705100388778526439,DF:DF:EE:00:00:04,-39
BLE,1705100388924815038,D3:F4:55:AB:96:20,-76
BLE,1705100389119586591,D3:F4:55:AB:96:20,-76
BLE,1705100389237116581,DF:DF:EE:00:00:04,-40
BLE,1705100389310281568,D3:F4:55:AB:96:20,-72
BLE,1705100389505604697,D3:F4:55:AB:96:20,-76
BLE,1705100389694645527,D3:F4:55:AB:96:20,-70
BLE,1705100390366275833,DF:A6:DC:DC:2E:81,-68
BLE,1705100390366323416,DF:DF:EE:00:00:01,-68
BLE,1705100390651818200,D3:F4:55:AB:96:20,-77
BLE,1705100390776908724,DF:DF:EE:00:00:04,-39
BLE,1705100391238569995,DF:DF:EE:00:00:04,-56
BLE,1705100391419803212,D3:F4:55:AB:96:20,-77
BLE,1705100391606660194,D3:F4:55:AB:96:20,-70
BLE,1705100391803721218,D3:F4:55:AB:96:20,-70
BLE,1705100392235376687,DF:DF:EE:00:00:04,-38
BLE,1705100392383771053,D3:F4:55:AB:96:20,-76
BLE,1705100392578965683,D3:F4:55:AB:96:20,-69
BLE,1705100392774124606,D3:F4:55:AB:96:20,-71
BLE,1705100392912348762,DF:A6:DC:DC:2E:81,-68
BLE,1705100392912371928,DF:DF:EE:00:00:01,-68
BLE,1705100392966046110,D3:F4:55:AB:96:20,-76
BLE,1705100393234678141,DF:DF:EE:00:00:04,-39
BLE,1705100393345368922,D3:F4:55:AB:96:20,-68
BLE,1705100393536827765,D3:F4:55:AB:96:20,-70
BLE,1705100393733165965,D3:F4:55:AB:96:20,-76
BLE,1705100393918737129,D3:F4:55:AB:96:20,-72
BLE,1705100394113798470,D3:F4:55:AB:96:20,-77
BLE,1705100394190021170,DF:A6:DC:DC:2E:81,-69
BLE,1705100394190062794,DF:DF:EE:00:00:01,-69
BLE,1705100394241849124,DF:DF:EE:00:00:04,-28
BLE,1705100394309567094,D3:F4:55:AB:96:20,-68
BLE,1705100394501312641,D3:F4:55:AB:96:20,-75
BLE,1705100394694900708,D3:F4:55:AB:96:20,-67
BLE,1705100394775186525,DF:DF:EE:00:00:04,-38
BLE,1705100395081639972,D3:F4:55:AB:96:20,-76
BLE,1705100395241244160,DF:DF:EE:00:00:04,-40
BLE,1705100395269167404,D3:F4:55:AB:96:20,-70
BLE,1705100395652456210,D3:F4:55:AB:96:20,-71
BLE,1705100395780886193,DF:DF:EE:00:00:04,-41
BLE,1705100396035326729,D3:F4:55:AB:96:20,-70
BLE,1705100396419505149,D3:F4:55:AB:96:20,-72
BLE,1705100396776807104,DF:DF:EE:00:00:04,-38
BLE,1705100397763703667,D3:F4:55:AB:96:20,-77
BLE,1705100397951760926,D3:F4:55:AB:96:20,-71
BLE,1705100398143644471,D3:F4:55:AB:96:20,-77
BLE,1705100398235566522,DF:DF:EE:00:00:04,-39
BLE,1705100399239318797,DF:DF:EE:00:00:04,-38
BLE,1705100399297889961,D3:F4:55:AB:96:20,-70
BLE,1705100399491423820,D3:F4:55:AB:96:20,-97
BLE,1705100399681868508,D3:F4:55:AB:96:20,-75
BLE,1705100399774061139,DF:DF:EE:00:00:04,-39
BLE,1705100399870365637,D3:F4:55:AB:96:20,-53
